Saved a vector of reachable workspace points.
X	Y
25	475
31.061	467.046
35.3615	458.018
42.4119	450.926
51.7888	447.452
54.4132	437.802
53.1836	427.878
62.9346	425.66
61.5823	415.752
62.9214	405.842
72.9346	425.661
82.856	424.41
71.7582	401.161
63.1335	415.662
68.2047	407.043
92.6725	426.316
100.495	420.087
104.914	411.117
110.76	403.003
108.027	413.508
120.753	403.383
103.854	401.173
89.4923	431.89
113.468	403.924
81.9026	425.464
130.753	403.346
130.707	404.34
140.611	405.722
149.862	401.924
140.632	403.116
156.112	409.731
164.511	404.303
174.148	406.972
164.952	405.057
181.82	400.558
184.076	408.166
105.603	428.685
193.533	411.417
56.071	408.583
28.7879	450.482
202.901	407.919
210.877	413.951
219.733	409.305
229.732	409.205
239.457	406.876
103.524	418.903
249.399	407.952
48.7153	428.781
258.868	411.166
265.471	403.655
110.884	437.176
257.024	401.482
95.1186	440.157
274.3	408.35
284.283	407.761
211.248	423.944
294.272	408.218
302.529	402.576
312.151	405.298
293.962	410.275
210.536	423.945
153.161	403.932
217.957	431.36
225.686	437.705
321.109	400.852
46.5937	405.392
182.728	418.074
114.359	446.553
233.13	444.382
178.181	426.981
108.872	454.913
322.038	406.797
234.218	442.92
328.406	407.689
334.917	400.098
331.063	417.33
253.445	418.921
314.075	405.705
86.4333	445.114
27.6129	476.433
338.301	409.14
21.888	443.244
332.325	427.25
333.964	437.114
227.566	452.692
340.031	445.064
348.894	449.695
174.402	420.569
59.8731	453.338
283.163	417.698
112.709	401.172
358.798	448.315
186.85	416.213
347.601	405.465
355.297	399.08
229.308	462.539
356.354	389.136
49.233	401.286
226.782	471.501
365.596	385.318
367.984	375.608
262.165	411.245
373.56	367.307
382.276	362.404
382.244	352.404
391.831	365.354
252.056	428.824
176.204	436.784
375.52	345.002
47.334	442.31
380.666	336.427
399.814	371.376
101.953	462.133
407.466	377.815
401.103	376.21
376.124	327.518
372.082	318.372
365.571	310.782
367.692	301.01
352.045	440.205
115.596	428.313
360.899	293.671
355.867	285.029
351.016	276.285
355.207	267.206
104.561	416.568
105.413	464.296
415.433	383.859
361.706	259.605
419.831	392.839
369.96	253.96
364.908	362.847
376.129	246.089
389.504	331.747
371.754	393.197
369.161	238.917
366.813	229.196
356.832	228.571
371.756	220.504
379.537	214.222
350.152	221.13
326.607	443.887
56.447	440.539
429.637	394.8
355.816	358.685
435.645	386.805
378.327	204.295
394.598	323.142
357.085	256.478
377.134	194.366
377.105	297.634
380.416	184.921
43.4905	430.113
372.172	179.262
377.931	171.087
363.542	174.208
353.768	172.098
344.55	168.22
344.052	158.232
334.42	155.543
238.542	466.377
324.434	155.015
389.257	180.247
344.782	458.811
173.409	446.385
314.741	152.558
37.9545	400.356
304.784	151.632
399.801	314.602
295.098	154.116
285.491	151.338
275.516	152.036
409.661	316.268
384.549	163.59
189.583	403.077
390.795	155.78
52.4669	460.057
123.207	434.799
267.713	158.291
409.071	306.286
259.608	164.147
250.295	167.792
243.247	174.885
235.757	181.51
243.962	160.053
221.686	480.105
367.414	453.391
212.027	482.696
418.924	304.582
371.953	403.195
235.412	154.866
416.559	309.028
324.728	449.228
353.061	215.562
332.927	436.685
317.865	456.502
400.759	156.623
426.474	298.024
351.866	297.959
226.617	150.108
249.597	182.611
91.9554	461.896
216.624	150.485
381.246	406.888
235.642	154.505
371.079	462.695
433.387	305.25
432.523	290.061
398.085	336.24
43.4139	414.873
442.384	288.401
444.625	297.751
447.214	279.645
180.868	423.088
356.373	297.79
260.193	434.636
225.412	154.786
242.525	169.949
444.747	390.945
215.888	157.833
408.864	162.481
207.995	163.974
385.119	416.107
181.644	452.058
370.668	233.386
414.398	154.152
198.603	167.406
72.1217	406.971
235.709	191.51
190.286	172.959
180.615	170.416
445.64	387.103
334.55	168.273
170.837	168.321
163.511	161.514
345.668	305.807
165.037	151.631
454.577	298.725
235.739	475.949
337.967	312.186
385.381	346.666
153.872	164.176
145.727	169.977
241.064	182.234
328.057	310.844
138.833	177.221
158.288	155.015
453.468	271.842
381.192	360.628
454.286	393.949
369.479	462.63
237.161	479.738
215.946	151.565
376.444	157.733
36.6818	480.647
370.536	472.574
56.8581	434.586
329.797	422.964
358.553	215.213
464.257	393.197
457.362	400.439
128.851	176.619
173.103	456.38
250.941	183.796
335.794	417.241
100.381	472.937
381.92	316.579
436.912	314.608
320.311	304.519
205.092	430.395
64.5068	458.322
119.808	172.35
327.817	426.611
380.284	474.806
111.651	178.135
114.071	164.16
232.665	201.036
321.229	318.15
332.337	178.025
112.903	154.228
458.41	263.149
311.229	318.147
371.636	444.326
468.142	260.849
358.679	302.811
348.732	315.326
355.142	360.698
236.424	210.302
385.581	249.355
126.75	166.842
106.691	186.818
241.662	485.498
228.101	215.845
96.8148	188.386
389.685	478.214
38.7778	427.665
17.7338	477.983
453.135	409.502
106.596	146.468
430.864	322.572
422.809	159.561
438.381	329.168
387.648	200.675
98.0508	141.273
94.3137	131.998
92.6137	122.143
92.8982	197.588
218.102	215.695
208.171	216.871
396.387	150.471
84.4887	421.196
113.3	194.323
102.021	118.752
13.698	468.834
220.906	213.42
200.139	222.828
392.816	409.722
431.714	164.111
316.943	466.459
402.171	345.368
388.737	170.685
82.8471	124.291
25.0243	441.218
108.012	110.746
204.115	207.731
85.8635	204.695
455.17	419.293
151.792	177.615
84.1422	210.521
381.529	442.867
131.096	158.036
239.006	494.998
97.6425	401.197
464.574	298.47
76.5741	200.993
116.933	203.639
117.145	106.673
397.129	385.387
309.308	472.917
203.38	232.289
92.4265	121.015
324.416	327.629
88.696	111.737
80.6343	219.886
410.935	343.558
123.889	99.2889
457.09	429.107
9.3535	483.439
85.5294	136.777
383.172	180.415
474.016	391.013
81.0501	105.292
86.0535	228.29
248.448	467.743
75.7994	139.085
301.336	316.693
446.166	423.643
480.361	383.284
65.9071	140.548
194.138	236.107
297.415	325.893
133.434	96.3075
352.018	181.28
73.5693	98.6557
446.675	433.63
441.107	160.68
417.651	350.967
477.272	256.768
248.464	151.123
444.076	151.131
135.881	86.6114
224.871	412.43
66.1859	91.9114
128.848	79.5018
364.823	237.106
287.494	327.149
464.96	417.257
232.559	169.125
129.219	69.5087
469.927	306.916
91.6121	236.603
294.989	308.965
152.63	164.507
190.468	220.285
95.6321	178.457
479.03	246.924
310.887	304.487
237.676	401.099
124.054	423.404
311.963	155.417
104.784	480.936
119.418	67.5232
358.747	188.678
83.6825	242.696
70.7449	221.369
386.481	294.155
246.419	209.994
360.871	286.572
164.482	461.447
235.921	483.506
247.967	172.135
77.9723	250.905
445.171	151.543
93.9526	103.23
72.452	430.921
391.448	161.823
200.856	429.929
285.564	305.624
117.777	57.6588
40.2305	436.026
196.601	235.93
477.67	400.322
247.765	219.903
190.449	245.401
22.8046	456.739
109.488	68.7039
391.088	445.806
216.473	204.456
19.2859	465.452
92.0903	93.4049
236.64	482.12
351.8	265.536
183.83	252.898
384.113	334.012
209.666	240.066
275.566	305.842
101.037	63.3582
381.351	332.954
138.162	65.0344
65.1298	104.02
274.622	400.821
428.789	292.18
120.248	48.4029
423.825	378.42
83.7656	252.695
306.808	463.405
101.847	91.2138
129.089	427.832
261.646	158.923
319.253	438.372
92.4565	257.642
88.8104	266.953
484.915	238.839
332.879	188.01
363.818	213.93
298.251	468.579
146.016	58.8447
56.8391	144.764
112.201	138.186
479.145	403.519
56.5077	469.204
265.567	305.778
126.789	205.33
55.2316	105.443
195.931	177.042
138.029	150.83
217.255	246.579
134.177	198.59
369.997	150.089
188.548	444.824
421.598	326.334
227.192	245.461
155.91	60.3023
350.514	208.573
218.479	256.504
260.024	159.612
34.1818	411.03
387.298	387.217
165.108	56.3786
361.403	289.918
358.813	268.011
308.713	164.874
81.9468	405.109
442.604	442.764
459.237	256.3
130.315	174.609
214.838	265.817
57.8285	144.43
113.89	40.6843
386.555	487.712
383.697	445.036
338.912	188.539
80.307	272.216
188.338	228.928
24.8933	414.735
248.317	419.112
371.05	152.111
173.941	61.0667
12.8712	468.395
430.099	173.98
60.7615	220.793
47.7098	140.683
161.596	164.511
45.3032	106.638
237.122	244.279
211.602	275.279
394.313	287.938
362.442	406.121
371.049	478.641
387.34	434.728
434.631	443.446
183.836	62.5061
435.398	447.053
363.014	382.232
472.664	304.347
432.705	183.634
393.461	243.199
330.455	158.566
447.231	451.629
258.2	469.957
257.431	310.689
334.33	326.321
235.85	406.749
220.595	463.914
13.2256	438.248
472.8	316.494
104.482	421.382
266.772	475.107
261.178	319.961
381.099	373.877
399.344	395.139
99.2476	243.06
87.766	217.697
243.727	160.896
418.657	301.774
186.09	72.2489
369.383	281.323
489.348	378.898
19.5386	435.395
377.556	492.072
252.048	324.041
108.336	478.996
318.363	335.588
375.08	360.938
309.569	435.879
265.999	479.096
256.486	439.001
472.861	423.387
110.63	95.0732
480.812	322.479
366.999	466.228
50.8284	219.639
121.121	33.7764
321.171	444.506
83.4364	281.713
79.7137	211.212
432.487	314.111
254.27	312.548
324.935	194.084
124.172	113.788
207.789	284.523
198.578	288.417
173.239	453.775
386.282	480.61
82.8385	291.695
225.725	170.247
44.9674	227.741
402.672	408.033
315.82	198.197
491.038	373.389
70.3348	272.961
127.376	215.312
149.612	171.133
175.186	257.925
85.703	179.646
93.8903	56.3634
35.3414	105.765
245.518	473.694
229.773	447.254
464.538	311.684
391.134	301.269
87.4363	300.576
8.91949	429.223
339.084	307.612
196.09	72.3096
169.212	470.258
239.164	452.091
168.183	424.419
276.218	424.892
40.6296	236.751
441.608	271.363
177.258	76.9397
98.545	269.242
480.713	428.445
31.3071	96.6148
312.146	482.505
430.508	370.982
444.077	456.688
107.012	33.4255
342.209	154.442
74.5463	224.574
197.697	298.378
157.318	185.949
442.555	185.361
93.3338	198.113
203.551	76.0421
85.0583	51.6733
144.759	163.099
396.048	490.856
35.5924	224.261
63.5228	280.282
240.407	458.871
404.187	286.357
26.8202	106.229
483.522	332.105
481.526	248.131
97.0271	303.407
199.739	308.167
38.1009	216.324
480.741	317.038
30.1907	453.045
180.666	218.305
110.277	409.789
57.8458	86.3939
210.29	275.542
313.739	332.363
104.442	276.675
175.731	51.2283
405.305	417.68
447.844	193.848
75.9757	47.4892
400.593	378.949
247.11	244.76
57.8932	288.546
376.968	457.316
429.715	193.176
452.107	202.894
382.517	465.635
264.442	432.86
212.143	81.1582
98.6646	27.9191
45.7622	476.661
489.678	339.985
22.2224	92.4354
105.829	268.645
251.658	302.524
353.647	182.909
233.033	164.38
88.9175	83.9216
453.565	185.646
473.846	334.632
413.224	345.551
352.266	324.681
224.39	405.144
219.348	74.2233
380.111	233.798
420.639	197.374
97.6066	273.598
72.8516	123.99
330.755	440.154
338.004	315.342
75.9901	182.024
220.823	406.73
382.69	314.7
241.676	303.124
38.5629	144.724
345.998	453.215
272.344	466.803
19.6513	113.201
455.167	151.823
310.892	323.399
340.761	467.967
50.9675	400.339
18.7462	456.41
100.919	312.619
265.686	328.887
92.263	24.4787
19.3958	82.8432
264.8	172.693
106.482	300.149
155.407	465.649
208.25	209.73
65.9919	181.832
220.814	64.3313
99.5297	57.0723
281.587	420.977
268.978	181.779
108.469	319.176
33.0316	243.253
378.078	276.384
230.431	61.5917
274.642	170.923
491.141	231.013
79.1134	85.8913
84.5687	74.9167
299.588	418.542
435.831	263.201
455.404	457.391
118.754	24.0605
156.387	62.2342
203.829	233.51
417.599	400.604
104.536	435.863
118.154	321.667
367.428	481.774
402.648	247.148
170.828	473.746
10.4993	87.4095
50.3858	295.152
398.777	391.857
423.615	351.205
66.6559	263.662
120.051	49.2139
283.245	432.007
389.386	215.95
238.437	55.6004
69.1427	40.1879
125.954	315.41
140.507	404.892
466.275	387.905
128.482	214.272
188.216	301.556
140.942	61.4104
441.781	258.457
95.2387	76.1729
340.236	176.665
246.061	332.051
178.831	305.01
455.826	422.215
327.01	460.548
458.232	319.445
485.545	349.091
309.872	481.334
174.009	225.767
97.1929	456.65
422.581	396.89
204.852	316.761
25.6319	225.149
379.118	316.751
25.3574	74.8145
471.634	240.194
137.768	430.127
241.927	439.915
133.106	322.399
491.125	221.013
178.659	232.609
175.486	223.03
221.346	179.237
95.5879	475.166
188.014	169.89
314.816	343.225
146.295	461.529
200.732	174.129
197.187	323.184
214.32	440.675
45.0617	303.617
139.606	329.999
465.082	150.521
124.264	224.816
181.404	180.385
416.115	188.455
234.727	245.801
21.5183	65.5808
478.684	438.237
264.003	338.744
272.114	344.593
167.191	483.061
227.954	216.367
145.595	338.007
235.64	70.1276
486.098	212.369
242.198	341.274
166.141	253.659
247.832	52.1732
71.7622	234.179
322.817	180.913
418.762	397.52
397.642	200.327
40.4187	312.474
398.695	291.11
441.084	248.481
390.622	428.82
483.66	394.889
100.011	448.898
180.743	475.051
228.106	255.157
75.8195	202.045
440.162	200.249
387.346	312.308
442.157	397.089
403.955	316.552
222.367	182.284
67.3021	450.98
98.5001	249.221
155.272	340.528
414.549	421.494
321.958	155.646
437.069	393.086
345.315	452.914
215.946	410.167
492.346	399.844
257.827	52.4949
237.055	453.037
397.598	453.396
432.463	286.389
87.1322	15.8953
75.8614	427.377
94.8806	217.587
62.5471	110.594
34.6092	424.616
81.1587	92.274
235.896	487.79
358.994	265.273
267.763	51.3671
30.5485	61.2847
371.374	166.369
463.034	182.429
23.405	245.96
59.0545	97.1331
478.249	218.565
248.262	254.694
131.572	432.042
268.101	429.541
177.648	449.661
408.474	315.425
438.294	175.094
68.0915	452.922
349.109	430.646
371.556	306.316
165.158	342.031
54.2965	276.425
447.578	446.907
312.681	317.411
328.268	178.902
432.277	201.538
29.2175	148.283
474.048	331.627
428.497	400.922
331.705	304.494
424.223	418.959
399.954	316.535
78.4852	10.8724
339.662	197.185
429.382	356.666
127.798	19.7936
174.852	339.575
277.252	54.521
449.64	297.41
76.2112	80.126
117.253	30.5814
256.562	192.067
179.259	86.7374
393.223	279.455
168.611	44.2073
131.61	231.601
56.8721	185.935
174.755	36.3178
386.933	446.633
91.917	484.468
40.8571	115.595
84.4102	55.3115
8.62762	493.321
96.3919	294.05
120.139	111.788
286.958	56.9305
363.284	267.024
353.361	270.07
468.014	333.157
367.591	393.531
210.595	463.906
325.733	342.346
437.3	178.664
158.949	191.509
240.064	188.194
55.422	154.663
93.4568	410.103
259.129	172.945
39.8617	64.9267
210.208	290.893
35.8233	208.686
52.5094	95.1262
430.012	400.207
238.327	479.867
190.791	324.873
122.799	11.133
216.189	473.007
160.45	261.881
16.7349	221.14
166.261	349.929
214.64	170.194
375.167	385.446
232.069	47.8901
425.296	202.132
474.691	249.893
180.746	64.9325
186.389	466.797
327.098	444.553
47.4118	319.622
408.022	344.603
109.183	293.658
73.1256	250.254
269.387	41.4998
260.236	342.72
203.758	425.361
172.141	424.022
201.758	332.078
360.524	371.58
484.034	389.69
399.123	239.748
371.689	452.718
243.967	422.11
131.155	80.4599
218.188	170.954
296.51	53.973
93.0523	412.791
68.1084	287.053
184.658	34.9275
22.0036	141.358
474.582	153.644
90.0291	52.3531
318.573	404.053
148.732	56.3493
274.034	190.406
2.46327	429.516
37.2034	243.974
286.459	66.9181
54.7449	326.421
137.591	466.453
115.34	465.5
305.643	49.8983
238.287	186.413
53.6943	82.638
237.837	77.2979
57.8994	421.604
51.2066	214.446
376.96	475.445
162.236	432.458
311.923	42.1166
270.245	441.004
57.3108	95.9632
152.992	428.754
92.0999	180.724
193.016	39.2438
51.8507	443.253
273.746	331.831
90.3772	489.369
55.6882	336.377
463.139	265.381
366.192	376.506
139.263	104.433
484.582	153.667
248.965	495.912
177.676	215.358
209.423	221.085
477.441	418.917
90.4863	9.81294
59.7868	335.438
313.843	32.3027
232.304	342.726
320.527	306.134
197.081	324.172
32.5564	318.653
371.149	254.939
339.458	183.994
112.596	212.204
284.057	414.571
339.68	463.164
417.341	360.962
409.77	341.93
344.508	184.175
128.293	241.035
32.4248	309.163
408.06	398.732
26.8377	326.857
270.199	31.5328
104.213	328.225
359.703	488.124
86.7631	451.405
48.5859	471.084
189.132	325.201
442.927	159.88
25.5996	239.808
62.3257	229.831
21.4306	335.269
108.313	272.757
107.448	337.687
263.378	186.088
80.3799	489.603
209.587	276.54
49.5811	180.751
105.376	347.47
145.039	173.352
221.401	467.203
311.604	346.009
106.235	476.108
113.754	108.506
56.3262	321.652
178.424	172.589
472.063	291.843
149.025	192.029
405.565	447.352
107.199	110.745
19.6777	319.876
20.9435	131.464
200.74	342.026
232.847	479.601
333.98	173.356
417.03	150.788
32.4939	249.878
285.34	76.8553
187.839	64.5785
154.315	258.762
402.475	483.194
496.599	402.063
435.517	203.092
320.994	477.845
15.2802	211.247
469.313	282.616
204.094	70.3073
257.9	304.281
188.926	89.2962
149.236	171.924
177.466	406.815
197.114	252.083
158.845	403.19
168.886	303.966
89.3694	279.471
466.644	306.72
2.19094	92.9747
97.6193	274.661
394.255	472.204
30.115	340.227
124.346	447.068
353.042	158.724
266.264	410.439
18.0944	318.963
421.688	295.345
368.241	338.145
414.019	380.225
239.837	87.0959
453.216	422.455
477.851	339.267
260.167	37.627
105.519	318.414
175.12	26.3244
180.503	185.131
36.8571	68.7877
464.246	254.558
353.977	272.195
403.586	455.086
286.758	315.552
97.9784	282.567
355.535	271.914
13.5463	244.285
486.117	234.027
171.841	222.439
389.475	487.014
29.8419	299.502
368.626	368.84
335.282	403.809
66.6655	148.475
402.778	442.208
305.444	461.298
361.019	164.91
31.69	294.061
209.972	427.394
5.00957	443.949
339.101	403.05
468.273	429.234
71.7911	95.7586
207.622	272.07
111.435	73.3728
176.849	16.4749
226.931	39.3115
314.046	27.3694
99.7837	6.13072
466.983	298.784
234.815	449.276
412.989	358.377
105.428	342.539
189.184	190.094
30.0606	97.4782
97.7105	420.543
163.341	295.644
279.826	311.198
319.99	48.0269
193.007	459.493
112.563	313.176
20.7705	405.624
453.135	284.554
26.036	152.343
45.1918	249.99
328.682	43.0838
178.988	40.14
118.45	322.986
63.6254	127.847
33.2255	224.301
121.753	238.401
122.452	39.6638
140.945	453.08
287.735	437.457
340.101	445.593
91.661	449.668
24.2882	221.148
188.464	99.2855
98.1403	433.494
83.118	169.985
377.033	215.773
275.958	38.4422
213.74	91.0299
229.141	29.5589
23.7535	287.977
5.35608	461.798
461.825	341.011
356.315	401.058
186.751	45.9567
186.597	99.0212
79.9245	143.218
372.089	375.291
150.357	163.825
38.8799	110.384
464.032	385.831
203.623	154.98
406.288	454.13
447.094	395.752
165.266	443.499
15.7598	100.067
35.6568	228.777
334.812	35.1824
42.278	201.049
416.256	454.935
90.1946	87.1824
211.859	235.131
465.538	350.297
26.0768	52.3402
226.731	462.714
274.418	457.262
108.774	246.101
227.844	154.208
325.114	486.957
354.339	479.684
291.81	48.7746
63.554	328.573
445.475	466.589
64.413	136.784
93.0448	98.4819
327.862	438.678
114.92	98.4213
59.693	74.637
320.013	152.022
206.892	491.277
424.402	187.131
486.082	225.638
68.9539	80.2791
416.591	298.179
192.869	50.8114
19.7961	109.356
275.602	79.1285
163.639	195.316
258.77	47.327
144.047	321.039
244.433	263.932
130.872	199.587
170.918	410.253
153.207	176.044
149.996	474.058
153.561	248.791
274.031	181.292
363.453	231.935
229.499	235.731
148.991	171.246
121.759	59.7675
404.493	423.735
376.15	245.806
20.446	64.3923
32.6363	248.497
344.335	32.1308
117.864	275.72
237.049	327.716
451.369	435.799
22.1434	43.1463
239.865	211.165
351.713	38.8804
393.438	437.224
318.008	424.872
156.261	288.582
275.627	80.3152
472.019	379.534
221.948	87.0682
1.59477	95.1569
106.824	132.41
446.238	302.197
200.065	180.788
449.187	475.875
381.024	347.897
127.886	251.027
283.266	189.602
37.4766	234.354
28.5231	281.762
467.062	175.472
112.928	416.589
489.803	235.622
361.484	208.911
169.253	287.578
202.44	42.5879
45.7258	281.577
337.177	471.046
45.86	279.002
243.498	96.4014
380.907	292.253
204.828	236.401
408.868	292.379
152.628	196.238
81.1376	494.04
75.9135	422.107
352.827	48.8181
361.587	37.5714
190.548	58.87
389.596	340.526
370.637	33.318
276.451	90.2813
462.037	406.865
219.368	174.704
8.46115	203.932
290.353	196.657
456.31	354.149
96.9372	241.78
197.846	491.423
229.823	320.803
69.1507	273.48
472.907	172.331
391.76	235.263
417.942	464.792
210.554	229.015
372.97	472.642
221.255	209.27
144.035	478.244
64.1138	111.939
84.2535	478.043
175.281	445.526
380.254	30.5766
398.421	404.634
319.361	58.0072
178.266	461.054
41.2279	282.123
331.473	453.218
132.91	324.492
117.466	89.0294
387.012	446.933
456.641	477.608
35.9127	443.076
320.036	19.3618
320.691	67.9183
223.361	444.954
99.7799	108.304
166.221	21.7629
163.664	297.643
297.483	45.5146
289.885	409.784
31.8401	63.6597
412.324	426.467
125.396	282.299
362.705	306.876
111.505	483.853
463.825	233.947
230.314	484.842
359.196	50.4035
436.759	471.367
147.834	109.585
236.83	315.593
166.185	332.084
218.712	99.7063
127.391	28.0819
46.89	278.021
292.629	460.309
179.232	288.221
336.491	159.236
18.3435	120.478
342.976	50.5341
328.84	14.6185
121.165	481.27
227.124	328.169
276.475	86.8876
137.158	87.389
186.469	218.079
249.827	272.352
367.86	35.0874
87.7389	450.524
187.682	321.804
208.358	422.838
361.436	60.1495
392.625	302.339
352.824	188.898
211.632	333.661
365.858	457.359
396.845	327.508
358.024	188.958
31.4295	82.0649
13.4576	44.1167
64.4918	344.262
338.353	17.6988
198.157	268.842
184.089	335.744
178.686	484.837
273.741	197.148
122.479	238.511
139.763	346.13
393.746	280.627
100.413	146.517
50.3743	287.87
471.736	394.313
360.737	64.8648
363.403	37.0991
202.466	35.5244
465.931	318.232
125.895	482.401
358.67	453.151
269.823	26.2559
228.822	457.569
126.042	204.83
245.542	178.259
388.282	36.5395
273.679	96.4889
362.314	346.2
119.994	267.784
389.704	369.739
409.608	291.154
239.091	181.117
34.6812	222.419
397.155	31.9273
363.841	376.12
405.448	494.269
71.8602	274.639
442.724	436.198
400.785	159.713
118.409	208.599
393.623	233.133
354.621	356.509
147.021	89.0414
405.267	276.416
409.36	429.745
325.76	66.4853
222.284	167.25
65.9225	200.614
405.565	26.5179
389.908	46.4064
384.907	308.285
486.01	435.325
482.045	291.243
25.7269	212.763
27.3941	412.347
413.019	33.1844
84.6146	252.454
421.925	37.7326
57.6457	302.03
413.372	488.17
186.646	457.674
387.808	271.048
103.921	179.782
200.57	290.73
350.106	313.462
69.1184	14.3741
431.672	35.4992
279.458	311.516
18.5019	158.919
463.644	387.23
44.1083	482.886
386.268	294.639
59.1404	13.7101
89.9121	401.361
136.403	32.4155
35.0894	219.039
137.726	69.7726
366.047	340.723
441.787	152.991
93.9617	171.115
64.2787	240.812
53.9398	189.011
411.047	18.1542
186.755	25.1499
262.484	19.4632
16.803	51.9774
253.47	445.363
265.115	177.867
234.093	237.759
363.237	74.5474
265.592	195.796
146.19	192.981
373.413	251.68
82.5464	168.664
373.723	277.827
17.8616	325.059
92.6812	75.6707
398.166	472.152
33.8151	225.759
106.884	117.383
470.793	265.791
292.234	84.0995
296.296	68.7165
26.0966	427.526
220.061	322.204
87.2231	302.21
418.933	333.769
34.3441	349.289
426.453	464.085
284.571	169.729
463.012	308.322
308.434	29.6745
121.57	12.1691
320.852	77.917
242.659	497.133
305.323	20.1707
445.477	177.07
69.2294	455.377
69.2883	145.373
264.887	313.622
21.4	33.174
353.762	302.978
215.197	224.464
111.69	298.792
490.724	404.792
453.829	337.644
490.608	203.444
202.911	478.586
193.283	81.2059
253.07	16.0889
217.463	412.838
415.511	9.20612
494.741	440.2
464.988	344.464
451.756	402.415
410.808	252.929
436.73	44.126
165.863	173.457
351.543	493.905
398.067	290.656
309.388	345.771
281.087	87.7173
239.949	189.994
13.2381	158.044
161.028	412.228
331.039	492.797
95.467	481.947
280.254	336.751
140.321	348.578
80.0335	263.173
331.756	74.4884
369.429	82.3992
268.514	73.2872
68.5067	138.96
123.105	231.137
133.73	217.755
354.152	397.12
76.9072	36.89
385.913	412.907
464.923	483.213
360.162	470.45
189.492	216.746
144.942	195.62
312.908	179.57
273.098	447.624
50.483	118.305
120.787	420.143
286.576	59.2449
335.955	478.356
287.409	343.738
355.125	37.3186
293.117	166.842
129.534	69.3275
470.809	444.401
9.58056	39.7445
469.785	491.951
246.753	42.2315
364.727	415.856
99.3753	400.428
34.3567	298.761
264.189	99.6421
60.4171	257.757
196.552	255.337
469.651	450.769
408.708	236.898
478.52	487.083
410.698	181.768
418.981	407.532
85.1615	497.099
156.915	344.249
406.073	5.90274
486.616	194.275
486.723	196.019
479.281	307.489
14.5714	127.304
88.7884	408.628
224.104	166.821
278.259	22.0768
435.507	335.969
49.6698	99.3924
172.601	313.048
143.565	47.7878
161.946	203.674
328.179	495.071
350.335	193.913
245.381	421.49
149.406	179.399
302.623	324.404
367.403	194.256
85.3104	445.193
211.089	325.514
407.384	152.444
448.726	167.236
73.8813	32.6721
264.972	489.043
378.627	395.552
34.1117	250.275
452.643	176.189
473.024	347.962
446.973	377.192
103.23	223.091
16.7444	198.33
93.1155	477.131
483.459	358.871
446.715	44.6711
489.489	238.373
216.894	403.809
224.688	200.251
441.378	177.33
211.249	61.4132
452.915	312.654
108.443	163.085
458.312	290.022
215.004	60.411
409.578	420.747
376.485	260.74
45.3207	184.36
132.501	447.724
475.187	338.372
24.838	322.505
222.834	322.185
50.5009	99.1097
47.445	157.348
468.928	488.712
494.536	152.711
145.501	321.922
321.29	83.978
453.773	399.207
338.203	82.1333
72.6197	408.345
385.588	172.383
104.054	155.941
452.181	324.33
235.74	413.192
423.305	489.323
38.7199	228.808
296.927	92.93
150.18	280.644
359.536	153.486
302.225	341.615
110.017	298.578
461.099	320.44
147.034	476.069
72.7967	166.441
210.649	171.652
38.7385	120.383
163.36	316.87
385.56	281.591
381.603	201.01
299.345	174.665
257.788	412.939
169.562	22.8069
261.435	97.1595
171.757	157.936
227.871	448.655
61.9833	469.13
464.43	477.777
300.528	457.913
199.417	202.625
473.517	476.069
225.606	60.4709
230.605	37.4521
429.257	292.375
207.094	471.893
105.246	445.547
53.6719	101.739
121.485	259.584
229.916	264.992
45.1028	476.735
308.289	199.233
194.944	233.779
454.188	51.3161
387.646	317.825
90.314	126.84
106.014	68.2104
204.791	237.678
462.358	45.55
195.668	47.6185
225.795	154.559
475.126	242.597
248.816	82.6937
390.055	188.337
357.958	296.563
225	20.4563
315.872	10.2701
169.519	89.0033
87.151	423.824
83.5245	74.0429
318.829	30.5491
209.741	197.177
17.3624	34.4385
146.341	119.473
109.822	236.156
351.947	158.072
66.6527	41.2856
438.612	383.074
351.21	408.227
299.4	88.4751
129.807	122.049
255.34	16.2227
1.9482	482.674
403.327	266.606
212.92	325.827
405.659	37.4905
68.6433	98.185
23.2589	411.101
448.774	59.7239
254.707	423.287
182.616	338.35
466.841	36.6111
470.052	488.195
132.149	425.145
69.7653	177.769
228.242	418.488
116.937	326.982
423.493	47.6089
320.418	197.526
434.793	166.983
295.528	40.9658
162.651	155.7
408.862	290.997
469.576	52.471
435.95	393.346
20.197	276.224
407.373	375.761
454.774	284.37
71.6751	484.681
15.5419	293.684
52.2358	451.889
443.141	302.891
425.506	8.8854
182.301	348.345
201.997	409.237
270.49	483.565
229.272	444.943
89.2529	65.2231
186.905	487.496
468.974	179.907
118.683	135.096
213.231	405.192
304.339	306.611
446.261	373.08
172.458	278.705
381.643	377.794
298.599	37.845
100.217	240.831
135.55	72.4711
460.991	288.207
63.2648	220.662
66.3062	252.905
231.905	300.996
413.262	195.12
425.542	422.491
72.5734	257.754
242.629	349.036
103.291	303.362
157.881	17.7574
235.978	90.8911
338.102	483.754
21.1901	110.707
356.216	81.669
321.236	424.518
430.476	17.5631
353.171	285.03
373.205	401.553
417.153	241.606
9.5535	330.625
139.377	46.1032
139.444	420.008
329.321	4.63014
485.619	215.979
377.047	438.228
192.515	498.033
322.352	82.8737
76.0776	201.622
396.613	2.66004
115.261	86.21
412.817	256.265
129.987	159.372
294.151	429.918
77.9099	106.92
55.9452	173.038
25.9885	257.473
480.869	483.637
406.769	282.055
337.698	74.9018
182.864	294.396
69.028	20.5048
114.054	207.7
470.671	62.4108
466.367	431.463
320.115	414.565
413.614	312.719
77.5341	42.4433
385.003	213.627
375.815	158.189
322.932	70.7875
357.369	213.327
443.774	153.85
472.369	28.2783
205.613	67.6341
321.488	50.9439
468.175	72.0944
191.307	490.7
456.636	156.329
88.5339	113.795
5.56116	327.991
23.0063	304.748
397.902	290.753
411.215	38.1463
263.652	338.861
158.896	207.163
401.499	415.597
172.849	44.083
268.785	435.803
63.3855	105.536
456.033	341.009
282.043	78.8944
66.8394	270.268
342.145	481.933
378.925	85.5356
238.499	254.435
302.592	89.7664
324.508	51.3578
140.588	433.11
388.211	89.245
63.7338	448
405.382	450.607
17.8813	344.618
265.927	76.7586
120.219	293.57
457.544	211.286
329.277	23.4838
286.741	452.226
188.868	429.088
433.987	195.645
99.1981	325.083
431.286	322.138
357.699	203.587
193.755	251.869
146.473	162.147
419.678	202.501
434.23	422.846
133.11	412.039
92.398	168.2
459.118	402.855
422.087	212.206
463.701	492.902
50.2526	84.2867
155.691	72.1916
151.474	57.3307
99.8325	318.32
460.719	296.581
68.6892	470.816
106.489	128.746
12.1141	400.618
27.7905	259.515
167.227	184.598
5.55918	164.45
480.436	60.2581
438.988	20.9814
118.296	100.069
22.3645	146.711
416.263	317.605
398.028	91.1487
309.354	193.615
161.354	279.976
440.627	65.5229
370.867	402.442
440.371	204.382
349.376	407.843
442.507	420.219
21.8632	86.4458
128.82	483.951
36.416	473.867
479.634	155.199
238.59	451.849
288.557	464.45
57.927	91.406
159.446	340.683
412.846	399.508
75.3481	276.867
450.622	36.4384
58.9142	424.478
79.4673	134.257
139.06	142.037
272.649	70.5436
263.217	470.413
84.3042	441.679
30.3283	209.405
55.0812	196.557
238.128	237.791
57.6122	120.872
419.338	474.227
169.01	338.683
108.072	416.253
428.482	368.381
429.271	352.494
438.396	305.527
362.954	78.3968
10.6266	447.766
237.569	53.318
488.389	324.829
70.8611	455.995
425.756	15.4376
436.731	463.559
395.694	449.728
171.153	473.027
363.419	441.846
372.605	93.2854
111.132	480.567
475.293	263.922
286.081	467.33
411.882	414.351
67.8477	96.2305
288.235	448.392
317.964	334.869
248.883	170.473
434.701	419.215
282.019	431.312
91.3609	135.303
207.979	302.5
409.252	357.337
456.66	199.939
195.081	97.9953
166.405	249.83
251.934	34.4075
424.771	219.413
357.631	155.868
340.064	68.4159
92.4403	499.277
318.545	27.5965
494.887	246.791
52.8479	258.553
277.918	490.261
111.555	476.552
370.963	379.316
156.65	439.649
250.499	59.8475
259.304	30.8048
84.3862	476.231
160.775	8.18536
179.746	470.735
148.558	266.938
461.443	423.987
322.557	313.645
290.101	58.6635
195.312	413.199
149.574	460.929
86.6294	134.079
86.6116	132.556
11.9431	172.147
337.966	36.2397
21.7036	171.462
165.27	201.299
430.904	227.311
297.558	458.922
338.862	60.0909
318.401	462.409
24.0294	326.421
383.787	399.536
49.2105	12.5285
354.25	276.385
156.873	150.339
425.679	411.293
137.334	75.2121
255.832	78.3247
56.733	408.727
372.591	369.181
482.97	50.5842
357.663	59.5933
400.381	240.465
375.835	367.652
113.589	472.204
275.908	80.1284
472.879	276.462
43.2211	421.831
491.697	55.4658
269.742	496.684
48.03	492.085
361.28	76.6575
358.996	314.257
96.3867	78.5386
438.363	31.8821
325.186	161.976
450.543	338.348
160.024	178.497
33.313	94.8552
255.864	421.597
307.545	4.73327
429.789	153.193
116.975	203.212
242.302	303.01
365.635	435.454
493.481	65.3055
17.9135	213.659
255.787	89.5322
165.214	52.1159
112.372	318.966
41.4158	112.098
394.542	94.0757
37.9406	275.05
343.243	494.384
420.31	257.339
