 Optimized Solution after maximum provided iteration.This file contains vector of points of the generated path.
X	Y
10	10
10	10
12.1968	19.7557
18.3541	41.3638
21.2059	64.2736
22.2727	77.6682
37.3255	89.8487
49.2964	100.771
67.7062	115.518
79.4963	124.86
93.7892	143.231
102.725	157.871
118.843	170.234
127.732	177.996
133.356	180.435
147.064	194.502
164.736	211.889
177.784	223.733
193.635	241.378
204.553	256.617
217.521	273.579
220.604	283.081
232.601	293.895
251.778	306.144
265.833	315.848
280.452	328.873
293.754	346.288
300.53	357.125
315.88	375.462
330.254	388.732
339.265	397.363
357.061	412.668
372.257	422.001
389.204	436.46
399.197	444.567
412.449	465.199
418.157	473.87
437.627	487.104
453.946	502.308
471.526	518.541
481.351	530.336
489.761	537.564
501.111	550.198
508.834	557.558
521.63	572.244
539.57	587.67
557.551	605.006
571.485	619.193
587.021	632.448
601.06	648.656
612.526	660.8
617.571	668.495
627.887	682.358
644.848	692.753
659.639	705.418
676.667	722.858
690.567	738.432
702.15	754.867
711.148	762.871
722.02	775.3
735.981	786.951
753.761	804.012
770.78	818.806
789.45	834.147
803.183	848.062
815.871	865.046
820.869	871.833
833.941	884.313
845.418	894.473
862.029	910.426
866.179	919.525
883.636	929.953
894.242	939.531
901.224	949.352
914.555	964.704
929.312	979.507
930.249	979.95
939.267	980.459
958.387	983.286
969.358	985.819
990	990
