 Optimized Solution after maximum provided iteration.This file contains vector of points of the generated path.
X	Y
25	25
25	25
32.3866	44.9005
39.1298	68.6786
48.51	89.1386
59.7188	105.253
67.1192	125.646
69.232	131.744
76.041	151.322
86.2652	172.594
91.8306	181.507
98.7522	198.38
105.464	221.779
111.47	233.862
119.459	257.406
127.144	277.32
137.077	298.237
143.554	311.396
151.885	329.557
162.548	350.818
167.595	362.916
171.335	373.913
176.163	388.584
180.564	405.477
189.254	419.892
193.339	433.713
199.763	453.567
203.865	460.58
213.769	480.977
224.329	501.864
233.381	519.341
246.785	539.635
257.7	557.714
270.835	578.931
281.697	597.399
291.134	614.32
300.523	632.061
310.228	648.294
319.813	668.128
329.155	685.851
332.547	693.97
336.861	716.083
338.828	739.916
339.228	763.546
337.343	780.948
337.267	793.137
331.544	804.404
310.458	815.876
294.231	824.713
283.316	829.354
265.606	838.349
244.373	850.003
236.997	853.874
217.363	864.463
196.369	877.373
183.525	884.375
163.166	896.324
152.325	901.822
131.965	914.72
113.293	925.768
103.168	931.436
81.988	943.514
74.6041	947.012
53.0734	959.448
39.9207	966.072
25	975
