 Optimized Solution after maximum provided iteration.This file contains vector of points of the generated path.
X	Y
8.29361	15.9711
18.7643	30.8226
20.9995	52.434
20.487	76.9287
41.7961	88.3508
50.0646	95.3922
64.7918	109.345
79.1318	126.492
90.3222	144.399
99.7194	160.831
116.783	178.298
128.814	190.39
139.62	201.582
160.169	214.481
176.054	222.891
192.604	239.931
204.239	257.474
215.459	271.316
235.952	279.299
244.511	287.432
259.701	301.184
265.369	310.348
276.02	325.822
286.669	342.43
301.356	354.854
312.055	365.773
324.837	381.114
345.06	391.939
359.333	401.881
366.769	408.582
382.003	424.029
396.562	439.877
407.056	457.607
424.747	475.14
444.641	475.757
459.021	481.653
473.902	488.478
490	490
