 Optimized Solution after maximum provided iteration.This file contains vector of points of the generated path.
X	Y
25	25
25	25
38.0041	32.6062
60.7627	41.2536
79.6779	49.3399
89.4745	54.6248
109.606	65.3009
126.785	77.4223
148.06	87.4322
164.043	98.4317
162.005	108.585
163.881	132.247
165.284	146.673
165.555	167.454
165.926	192.296
168.045	199.526
168.631	216.804
166.691	230.917
169.76	252.294
170.845	276.064
167.383	297.519
159.694	311.787
153.432	317.205
142.462	328.463
126.027	346.089
113.175	359.838
97.1717	378.116
86.9191	390.046
77.1504	400.511
62.9008	419.487
50.7511	437.078
39.575	452.182
34.5791	460.07
25	475
