Saved a vector of rrt <nodes> points.
X	Y
490	490
482.472	483.417
475.451	476.297
465.461	475.848
455.466	475.533
475.728	466.301
475.119	456.319
445.469	475.299
475.822	446.344
475.995	436.345
476.688	426.37
469.17	419.776
468.663	409.789
435.469	475.407
461.306	403.016
454.088	396.095
425.475	475.064
453.302	386.126
445.168	380.309
460.78	379.487
435.602	377.395
425.602	377.324
415.691	375.997
406.718	380.411
396.746	379.659
389.668	372.595
383.216	364.955
376.626	357.434
380.399	348.173
378.33	338.389
381.605	328.941
385.812	319.869
390.618	333.273
386.512	309.894
379.436	302.828
370.064	299.339
360.874	295.397
415.48	475.377
350.918	296.335
406.774	470.458
343.15	290.038
333.902	286.233
395.361	305.235
372.97	310.456
325.325	281.091
323.023	271.36
316.874	286.437
317.185	263.241
309.381	256.987
314.699	248.518
299.434	258.009
289.549	259.525
279.565	260.098
317.861	239.032
382.22	293.223
324.573	231.618
310.342	294.009
317.508	224.541
302.797	300.572
396.839	471.602
396.985	365.778
294.234	305.737
284.676	308.676
379.137	317.358
450.688	392.795
324.402	217.298
405.296	306.367
332.568	211.526
453.776	409.595
338.871	203.762
342.164	194.32
335.449	186.91
424.489	485.015
309.52	218.525
410.705	461.263
349.955	188.051
277.3	315.428
356.34	180.355
301.189	212.994
297.288	203.786
389.356	464.969
288.423	199.158
290.147	189.308
267.322	314.758
289.009	179.373
381.675	317.485
305.758	198.469
386.192	455.483
257.324	314.559
247.75	317.445
380.832	330.439
387.758	284.896
279.013	179.091
279.178	202.969
238	319.667
276.505	169.411
228.711	315.964
218.792	317.231
470.446	376.924
277.715	325.42
215.776	326.765
412.417	299.346
205.805	327.524
214.158	308.369
206.356	302.114
376.224	456.276
309.574	279.604
198.091	296.485
275.905	159.429
405.477	390.334
190.601	289.86
198.553	334.41
281.452	151.109
180.632	290.653
196.284	344.149
288.044	143.588
272.685	210.574
210.221	325.662
413.686	396.046
198.879	353.807
412.537	313.264
365.68	176.783
289.04	133.638
392.362	480.543
295.676	126.157
204.327	362.193
281.381	197.131
415.524	289.84
186.365	345.423
172.831	284.397
204.392	372.192
373.576	182.919
383.561	182.371
163.867	279.963
177.545	350.136
294.225	116.263
288.159	108.313
297.152	103.938
278.161	108.485
153.883	279.402
392.631	186.583
422.922	283.113
205.752	382.099
430.485	276.57
410.292	395.244
485.538	448.71
268.967	104.551
373.529	192.919
190.809	296.145
259.103	106.194
301.531	134.264
404.875	453.139
375.996	319.405
249.523	103.325
192.586	280.059
451.714	411.873
188.78	282.694
242.177	96.5395
456.373	477.428
246.184	87.3774
303.991	96.6425
191.558	270.112
232.243	95.389
376.319	202.522
307.055	87.1234
243.352	82.253
306.554	309.839
299.523	142.617
376.37	212.522
304.957	145.971
304.215	77.5351
183.637	303.114
293.797	106.453
144.825	283.637
396.087	177.2
135.835	288.017
127.249	293.143
389.244	376.739
313.161	73.0662
217.182	312.576
223.362	99.9852
355.009	305.163
480.365	378.193
213.581	102.067
198.811	383.548
190.403	388.961
187.867	260.818
313.375	100.097
190.895	398.949
204.378	98.156
376.674	446.286
397.117	167.253
403.092	402.184
313.592	63.0755
181.865	403.247
314.279	149.591
194.455	99.3967
418.808	305.846
280.471	335.032
294.004	133.864
308.691	75.8069
304.446	211.928
454.855	475.563
139.776	297.208
184.663	97.3706
426.529	312.201
426.471	322.201
173.013	407.899
213.22	388.75
185.986	250.996
164.251	412.718
320.231	55.5972
359.174	285.542
158.866	421.144
179.412	408.605
302.948	311.12
120.971	300.928
112.014	305.374
358.451	275.569
313.022	227.35
180.094	88.4751
219.201	396.764
151.024	414.939
288.291	198.216
187.544	241.118
315.143	46.9885
352.367	184.704
404	159.999
479.082	458.208
249.623	113.324
170.115	87.8327
145.027	422.942
103.821	299.641
135.034	423.306
97.3508	292.016
485.446	369.58
319.071	278.971
88.6554	296.955
453.866	486.044
301.797	321.053
187.226	414.845
418.332	454.796
307.303	188.59
162.691	94.5317
312.363	180.595
95.0843	282.277
125.108	424.522
393.561	342.83
438.799	282.127
413.737	157.719
383.639	205.043
318.726	146.84
446.954	276.34
152.803	96.0286
198.734	389.05
311.7	37.5997
92.6614	272.575
301.775	36.3752
265.265	102.026
352.06	193.55
187.158	424.845
224.912	404.973
182.563	78.7845
88.3421	263.556
142.904	97.4457
316.025	313.05
290.364	311.673
384.365	439.894
283.853	130.72
133.321	100.303
316.582	28.8726
115.116	424.911
81.7942	255.997
181.902	106.982
323.22	101.851
105.147	425.707
124.368	104.758
194.171	233.63
447.631	421.002
306.646	329.799
301.633	95.7925
213.124	112.057
324.885	111.712
120.472	287.932
169.76	79.901
99.7105	434.1
295.153	28.8819
231.004	412.903
92.7801	441.309
398.767	409.569
85.1999	434.786
392.057	477.749
382.497	384.12
373.136	387.64
144.812	107.262
411.478	455.505
233.731	422.524
240.623	410.17
221.939	334.64
114.399	103.981
333.311	117.097
382.466	481.982
343.31	117.256
321.004	175.562
76.4627	439.651
111.035	113.399
101.164	114.997
335.632	221.045
283.298	344.624
462.363	406.908
248.283	416.598
97.6782	450.027
108.142	96.1801
402.529	188.009
188.453	70.703
407.615	414.229
99.6682	90.8704
476.147	365.901
113.044	415.128
309.278	158.25
287.532	22.4079
94.5394	122.488
85.8095	274.364
197.221	415.175
418.326	148.834
366.867	391.523
422.803	139.893
79.0167	299.619
134.672	413.312
100.64	266.547
86.2197	284.727
454.69	282.676
100.276	80.8889
277.969	19.4849
376.4	307.41
264.98	305.036
180.681	387.192
420.239	403.599
102.888	256.803
242.459	120.301
95.3505	132.455
146.569	414.046
309.644	339.339
115.276	405.38
195.597	63.7062
112.875	257.314
194.589	304.354
367.352	216.844
100.594	459.592
419.201	130.564
401.173	372.204
424.51	122.09
76.416	247.567
303.784	61.1266
322.893	70.7687
84.5583	123.103
268.843	219.807
104.37	71.7654
117.802	313.529
415.099	488.454
103.852	137.72
70.384	304.666
406.411	380.41
400.041	486.948
176.15	249.19
98.4297	127.181
87.5998	248.304
483.626	383.367
386.58	173.353
202.898	228.748
147.277	116.953
487.214	495.708
195.931	92.6975
184.496	434.484
104.568	142.063
211.237	223.228
294.266	64.194
110.726	64.0451
276.192	22.4964
206.737	414.244
184.968	444.473
430.499	114.082
77.6241	115.898
314.75	146.556
84.992	286.882
381.717	329.458
175.358	308.722
216.297	387.714
289.331	21.7452
319.314	136.857
437.905	107.362
430.682	100.446
90.3311	81.941
192.634	54.1554
351.056	280.008
464.25	285.612
286.248	58.2178
75.5252	237.607
415.48	276.434
434.04	91.027
280.348	270.067
420.808	98.8649
117.39	248.391
102.187	469.465
357.002	393.158
198.641	369.485
120.716	323.095
68.1968	112.562
193.45	449.768
180.446	288.078
224.281	404.299
383.352	448.129
440.662	83.5338
469.929	277.381
287.566	22.1306
118.78	58.1184
479.44	484.879
126.459	93.028
347.644	396.683
67.2371	314.158
339.196	391.332
204.383	390.189
192.643	459.736
378.197	446.845
444.729	290.178
256.998	411.694
274.404	187.965
87.9999	139.235
316.475	184.038
446.609	75.4942
110.763	149.914
59.6149	320.631
84.526	73.7985
439.699	113.341
389.977	212.777
58.7886	109.173
402.138	364.726
182.818	461.597
404.22	307.255
428.22	402.237
466.295	295.401
410.944	281.486
288.611	249.569
402.366	391.152
296.818	132.956
184.412	305.587
331.387	397.578
372.681	479.92
196.248	429.013
435.488	293.998
283.391	181.69
274.65	276.34
449.006	116.997
325.415	96.8222
331.741	195.945
487.809	359.863
96.3035	106.258
328.17	407.047
456.411	77.4763
202.354	461.356
50.3543	316.857
187.014	438.849
302.596	178.45
413.003	375.592
182.407	116.969
379.953	351.609
275.428	223.826
138.989	275.517
296.538	44.8941
459.998	423.761
349.343	406.538
80.5892	64.606
380.444	430.695
213.567	295.185
112.25	328.418
94.1949	261.502
436.185	324.577
405.968	175.663
468.48	305.159
66.4955	122.416
175.647	468.567
82.3737	54.7665
49.402	112.622
118.324	238.435
197.456	459.819
314.242	145.666
415.806	177.456
118.778	396.014
387.604	290.294
479.232	281.05
376.736	391.6
171.733	283.329
216.699	214.852
75.1247	47.878
417.275	478.023
400.358	311.464
113.472	134.986
40.6144	319.123
81.832	147.106
322.272	99.1774
416.5	157.837
267.192	18.1366
97.4039	86.6452
322.395	51.2997
411.207	101.662
362.771	481.261
292.638	308.095
278.888	51.4479
180.929	126.859
354.543	383.465
258.983	221.475
383.696	480.384
198.562	400.67
74.7132	75.7241
194.11	443.154
416.402	322.339
123.671	229.985
79.6633	228.503
124.413	332.387
321.812	53.9197
210.378	285.707
135.674	406.338
323.728	145.557
64.7139	75.8428
318.908	119.287
70.5558	124.507
271.301	279.76
340.002	290.479
67.8578	80.9091
346.448	310.332
281.649	126.786
199.635	470.979
182.021	341.5
271.031	298.615
295.785	79.0696
290.113	248.029
428.794	297.491
403.299	402.36
96.4912	442.754
425.389	180.313
282.59	251.883
421.695	390.058
457.445	122.364
354.101	378.562
91.5303	430.383
305.053	293.459
84.059	219.521
118.852	155.792
325.146	103.274
39.5958	110.663
199.684	268.065
85.5654	422.356
78.4102	425.73
482.52	445.66
122.667	222.713
288.601	11.7718
130.545	216.554
320.393	30.2414
232.238	306.606
306.717	206.245
287.449	239.866
115.695	236.483
480.216	420.335
97.5605	304.745
37.3214	309.681
32.2016	117.395
465.694	81.1937
82.9004	412.718
202.57	53.0308
249.01	412.664
211.83	464.55
74.8037	215.734
62.8679	75.5429
188.244	61.0842
80.784	39.6335
276.682	352.123
293.711	133.045
28.3036	305.359
19.5888	300.455
375.703	464.623
420.455	271.838
215.522	473.843
258.918	94.2989
32.5298	321.401
302.096	129.431
258.943	12.4838
318.201	407.825
475.901	311.862
117.256	216.497
461.954	293.399
88.415	33.1707
71.3721	314.85
99.3477	130.024
485.479	314.736
176.742	478.507
483.814	350.696
317.545	417.803
160.775	403.341
474.892	77.2698
180.154	55.2068
299.702	290.279
222.376	410.634
489.726	417.243
109.067	134.956
475.576	67.2932
104.347	478.01
408.757	269.031
275.923	29.6818
307.882	415.229
185.12	135.939
394.322	214.68
197.497	282.019
90.3649	67.6719
117.781	206.511
217.94	483.547
84.8901	402.918
140.03	213.386
434.352	175.878
406.503	287.643
120.938	165.572
135.081	285.684
215.341	204.944
160.786	84.3913
377.836	175.204
289.977	352.068
192.333	49.7774
445.549	284.56
375.908	392.694
201.361	276.515
410.13	358.714
68.242	323.578
308.81	268.457
223.713	199.475
321.498	321.419
431.251	120.016
275.297	301.092
482.588	271.63
481.477	84.7958
297.016	359.17
108.078	487.288
442.543	423.623
112.797	410.396
487.728	324.48
359.066	408.876
265.751	275.886
316.438	218.249
167.783	315.25
406.786	92.6925
488.825	391.909
211.561	48.6519
382.136	328.803
86.5645	393.059
143.842	289.112
346.813	107.89
249.354	9.64597
176.206	140.471
282.886	3.56622
285.837	78.0536
214.249	360.948
79.9289	49.5962
102.949	77.4345
175.654	46.2766
356.396	110.747
285.656	316.853
62.8729	116.237
462.57	308.38
308.624	28.8228
76.9496	390.311
66.7457	209.812
175.041	445.684
401.515	262.135
63.0662	200.514
179.823	149.793
431.386	96.8865
117.531	71.3723
483.047	261.64
226.366	488.932
192.618	333.999
67.238	392.696
319.027	19.1759
178.574	333.816
406.934	82.6936
445.254	107.827
484.394	419.888
447.968	494.12
317.827	427.799
378.543	491.181
463.337	78.5716
236.756	297.685
396.935	82.601
369.333	387.405
57.4236	390.778
471.412	316.833
218.691	53.5786
309.403	433.188
114.699	401.807
223.153	62.528
70.3104	295.562
307.843	432.177
233.261	119.792
175.27	321.879
449.658	392.21
479.233	252.396
394.623	72.8718
53.1711	201.958
484.95	70.7739
191.795	324.033
96.7852	30.6259
53.1289	307.25
477.917	342.953
359.864	118.902
102.371	329.97
283.438	345.987
302.387	440.558
48.691	395.65
308.149	211.342
179.015	38.4723
226.742	498.925
492.884	395.507
495.78	384.724
409.722	147.506
292.259	113.166
218.612	280.033
360.177	397.982
75.5003	121.664
436.007	294.443
220.509	91.3453
198.295	464.849
404.322	214.746
65.2131	209.412
257.477	401.706
176.557	390.91
118.023	486.243
42.0801	403.153
430.707	280.282
242.445	400.337
365.501	401.438
319.399	132.69
127.638	305.449
396.951	373.742
236.871	287.686
212.879	38.7392
84.7175	65.6529
443.999	178.513
33.0387	407.426
485.184	262.539
75.8096	274.4
127.746	488.58
180.161	28.5382
118.159	415.827
129.287	478.699
104.109	339.817
155.011	412.388
416.168	445.032
119.844	127.28
61.1968	88.3677
462.154	395.301
66.4651	194.442
40.0525	390.613
36.1555	116.969
298.985	314.235
469.465	393.007
232.31	480.891
305	330.126
94.7288	480.746
434.606	396.73
144.661	222.249
110.6	93.2936
221.716	463.043
339.314	202.765
417.634	459.544
355.514	488.141
95.8611	325.656
480.647	421.229
106.527	28.3702
60.0823	217.995
389.838	64.0908
263.762	419.06
107.87	205.18
397.819	321.137
189.42	152.604
382.432	307.079
214.631	370.282
103.959	479.847
224.358	335.639
485.466	244.576
108.53	18.5729
23.0399	407.579
364.657	417.167
398.752	59.5568
261.557	104.975
236.469	282.79
450.861	185.786
372.47	499.126
412.14	473.708
199.124	69.2905
76.8603	417.493
189.614	305.152
242.309	481.059
102.868	411.585
122.614	425.967
489.748	449.226
432.784	386.248
194.826	406.149
20.5334	417.26
140.345	99.0183
166.886	476.819
43.5968	204.845
290.362	366.635
316.157	30.4183
85.1187	483.511
297.891	415.659
281.483	269.864
183.646	59.6858
147.217	115.546
107.681	219.382
250.794	75.5732
11.5984	421.75
426.213	400.422
426.913	391.159
300.267	121.561
309.721	32.2381
433.799	397.14
410.712	470.162
210.591	273.455
107.591	448.706
23.7801	291.376
118.519	19.0594
39.2449	213.848
318.988	39.2388
73.0911	186.952
198.781	149.084
22.5301	321.479
131.547	85.0151
234.421	493.706
233.322	202.245
89.5996	79.8812
318.524	190.668
371.279	386.764
229.261	412.958
460.58	183.43
182.018	31.1115
186.384	109.026
59.7731	187.011
351.563	284.757
290.436	231.804
310.342	302.622
74.6343	212.827
189.146	162.6
252.714	219.064
409.694	365.425
117.645	110.025
94.2111	147.018
288.107	417.723
216.669	324.864
117.525	449.852
180.572	167.746
353.777	295.895
96.0352	127.197
15.3545	314.515
80.3682	380.913
51.3931	90.3391
207.122	88.5398
197.874	228.268
299.852	111.468
208.018	458.018
84.4207	24.0031
334.898	298.207
16.6302	430.392
172.601	83.8149
469.116	90.5902
72.9823	210.409
31.5459	385.356
108.971	272.079
173.156	312.569
408.374	137.687
234.707	281.884
401.743	415.302
422.414	387.493
285.053	424.301
204.753	401.485
405.165	51.8841
242.267	2.59073
323.342	114.352
75.2397	485.062
172.201	22.4851
112.165	143.2
229.582	409.955
342.305	381.828
179.532	116.676
115.766	32.198
61.1741	319.823
210.93	490.678
82.6136	473.83
52.471	224.481
446.142	118.47
195.986	250.96
391.559	261.197
486.717	93.3133
58.6423	189.098
485.289	96.7099
427.812	83.2032
409.001	42.6491
297.783	57.826
53.6023	179.142
23.9625	111.728
193.959	136.273
318.15	228.703
319.346	336.916
438.245	107.602
143.161	289.799
475.604	57.2932
309.145	254.207
390.782	224.032
420.846	284.4
163.403	306.26
11.0872	295.19
90.3362	456.246
323.455	258.325
289.878	156.495
56.0271	306.405
135.488	204.477
189.777	357.948
307.376	111.96
405.312	33.3543
281.166	370.561
254.562	21.4732
207.881	262.338
110.219	234.645
235.689	490.23
416.753	351.222
394.009	437.248
222.46	355.24
415.049	53.403
399.56	136.131
389.172	434.023
491.357	401.63
265.708	292.633
390.673	140.717
189.111	280.599
407.149	219.71
123.823	415.077
264.432	188.72
495.418	243.601
86.3021	270.144
290.153	235.453
21.5549	385.779
57.4334	206.805
28.912	422.719
381.256	144.082
455.455	311.228
478.411	237.489
369.648	116.835
224.856	350.842
112.567	405.202
254.435	392.18
70.9066	120.849
465.241	85.1403
199.256	436.324
292.866	443.615
303.882	341.934
203.023	243.856
469.736	187.449
128.114	16.2431
328.941	17.8667
477.499	193.753
65.3448	486.509
140.232	211.811
404.587	23.3806
220.407	118.91
186.808	276.594
318.017	157.83
266.552	9.00548
282.194	64.5273
212.867	242.096
411.244	15.9184
334.223	96.9205
483.22	50.8128
419.197	351.426
408.746	255.228
405.657	377.486
368.969	215.846
46.122	81.8412
418.243	8.77532
474.655	193.407
74.4852	22.8694
36.6935	78.509
331.863	282.163
124.447	319.061
121.848	458.87
123.354	289.734
205.63	369.788
415.343	295.493
197.618	94.2603
287.145	432.729
118.296	425.264
484.031	42.9042
423.044	5.40193
410.14	229.06
180.772	156.137
349.118	480.454
58.3121	479.399
320.277	59.0126
285.182	408.16
110.832	347.22
262.181	193.746
29.3948	215.573
80.3897	121.903
296.884	196.25
255.793	291.333
343.293	319.821
433.019	420.575
75.4163	154.777
62.144	399.667
417.107	218.79
204.86	359.584
399.11	55.9997
49.5606	479.596
97.3376	289.086
180.749	311.135
320.219	301.06
11.7818	387.897
200.429	291.131
459.65	292.403
218.526	272.537
141.032	196.153
308.893	328.583
170.277	314.734
300.382	275.665
486.799	427.558
336.827	412.053
101.93	401.629
481.614	98.9958
256.055	382.312
250.941	486.107
397.939	496.725
111.699	169.4
431.928	89.8497
489.253	315.499
186.097	22.7785
367.207	282.297
395.391	19.4522
200.064	128.353
340.361	485.282
423.372	133.732
205.601	338.594
139.271	479.26
422.405	174.957
299.164	281.763
399.444	376.577
186.768	61.3887
71.3513	177.104
116.921	386.188
176.565	176.909
257.88	186.862
156.158	121.551
446.154	194.609
487.92	244.006
81.9737	191.545
468.18	97.292
485.15	187.314
397.151	174.143
483.825	289.932
409.284	195.383
386.301	174.111
497.681	235.676
249.489	297.642
139.61	397.145
79.3449	389.592
352.206	120.121
360.813	310.749
337.305	23.3475
149.202	194.395
262.833	178.175
372.016	183.84
239.077	490.225
29.3386	295.234
115.153	176.767
71.7701	13.245
485.043	455.36
255.009	383.292
403.145	494.112
347.511	180.346
194.087	129.103
490.966	478.14
163.775	486.323
457.493	189.258
418.477	39.4552
62.5559	289.248
394.84	232.091
149.736	86.5106
384.445	477.385
483.71	32.9094
322.804	436.473
188.331	82.51
43.822	405.812
219.346	31.1117
491.835	71.4867
189.18	223.327
194.263	171.192
432.978	4.25066
298.883	371.87
53.8232	319.341
153.71	217.992
290.455	244.746
427.137	494.658
339.375	419.41
192.597	97.3998
253.4	419.951
106.706	340.845
55.238	282.433
204.237	171.917
387.783	86.6321
277.096	367.927
44.4212	175.179
121.715	261.989
467.033	199.88
463.463	290.5
338.43	179.955
107.617	210.632
194.22	138.521
281.487	377.683
190.004	213.361
147.014	184.637
221.599	322.939
122.678	183.352
279.969	412.712
416.815	108.629
442.955	4.92856
225.281	219.985
220.616	248.418
201.007	491.915
75.7025	141.005
400.597	436.805
81.7786	58.7995
250.524	123.121
418.838	280.56
241.055	299.826
328.577	179.002
402.179	175.811
447.688	191.584
159.722	283.719
489.105	178.129
396.665	208.692
41.3363	404.467
286.95	325.685
240.477	116.496
15.322	433.945
468.572	484.404
61.7767	12.8823
466.891	85.5925
287.782	110.308
114.038	401.354
327.815	224.149
115.767	495.985
174.367	83.2071
131.59	96.9644
204.12	35.359
175.725	398.373
219.687	453.251
110.881	404.258
292.609	281.659
183.997	377.758
272.097	406.545
480.189	475.586
7.61114	418.064
125.788	403.146
77.9845	434.344
70.3955	380.175
328.509	283.33
15.9064	117.652
160.437	293.693
90.5752	104.884
321.368	112.282
372.074	194.973
106.348	55.0543
53.2425	18.0945
54.0523	101.254
45.3684	11.9302
315.28	322.091
185.48	424.582
120.457	85.0302
483.81	82.9817
344.332	284.331
490.486	48.1587
102.298	309.552
377.607	369.803
9.84953	408.318
323.89	103.916
242.005	289.472
221.334	64.0276
102.356	240.823
427.095	219.287
300.301	98.4979
464.964	313.732
393.883	52.586
200.754	180.647
497.217	226.292
412.108	93.8974
491.262	26.3542
11.5587	126.658
359.283	375.729
491.078	487.295
493.425	347.936
321.866	232.719
189.413	424.332
216.322	303.736
120.831	347.364
19.4499	216.622
156.324	294.487
13.0812	443.691
386.179	394.892
462.361	492.241
89.3148	376.446
305.151	77.0915
389.218	384.214
79.9702	470.57
484.253	19.2221
330.676	179.036
272.93	196.862
27.7693	210.893
283.71	447.635
300.872	118.564
115.436	410.559
341.494	90.0553
28.9301	84.8121
480.027	173.934
488.27	275.503
20.6357	226.551
494.969	264.6
304.236	450.385
286.446	289.534
305.668	88.256
494.799	431.028
450.239	80.433
278.614	224.342
439.12	113.251
188.697	408.505
377.507	307.268
300.351	44.9751
401.525	313.519
311.632	425.769
204.782	324.944
192.583	393.651
176.99	173.124
291.662	400.544
334.802	9.76442
22.3614	77.272
224.543	38.8182
349.623	402.891
331.439	304.008
289.006	414.019
174.97	84.896
175.307	344.03
214.326	332.881
297.658	137.741
149.439	395.303
260.882	485.027
178.719	186.674
419.938	231.06
284.877	7.23605
257.023	108.436
104.154	417.238
486.868	497.646
19.8303	282.189
220.917	488.718
199.91	324.809
118.245	134.789
484.875	437.752
299.359	220.801
177.98	253.79
332.832	387.612
298.623	137.376
233.987	317.118
246.767	102.039
424.276	284.994
366.769	115.785
29.408	375.587
187.593	308.31
367.718	105.831
124.825	13.8855
195.648	434.388
420.085	139.659
359.994	223.616
384.638	48.7752
411.743	360.029
201.392	105.354
475.178	27.6944
491.866	237.085
301.379	437.553
408.344	91.317
308.52	374.539
189.008	339.542
378.305	121.84
119.995	124.64
64.9583	392.15
392.767	140.043
93.7027	465.629
138.517	405.051
442.262	100.903
176.585	175
82.9996	374.559
199.722	389.153
290.843	152.744
261.865	420.733
85.034	290.342
402.439	498.636
156.582	400.981
122.209	357.269
142.97	488.551
336.785	6.52553
283.462	342.264
88.0661	365.937
462.222	123.585
404.773	490.598
309.494	186.146
419.626	185.974
147.835	475.182
51.5857	100.178
204.564	55.5765
198.28	249.514
60.4046	12.1742
306.792	110.164
314.865	426.12
300.654	396.167
277.016	5.20175
310.494	286.697
345.777	121.731
128.285	187.039
252.834	482.708
439.664	13.1653
95.396	344.726
190.506	106.987
85.6177	122.047
39.8958	482.163
242.455	485.408
287.397	420.004
489.87	64.362
211.359	244.685
489.875	444.131
21.5882	331.435
385.369	378.863
279.953	456.903
108.04	422.443
385.239	132.322
159.619	212.82
266.876	204.733
178.09	318.951
194.572	17.4704
286.989	181.261
447.721	490.882
46.358	277.834
324.597	62.8496
240.934	201.96
280.094	348.309
177.18	373.016
218.872	489.725
166.777	483.416
251.405	288.587
35.3941	209.122
101.083	343.541
229.165	305.011
344.181	222.086
351.231	497.177
491.291	168.371
492.175	407.84
410.506	262.886
140.527	124.331
486.465	475.123
35.768	9.13162
290.435	220.192
496.802	264.745
24.5317	409.931
95.4939	380.968
189.039	435.135
137.77	18.841
289.718	279.913
305.997	231.257
391.107	391.128
307.261	411.536
86.0365	416.653
204.471	18.8892
381.967	228.755
119.917	57.3502
461.716	377.732
208.76	149.721
475.815	276.541
495.082	385.222
81.212	313.068
60.7275	477.343
327.358	211.154
78.683	311.225
39.7387	281.238
19.6526	380.106
281.182	135.393
111.152	149.45
430.399	180.299
408.415	204.94
323.043	385.567
69.6985	119.085
379.372	376.708
74.1993	298.071
274.189	202.15
105.25	9.32554
232.314	291.456
378.413	326.396
126.206	479.213
181.576	449.674
386.318	186.685
349.812	311.908
11.1301	374.875
291.317	147.033
260.364	491.567
323.347	346.081
485.674	199.512
54.1171	4.39809
495.391	488.554
104.469	141.517
98.0599	2.37596
460.802	207.702
113.894	383.934
225.279	287.95
138.067	423.854
116.232	309.164
17.7198	68.4145
322.715	436.47
128.989	483.569
42.4471	491.832
375.803	53.461
330.857	122.801
50.482	184.426
101.03	202.671
258.674	117.356
305.421	350.348
150.81	400.734
3.0539	301.145
484.486	108.574
307.804	280.101
423.964	424.819
497.856	431.22
494.039	101.552
116.554	166.07
126.945	390.243
253.462	315.532
305.868	99.299
459.86	319.047
305.488	316.925
90.8506	196.138
15.0947	339.04
491.448	90.2981
178.943	303.942
396.135	410.12
282.795	127.744
436.228	101.609
23.0251	272.713
207.726	469.053
426.951	1.98938
266.961	214.173
321.867	446.434
97.7002	219.999
218.716	282.984
488.978	181.018
479.894	10.2219
386.451	132.148
144.422	123.863
71.8559	190.049
121.255	192.287
382.767	165.649
162.454	24.7235
159.117	15.2966
126.9	214.562
275.346	442.154
331.144	481.402
495.192	107.718
86.1849	340.832
277.618	459.461
465.978	116.951
304.709	393.33
56.2261	289.335
370.989	96.3809
127.76	296.402
255.456	322.434
343.226	485.203
170.767	291.279
148.238	183.101
38.1357	7.18417
378.465	96.7628
313.686	418.426
414.439	483.87
206.739	9.14982
328.231	213.576
70.9511	375.663
485.69	304.738
17.3333	104.241
80.6856	193.632
241.14	497.949
491.31	280.106
85.013	110.832
441.082	286.784
290.845	196.981
384.029	113.64
129.309	380.527
91.9931	64.1653
285.853	324.29
499.125	216.476
123.513	119.785
324.705	198.372
324.093	474.311
306.121	55.9111
477.141	466.229
17.6372	264.288
99.5091	319.35
409.527	262.16
26.0549	11.5098
64.2149	87.4039
436.837	403.07
398.922	167.542
22.7186	294.617
393.773	115.889
264.269	415.353
156.964	294.318
435.634	0.132342
388.527	415.093
145.644	293.155
316.168	260.955
389.007	77.0933
319.886	355.463
496.374	216.176
146.481	304.071
331.883	421.878
297.525	316.271
349.152	83.6241
120.784	5.83697
103.527	163.637
195.093	422.22
388.394	237.268
404.587	37.9712
21.3204	416.737
470.793	385.518
192.85	421.307
485.704	160.078
493.488	337.936
179.072	488.232
456.363	402.682
363.547	186.754
173.596	317.828
278.741	244.232
345.007	0.832701
57.2377	389.852
123.187	24.3591
88.6653	88.199
478.567	465.339
410.507	77.6143
366.619	315.42
351.225	384.705
333.879	492.698
278.861	302.422
97.9445	6.47636
460.727	97.2398
99.3027	353.931
249.057	224.667
278.144	443.482
222.538	338.206
29.2866	410.41
229.585	320.311
107.068	487.754
90.5283	17.5963
275.878	240.757
100.562	100.176
467.042	194.364
251.173	76.9429
392.716	86.9752
247.65	301.602
77.5418	153.213
400.878	302.9
146.727	477.59
312.87	269.103
387.513	476.628
396.85	433.928
415.556	15.1207
226.243	386.672
110.555	388.863
206.799	210.143
418.485	218.002
366.712	416.969
9.83286	282.416
307.913	313.44
470.985	5.67982
430.302	11.6535
379.601	333.911
134.739	190.639
164.495	104.363
170.555	19.5635
109.045	312.525
96.9132	171.137
286.864	464.13
419.084	377.987
373.433	475.549
97.354	337.569
204.091	288.92
119.345	184.855
106.17	321.85
164.449	85.3365
80.652	216.99
205.027	466.229
380.578	243.506
489.794	40.8194
305.456	342.258
61.8582	76.3988
213.708	372.683
27.7842	408.507
7.74832	107.092
485.38	439.287
382.82	198.608
223.671	253.914
46.9887	201.769
137.258	90.6712
442.383	317.179
0.49025	113.637
278.911	357.534
253.753	14.4075
200.248	261.013
85.2119	419.101
143.386	78.7856
93.3799	439.936
426.69	298.671
322.062	342.611
385.684	396.356
290.626	210.356
481.253	65.6349
169.46	15.7443
418.723	62.7035
68.6852	83.3034
255.139	490.479
386.307	159.446
268.132	478.139
361.315	208.872
417.696	250.767
450.11	476.86
172.575	6.242
88.0639	56.5212
386.533	84.4599
491.444	174.271
314.821	332.221
109.763	120.823
182.747	492.81
334.403	13.6413
252.004	21.0197
437.257	408.869
481.63	472.151
302.837	109.427
408.401	301.579
122.573	204.527
372.904	90.7591
84.9353	227.506
484.888	11.5559
89.3211	63.709
193.413	369.954
194.172	494.553
328.545	492.253
451.605	211.627
312.706	286.616
220.485	95.6893
360.782	496.838
493.629	298.659
201.737	130.933
313.583	262.148
305.816	440.112
309.622	293.065
276.886	254.404
288.65	365.47
18.8452	368.513
314.382	211.21
499.5	179.826
399.025	43.7163
425.921	307.875
428.816	79.1128
464.276	202.242
305.753	267.409
287.148	187.435
403.984	395.865
211.216	318.148
498.279	235.298
219.507	462.268
155.857	485.84
492.448	229.062
478.54	337.825
94.1171	409.637
373.024	492.738
80.7572	101.783
267.695	210.057
311.871	154.629
233.601	303.089
24.9149	201.309
345.103	180.667
60.2901	398.756
397.546	122.471
167.591	386.481
423.672	108.791
11.1506	403.272
206.517	220.149
112.856	476.916
413.348	244.795
320.495	335.268
31.4441	279.642
318.155	435.027
54.7324	385.284
478.865	113.51
86.4252	62.9962
124.761	152.495
473.664	404.862
412.944	23.9289
87.4507	184.697
202.158	318.137
139.385	303.337
233.417	100.748
291.736	341.603
361.936	189.215
288.464	131.805
412.236	259.364
408.306	350.764
201.708	304.139
233.607	296.595
286.537	64.0958
475.126	5.80778
187.864	428.785
390.353	239.217
56.3089	276.949
483.173	66.9095
452.234	486.191
106.627	383.238
110.048	339.397
222.232	21.5371
91.7011	231.531
343.603	83.8472
481.938	12.2654
372.645	80.7624
86.1213	317.016
209.339	379.376
22.9492	445.311
86.5019	61.0693
433.328	404.498
21.878	96.6026
391.493	291.976
344.973	17.2381
75.3477	164.777
334.571	383.344
94.1505	415.493
404.675	319.22
198.285	392.139
251.168	381.754
177.876	369.296
485.172	421.646
477.225	247.016
321.391	472.921
120.152	207.406
379.212	161.747
399.404	31.0705
157.526	186.806
44.042	393.392
92.605	165.981
186.831	485.876
171.109	122.066
215.299	210.837
261.09	399.097
390.901	397.44
29.9337	292.242
154.485	115.912
13.186	360.268
289.549	315.065
317.288	388.457
485.314	396.174
8.56526	385.186
14.2302	210.718
224.469	34.175
107.806	105.208
177.039	333.222
470.951	2.04274
403.938	360.762
79.2604	339.233
417.368	356.691
480.172	59.6498
482.621	227.213
79.5329	129.622
22.465	255.531
171.664	10.1959
348.812	284.936
198.977	306.072
188.753	106.087
27.6215	324.838
252.897	7.95343
482.454	29.0744
241.675	485.284
489.831	3.99873
141.382	387.303
35.9512	306.785
352.962	290.99
113.729	396.287
416.146	391.333
471.033	415.629
318.12	323.794
182.186	19.096
347.048	407.824
16.8678	430.575
203.166	110.176
37.7664	119.958
131.86	111.382
99.2877	340.598
409.059	322.466
184.332	49.9022
145.898	19.3267
49.6501	487.727
417.062	163.197
36.571	90.4466
318.067	348.676
178.906	24.4421
82.8411	115.694
416.39	56.6125
491.79	163.899
263.486	0.515248
115.268	387.252
462.236	84.8044
216.48	353.126
19.7957	19.3087
328.553	99.6928
223.049	12.5104
61.1761	103.953
193.343	163.887
155.063	417.747
297.388	370.954
373.16	182.837
483.116	150.418
418.418	112.013
33.0456	314.269
219.617	359.094
278.275	440.37
344.482	7.63592
294.503	189.348
264.216	394.713
114.258	329.061
474.468	13.4366
217.022	155.355
82.3035	286.889
448.289	214.431
493.269	85.1532
301.958	195.419
91.0228	67.7965
277.549	364.826
8.90097	269.154
411.483	459.965
118.95	299.421
16.5575	224.587
389.742	195.676
376.872	290.834
469.737	17.0547
13.2344	251.684
178.217	196.661
370.961	318.744
336.481	179.662
177.595	428.093
380.566	322.982
163.746	418.776
307.524	182.292
187.836	193.926
84.1225	279.938
215.847	479.106
88.0188	481.398
342.448	424.961
78.1073	408.64
2.8737	383.901
481.644	179.638
316.384	414.95
180.463	200.914
103.947	394.139
366.154	208.676
324.629	187.671
354.464	8.24217
404.914	433.762
23.5005	216.923
170.904	393.583
316.232	213.876
64.159	199.951
248.129	311.525
321.318	150.823
311.286	447.331
297.164	112.054
81.0879	251.431
195.648	261.164
236.107	385.03
408.799	86.9357
74.1146	480.087
278.929	387.351
212.506	418.921
280.831	98.8478
420.305	389.31
206.934	241.739
304.07	378.983
119.813	310.009
28.4789	422.524
75.9604	259.926
294.574	262.115
388.831	445.367
206.483	239.418
322.521	336.849
307.938	407.895
228.368	316.589
422.865	128.562
21.5458	287.811
342.055	288.231
82.3943	359.911
340.227	395.682
95.3719	268.238
74.2604	393.81
473.819	119.58
16.336	28.6911
156.708	407.445
18.6952	23.0196
113.268	462.238
205.39	348.558
310.02	14.8321
105.309	463.201
115.23	274.559
34.2341	301.543
18.3649	289.009
158.676	100.502
172.449	480.32
81.7613	201.671
495.544	443.012
444.112	423.538
75.1045	382.181
168.13	301.673
335.377	221.131
137.771	278.584
285.524	223.477
214.899	366.714
397.854	130.815
282.606	256.115
375.204	358.479
286.312	59.4803
121.837	385.739
136.063	297.189
198.526	139.525
404.198	223.694
207.219	230.066
405.767	477.117
117.36	206.816
85.5241	395.193
403.978	466.414
357.166	423.79
384.934	109.207
254.455	117.165
176.344	186.719
84.354	383.836
193.667	228.677
363.49	483.532
384.669	185.786
46.0244	21.6781
498.841	59.9437
76.3025	394.517
177.034	70.4518
392.726	32.937
361.953	497.044
203.763	114.668
52.1972	99.8119
335.342	7.51709
318.881	28.9688
83.3919	64.2568
113.805	262.95
475.874	283.404
10.5545	136.607
169.221	388.211
6.9975	25.1145
188.336	223.252
94.6476	19.9392
143.801	219.931
13.944	11.5347
152.02	279.379
117.26	451.76
361.094	187.096
109.288	493.267
202.075	51.8559
77.4249	213.776
191.055	105.506
133.077	96.037
140.955	307.415
157.124	483.515
75.7597	134.391
158.35	191.654
35.2268	292.729
332.085	400.732
499.503	428.258
202.846	231.615
321.122	67.3306
180.556	450.733
281.08	211.363
329.511	319.149
185.241	231.958
106.103	217.395
62.8307	203.384
143.777	495.607
157.264	5.4699
107.494	227.903
85.6907	165.978
81.5392	443.585
382.681	433.485
232.026	391.098
17.9569	405.833
483.07	206.475
398.343	485.86
15.0731	251.615
222.056	282.078
381.901	464.502
393.128	284.876
63.4073	80.8608
285.14	427.863
236.652	305.513
158.058	124.873
343.359	23.0928
480.046	96.7049
175.332	255.817
90.3645	378.063
69.5424	397.056
223.607	23.9906
324.058	202.411
237.347	485.473
400.98	363.084
450.965	320.231
469.7	212.266
324.718	67.4034
317.935	40.7408
88.4409	305.33
220.596	465.957
142.154	317.343
19.5785	58.5887
216.723	192.325
323.648	487.624
230.967	421.91
156.18	289.484
205.902	162.056
323.296	150.391
117.104	91.4846
431.387	21.5945
63.5791	278.302
382.116	440.927
317.014	495.107
22.156	244.556
167.18	206.275
490.578	470.764
196.112	124.875
282.578	267.296
343.866	312.982
264.046	202.44
232.283	3.14375
315.04	414.962
391.483	249.153
289.407	238.934
208.577	57.6183
132.011	191.92
345.384	480.508
3.67391	108.187
208.005	4.97171
486.037	418.111
489.225	259.168
390.494	174.694
85.5039	400.298
381.925	263.877
437.497	86.9945
427.105	209.287
213.595	18.9575
78.301	434.267
294.337	351.433
321.184	450.458
176.215	464.524
16.8721	381.25
190.872	170.116
178.278	370.923
496.117	456.935
163.564	308.819
288.409	97.3832
312.487	475.833
128.887	192.276
217.868	123.014
295.775	107.381
347.04	287.012
211.798	225.476
376.362	320.564
261.146	16.8116
287.653	408.647
283.602	175.442
433.557	86.6302
349.854	477.209
417.223	103.638
282.489	211.184
177.02	125.446
200.074	324.05
77.8517	232.473
2.09632	399.027
190.919	191.157
313.345	404.846
162.889	79.4234
472.356	119.544
225.41	293.791
177.888	288.192
331.736	422.104
339.792	284.184
83.3969	239.309
16.5399	330.553
78.9763	419.038
402.241	466.411
384.569	276.577
176.628	265.181
54.9899	115.166
270.253	383.108
420.183	104.269
386.023	54.1085
111.422	188.659
244.599	107.159
33.7652	489.561
275.673	137.858
104.5	142.016
280.039	282.84
383.063	117.741
427.933	118.94
422.759	315.693
95.9633	328.955
89.4598	447.438
309.546	386.731
487.31	393.651
411.842	341.41
416.106	281.238
97.3117	143.953
388.416	446.861
452.316	185.515
113.144	196.566
312.625	158.245
350.017	109.525
270.553	104.675
129.569	392.361
427.006	176.843
221.847	132.08
107.116	254.026
159.449	89.7835
246.075	210.05
13.9906	254.249
98.3264	243.764
111.176	428.894
59.1896	82.0056
309.998	107.3
204.666	84.6865
273.137	213.096
68.775	476.48
176.102	116.137
231.523	98.1226
206.534	370.6
183.64	487.349
454.382	110.135
98.8433	28.7333
179.93	427.136
90.8201	124.778
33.7298	120.062
178.251	252.087
378.943	279.111
323.468	78.2853
499.124	273.668
400.768	400.806
212.821	177.046
324.295	261.695
363.042	93.3103
214.003	316.68
266.07	8.37727
157.298	92.3989
467.444	183.417
18.0698	194.019
0.301866	399.888
324.977	55.8007
411.25	497.085
103.083	166.954
228.876	223.841
94.6076	175.947
113.252	219.953
210.748	337.27
341.561	3.06152
198.764	400.442
241.243	290.774
116.159	343.096
12.6683	393.004
405.948	7.43633
317.746	41.9303
469.767	316.374
319.951	211.141
71.722	90.0489
384.45	243.432
190.415	223.665
300.69	213.407
430.867	280.612
103.485	73.6241
46.2	482.165
355.787	491.358
413.598	390.645
407.647	384.677
337.089	19.0171
87.9416	464.18
299.809	314.879
179.826	492.476
118.7	257.779
116.197	374.203
124.488	359.488
405.188	329.245
211.22	3.80802
269.644	495.292
387.474	317.271
214.536	393.268
202.513	497.721
379.009	418.16
487.447	11.9606
113.814	189.785
380.363	233.157
323.759	452.127
417.167	303.902
375.965	318.758
81.5388	221.943
328.104	416.531
277.613	92.9176
195.971	366.42
264.594	410.124
497.932	22.0096
477.952	307.346
496.945	359.184
467.655	324.355
16.0644	109.731
299.817	413.406
229.075	276.912
446.937	421.105
450.837	87.0002
255.533	306.808
205.355	240.875
214.485	449.461
200.043	177.163
167.31	123.232
95.5276	239.274
293.338	137.722
47.3445	117.019
358.892	383.711
471.722	195.618
4.25567	34.7313
50.144	407.202
277.092	186.954
483.17	385.767
70.5865	80.4358
306.891	155.856
209.782	223.662
140.884	311.698
487.91	437.947
409.545	114.962
299.442	169.876
137.766	375.19
117.865	365.409
489.901	272.253
189.592	298.831
327.88	201.225
319.022	114.798
311.219	226.272
181.591	273.051
371.876	305.643
306.707	193.745
269.766	96.0345
484.982	364.394
176.487	248.84
287.42	81.6963
336.465	117.035
20.6172	13.1144
421.306	338.181
47.2234	213.673
287.191	88.1861
88.2363	4.05868
196.939	373.403
424.799	61.7333
330.564	223.971
314.712	220.495
281.012	413.104
190.432	278.074
431.187	416.166
177.993	425.142
248.112	78.0533
232.446	85.7633
299.99	95.3631
250.317	487.215
46.1315	309.851
359.558	188.278
380.466	253.505
403.159	255.119
252.776	318.8
12.3727	405.9
173.879	213.699
439.649	5.24651
77.6496	293.76
490.332	436.881
134.293	419.659
194.255	262.001
312.993	253.722
220.361	13.4738
403.768	162.855
480.951	327.839
279.414	200.672
185.577	483.732
6.96985	295.443
194.753	27.0201
149.573	81.6649
78.1322	206.879
285.117	328.632
436.034	212.908
217.222	347.05
15.8003	363.159
420.322	49.7646
413.766	454.373
338.087	495.685
141.265	88.922
178.167	106.706
430.611	6.22742
332.565	293.605
490.362	308.033
279.303	421.71
136.98	87.2645
430.113	15.87
393.191	328.674
206.932	227.516
80.6565	417.173
396.435	371.297
403.09	117.007
24.0498	491.929
385.648	21.7038
93.4926	449.651
170.924	382.054
315.091	432.427
41.0644	124.763
218.78	122.001
246.755	314.951
71.5867	197.543
188.374	448.732
442.624	17.3667
106.242	212.645
35.5172	408.118
482.837	465.47
79.8488	493.937
324.449	322.075
442.14	302.277
40.1598	318.922
449.227	223.995
402.103	422.943
33.8327	276.108
375.475	193.427
494.997	411.497
419.784	166.879
405.422	493.183
199.026	300.13
180.955	353.938
114.409	52.598
360.614	395.613
310.925	428.954
275.654	104.956
319.948	176.942
444.07	177.45
223.344	122.632
27.6217	85.5186
218.533	150.894
197.866	460.878
92.3949	28.943
62.5332	3.40246
104.399	319.813
34.2111	320.66
205.031	253.594
411.612	134.989
3.03498	402.842
203.297	163.163
298.709	153.831
356.684	101.299
423.338	486.124
105.766	374.364
18.3065	192.382
283.953	322.491
320.777	181.288
303.78	377.715
287.997	222.529
103.255	19.0478
449.346	289.613
110.568	196.193
443.127	75.7276
3.46418	44.6999
432.565	190.061
146.596	80.3214
204.071	182.51
245.124	24.0879
220.749	211.758
344.219	106.396
257.409	190.526
229.196	198.714
254.279	305.717
69.4524	24.347
321.618	426.438
116.821	419.514
406.933	449.823
477.414	151.557
370.052	90.3939
483.962	229.566
411.926	325.771
237.519	114.013
203.039	235.3
186.859	485.508
372.044	315.994
418.128	248.308
394.996	10.2892
201.788	241.775
92.6231	433.322
78.043	486.369
382.548	339.273
184.722	230.132
118.302	290.03
271.414	190.602
95.1679	304.255
237.113	279.579
291.99	39.8233
101.959	51.6908
172.512	318.641
222.727	175.673
478.48	463.214
237.103	282.578
273.998	197.477
417.152	151.459
189.953	106.396
278.943	386.009
224.628	357.44
485.033	248.094
73.599	408.966
430.567	286.541
437.181	185.895
401.37	29.5309
197.46	385.924
79.8662	226.974
207.736	15.8155
110.647	367.623
374.882	78.8137
494.393	465.667
95.0325	264.834
60.1731	308.648
33.8965	222.485
288.117	263.143
270.094	416.298
404.644	445.593
218.632	321.294
178.624	471.054
76.2464	198.608
218.842	256.408
246.436	410.417
416.782	196.729
452.73	109.551
187.567	125.799
14.2556	228.916
117.26	344.574
168.712	316.246
3.35299	250.149
130.031	391.902
385.275	156.856
91.2344	378.689
158.113	99.3055
376.409	224.52
250.815	76.5353
69.6529	376.859
242.468	279.103
11.3117	453.533
103.511	478.906
177.13	297.879
220.982	483.278
219.112	177.251
324.733	266.128
15.3716	257.354
261.895	294.153
79.9552	389.656
400.563	122.374
128.719	420.832
265.977	94.3508
217.45	422.543
93.59	25.4648
399.597	192.153
406.492	176.361
233.902	102.616
463.493	79.9462
176.158	264.638
172.079	388.952
118.44	496.605
443.37	102.997
20.5282	137.333
165.331	11.3658
375.053	336.334
225.951	101.736
446.735	211.366
138.932	476.02
78.4826	496.751
346.573	75.6663
205.951	59.5355
490.745	376.095
67.2155	420.134
287.115	300.074
389.562	438.446
402.21	214.471
382.903	69.6199
470.034	194.495
258.58	198.822
188.227	275.328
53.5144	404.37
217.161	178.156
1.95435	133.724
484.532	182.558
378.134	125.162
300.851	167.736
116.411	160.993
164.428	187.414
204.874	111.739
495.652	225.847
6.87028	368.933
283.996	315.944
462.459	218.925
350.84	124.67
135.339	278.816
112.676	416.518
402.218	199.529
398.897	163.106
152.578	100.765
346.734	484.219
408.936	434.416
364.486	105.7
268.402	101.214
420.347	436.027
169.949	89.0084
497.036	294.816
375.463	226.918
89.4924	390.181
425.084	296.043
227.544	12.0117
123.348	221.466
380.913	49.5844
491.31	417.935
355.97	285.269
457.621	393.569
319.118	67.9059
210.783	176.196
491.71	40.2467
321.628	497.664
189.94	388.501
176.211	289.585
220.124	494.447
488.127	40.8741
441.348	285.685
232.586	494.56
123.671	173.133
165.037	301.034
106.265	460.319
78.9727	115.097
415.039	165.558
105.026	495.463
132.815	420.886
400.494	269.497
404.641	24.0956
287.859	328.704
137.563	302.879
146.998	88.1413
480.326	399.846
415.539	250.414
42.0276	120.848
39.156	220.147
475.181	280.446
99.3049	417.713
267.34	291.181
478.622	327.693
36.5096	223.105
423.76	225.48
152.211	393.319
257.872	393.898
475.822	91.5786
181.736	422.911
24.7869	104.504
409.255	465.63
78.6	376.784
489.916	237.025
142.64	419.763
320.164	217.059
188.885	150.438
244.519	192.625
145.558	390.357
13.2816	122.831
294.593	204.26
202.51	166.083
487.728	466.633
46.419	116.996
56.1251	487.487
288.289	271.255
213.664	334.831
495.396	117.716
363.825	11.7584
278.109	334.837
117.286	262.439
491.388	496.584
129.906	407.481
183.336	170.943
385.231	39.3346
200.296	390.857
91.906	140.148
426.162	221.334
297.812	430.121
179.384	59.1242
153.832	398.261
415.932	191.739
186.119	94.1919
92.7855	160.362
119.093	462.187
109.345	108.95
276.442	283.137
120.732	199.675
343.895	375.58
482.432	14.5929
335.862	323.505
149.074	180.01
16.837	114.116
66.3249	324.341
478.928	96.2476
47.6417	280.326
201.292	387.271
390.811	130.332
393.117	5.10187
183.467	18.873
124.274	26.8959
0.707603	48.9388
75.7086	25.9106
169.22	290.209
288.254	36.8285
5.28209	461.511
320.775	221.099
94.2443	65.7478
282.264	37.4481
339.682	0.373109
92.764	372.173
36.4183	493.631
295.767	199.539
215.138	198.466
273.375	195.783
489.896	126.068
201	266.392
302.097	324.126
200.779	211.44
78.0906	339.869
217.279	149.185
223.467	96.1782
333.447	117.512
170.447	179.817
428.932	10.3264
490.065	117.803
82.7852	410.046
488.559	155.844
281.851	152.09
408.369	268.466
479.322	37.6261
470.867	209.936
203.404	255.726
408.983	389.998
328.144	403.7
466.918	382.495
96.6324	98.2985
266.378	5.24302
115.652	313.34
22.5618	355.792
109.381	71.4351
98.3752	132.752
460.481	387.843
6.58514	329.602
486.93	282.491
482.101	498.804
298.124	238.725
467.31	204.275
57.3293	297.985
26.384	485.017
325.935	4.12347
393.761	458.251
189.298	321.905
350.044	9.10986
417.752	168.171
202.263	422.032
282.737	258.302
419.504	19.722
354.692	109.774
184.319	90.0366
51.9689	82.1558
273.387	116.82
225.316	294.055
318.066	343.88
241.203	487.355
467.221	384.162
96.6551	240.818
476.49	242.438
418.54	388.681
98.843	130.369
487.367	306.6
335.698	383.657
436.72	497.516
275.866	398.618
14.3928	444.723
154.142	77.653
134.591	382.35
313.418	137.367
381.891	109.486
208.462	237.397
284.888	473.933
479.649	264.13
105.079	97.6108
111.676	52.1637
343.227	485.05
111.683	157.95
93.3214	211.706
83.7	450.117
364.71	115.278
152.034	210.686
268.425	396.836
406.414	390.978
327.133	13.2843
285.909	263.725
455.108	383.845
383.545	92.6849
302.466	8.27871
23.7447	489.209
107.453	37.5362
316.216	433.866
257.807	480.877
103.751	136.181
421.147	27.0194
111.694	319.089
291.457	291.154
117.919	136.571
108.906	144.203
492.044	114.921
160.504	89.4481
465.203	116.243
236.25	375.565
481.071	403.465
61.6917	85.8638
458.367	224.611
152.332	276.579
62.6379	376.442
93.0605	487.351
296.763	462.715
285.396	182.355
496.943	342.097
306.249	328.613
162.435	416.227
209.322	8.66739
32.1869	311.931
454.816	211.972
481.462	448.166
211.722	464.346
322.533	252.677
271.187	423.744
263.715	203.271
470.456	106.754
418.652	325.932
9.13894	202.111
363.401	216.698
255.438	6.39228
157.157	103.987
414.129	403.631
186.466	216.856
314.83	206.72
311.323	442.821
316.006	330.732
420.72	60.0832
334.498	403.96
20.1588	218.949
221.276	123.219
324.59	375.688
140.28	100.183
46.7572	180.981
155.158	212.478
119.477	10.7596
304.248	350.463
127.486	389.032
84.4929	134.271
116.695	35.3192
189.004	91.5271
483.796	208.782
12.2379	184.434
184.758	407.691
104.619	21.102
159.704	321.144
103.172	90.0312
146.006	423.688
188.156	170.14
110.14	390.432
95.5855	477.276
357.562	5.12037
106.334	485.044
58.8026	493.278
318.779	234.476
61.2811	85.0739
123.493	98.5683
171.547	9.55644
300.44	223.724
14.861	266.093
345.678	103.256
79.1625	243.201
193.709	216.329
11.5627	469.293
193.085	241.489
397.082	23.1181
25.7973	475.034
240.2	420.006
472.919	208.594
479.798	67.5257
494.98	419.408
380.687	433.495
331.775	411.85
288.224	357.764
17.019	31.6569
482.507	59.1814
149.59	83.5178
34.5491	207.985
90.2078	200.009
277.709	214.375
327.754	409.451
434.978	84.9695
290.527	91.4074
219.177	222.864
29.8051	378.011
367.373	124.313
64.897	207.682
367.361	403.024
396.422	258.432
303.705	260.709
368.585	401.499
146.467	407.699
335.017	91.2181
303.412	419.972
413.22	157.434
369.449	324.914
431.638	288.256
281.985	243.349
202.028	332.905
289.156	451.857
496.971	188.591
142.56	414.995
358.042	304.497
257.037	479.574
403.152	120.637
348.51	394.556
109.534	40.4868
414.512	393.193
91.0697	125.323
175.095	297.025
25.8431	301.509
286.572	296.796
245.837	377.653
76.7133	366.53
278.548	287.995
293.802	9.12025
132.159	311.361
122.532	497.742
462.486	114.601
302.699	9.0942
99.276	234.799
231.997	179.423
389.663	270.1
499.063	83.4517
388.218	477.965
487.665	235.064
82.8038	438.688
108.26	112.741
336.178	221.723
347.913	77.4204
201.783	468.918
269.466	492.24
257.336	416.058
119.258	234.495
275.198	275.277
395.514	350.194
461.132	397.329
221.041	441.91
452.43	88.3243
407.021	83.3534
310.082	365.457
383.318	380.467
145.395	94.2726
315.278	24.7751
57.6559	423.069
44.3112	396.65
260.464	191.599
10.5342	75.3691
177.345	390.036
25.1149	221.341
224.754	329.717
48.6667	118.4
293.805	162.94
113.408	261.417
115.386	75.6166
490.496	219.34
162.77	376.266
94.4211	46.8701
119.889	283.599
295.541	156.299
129.305	378.688
363.428	495.72
459.305	412.743
368.775	83.0242
124.026	265.868
477.236	425.073
397.63	75.0897
492.065	341.677
219.176	276.442
391.616	304.935
331.783	203.776
483.564	435.442
286.508	341.492
76.4869	366.331
431.47	102.99
261	75.0876
76.1166	334.806
409.785	195.24
331.954	309.803
181.792	259.123
93.5827	452.997
59.0692	291.47
393.902	278.036
244.451	19.5121
495.444	370.64
84.7369	447.535
417.712	457.395
290.512	7.99324
410.299	458.542
178.474	368.109
412.84	315.244
372.385	415.044
9.86879	146.584
63.6769	119.659
362.363	96.3114
448.427	413.531
212.522	479.747
311.958	77.6
213.344	81.2761
423.516	316.373
175.318	478.431
195.338	276.535
305.264	406.906
394.661	432.304
213.111	241.921
76.3663	487.442
7.86516	478.584
90.937	147.479
101.055	348.934
82.9449	211.226
292.207	413.802
452.134	8.89522
118.507	356.589
219.435	234.174
481.997	398.309
355.576	199.145
248.831	397.289
381.254	410.529
63.6638	223.71
300.922	16.6899
471.245	84.656
401.681	29.949
146.613	119.064
4.33909	467.551
475.37	165.085
220.766	42.4203
269.492	101.519
323.396	308.158
459.555	402.482
432.61	286.882
266.472	0.421007
23.5969	306.401
317.787	435.726
471.647	86.8448
431.124	192.761
448.839	196.965
111.689	481.332
476.415	38.819
431.845	314.704
282.931	152.334
122.864	357.761
241.842	420.28
371.183	190.153
415.664	34.8613
293.365	298.369
285.559	483.911
434.737	421.161
178.668	28.519
210.156	349.642
399.091	408.696
212.843	256.329
67.5359	75.9735
211.638	203.923
462.491	119.473
371.286	7.57296
69.4859	79.2581
203.289	383.458
79.6802	131.322
464.823	286.726
83.746	417.809
368.816	304.535
480.989	183.745
355.11	76.6918
41.3994	275.311
144.645	319.586
391.432	144.619
35.1747	199.297
270.664	116.371
373.66	215.564
144.845	395.075
163.549	417.928
28.2909	304.183
83.9992	113.638
80.2695	35.4649
471.722	184.507
466.866	200.679
417.596	12.1186
266.521	376.717
323.381	97.2257
151.469	96.9066
304.48	114.544
342.437	202.861
107.923	159.797
215.577	185.868
214.644	113.649
494.332	182.185
469.401	313.49
81.6864	206.951
383.785	302.513
71.7223	107.525
205.063	433.297
453.885	499.974
119.492	140.124
416.962	182.597
284.315	146.56
207.014	86.8856
411.651	135.426
483.137	276.86
406.552	138.858
273.339	302.883
439.64	377.649
312.336	132.268
391.309	241.999
96.4196	464.263
16.1485	218.515
224.84	66.5526
15.8418	234.488
480.615	20.1051
237.74	213.747
388.216	364.78
288.869	431.265
240.589	212.66
113.878	377.307
107.972	377.424
381.19	403.438
60.4603	311.716
372.103	197.909
303.728	363.878
322.907	335.147
396.025	272.336
390.875	133.668
327.465	302.871
329.59	386.48
197.227	40.3814
55.7259	421.947
318.7	429.275
409.006	466.01
479.262	419.569
271.522	488.525
194.505	98.9493
449.088	4.77539
312.432	411.193
402.187	411.65
200.539	375.132
124.071	316.487
138.047	489.003
128.148	483.536
83.3618	218.896
86.0099	138.666
12.1808	98.5926
222.394	163.528
250.889	19.0462
38.5145	75.82
498.559	155.762
323.603	90.1399
12.1966	233.004
132.3	382.724
229.746	19.8672
319.918	110.882
424.951	363.211
415.202	441.055
189.645	242.248
210.34	339.021
124.048	372.483
42.3156	93.8078
185.92	460.698
93.1953	227.719
280.084	308.959
424.522	204.281
380.043	293.081
308.041	408.934
446.541	112.89
315.601	147.908
10.1196	217.224
284.266	263.139
219.552	417.427
485.364	374.361
73.0796	417.546
48.0252	424.759
109.775	343.269
285.73	227.201
408.885	46.4906
360.416	183.313
433.379	496.246
81.0483	426.734
78.6044	464.058
383.315	222.698
71.7705	98.22
345.138	21.9433
11.362	336.725
239.612	215.166
4.43064	186.526
151.393	21.0184
0.418618	289.504
310.052	435.425
213.308	158.265
284.795	379.01
121.255	300.188
0.542854	413.272
92.3819	19.6597
64.9844	221.291
69.4721	410.275
390.533	143.941
445.527	314.088
422.7	286.865
191.013	135.577
56.691	221.381
488.103	66.1897
459.51	196.772
305.751	334.751
331.83	80.2924
447.587	181.076
319.948	148.883
378.181	127.059
19.4753	13.1624
343.345	278.406
68.3796	13.2403
395.276	91.9547
463.378	92.7888
385.885	434.809
149.89	410.179
84.0662	440.245
98.8902	453.624
412.636	73.5339
22.2491	232.058
211.343	493.535
280.399	427.941
273.365	403.298
38.821	311.101
141.21	302.346
23.3202	482.51
231.1	480.163
272.979	394.534
344.529	77.1013
82.5773	136.581
390.148	391.724
465.952	379.275
176.106	464.447
483.146	154.256
385.299	90.3182
78.8617	185.015
195.877	418.808
96.1501	120.158
191.548	57.9811
170.043	14.8134
153.844	399.217
460.181	288.167
24.5394	38.248
286.92	156.021
93.3229	68.5302
177.51	52.7145
79.0998	107.117
97.7435	436.667
337.885	185.066
160.004	92.5873
26.2252	420.988
202.081	302.578
364.403	498.34
165.952	24.8961
270.053	292.918
196.947	35.229
152.789	421.376
447.807	183.368
458.027	480.528
205.936	213.539
116.747	495.35
344.527	4.64334
23.4952	400.977
122.945	51.4089
234.073	221.064
82.9518	187.895
482.749	298.997
272.318	101.544
419.176	385.519
453.976	492.484
104.808	243.662
214.316	318.89
289.683	10.1033
410.222	144.754
442.277	386.639
359.289	488.748
418.596	134.441
364.808	16.9173
390.982	177.281
104.214	488.075
180.488	318.926
386.824	419.226
17.6641	79.5253
415.68	463.581
19.8828	332.469
104.281	189.432
158.934	377.451
51.9999	423.175
297.619	112.968
361.513	491.128
206.987	365.98
222.619	163.978
215.318	442.016
198.556	1.69658
282.212	465.172
398.002	460.319
4.83915	331.771
42.3531	212.468
213.953	287.612
413.516	385.408
221.174	472.956
177.324	62.4813
417.5	61.3827
290.602	373.58
62.259	10.7691
412.98	390.697
239.042	478.715
393.738	459.206
460.078	388.511
217.914	409.362
447.568	209.096
72.0668	211.853
275.963	306.76
492.733	494.264
55.2521	320.25
149.981	399.723
3.8964	200.087
279.202	476.897
428.852	382.351
26.8451	384.456
305.831	105.527
449.182	400.816
486.594	3.09646
368.87	401.268
192.498	492.307
167.554	408.638
345.273	215.728
260.137	23.1992
96.9811	252.47
370.981	16.3923
82.8553	404.13
473.235	5.649
359.348	184.615
389.132	488.337
9.09464	408.429
229.389	318.886
76.4564	274.037
47.9208	483.881
424.891	415.129
12.3561	67.7239
9.27087	5.60272
308.041	282.733
111.858	294.153
292.098	340.795
308.92	154.362
22.9669	109.453
341.928	20.5485
172.963	223.657
114.91	206.373
272.96	398.116
116.954	347.471
329.267	485.654
499.389	448.164
47.2654	383.817
1.4965	419.489
335.295	311.611
163.34	78.7908
32.6568	403.348
211.664	216.879
323.48	392.375
137.219	391.783
26.307	23.8959
199.417	309.735
194.473	46.4865
11.1089	183.055
192.971	218.035
472.344	298.509
281.179	116.209
51.1498	497.074
443.667	11.0491
387.268	176.911
249.512	8.71763
324.41	245.945
398.108	3.47027
359.896	378.222
430.81	119.378
201.276	475.634
472.405	409.782
214.953	219.093
25.1061	480.055
114.293	153.506
123.818	356.068
329.154	220.686
411.56	311.02
355.926	192.106
412.344	380.978
403.839	127.664
101.493	48.7244
368.172	13.3056
304.723	372.141
409.5	196.665
124.659	289.727
319.02	338.168
129.151	101.1
194.947	295.397
88.401	299.88
431.149	119.351
471.424	396.705
276.06	403.808
436.148	489.088
406.222	387.091
15.1668	395.147
334.038	375.314
185.352	85.9572
440.082	0.401965
25.665	124.023
205.289	294.321
493.833	153.98
287.401	450.531
451.387	100.751
59.3553	318.439
102.442	466.611
316.299	1.45227
123.782	446.214
399.621	257.84
357.689	93.2858
185.561	498.82
297.638	245.645
396.557	379.489
363.029	14.2033
103.765	184.465
81.2917	8.33036
195.031	366.347
103.751	66.0402
216.07	401.506
199.034	401.978
497.199	476.222
289.5	183.634
205.703	480.918
106.918	337.669
153.098	98.0837
56.9458	398.896
298.532	244.713
341.038	81.0282
180.188	164.284
5.47333	410.437
485.009	431.943
153.366	177.177
287.809	463.058
300.002	398.628
499.758	448.535
249.933	85.5974
120.012	314.703
295.398	252.771
197.98	216.749
176.298	151.671
183.956	10.7231
286.729	269.65
157.673	495.673
310.719	261.779
106.18	378.557
473.309	86.2481
414.528	200.409
62.2898	409.963
202.814	56.5773
310.46	329.79
285.283	493.907
79.5208	97.1701
302.252	101.858
13.515	54.9587
35.3892	398.277
211.592	327.059
423.526	164.568
406.214	61.9298
34.5041	399.665
457.231	4.65241
315.62	407.459
98.9692	31.6465
422.52	159.353
9.95253	189.502
411.404	4.89085
304.38	33.6594
236.22	197.019
438.513	419.842
432.653	197.011
494.946	338.407
350.651	281.709
24.2611	358.334
473.264	2.82487
116.834	157.533
316.887	475.27
375.254	185.776
297.462	405.172
62.1998	176.999
167.027	409.609
106.672	224.45
200.829	293.289
279.93	111.827
404.485	260.24
373.419	213.991
375.54	36.8654
297.568	458.297
413.218	412.464
379.512	463.883
217.817	366.499
389.303	8.44366
221.736	410.761
217.707	86.1849
449.455	102.022
429.222	309.489
297.355	348.528
297.715	88.1311
240.223	307.784
274.103	383.343
475.057	31.7168
204.747	111.806
394.985	77.8966
304.025	375.404
20.5907	467.188
137.945	403.593
335.212	376.749
451.818	308.201
239.311	11.7536
81.7892	492.444
279.236	404.845
313.765	225.365
326.1	387.838
196.844	383.355
80.4863	369.511
200.694	362.289
324.888	139.074
5.91292	38.3745
122.635	63.2709
52.842	208.819
95.1453	221.078
299.668	152.501
377.19	319.056
278.052	359.374
17.7557	58.3435
20.2504	208.339
39.2962	4.11597
114.009	358.018
426.898	489.043
175.316	223.973
314.019	101.381
142.282	284.432
411.933	377.291
342.518	197.721
29.4319	193.554
369.509	187.841
46.7347	493.425
386.661	118.214
385.828	360.847
201.449	58.7144
65.015	21.4598
16.1778	88.3799
289.392	339.367
397.36	350.192
24.8783	106.923
177.334	468.723
122.64	403.552
378.394	312.866
177.414	91.6528
412.967	300.646
341.147	314.512
232.08	89.7449
7.68302	485.826
112.367	342.727
147.66	391.777
190.093	295.215
124.327	404.23
322	272.089
287.242	19.4066
42.0927	414.296
199.076	305.474
324.608	58.0064
394.004	391.954
88.5347	132.082
494.092	101.45
291.024	211.672
123.33	487.06
316.489	328.258
194.739	57.2945
8.91482	397.968
291.007	45.4488
304.825	324.318
379.155	22.0778
283.828	87.56
387.94	274.859
246.022	193.257
280.762	130.112
481.657	116.544
397.744	377.537
206.768	451.129
14.9108	125.478
62.6606	300.353
392.738	252.26
393.445	186.376
480.471	183.925
422.389	483.716
227.879	407.916
76.8061	341.41
494.874	75.4418
294.753	479.979
491.674	109.635
490.993	222.966
166.042	409.038
125.732	89.0905
104.462	443.701
278.109	477.537
464.552	4.16275
23.2599	42.9457
354.221	124.033
181.838	437.511
105.147	28.2106
65.8915	185.428
124.447	166.625
391.249	405.546
33.5851	298.3
147.387	411.677
286.753	496.896
70.0987	412.143
489.253	496.316
309.18	426.439
407.647	284.304
58.5674	24.9757
230.71	406.053
175.575	63.6235
125.644	182.934
77.4322	334.376
49.5591	399.516
318.402	124.121
397.486	433.418
152.148	90.2257
17.3593	151.492
298.709	275.711
405.5	416.733
123.513	81.7887
253.755	189.482
194.806	130.259
265.573	91.9158
88.7645	3.41522
496.516	235.549
384.324	356.523
253.141	301.246
174.439	410.308
196.368	258.956
328.003	284.456
499.684	28.5227
483.8	161.727
459.505	186.585
490.802	201.582
419.955	225.757
77.7295	442.817
381.144	379.154
178.958	124.365
265.416	96.569
191.232	210.13
384.235	318.618
317.613	262.581
174.501	411.905
221.108	285.814
19.0718	196.591
169.92	376.589
293.081	228.074
407.427	96.1209
204.118	30.4383
25.2512	284.631
475.473	290.525
192.134	301.675
89.7449	214.085
95.3162	455.369
495.497	429.865
399.834	239.093
62.7017	4.75984
384.683	355.177
380.598	142.888
456.396	220.967
189.536	310.762
110.819	82.5028
303.379	56.0626
385.357	266.814
97.3926	363.885
494.972	118.15
59.4478	76.1691
92.2286	273.901
334.236	175.068
80.2149	481.622
102.137	349.381
428.487	108.7
404.797	140.157
180.009	49.1666
489.032	176.709
184.264	195.178
412.418	295.568
37.4578	80.3708
497.277	169.514
281.873	51.7138
280.963	390.475
96.4783	19.9638
79.7295	94.3366
383.78	244.583
495.363	463.843
56.0654	300.583
154.431	389.727
396.02	138.435
180.072	271.039
244.901	14.8034
332.726	287.231
188.977	414.312
188.275	489.336
377.735	258.069
372.27	203.079
161.493	405.782
216.202	95.4343
435.489	288.762
190.015	40.0059
16.9046	234.007
80.5193	422.756
128.109	499.809
293.068	222.01
156.186	306.826
2.87228	342.01
194.876	135.341
90.6106	8.84948
217.638	275.808
140.916	401.533
405.722	471.048
287.113	400.534
270.537	423.884
65.7587	321.152
81.9699	265.483
42.9349	89.7834
462.868	93.9374
160.712	222.874
213.229	28.0155
199.367	279.449
69.8449	82.4436
23.6082	159.299
122.532	367.226
460.911	6.88555
192.65	65.4935
315.412	477.559
466.887	424.247
442.142	91.2602
186.421	421.74
38.9087	493.444
178.801	376.196
182.555	213.298
376.502	354.684
341.592	486.481
343.308	109.948
85.9964	294.426
338.046	220.016
358.72	320.349
433.911	409.752
185.476	393.489
251.301	315.24
378.981	251.963
204.054	23.5128
471.88	320.156
261.063	485.841
381.585	139.912
277.647	487.416
492.709	297.77
280.289	0.300683
297.927	167.855
41.357	3.45928
76.893	33.8832
291.061	418.062
265.362	108.291
359.458	409.714
15.6039	38.7558
76.1184	465.949
27.8371	309.62
117.194	164.762
135.556	409.953
126.202	311.184
455.854	5.95434
222.672	88.188
120.051	306.01
43.8588	284.297
307.113	368.672
422.848	138.556
475.776	431.757
362.129	206.507
114.948	111.976
83.125	416.185
198.455	228.232
305.039	250.542
432.617	402.173
320.9	75.2457
215.348	180.057
31.0477	486.664
9.19775	244.154
23.0829	137.38
409.315	133.535
283.478	495.321
420.379	348.027
206.124	32.8278
378.818	93.0267
181.632	427.147
78.3499	426.774
324.574	427.529
299.417	103.754
293.392	15.3731
45.8234	91.4496
353.927	284.807
344.37	482.421
276.335	210.779
119.355	375.665
67.8374	404.805
91.0054	316.48
122.726	315.272
51.3221	119.687
89.4847	105.925
396.09	298.571
27.0388	7.59145
206.826	407.16
481.271	435.308
150.352	85.8464
120.716	130.438
437.277	486.675
375.096	242.453
301.346	19.9943
102.355	7.55288
477.298	259.125
421.511	102.795
65.0983	112.914
111.616	153.103
9.75983	55.739
153.202	216.949
109.785	48.3852
64.2718	410.75
35.5515	401.131
17.1031	428.878
208.235	112.271
37.1999	499.84
188.963	24.9688
58.0777	496.33
466.211	17.6734
185.523	50.2915
56.7321	284.731
307.514	279.507
142.344	410.687
177.061	336.621
386.682	182.566
381.397	145.842
389.761	99.8009
126.176	0.418008
228.315	309.812
488.172	349.001
169.636	402.231
397.538	285.166
176.358	371.566
228.79	492.931
387.714	480.356
278.449	6.88698
214.399	208.134
83.1208	113.481
174.104	300.516
146.799	384.097
32.7715	87.0289
217.288	133.327
214.225	328.394
342.967	83.4758
211.938	445.928
397.194	371.553
260.702	387.999
250.541	376.051
406.827	308.507
5.923	155.772
470.799	120.374
305.49	296.271
414.139	266.493
403.988	167.717
369.977	203.873
108.018	231.222
122.368	332.026
283.818	30.5582
8.44785	298.541
121.796	345.011
336.651	395.027
21.4778	362.287
400.301	180.298
62.0256	482.794
78.368	396.865
123.373	362.309
110.703	103.803
317.742	432.555
476.375	291.14
225.851	222.128
160.335	121.646
212.133	418.217
492.414	338.132
47.4871	275.143
324.413	172.018
60.5111	14.0145
296.947	360.033
368.19	201.842
351.904	292.065
498.321	145.044
302.57	231.405
208.962	424.136
428.779	113.019
215.634	345.71
434.248	321.065
486.142	367.621
86.7475	84.0413
405.185	416.419
424.621	247.525
301.641	447.754
150.298	13.7807
340.134	83.5787
182.901	23.2249
186.9	51.94
295.692	210.47
28.7531	398.794
415.893	150.798
296.953	223.974
206.171	322.054
261.018	192.29
260.593	178.286
329.928	89.1992
29.1685	119.676
290.346	380.971
5.41801	476.204
411.171	172.647
484.984	91.3843
15.7061	368.507
347.714	284.932
342.089	392.712
91.235	107.765
258.623	115.049
135.382	383.841
68.4895	321.316
284.595	178.096
181.846	266.267
242.571	387.058
102.02	53.6728
90.8089	289.382
40.2932	275.879
465.634	177.061
76.8655	78.6318
448.416	84.803
483.852	495.343
441.766	402.375
483.438	101.737
424.407	478.12
7.23347	189.426
107.06	82.9523
333.563	308.375
348.871	99.5143
200.888	465.757
4.75478	286.01
202.454	498.089
74.4338	393.004
342.603	499.062
81.5936	27.7386
302.409	82.7375
185.782	90.3603
201.936	316.222
379.974	233.648
222.886	449.871
308.241	491.516
282.835	355.97
281.312	96.5958
116.733	3.43536
202.525	339.288
164.379	214.239
113.667	243.799
42.5999	284.208
451.852	298.725
234.225	297.322
108.143	110.301
210.21	302.994
11.4006	405.872
385.581	440.787
198.542	286.562
456.978	123.878
309.364	240.423
276.295	167.818
131.768	92.5234
81.968	410.272
312.803	428.064
193.483	82.869
401.99	336.667
346.766	98.5452
224.125	311.221
432.204	402.18
277.365	95.6563
415.983	107.249
372.906	490.34
46.6305	110.733
180.285	278.704
147.597	394.407
64.7565	212.292
14.8243	173.771
475.16	154.071
329.18	395.426
144.807	290.647
391.482	354.311
405.21	496.465
4.08324	399.274
29.6329	481.737
154.948	91.6207
0.509155	490.022
276.129	386.878
76.8108	319.07
496.993	414.847
421.448	244.575
302.659	336.138
424.905	194.776
75.2999	136.07
288.875	71.9133
236.165	402.304
409.594	70.5261
215.201	419.706
318.986	260.109
476.861	37.9005
420.582	396.155
337.547	406.089
301.362	223.575
191.738	275.263
124.404	137.608
340.979	419.446
317.039	241.314
117.26	386.129
278.859	98.1226
204.134	472.36
152.488	299.912
360.229	182.159
19.9285	39.7958
357.673	301.745
203.948	480.944
459.414	411.472
125.113	484.09
497.36	135.839
119.735	52.538
9.58359	320.994
115.632	61.0052
226.956	22.8475
377.502	281.247
294.426	60.1733
57.8875	307.531
113.565	210.925
135.826	309.086
209.783	96.7535
7.325	165.673
34.2249	388.188
245.291	184.395
241.211	8.03067
106.495	295.532
409.195	112.017
107.832	459.623
418.508	47.5086
406.753	146.905
283.619	280.439
384.864	392.545
273.398	407.136
179.057	285.014
101.649	332.303
231.747	403.94
235.26	491.951
474.558	178.699
413.4	327.465
107.535	66.4704
178.003	6.38328
318.62	344.162
12.512	251.208
205.789	194.915
197.806	186.027
321.652	353.016
246.874	321.842
369.363	381.909
287.423	256.88
223.066	242.37
366.303	313.76
33.7361	187.537
238.077	278.75
31.2931	306.173
491.516	138.059
152.147	1.33204
468.154	195.348
90.7286	398.008
219.275	304.183
282.289	394.598
112.662	20.3599
482.015	123.601
16.4604	382.49
433.972	203.045
0.400138	250.024
48.0806	75.9499
34.5191	214.081
218.105	279.781
392.715	20.833
303.835	9.91167
95.86	6.20996
23.8249	113.478
213.562	362.733
202.275	388.605
93.2303	403.701
400.135	267.715
489.735	153.579
124.578	388.444
401.983	451.636
81.0779	163.955
138.358	75.1823
140.221	417.831
18.1489	179.534
389.956	437.946
278.94	9.64217
198.936	498.982
101.615	448.794
450.714	122.039
76.0515	481.863
39.5791	81.4762
291.957	26.6344
376.491	245.677
83.4235	207.292
227.928	120.714
92.5669	411.92
119.811	267.691
14.4707	455.101
209.942	300.486
246.311	11.9059
104.5	364.805
232.868	384.405
400.239	224.831
181.109	159.265
389.25	433.994
61.4457	310.726
475.547	14.7337
220.671	101.629
443.618	118.576
407.742	317.663
3.14855	392.006
335.203	8.92927
103.914	263.405
409.901	124.901
203.334	442.2
89.6341	423.821
60.2371	319.264
149.397	4.18512
64.1728	198.454
227.553	402.655
163.962	276.921
307.588	264.95
384.471	418.351
324.023	354.281
282.665	13.6487
390.307	186.041
143.15	315.798
308.955	99.0771
8.25901	334.574
411.924	145.788
494.101	102.846
120.078	468.974
305.071	495.718
202.845	393.328
331.223	392.348
411.369	205.294
181.557	438.372
420.275	85.7979
445.292	202.704
46.6534	96.2377
82.562	277.63
486.837	172.875
41.1426	310.694
495.808	230.563
364.97	3.18669
65.4551	311.329
493.571	487.987
261.115	204.595
95.4583	324.551
329.647	116.054
213.454	368.106
39.5687	477.98
481.291	374.029
60.6164	275.491
262.003	307.715
189.323	422.26
218.945	15.4571
211.839	198.009
160.505	176.263
322.065	434.945
301.768	453.918
275.153	446.495
194.217	469.965
224.708	90.0297
315.642	482.173
330.111	109.282
226.199	377.401
422.047	380.03
437.56	399.099
334.818	224.122
4.31335	274.079
480.368	160.43
416.093	273.538
443.354	4.72786
184.319	42.1436
341.118	78.4453
478.882	29.5949
101.902	276.595
167.342	200.906
406.596	435.267
300.361	146.002
89.8997	386.768
278.984	123.129
418.021	51.6786
465.757	204.548
486.968	108.817
4.35301	83.2299
266.018	388.691
236.427	409.25
313.886	17.5212
40.4126	278.747
117.251	296.629
145.234	184.613
71.9639	379.476
419.288	273.932
78.8982	28.6533
186.681	480.047
56.6818	380.515
1.01511	2.0452
497.714	323.961
198.511	457.609
197.527	372.75
60.518	414.208
9.52805	55.0968
127.595	114.526
137.176	420.809
224.019	164.632
313.368	75.4144
216.114	338.387
201.819	64.0235
213.898	91.9622
413.143	255.143
426.568	214.296
313.078	404.343
100.617	217.742
258.858	301.639
188.382	217.199
390.355	216.761
467.616	486.51
386.781	3.53191
177.864	331.148
317.85	353.361
348.643	322.413
290.712	408.074
386.997	334.521
61.4403	195.677
261.166	106.381
305.126	78.5651
96.4604	280.947
204.925	264.972
96.656	43.1928
21.6942	333.559
403.005	112.223
92.8044	112.788
351.872	24.887
146.013	186.873
447.49	81.6149
294.737	119.512
401.044	229.023
83.4881	51.8344
157.721	87.5509
469.248	75.2678
128.382	217.19
137.025	300.398
213.243	342.926
369.906	418.098
239.129	391.176
201.084	431.433
307.979	196.473
125.435	91.5352
318.804	387.186
458.49	86.6043
310.965	194.242
93.0057	92.2522
417.678	92.915
163.046	299.663
20.1936	153.817
108.987	246.912
265.503	190.901
225.885	95.3671
120.418	97.2509
307.395	496.145
490.801	228.175
185.905	479.082
360.494	182.891
373.771	114.288
343.029	375.186
469.059	108.379
247.792	375.126
311.477	121.326
208.183	129.426
467.324	24.1856
310.694	383.842
377.328	462.736
14.9639	387.586
376.67	96.8991
95.6671	397.612
162.323	308.071
311.156	119.486
181.282	457.477
224.468	250.094
457.809	284.808
222.32	296.32
421.432	419.042
111.68	183.23
336.84	12.5176
399.208	471.679
31.4813	380.518
123.775	332.729
448.907	191.648
401.756	146.986
484.057	36.2409
286.842	399.861
446.74	419.359
332.001	385.675
191.256	7.98062
381.726	297.863
26.2339	205.345
300.863	378.545
323.493	307.844
311.315	61.1444
393.68	118.245
457.236	419.814
186.679	276.969
278.489	7.95699
482.4	197.494
380.082	478.776
371.983	402.116
109.861	486.161
389.85	408.643
135.879	492.928
144.89	275.164
492.063	95.083
437.603	485.335
341.631	422.157
407.954	295.445
387.077	104.861
112.536	498.575
208.666	221.784
187.456	249.842
459.577	21.1426
241.648	324.347
368.781	201.93
124.203	30.9778
276.106	493.414
497.935	241.09
69.4463	423.285
166.984	181.477
195.161	235.172
295.843	481.276
115.952	447.794
209.428	165.712
189.415	318.35
99.4189	481.519
297.901	454.159
12.8748	33.9129
320.074	117.188
54.2255	177.233
475.734	26.9872
180.859	99.8882
178.803	241.626
250.716	317.262
483.174	250.044
246.612	319.084
75.1399	50.3214
372.29	17.6321
402.023	228.89
399.71	16.6387
111.095	270.158
32.159	103.513
107.696	67.8942
352.274	412.197
161.692	10.1317
330.781	279.302
476.38	177.951
419.337	250.833
480.446	266.854
191.63	64.9187
444.936	403.417
317.59	427.547
409.653	12.2609
278.025	312.973
489.534	408.744
21.3237	0.869093
213.126	484.57
163.849	23.2242
289.833	182.624
192.149	279.781
321.249	73.9527
438.646	200.234
18.9384	151.526
47.3918	479.138
407.916	201.25
316.808	430.924
386.22	229.284
175.253	196.04
207.474	279.358
389.292	364.824
213.993	255.164
94.2842	178.954
319.981	185.062
105.975	300.883
45.4133	121.974
300.227	116.038
92.5885	80.712
350.953	182.605
255.419	475.102
168.843	419.172
180.038	68.0946
445.686	24.0831
192.196	124.087
25.2724	306.031
280.18	187.017
198.647	166.801
180.368	465.453
20.8839	418.89
13.5068	387.558
432.856	82.7515
399.948	309.681
45.7444	404.355
315.759	180.965
99.4966	271.586
145.551	196.746
83.3429	221.469
10.5447	395.587
370.597	495.04
382.627	319.292
481.722	176.67
59.4347	93.1475
85.9963	341.721
19.3844	91.9892
415.894	381.111
407.271	367.763
167.483	111.549
82.7487	339.183
176.07	161.607
294.739	427.388
271.287	493.178
396.777	342.819
91.6157	200.353
482.834	355.838
108.104	249.227
39.4098	204.163
209.2	292.47
497.815	459.961
338.826	109.556
334.246	10.057
340.999	483.823
186.237	468.334
56.5492	12.105
376.023	275.011
483.648	5.20198
97.5944	337.476
397.414	289.888
395.134	87.2329
475.491	29.8992
90.012	238.659
311.655	50.058
194.243	23.2836
370.328	207.557
91.0322	450.142
176.243	450.203
113.05	374.005
286.212	380.948
321.13	409.251
230.924	490.316
205.606	215.543
463.822	387.1
65.6445	424.658
128.259	185.255
420.585	385.487
224.968	277.541
94.5971	331.068
482.654	261.706
458.361	387.098
278.049	197.812
424.996	409.661
92.7602	3.20046
136.308	195.757
493.809	1.53026
99.9992	140.559
420.692	18.5874
166.208	277.379
116.832	346.636
0.400252	151.38
191.836	179.241
380.396	133.055
7.92503	100.062
140.424	98.2541
110.433	387.137
119.652	445.627
287.393	315.08
178.461	348.442
190.961	287.275
179.923	327.413
42.4469	206.137
233.302	82.1645
180.147	246.679
111.036	96.041
463.564	9.95454
397.081	352.085
48.5353	487.192
477.082	125.277
238.716	111.396
76.2069	313.703
391.382	367.937
356.52	421.904
104.054	463.619
158.42	201.442
477.48	375.687
93.3793	256.768
34.4225	175.019
211.066	197.748
107.215	231.066
191.272	426.237
7.58229	99.7088
376.389	159.632
443.631	406.619
172.999	201.883
208.852	168.353
145.617	485.282
498.993	340.321
394.696	294.134
426.69	116.531
146.94	412.305
231.515	108.628
163.279	285.715
140.828	320.718
107.301	444.372
99.7857	451.48
288.332	446.743
438.626	24.9714
372.717	200.313
281.168	118.172
124.426	348.726
214.476	54.5578
241.342	75.0364
5.19824	298.267
258.92	224.571
303.201	405.212
6.52702	7.21171
385.275	83.7099
251.386	294.805
288.869	154.078
414.027	173.705
414.259	331.497
461.158	202.899
16.183	254.129
32.8848	82.0982
110.459	69.1438
311.083	290.35
26.0595	312.642
468.619	76.8924
367.89	282.497
192.079	282.841
488.092	484.362
413.797	427.328
185.849	422.737
406.367	412.101
17.778	490.008
420.347	467.691
281.826	405.991
165.271	224.021
183.764	290.313
379.593	420.333
388.897	409.637
308.598	185.263
113.81	383.362
107.428	160.916
302.935	48.1541
79.5435	109.925
217.847	216.451
112	489.765
235.222	177.985
194.631	382.539
490.475	324.694
107.156	63.939
85.6703	312.774
290.289	415.128
257.714	196.554
202.244	357.013
222.25	326.763
75.366	46.9114
214.116	245.008
104.199	254.058
499.093	404.968
379.614	188.221
434.556	92.5872
322.663	257.386
397.024	217.812
381.066	39.9039
497.146	234.607
200.926	82.3513
117.965	93.9639
400.451	7.37981
39.9875	183.55
486.936	472.031
22.6875	233.456
393.487	73.2247
37.247	387.935
91.7347	398.393
161.898	488.718
196.184	336.907
366.866	105.246
334.022	312.782
316.087	59.3254
203.777	7.65301
301.281	172.839
64.38	388.848
338.746	110.769
286.901	231.109
408.922	17.384
241.546	119.254
146.802	210.352
87.9487	227.277
305.279	450.095
110.456	413.007
33.8069	398.531
89.7045	152.511
15.0487	298.52
468.061	92.6474
417.984	115.091
498.686	183.924
488.299	17.7681
496.506	153.772
188.085	178.945
82.7716	429.607
390.818	199.132
448.841	220.643
496.298	61.0422
59.8484	278.29
374.551	194.134
74.0046	188.029
480.67	53.7839
98.7621	361.283
497.294	176.765
488.005	220.332
78.4459	109.716
197.402	71.9681
253.479	15.933
489.491	155.036
400	47.0984
11.9944	378.118
9.07602	474.989
322.394	291.497
76.3471	88.1942
24.045	480.488
75.4173	202.652
207.504	165.834
420.313	146.092
205.063	92.2713
299.859	383.717
407.523	295.894
8.31857	409.267
350.32	412.513
143.882	307.006
4.86618	371.36
449.334	401.948
3.30018	278.663
98.7576	100.791
129.972	386.528
338.091	276.289
18.0585	493.894
489.308	80.3717
232.281	297.918
250.994	314.734
364.038	311.008
303.067	340.819
142.978	477.51
371.328	275.93
380.547	315.644
402.61	247.652
325.133	410.896
121.156	8.59937
216.753	435.273
157.174	292.009
396.739	86.7015
340.086	280.782
468.502	285.608
84.2223	453.67
478.195	80.4546
211.563	81.2306
296.908	255.935
181.613	215.439
305.62	486.439
78.1807	0.802576
389.587	0.912166
122.731	169.587
6.14096	397.39
78.8847	164.41
289.607	34.4269
95.2963	334.033
294.398	340.129
223.153	467.454
92.0353	318.944
185.972	472.596
275.842	94.8376
180.877	451.226
36.1432	97.1079
23.2553	499.889
38.0405	185.039
138.479	411.829
353.245	2.68481
475.006	162.195
98.6887	40.2944
4.79577	392.357
400.373	349.542
184.032	58.3543
490.147	199.311
97.0617	40.0944
480.901	242.08
22.5696	427.16
449.81	383.736
202.459	48.8762
418.79	418.386
0.107142	276.591
45.3608	283.164
309.176	229.668
439.912	121.374
366.462	384.435
115.262	359.627
221.691	447.276
149.96	95.653
75.1956	445.707
219.725	104.895
245.856	388.158
11.7858	400.1
318.261	425.534
497.671	80.7085
398.149	362.683
193.641	159.261
333.657	389.406
179.13	341.587
373.905	295.239
483.373	299.138
219.851	5.64082
278.475	336.929
367.945	279.809
82.4163	372.24
312.332	430.408
311.857	393.226
215.94	40.5891
43.8484	221.972
291.287	68.5676
124.812	474.852
99.4023	23.5284
93.0323	306.049
202.433	55.8734
5.80923	493.391
498.211	404.279
362.563	189.586
300.379	288.553
177.749	426.667
222.269	395.376
112.574	248.364
473.31	207.811
376.197	56.2991
109.358	455.733
186.893	145.315
84.391	199.41
295.671	10.7436
110.208	309.875
88.6008	207.937
349.92	211.888
10.0149	127.214
5.88235	277.497
434.987	401.542
279.526	236.156
485.114	261.174
206.405	401.441
288.463	384.628
385.363	434.049
399.427	221.159
220.455	283.393
94.6746	210.229
204.108	411.933
490.888	488.275
157.134	80.8399
275.568	429.147
173.664	416.896
182.742	35.4228
213.983	57.5733
279.603	112.447
322.713	41.7393
486.585	452.023
339.814	197.145
79.0874	51.8066
178.542	409.734
247.258	278.002
406.716	236.692
198.976	407.335
164.892	8.47478
293.154	364.595
76.1501	476.759
267.406	1.27757
387.555	470.112
488.337	277.194
284.56	231.666
311.348	212.283
100.378	432.981
93.3778	126.324
440.272	304.172
400.13	393.454
66.4117	81.2968
133.944	396.683
393.165	156.542
218.652	374.196
6.64339	159.322
82.8537	397.039
433.428	419.148
202.203	88.5756
427.263	203.453
389.208	488.822
336.397	302.009
39.7617	312.239
292.972	135.717
326.554	481.541
487.123	245.743
65.0501	113.688
446.056	12.1689
486.649	14.9362
321.069	286.679
365.982	20.7538
478.667	341.744
484.838	459.768
352.878	313.638
87.7349	375.068
361.416	292.512
110.676	315.063
198.985	422.257
10.7599	172.608
294.362	288.906
381.071	147.158
187.138	306.101
156.837	401.084
279.012	276.182
84.2738	125.863
84.6605	205.531
400.049	468.439
110.914	400.46
336.788	312.305
274.025	406.266
493.786	391.24
162.447	84.8994
319.601	380.12
16.5197	187.547
305.724	245.722
113.677	390.907
31.2763	188.906
468.152	491.025
81.6764	464.715
249.449	106.084
186.792	245.109
174.38	89.5992
117.469	31.7384
455.484	304.499
483.229	465.632
87.9233	285.62
484.576	147.293
39.5733	202.05
118.262	61.6637
322.195	382.026
92.4176	106.628
384.717	354.234
77.1887	117.975
248.321	414.858
248.681	410.82
239.589	296.24
215.467	333.193
304.616	426.796
449.396	478.547
156.897	498.426
390.986	32.2913
421.771	166.069
61.7506	205.001
65.4779	216.149
354.609	212.65
402.952	266.825
186.505	459.491
359.596	94.642
320.149	304.168
414.65	180.248
199.606	402.273
61.5855	486.839
76.2264	129.208
153.459	495.2
115.14	381.534
162.63	315.935
196.696	244.623
393.134	450.935
171.226	203.415
391.828	469.159
292.98	400.461
178.25	257.577
432.517	475.664
460.578	112.254
413.861	457.242
234.556	302.912
391.855	216.902
80.837	498.513
414.304	112.472
24.3309	150.777
381.842	178.028
471.97	402.347
316.848	97.3313
476.166	400.072
282.848	205.235
276.495	190.302
418.274	312.52
47.3591	385.727
472.014	113.148
61.952	323.414
428.489	388.152
344.625	495.026
497.505	416.946
469.438	184.488
293.547	125.183
411.618	306.682
336.247	190.071
15.057	96.7515
25.1566	486.802
434.825	84.946
197.937	22.586
396.826	47.9347
340.238	209.814
48.319	195.027
14.0136	97.3094
398.036	225.758
279.604	49.9004
131.085	217.303
51.5507	310.273
244.847	4.7343
416.778	481.916
5.36331	17.9313
404.112	446.999
23.837	388.068
52.0965	85.3789
375.951	381.25
335.09	2.72659
111.315	79.3284
292.87	130.214
234.498	181.755
480.018	37.0781
391.511	230.051
120.062	283.733
395.396	57.6608
114.838	432.43
133.277	109.313
5.42727	432.498
389.864	147.938
369.282	402.16
205.41	65.8611
376.414	354.556
261.08	75.1141
439.889	109.168
482.012	413.692
301.114	409.614
473.854	378.047
7.3155	420.218
200.961	209.576
72.4135	182.605
491.639	497.597
322.365	167.576
43.1098	408.051
404.327	344.354
276.619	208.055
243.895	316.33
6.59967	260.186
393.386	174.853
422.33	309.808
20.3817	45.054
220.103	272.68
78.6811	92.0757
177.702	446.795
268.178	312.054
294.958	394.346
195.735	142.508
496.693	243.589
302.215	206.026
20.3553	396.61
203.813	11.4064
420.751	18.7177
457.241	308.547
84.5269	33.5589
160.132	21.3444
315.087	28.3891
147.974	386.896
167.13	222.598
19.9275	489.295
226.073	311.806
91.5338	346.055
458.381	193.089
263.227	387.156
249.925	414.417
286.68	87.0103
447.238	92.0033
160.222	382.065
322.676	36.0897
444.422	392.457
57.7145	282.464
49.9974	494.984
182.43	322.212
109.911	377.693
305.538	79.6888
405.097	259.986
426.565	387.67
275.571	219.237
186.373	301.35
315.161	39.5655
296.614	319.805
213.973	462.423
315.046	338.554
477.487	309.068
356.383	14.0629
13.8657	100.603
363.388	302.415
121.147	243.694
385.947	111.764
184.634	381.621
288.828	160.479
182.161	171.046
236.299	186.619
184.05	241.513
222.829	249.702
274.85	104.234
493.976	12.2817
430.709	497.118
283.76	145.472
104.438	476.769
376.654	226.654
180.454	346.944
374.272	377.266
225.585	221.66
17.4489	251.142
198.167	310.674
156.197	83.6616
419.24	404.431
174.696	317.67
182.603	327.626
403.053	244.382
31.7437	381.61
476.443	1.72498
124.42	232.074
287.851	494.159
289.591	334.632
61.6639	117.775
320.457	331.557
119.836	226.718
392.31	14.5602
28.1234	384.864
297.552	426.04
75.7733	260.933
194.457	370.461
190.108	418.475
111.261	471.548
199.63	463.143
237.077	494.955
407.003	236.786
485.364	340.34
453.045	486.856
455.091	76.3819
220.361	331.032
152.586	186.231
202.973	344.34
499.284	361.744
203.981	375.292
469.947	410.127
12.2736	28.3724
401.638	324.99
424.169	185.734
149.907	205.932
384.23	456.848
48.8773	211.514
224.78	103.013
119.452	297.245
198.555	11.2538
274.307	118.311
316.017	401.225
358.217	16.6809
259.469	311.873
362.614	402.301
408.116	215.632
354.623	101.473
305.977	197.386
93.7687	148.715
149.033	107.248
470.794	185.275
356.355	75.9471
172.444	404.719
285.137	159.355
39.6678	481.84
434.714	13.115
190.896	242.197
275.438	317.873
318.199	480.791
329.357	179.492
412.872	389.088
396.212	59.324
6.80802	277.426
303.023	97.3802
459.617	309.207
196.111	415.383
235.93	121.803
486.159	461.466
65.1722	21.5203
6.81604	174.35
493.564	104.342
204.072	415.024
202.108	449.413
321.638	59.4382
360.352	322.163
159.132	207.628
422.817	498.094
163.524	316.991
332.42	91.1879
329.059	223.104
491.947	167.556
89.0298	126.61
476.568	277.58
15.3429	275.856
236.915	396.124
389.232	431.32
76.0334	465.662
53.2644	406.488
393.043	266.964
190.425	167.471
339.189	24.8357
229.777	197.752
173.048	407.543
406.147	293.075
112.926	335.13
477.672	29.2001
203.369	476.553
353.695	123.43
385.11	276.383
402.733	222.631
193.239	345.032
98.2503	311.693
394.895	95.0591
126.236	87.2033
353.818	183.088
187.867	299.69
498.393	234.188
284.765	431.381
170.22	388.85
17.412	207.642
495.008	333.73
410.329	172.087
189.83	205.602
225.629	176.517
204.377	290.116
213.606	461.773
93.3672	204.516
484.918	392.498
317.809	384.003
428.392	78.0796
240.336	303.263
245.579	296.153
129.387	206.449
22.9279	389.201
19.4263	294.633
86.0092	396.77
234.345	312.855
454.999	190.973
319.206	66.206
494.889	458.91
489.99	434.283
310.287	388.96
273.459	404.573
18.9692	208.572
295.84	156.283
376.967	393.684
188.315	136.61
297.816	448.447
365.232	183.26
194.532	332.662
240.79	178.091
413.494	243.281
101.391	90.5966
220.568	413.82
190.353	35.6143
97.732	462.185
475.685	241.511
202.676	111.693
186.337	370.005
44.9877	301.268
37.5239	296.309
121.986	171.573
358.584	18.1632
108.861	469.378
221.903	458.542
109.167	149.752
312.213	159.651
406.51	267.023
123.536	241.924
482.522	311.464
338.242	393.268
231.386	284.37
448.816	477.421
299.688	257.741
180.032	388.942
257.349	118.912
122.156	246.051
102.032	395.491
472.325	88.6574
202.293	196.865
376.153	460.443
237.872	102.227
454.838	91.4409
251.463	84.4305
122.252	223.196
413.738	288.185
22.9323	382.768
469.513	10.7285
319.489	255.132
300.32	236.048
398.32	228.83
284.063	487.723
303.578	421.831
318.899	149.642
164.373	310.294
394.385	202.264
357.673	204.458
391.776	247.271
316.572	465.524
143.86	93.3954
306.454	134.682
350.571	214.378
316.038	270.048
103.023	458.04
223.406	67.3164
206.514	272.654
412.396	164.264
88.6391	320.538
488.497	172.563
215.689	493.909
189.395	208.391
312.354	345.218
269.024	21.1408
27.5231	187.725
299.149	207.992
109.617	386.452
381.085	442.174
241.606	80.5967
339.652	321.19
320.792	310.592
418.684	88.2566
426.463	92.9756
75.3384	194.43
192.694	415.503
387.222	446.029
409.58	116.502
489.786	3.28874
341.924	297.491
192.037	27.6431
351.378	81.4107
406.193	435.204
324.179	201.711
482.831	35.1195
271.111	103.367
107.67	361.341
384.997	389.829
334.151	11.1036
28.5764	18.2761
481.338	59.4591
381.99	478.108
291.942	43.0906
437.227	285.634
55.4187	399.507
407.56	161.113
175.329	333.678
404.012	258.58
23.4681	396.172
334.682	215.836
359.159	93.8894
417.611	183.834
214.318	307.887
139.942	224.127
232.645	424.494
439.005	117.305
309.757	462.602
84.929	381.726
92.3794	418.052
19.9162	189.138
390.882	472.392
193.852	457.179
409.367	168.608
314.476	151.729
83.864	474.431
493.671	372.274
360.169	284.909
442.514	11.0251
98.996	370.188
248.43	492.751
219.221	250.979
192.136	181.187
191.182	424.896
379.372	214.322
437.202	92.7427
440.821	5.01466
184.99	476.939
22.6356	418.011
385.358	266.716
157.802	95.0806
499.302	347.65
381.161	87.6231
199.117	353.598
309.377	157.362
313.203	25.0191
208.196	291.288
210.118	177.6
373.315	477.927
123.74	407.986
385.081	241.676
371.43	376.416
398.45	376.172
293.809	413.506
78.4676	202.163
139.787	278.327
389.572	193.946
482.677	463.688
84.1063	227.597
371.593	393.724
216.639	460.041
400.942	488.276
388.001	489.46
327.971	398.953
159.318	394.631
13.6443	157.624
490.983	484.484
382.474	289.66
457.888	316.994
414.134	324.784
475.842	285.103
219.422	90.2162
228.057	1.33453
187.342	60.2642
164.796	100.028
247.819	412.366
193.488	109.735
307.155	314.058
85.7223	433.962
24.0069	195.788
383.064	71.8559
123.694	166.05
158.47	398.307
72.0795	89.4623
108.706	163.013
383.288	171.182
251.647	84.2534
35.3546	321.614
5.57731	49.6759
448.814	75.3393
276.508	57.0416
304.568	315.292
331.511	187.16
169.429	206.104
182.752	19.2185
412.128	304.679
318.989	268.663
92.9058	3.04055
7.09386	121.297
264.686	486.102
201.291	266.529
0.928815	207.457
113.285	138.691
335.953	282.537
399.072	135.164
182.227	197.837
23.9401	408.817
352.697	202.362
210.267	100.426
297.106	385.73
102.449	257.727
281.743	357.815
383.151	102.094
303.864	291.023
333.769	297.726
114.939	462.014
352.445	84.4995
352.324	97.2911
352.915	491.933
141.375	412.504
312.652	209.521
410.656	174.833
197.779	322.648
359.156	221.946
406.385	205.302
433.512	110.968
347.783	400.251
10.1437	256.489
319.037	371.549
494.445	334.174
224.413	445.685
280.636	416.45
177.945	122.696
397.427	283.049
307.49	416.951
104.765	393.64
422.119	169.665
121.856	430.56
489.568	347.509
250.961	5.17595
220.858	125.856
214.949	494.985
231.087	417.761
114.877	406.15
351.402	404.998
409.045	493.908
339.353	421.187
17.6839	199.551
348.267	224.023
102.95	428.864
434.18	277.033
71.581	412.454
406.493	438.711
130.66	208.313
199.788	73.7786
462.317	120.685
105.266	396.774
231.576	112.777
246.527	396.771
394.359	248.493
381.512	498.335
17.632	482.172
190.118	438.559
119.105	89.0883
269.358	275.284
461.788	405.711
303.816	125.347
424.304	195.872
8.14369	254.694
137.578	281.92
114.877	8.58193
123.686	309.782
315.339	205.337
177.059	474.537
493.12	461.773
38.6405	482.989
103.678	147.9
406.022	0.108079
337.342	89.0589
65.2382	408.716
33.0154	205.536
40.0114	75.7022
178.583	83.6951
33.6266	94.8044
198.548	29.9877
249.282	414.355
178.658	411.464
66.9672	416.668
309.69	301.113
484.465	24.0412
231.063	488.58
118.623	23.1616
186.742	64.9082
197.355	339.39
385.548	131.427
469.703	205.711
16.3496	268.623
292.397	495.343
140.547	484.704
106.57	348.116
21.1277	275.572
403.023	155.144
304.1	25.2388
325.182	293.399
267.133	15.8006
197.132	283.27
204.47	251.765
482.73	365.959
209.595	245.655
311.752	483.338
403.26	128.048
333.788	9.46797
35.3678	408.43
459.318	477.643
303.285	402.178
302.331	261.168
57.6833	175.013
392.425	27.0972
101.311	61.8702
79.5941	362.156
2.184	423.192
87.7494	14.3842
55.682	296.433
399.029	251.613
384.677	272.579
216.287	326.811
415.915	91.8586
236.036	412.064
458.947	5.53846
300.05	5.77763
482.328	140.999
365.251	420.319
348.77	321.241
211.39	80.2075
348.387	93.3383
319.385	366.677
157.029	302.213
363.964	115.561
397.316	267.796
7.27177	56.293
79.7779	122.865
406.774	56.288
446.232	10.5101
494.349	221.035
175.521	127.92
142.351	280.201
79.0653	226.077
2.65208	456.952
401.407	480.733
186.003	209.941
133.294	120.645
56.8251	204.938
483.662	332.716
111.629	205.695
355.811	200.774
101.608	407.823
439.712	378.01
54.5703	15.0084
293.632	180.948
253.396	380.76
28.0455	383.37
379.254	375.946
190.502	497.312
480.924	132.379
488.156	183.753
435.476	185.379
29.237	102.781
83.4253	125.264
350.482	111.288
319.733	181.537
213.658	48.634
494.482	439.066
420.453	196.398
282.621	424.252
90.2139	406.432
258.499	324.671
374.283	278.589
98.3138	431.323
374.971	97.0115
324.923	244.837
155.483	487.933
72.8694	202.517
275.75	198.843
193.556	271.782
220.582	32.1499
425.996	111.819
215.857	211.782
218.34	66.9317
361.101	311.843
377.058	243.917
403.667	414.791
404.695	314.204
200.882	455.716
269.83	323.701
400.647	83.6976
263.14	204.249
96.0734	386.731
156.099	75.5383
69.6858	303.183
307.361	289.398
62.8504	420.167
170.677	179.84
63.7768	9.8884
492.444	417.839
401.563	62.0988
141.082	378.11
123.115	150.788
403.928	324.415
362.275	120.374
95.2773	93.3105
334.535	315.705
127.547	277.904
470.401	284.875
140.08	497.252
61.3619	384.12
119.001	429.576
83.5944	280.025
120.307	335.237
372.898	410.765
207.586	438.246
191.224	189.698
376.425	11.7014
290.577	433.442
443.64	301.539
110.351	82.5781
277.243	90.2922
152.348	419.644
235.463	8.89509
221.913	421.836
227.798	482.414
175.544	384.447
205.703	238.124
104.653	125.003
280.304	441.596
391.699	478.829
242.781	420.254
87.7461	375.601
25.5157	385.541
28.4057	321.88
25.224	0.793962
465.039	196.181
336.025	188.277
381.232	455.162
490.146	491.192
105.552	396.778
96.54	193.013
33.2936	488.764
455.476	15.9118
265.238	223.267
172.269	183.297
266.959	377.806
455.515	281.303
192.738	433.665
415.988	154.952
384.928	209.209
364.227	3.49206
46.2755	293.849
380.86	404.456
119.903	341.301
389.656	53.4768
390.349	403.015
120.667	327.061
135.422	194.798
465.367	114.919
121.758	482.558
271.413	499.576
64.1921	421.735
18.9605	270.463
291.901	73.6307
110.372	456.548
305.816	73.2934
493.45	209.644
57.7043	92.5336
8.37892	240.844
361.575	104.25
73.5977	321.532
456.775	320.312
391.993	196.729
295.983	99.3843
302.656	487.457
213.74	221.287
399.249	246.101
144.81	406.585
26.8866	101.39
495.19	328.878
195.662	76.4563
219.246	103.404
422.347	189.033
432.61	319.351
457.169	124.85
423.291	137.792
320.602	448.369
4.5675	29.6549
13.5993	447.739
279.171	337.974
82.8583	349.751
0.33974	351.684
190.421	459.693
452.743	11.4805
485.618	173.601
444.939	307.266
116.054	419.112
383.135	28.1196
402.061	220.295
9.29678	116.299
120.078	134.221
96.1457	311.912
145.236	80.1723
199.306	471.378
331.965	417.642
351.601	23.6734
114.199	411.164
150.521	8.3133
207.528	176.469
281.664	210.258
151.867	300.912
458.716	478.47
22.9427	339.228
280.331	307.708
16.5109	65.9428
473.003	212.687
258.271	179.235
41.9655	411.071
279.379	442.794
4.50348	297.023
112.264	186.062
272.42	302.596
280.203	236.226
202.088	6.53928
497.626	227.62
346.966	94.2194
109.3	52.0376
302.401	230.029
336.339	10.099
55.278	410.639
248.557	483.299
353.124	308.816
216.4	203.272
209.097	288.981
364.042	277.503
176.82	229.758
151.142	90.0634
410.085	324.719
218.299	478.256
407.587	150.886
44.1628	110.966
15.328	16.8671
76.6561	304.95
288.674	472.633
212.335	192.214
128.702	3.14975
35.2549	390.389
216.481	261.228
471.78	105.207
84.5124	112.057
151.498	10.8399
437.376	277.732
152.826	319.413
7.73282	465.297
338.421	488.904
401.861	488.898
182.304	403.616
82.5694	436.381
6.30802	210.891
372.832	12.3086
397.323	85.9778
0.040948	75.6659
316.609	276.004
485.858	27.2649
309.559	422.238
321.502	9.62099
7.4732	166.696
248.802	494.91
37.0591	499.179
83.7989	291.355
372.848	194.371
12.1195	116.34
483.54	23.4638
316.832	45.8504
384.546	347.243
403.949	456.778
390.712	436.871
42.9339	297.969
266.111	79.5818
395.403	149.624
149.221	284.73
93.9911	339.435
92.6752	208.806
178.669	308.296
361.842	111.056
318.703	145.759
334.454	112.257
57.8397	281.183
215.41	92.2158
306.979	472.233
282.696	456.499
491.81	188.045
97.1709	459.251
17.4	363.9
132.678	286.148
402.686	82.7584
89.2543	456.819
110.331	108.932
242.882	204.112
177.471	98.995
386.552	146.027
80.0751	394.427
389.296	334.324
189.631	158.907
72.5586	285.936
192.423	121.24
367.044	208.544
419.063	490.128
9.34548	47.6272
234.927	424.514
212.233	245.54
428.582	93.7084
364.734	278.675
366.32	213.604
129.21	320.678
446.723	298.587
278.975	431.825
76.4507	357.575
49.0093	296.515
455.471	313.754
103.074	399.085
471.999	92.8372
115.722	34.3987
115.448	291.71
468.591	492.959
344.069	402.269
92.4584	379.145
491.008	119.105
138.591	298.769
390.565	1.44539
15.548	266.378
62.7525	76.1866
485.908	452.238
343.621	310.981
123.211	234.936
222.997	347.513
210.623	364.747
479.697	464.604
273.137	407.051
334.142	95.2908
59.4629	198.373
401.352	476.791
84.6562	119.066
108.343	91.6368
467.101	478.757
183.372	314.742
206.318	2.30257
47.9543	223.841
267.029	223.819
209.282	22.9378
316.737	352.468
181.045	32.0759
382.32	71.2307
123.25	58.9423
491.136	180.491
414.36	462.313
182.038	497.824
410.084	495.78
8.05453	84.3591
152.994	104.42
420.448	403.278
138.067	85.0833
313.84	445.666
429.075	421.773
344.556	389.335
204.595	458.217
255.952	112.691
429.971	282.497
319.904	139.412
117.016	84.0133
84.8655	226.727
405.409	267.897
405.544	361.777
320.716	406.919
283.407	160.521
308.714	96.56
293.576	366.247
302.8	241.21
384.297	301.898
109.675	348.464
423.323	387.575
59.1314	82.2496
281.142	161.004
370.407	299.015
119.683	403.001
469.714	186.822
77.8425	239.91
168.041	404.439
429.838	111.897
169.117	414.855
193.226	288.27
429.946	77.6759
222.654	40.349
17.3168	45.2987
209.911	290.846
49.3011	399.373
400.254	387.039
82.0842	163.534
252.141	403.853
346.852	420.105
32.5247	88.5839
258.118	378.666
283.589	321.068
468.821	15.979
320.446	410.159
189.032	386.518
19.2602	348.94
185.815	218.91
323.459	495.62
126.1	6.15477
413.883	324.869
141.67	16.5411
387.356	168.02
158.356	93.5553
407.198	219.539
483.049	95.6288
254.35	389.973
82.2007	132.229
111.425	256.142
302.457	145.054
191.939	96.443
387.691	186.546
269.189	376.769
318.283	234.481
403.528	235.613
496.227	129.539
197.338	181.5
395.18	100.411
294.841	199.852
155.844	101.055
406.386	308.14
480.56	284.991
206.231	40.5297
107.956	183.435
1.25298	218.706
416.706	155.481
197.57	351.483
385.547	438.811
298.965	231.04
110.069	476.034
275.543	97.3616
143.865	424.199
91.2407	158.225
458.065	96.9258
296.801	349.581
492.031	425.949
419.948	194.884
2.47866	17.6479
403.018	6.04913
167.38	324.63
18.0403	348.784
346.823	190.226
153.812	213.385
494.166	106.322
201.383	282.924
196.086	221.834
263.376	89.3833
116.38	83.3868
329.127	21.3978
293.324	268.287
200.255	94.5315
7.79608	189.574
182.688	436.2
351.478	378.037
376.878	440.776
0.366152	158.161
286.829	340.474
347.791	90.8983
385.966	131.258
190.284	396.499
4.35705	277.181
341.826	96.8868
53.8164	392.906
164.833	493.749
397.753	199.2
353.561	319.153
302.521	23.6087
388.216	354.465
234.034	423.438
379.498	227.964
433.467	324.736
459.695	193.464
394.443	165.422
22.5886	435.477
417.683	80.9325
12.106	472.537
107.123	248.11
144.01	216.399
77.1047	160.97
309.36	305.611
262.159	285.179
456.018	186.726
46.8335	276.781
90.9018	454.521
477.895	176.459
413.015	65.5297
396.888	123.688
223.418	143.246
15.8576	397.098
105.473	440.755
64.6957	200.154
482.143	165.409
338.187	94.3113
294.184	262.049
152.699	486.866
31.9485	404.466
462.553	13.5183
304.065	20.1576
303.438	343.02
272.053	10.4085
113.461	65.2168
283.879	488.253
116.422	317.65
411.096	130.765
195.589	95.3327
207.181	44.5259
86.1983	296.947
223.56	234.863
377.009	53.6956
490.96	382.994
168.388	280.106
393.969	353.614
134.728	81.2227
319.198	269.891
310.062	83.359
219.894	402.064
217.255	279.548
221.765	25.382
476.472	322.516
146.748	393.612
499.392	316.172
51.8536	121.191
417.873	159.206
321.43	484.939
312.477	368.4
214.537	484.815
277.212	172.998
251.256	487.522
136.919	287.28
119.368	38.7667
276.183	316.229
413.516	390.251
291.502	371.925
411.886	257.004
476.27	39.5365
245.585	301.534
107.89	143.357
90.2925	452.458
208.907	165.397
290.751	332.813
311.857	423.412
90.4705	390.807
393.02	51.5656
121.974	48.0565
486.658	142.779
11.6055	286.279
100.786	104.419
102.371	28.5786
140.071	286.435
331.23	309.328
276.692	296.982
221.659	148.379
217.985	377.396
117.351	370.334
196.61	279.783
229.032	4.25457
495.411	187.947
429.32	318.551
192.306	370.893
479.496	487.632
78.6207	390.167
425.525	419.832
5.74353	85.9681
185.977	161.251
124.079	413.91
219.709	331.804
119.48	440.576
301.906	166.651
434.335	124.813
1.42579	399.466
389.156	259.307
281.033	429.797
416.793	365.17
206.416	66.6991
219.872	492.185
217.198	149.702
95.7747	474.701
485.733	490.56
107.264	494.614
319.327	208.936
220.68	131.021
4.18339	343.62
109.804	421.421
96.4888	5.05661
195.636	473.89
181.349	208.345
190.891	426.41
24.6572	238.246
24.0826	263.593
301.636	59.0577
297.057	357.676
305.376	376.482
268.13	407.991
317.634	358.509
70.6085	115.881
101.398	16.8698
476.728	66.7269
20.8162	54.262
210.562	416.117
317.799	150.449
480.277	71.1156
219.508	323.864
107.516	338.67
379.609	284.754
298.467	382.828
442.273	96.2471
315.359	134.767
