Saved a vector of rrt <nodes> points.
X	Y
25	475
33.6787	470.032
35.0992	460.133
40.0686	451.456
42.6464	441.794
51.7022	437.552
54.7159	428.017
64.5711	429.712
73.6874	425.602
83.6822	425.926
71.884	415.766
92.5965	421.394
97.153	412.493
97.3249	402.494
105.286	396.442
59.328	444.021
108.244	386.89
106.605	377.025
118.209	386.055
104.158	367.329
103.408	357.357
127.712	389.168
135.46	382.845
143.284	376.618
150.831	383.179
105.036	347.491
133.067	397.613
159.103	377.56
167.346	371.899
177.336	371.446
108.457	338.094
186.923	374.292
110.597	328.326
114.401	319.078
196.509	371.447
120.921	311.495
117.659	302.042
206.212	369.025
121.376	292.759
212.544	376.764
221.005	371.434
225.476	362.489
232.162	355.052
240.238	349.155
117.789	283.424
93.4749	358.514
107.724	300.906
34.2043	436.433
243.975	339.88
247.127	330.39
257.127	330.426
109.705	277.539
260.482	321.006
210.547	386.563
110.888	269.961
270.184	318.581
276.035	310.472
285.106	306.264
282.68	296.563
283.232	286.578
294.939	308.086
217.006	394.197
83.8538	355.787
104.664	262.134
277.268	278.551
32.7995	426.533
304.003	312.31
269.755	271.952
136.963	406.823
74.7261	351.702
311.165	305.33
283.77	270.953
248.218	355.181
269.121	261.972
31.2881	416.647
271.122	252.174
278.902	245.891
277.387	236.007
102.403	252.393
100.138	242.653
293.287	267.884
286.73	232.44
120.381	266.815
97.0009	233.157
295.209	227.139
225.954	398.662
304.735	230.182
314.615	228.64
57.9161	453.921
101.446	224.2
320.854	307.804
15.2145	477.06
324.605	229.085
328.055	219.699
87.3601	235.814
100.006	214.304
102.361	204.585
333.385	211.238
68.3822	406.399
138.257	416.739
342.988	214.029
348.916	205.976
111.226	199.958
344.512	196.998
358.915	205.807
299.408	321.191
366.971	199.882
177.953	361.465
374.321	206.662
235.089	402.731
327.854	314.945
381.071	214.041
297.95	270.101
302.173	330.802
337.422	189.946
129.935	393.232
113.827	190.302
335.891	320.896
371.511	190.972
345.824	322.046
344.991	326.37
332.783	181.087
92.407	252.685
78.336	231.505
130.345	267.652
349.013	335.526
356.003	342.677
121.118	183.458
63.9892	461.865
358.817	352.273
276.77	326.106
243.137	408.667
66.56	345.93
306.052	340.019
368.641	354.141
390.551	210.859
93.4461	200.054
399.162	205.774
329.603	171.606
274.171	305.303
373.018	363.132
84.1106	196.47
379.049	371.109
306.205	264.457
327.308	161.873
252.7	411.589
128.209	411.656
85.9478	346.009
142.901	425.595
408.274	209.892
417.254	214.292
321.654	153.625
79.9273	187.387
129.43	296.67
316.124	265.725
325.531	144.407
383.376	223.771
421.634	223.282
94.3898	233.872
262.044	415.152
76.9016	177.856
22.7645	411.418
77.2722	167.863
260.845	425.08
183.568	383.712
138.773	293.106
427.726	231.212
81.5516	364.624
412.4	200.783
81.1189	158.632
200.577	378.693
68.3484	232.002
327.754	134.657
273.598	226.752
431.557	240.449
383.425	380.101
321.4	126.935
269.073	284.282
318.811	117.276
389.924	387.701
259.179	260.904
304.053	238.71
56.6664	344.475
389.087	397.666
398.437	401.211
400.259	411.043
86.9548	150.512
169.368	356.337
435.374	224.77
419.272	193.518
354.53	361.307
118.347	173.849
62.2026	239.891
424.383	184.923
316.792	107.482
320.709	98.2806
387.753	366.186
313.429	91.4242
269.672	429.78
52.2748	238.691
91.9165	141.829
424.826	174.933
279.621	430.79
174.026	347.488
323.02	183.249
337.582	132.815
106.962	357.111
328.834	92.4511
407.664	219.874
382.909	387.068
147.918	289.059
434.815	175.389
231.233	348.25
92.8832	131.876
25.2828	458.226
85.1947	125.482
444.704	173.897
454.288	176.749
438.371	247.768
267.664	218.703
344.222	312.176
422.737	165.153
308.641	82.6451
62.2166	224.103
338.702	94.0688
276.508	279.836
101.482	126.77
381.666	210.406
289.359	433.061
458.483	167.671
403.262	420.582
80.7468	116.526
341.764	84.5492
424.154	155.254
364.312	337.114
42.9304	242.253
71.994	111.689
17.7025	486.746
238.946	324.638
49.9455	351.88
136.749	259.971
415.441	150.346
461.123	158.026
384.705	233.683
13.7702	415.789
351.751	85.0566
354.116	75.3402
308.722	72.6454
23.7401	401.466
292.644	286.713
111.156	361.08
68.1516	336.058
108.314	119.469
408.248	429.251
456.544	149.136
296.124	425.697
460.565	139.98
73.2626	101.77
68.9401	216.7
54.1539	218.187
64.5297	326.737
446.422	253.7
347.582	132.799
62.5179	114.883
346.039	69.4441
278.108	440.674
343.831	59.6911
116.64	113.93
470.534	140.755
167.833	369.169
264.702	209.152
110.558	174.95
326.102	265.056
372.845	331.899
149.516	433.095
19.5789	392.372
55.2917	230.47
299.359	266.021
265.288	405.693
425.885	209.241
399.155	433.412
97.6744	430.009
320.914	297.804
41.0139	347.383
473.483	131.2
34.6398	339.677
224.533	380.791
280.34	450.422
112.651	403.207
361.968	69.1477
66.0154	94.8797
334.388	149.05
230.408	319.432
418.097	430.977
387.225	243.36
96.0224	255.008
74.7191	224.163
34.1887	354.691
302.092	417.673
56.1016	93.5693
391.588	439.951
135.492	376.805
107.666	216.201
68.4688	454.561
442.6	243.037
397.406	363.575
419.334	429.415
175.289	389.206
68.3862	85.1648
250.322	256.261
433.598	152.224
94.8551	439.603
303.396	64.1818
159.241	435.426
255.923	433.785
381.695	438.494
122.992	106.206
36.078	249.536
168.936	432.977
246.204	360.281
7.87275	470.271
147.261	442.837
340.169	67.4042
332.462	213.898
257.571	266.152
124.555	120.043
378.744	323.824
449.869	263.087
262.797	199.335
300.479	88.4231
303.506	304.34
101.035	447.465
323.804	188.479
252.191	443.063
64.9512	330.578
366.62	60.2954
224.973	378.795
15.6373	455.587
423.137	439.614
347.212	368.123
470.413	121.683
21.9031	382.646
82.051	96.9991
330.085	237.451
432.949	437.684
102.238	339.794
69.3307	243.511
357.53	131.78
241.413	251.719
27.984	243.664
318.019	108.385
363.804	123.993
220.897	316.343
159.376	355.94
471.162	111.711
305.547	54.4158
121.344	309.335
229.821	338.35
371.614	51.6319
157.07	293.09
80.1045	113.83
388.742	324.016
450.387	273.073
211.172	314.015
442.946	437.441
290.505	87.7079
68.9526	75.1808
459.242	259.603
378.746	44.6219
373.435	121.3
386.397	43.3667
323.672	91.2326
137.265	442.559
130.708	99.8451
111.969	303.559
284.438	223.296
425.205	421.32
336.093	264.63
178.739	434.953
376.054	44.8849
431.189	142.519
373.536	390.552
281.025	90.8911
137.997	92.9989
311.95	151.212
103.262	238.948
63.2096	355.352
52.541	115.563
143.084	84.3894
32.9257	329.825
374.54	445.48
298.057	47.79
232.869	256.914
127.165	319.307
271.653	94.3792
266.623	401.002
4.86601	411.237
173.633	337.496
48.4287	99.9822
341.998	49.8605
216.206	325.175
313.064	184.188
274.365	394.672
301.335	420.686
118.665	364.912
252.891	197.972
425.375	134.382
160.768	283.799
407.348	362.5
321.872	287.85
459.739	276.614
71.6106	83.7886
146.722	97.885
294.234	95.4698
88.9531	103.915
154.24	104.479
372.413	455.251
289.91	101.322
413.482	194.842
407.937	156.955
382.854	124.657
334.525	174.817
84.6986	362.248
65.15	65.9321
152.041	79.944
19.9323	470.849
78.0276	70.9803
289.932	262.58
287.326	457.577
86.0188	336.009
345.947	366.492
164.185	103.434
151.25	69.9754
323.279	209.939
22.9434	329.23
313.852	95.1023
398.3	321.077
346.308	374.039
142.841	252.041
258.033	221.394
464.393	104.351
173.417	99.5888
67.0204	176.319
425.322	124.382
462.004	183.111
290.704	257.01
295.584	463.216
40.0426	258.717
369.11	112.283
71.2402	192.34
389.187	449.658
383.771	202.873
124.916	368.281
394.992	38.2551
60.8396	56.9087
104.938	213.979
462.542	267.578
179.488	107.535
150.092	245.155
296.003	217.171
279.943	80.9498
452.85	438.821
60.2501	403.956
293.588	66.1319
43.4223	119.668
188.324	112.216
157.209	238.13
460.187	286.603
21.33	236.199
305.574	463.679
420.574	142.696
395.149	380.9
366.079	440.148
135.563	290.733
158.923	287.159
131.122	127.584
303.645	278.321
60.4688	168.764
156.201	88.1245
225.477	250.179
403.692	363.429
459.162	283.989
158.405	62.9893
218.264	387.53
290.877	40.8299
271.197	76.1021
355.553	92.933
404.417	41.5982
216.637	245.505
176.774	444.759
401.047	149.708
383.467	252.627
163.661	54.4824
79.2939	144.084
407.322	51.1668
377.564	368.698
156.087	47.9539
438.819	142.308
73.0734	64.6977
373.628	181.199
413.564	37.5588
371.118	400.256
417.178	360.662
341.959	317.54
228.707	310.816
65.2919	124.491
281.771	465.893
16.3418	227.532
159.543	371.818
457.86	447.476
462.634	296.299
455.282	249.063
168.781	328.751
198.803	368.605
424.449	246.399
261.653	79.0885
344.32	147.886
462.388	94.5539
460.475	432.351
256.555	248.441
151.809	71.9903
71.6182	171.119
318.306	69.7901
291.546	109.111
121.42	417.144
240.51	404.949
394.076	30.9871
95.2414	455.615
144.072	383.59
480.763	108.915
305.676	255.657
52.3758	397.792
467.593	425.328
65.9874	357.749
461.666	431.679
150.273	369.009
465.236	305.955
49.4425	450.145
82.9309	422.542
31.8031	264.383
425.718	365.864
10.4287	219.467
41.8697	129.546
46.181	138.569
359.966	108.236
485.273	99.9898
117.326	196.22
173.633	55.2287
148.015	42.0509
428.799	445.793
323.704	213.648
348.694	145.222
359.867	363.996
126.057	365.539
382.387	207.592
181.432	48.9687
78.3643	56.2121
119.52	290.729
25.3203	479.512
186.463	40.3263
144.198	80.1256
245.514	204.724
140.583	301.006
107.68	439.992
310.004	156.724
38.5128	98.6882
121.94	284.891
272.224	462.916
282.746	269.554
386.711	331.808
492.355	93.5686
13.3866	326.285
422.928	34.0482
306.379	42.2455
188.729	435.403
471.502	263.137
370.389	36.6444
252.593	74.8568
435.2	362.688
217.541	320.94
94.2526	157.348
366.857	173.84
177.966	454.687
381.771	314.293
371.081	376.08
320.729	178.924
72.3659	467.327
356.187	441.609
405.138	380.436
26.1877	481.629
326.412	146.945
22.0164	262.329
366.022	137.061
127.111	198.281
313.643	469.586
74.754	137.441
329.874	303.486
44.2074	90.4681
25.7283	224.083
243.164	71.5251
311.855	341.925
320.437	476.924
313.011	161.618
27.9028	439.477
435.847	208.364
86.3557	233.431
159.951	273.832
466.404	452.672
280.964	475.86
210.312	401.626
468.874	190.377
468.551	183.182
475.12	457.574
423.48	454.261
166.989	236.044
240.976	61.7674
445.161	427.689
39.6172	478.078
465.444	85.0324
401.118	59.0097
71.3603	363.647
378.387	108.55
367.545	27.0571
197.401	365.722
344.305	383.836
447.639	418.001
464.438	197.82
432.662	255.978
174.166	48.5121
362.999	107.095
97.4266	465.374
129.524	137.456
52.6988	51.1012
482.189	126.279
452.114	171.969
368.379	163.956
303.076	184.68
367.793	182.135
472.949	416.883
383.818	304.505
334.962	380.273
353.949	360.524
244.585	326.605
478.345	261.35
105.173	423.393
156.855	373.228
353.735	451.304
273.013	481.924
394.304	157.092
80.2452	215.829
154.625	392.431
423.112	411.541
12.6216	265.755
390.517	118.232
28.055	273.654
467.133	75.176
191.299	31.5735
77.1568	476.105
466.842	254.124
35.365	485.096
155.388	375.951
61.8841	195.871
334.336	63.7244
194.419	443.626
15.6248	451.823
478.052	180.061
404.571	313.287
89.3442	184.022
414.846	459.307
157.527	113.923
459	69.3579
386.642	104.675
466.665	187.294
431.357	353.456
136.946	200.089
276.523	277.153
463.537	458.773
465.235	192.222
260.14	213.818
190.548	53.0794
309.982	121.972
110.525	384.807
393.373	419.101
484.471	461.116
219.537	258.223
303.58	164.462
259.232	286.058
428.668	153.957
146.884	201.206
197.46	430.528
489.202	84.0787
212.899	320.764
471.588	406.976
245.541	52.8699
359.267	32.6661
274.087	318.798
187.475	122.18
164.649	82.7734
283.382	443.02
339.615	223.443
399.008	123.515
356.805	28.6708
48.1452	81.276
390.271	130.88
215.736	371.084
236.348	200.724
283.784	391.313
311.892	293.492
156.881	200.984
391.953	298.69
64.5793	370.997
315.225	291.932
55.8323	41.6048
73.2946	241.686
306.072	339.043
477.303	195.757
380.435	199.205
403.68	68.6758
62.1291	63.0894
255.274	50.5741
489.587	452.524
39.1577	76.8915
251.139	368.978
463.134	60.2526
470.646	314.366
393.727	36.9334
365.344	143.059
185.396	461.381
342.651	215.751
413.844	385.356
166.743	199.329
273.812	94.8976
376.476	237.22
383.93	292.721
203.496	307.605
146.484	452.807
231.734	57.9478
128.4	447.187
464.039	50.2936
267.111	315.46
318.892	461.075
336.488	363.245
148.225	462.655
364.162	460.9
35.1528	280.698
28.8551	101.282
286.884	31.6615
327.132	359.716
239.861	368.012
211.223	237.097
338.324	391.851
467.175	207.438
404.63	229.402
146.663	303.695
35.3715	98.581
218.55	268.175
121.473	404.449
338.864	87.3552
45.3948	148.538
472.061	44.3229
57.8777	209.059
279.14	385.854
185.776	132.035
140.576	469.097
417.382	198.162
292.508	333.369
138.573	38.7574
154.275	288.749
105.011	244.864
380.038	220.487
59.115	209.292
305.531	130.927
97.5284	107.125
146.963	74.3426
335.032	294.919
416.875	469.099
282.51	478.765
379.852	134.148
22.3001	93.7305
202.48	430.598
55.8827	197.774
149.01	108.416
81.9819	131.945
388.842	416.833
111.519	405.014
201.295	235.902
258.547	196.202
294.315	160.698
451.571	272.418
197.281	124.143
434.663	236.597
289.552	64.3099
475.391	422.207
426.61	466.814
375.747	258.984
222.49	376.012
12.8135	90.5676
342.035	287.781
163.338	122.061
281.645	213.694
49.1491	34.1661
135.052	145.79
381.982	227.393
234.154	75.8628
152.974	102.812
169.567	353.47
174.86	242.213
43.7616	25.7415
344.583	130.363
454.057	49.6866
245.855	450.799
478.196	36.4263
409.972	389.317
312.131	248.019
110.061	203.633
280.241	383.93
287.001	153.879
433.83	122.807
270.028	491.468
226.484	199.082
42.8604	435.32
372.624	237.579
157.333	295.921
73.3547	485.354
129.633	43.2387
473.089	61.195
12.5521	316.32
276.651	374.596
476.141	322.72
228.103	197.926
168.467	370.511
188.068	110.421
182.362	248.825
156.452	39.3356
218.102	193.629
120.656	377.21
36.5695	141.33
453.353	248.971
182.413	26.9863
314.862	485.226
151.788	64.5561
306.521	67.1506
201.253	30.6165
72.9202	342.546
160.853	357.685
368.72	331.924
154.844	465.856
321.615	222.502
333.234	97.3039
239.576	445.476
374.827	288.582
483.81	316.302
22.3143	83.7305
141.916	62.9606
249.808	282.713
133.353	87.4699
49.177	439.402
224.661	208.915
379.464	454.608
372.82	359.422
285.552	448.74
305.128	190.251
352.374	353.954
471.346	258.024
85.4385	138.621
324.659	261.376
22.9527	282.255
293.601	66.7609
371.078	373.255
97.5481	464.97
196.484	234.842
156.506	190.991
339.443	86.3311
74.6493	127.126
355.036	85.6887
331.869	368.292
373.575	29.3043
224.137	269.84
446.28	233.739
265.487	102.252
350.895	221.41
323.246	71.2411
7.70343	486.884
99.797	278.892
74.629	174.466
87.2132	411.397
492.974	96.5199
186.44	257.955
95.2087	167.302
42.707	51.5059
183.522	338.979
229.802	241.163
22.984	400.177
475.435	452.154
161.858	327.359
156.505	323.902
355.756	122.256
272.272	196.137
426.202	43.497
141.148	479.08
143.418	480.395
343.92	171.393
203.292	132.135
324.836	120.938
47.5714	16.4957
128.286	403.958
478.373	26.4279
162.975	183.364
119.466	97.3382
120.868	453.765
78.4612	454.952
444.553	366.226
286.437	221.338
207.52	140.869
457.77	312.608
97.8404	213.592
287.371	39.1568
359.354	181.732
194.821	135.277
214.054	135.311
69.3517	238.55
168.068	432.891
452.895	360.712
156.843	29.3433
169.196	129.087
412.399	470.565
484.711	172.602
460.907	354.727
424.373	165.766
239.115	435.487
468.667	438.82
38.5286	328.261
330.513	325.38
208.993	407.075
36.8151	255.997
365.688	145.105
277.811	149.935
104.853	128.559
153.74	49.5537
174.658	320.66
474.335	408.83
168.734	284.472
293.087	224.508
189.403	55.1278
415.014	176.866
432.107	30.0798
10.4993	471.084
222.79	327.819
232.99	453.001
111.323	111.727
485.551	102.76
326.82	385.116
166.324	173.942
182.19	267.007
10.2998	80.8887
363.207	54.8473
112.828	400.33
245.763	254.146
81.4495	46.6999
245.115	43.5044
104.936	401.005
415.752	42.4842
424.01	208.493
332.694	386.528
479.186	49.8548
81.823	54.1505
213.451	200.626
182.479	105.16
191.242	469.494
38.6917	290.051
458.312	144.2
151.121	472.692
293.307	158.774
279.888	378.345
493.099	178.046
315.291	52.1672
158.311	347.046
306.326	194.486
248.036	221.647
45.903	197.138
270.543	143.067
455.59	230.088
153.517	267.541
247.853	215.193
270.418	101.562
133.62	461.912
33.7723	26.2057
103.417	227.784
194.094	304.201
302.359	292.381
260.587	281.698
36.298	199.921
176.102	427.813
133.177	30.3381
354.365	39.2872
254.005	439.023
91.0194	50.5175
266.702	257.503
252.131	36.3784
230.632	378.281
19.5446	291.656
214.29	227.579
104.937	172.747
94.3997	95.5284
454.409	104.93
372.286	375.362
460.485	100.818
154.529	424.442
172.881	275.372
456.255	449.571
12.5949	378.992
96.735	255.036
337.487	244.175
236.393	353.891
457.239	455.326
222.448	140.746
307.033	491.447
293.602	460.014
37.002	299.907
302.54	124.502
492.882	320.508
272.98	455.3
441.603	277.853
257.327	108.031
496.566	187.426
57.3678	423.257
298.827	451.488
265.439	429.47
364.646	469.844
265.05	485.213
246.252	442.218
50.7202	405.187
203.704	150.113
351.131	153.403
133.52	411.951
102.923	382.994
63.0662	451.758
238.107	261.626
276.173	439.174
141.428	462.095
305.12	86.6773
107.727	138.137
213.191	309.518
233.888	462.961
336	187.606
342.647	290.393
198.204	427.883
78.2334	149.035
435.521	143.776
186.09	19.8023
269.963	371.181
255.99	117.942
189.828	10.5271
352.457	292.335
336.507	68.9356
83.5788	328.029
436.987	151.856
292.329	69.2413
213.26	276.661
194.88	63.4944
485.674	471.044
157.586	284.4
441.845	27.8082
58.7508	93.9559
156.753	286.236
304.358	211.675
59.5048	71.8731
232.212	138.587
360.328	35.025
63.3294	380.918
485.972	167.709
154.923	52.3517
427.712	37.1698
484.232	123.503
43.036	286.069
80.6566	426.102
264.156	79.3379
217.098	149.194
79.4588	334.857
407.393	118.066
313.716	351.75
434.978	419.39
398.764	317.008
177.141	280.909
117.604	455.326
454.913	89.7419
312.207	318.028
203.451	200.664
218.506	261.922
20.7421	77.4531
292.78	23.5842
196.553	52.2627
131.453	298.971
436.186	44.0572
455.075	201.332
39.8842	469.394
180.666	323.771
228.954	84.4044
101.936	125.254
347.52	195.675
396.469	410.268
460.002	86.5024
440.075	348.558
405.975	37.6204
484.021	472.172
260.499	30.9029
447.232	111.893
218.66	127.601
489.103	307.818
41.3717	188.223
306.175	483.832
68.8041	132.035
74.2843	342.367
95.5887	59.4125
413.065	221.168
315.006	225.497
483.901	269.665
178.5	232.899
291.424	55.2578
488.075	259.042
480.672	190.508
189.266	466.482
75.3593	179.451
201.608	245.897
193.735	376.75
423.912	358.776
221.131	90.6333
131.982	483.078
392.377	125.819
475.897	332.717
163.703	137.443
123.21	259.936
175.956	281.52
368.917	22.6728
156.627	171.501
41.5528	447.006
345.975	312.661
481.495	341.003
467.638	417.272
31.3938	187.559
32.3369	106.503
431.799	275.879
221.11	136.159
354.057	207.623
146.404	61.5935
134.391	262.69
156.292	471.094
443.214	17.9023
93.2854	40.7776
235.006	92.365
230.693	472.437
69.0443	367.611
163.465	472.145
92.2254	139.06
492.929	477.926
194.52	196.164
238.602	309.369
355.845	314.272
268.919	465.115
229.563	482.373
27.0536	138.256
249.16	46.523
489.347	297.821
353.885	174.188
276.607	107.525
451.665	242.781
37.326	467.674
302.158	469.929
275.608	139.32
238.06	130.475
485.882	119.459
172.116	179.654
33.7853	68.4572
266.853	152.361
203.158	252.02
416.951	215.108
16.4484	101.84
288.668	400.04
279.051	111.232
147.466	388.515
193.629	50.3085
230.307	193.103
185.316	200.073
363.183	214.85
323.526	489.988
405.926	188.292
72.5268	384.844
303.414	442.601
264.739	256.399
97.3299	45.008
165.314	481.973
443.089	25.9153
72.1045	230.72
376.312	42.4195
497.192	92.6903
52.5158	62.7829
392.941	293.628
483.769	305.458
66.8225	48.8959
34.4205	77.3773
89.7501	129.467
85.0277	441.453
117.661	215.877
248.977	231.603
373.506	384.66
38.8405	156.091
127.177	92.7937
479.627	320.293
352.36	96.9648
128.624	82.1942
200.216	128.718
487.221	21.7685
285.13	390.846
369.548	430.769
485.289	57.7768
212.424	203.865
269.386	488.711
484.951	425.143
364.095	354.078
290.044	227.296
80.4286	378.715
85.4218	187.256
367.222	282.089
370.709	198.693
206.846	368.047
53.8097	141.925
215.483	276.041
115.06	257.362
124.467	489.676
415.37	421.737
361.827	446.944
485.524	320.711
167.55	45.8798
105.693	439.683
190.489	99.1723
406.687	58.0192
388.075	108.592
397.212	229.285
446.256	99.1402
279.661	471.141
365.565	443.659
426.141	146.593
126.938	276.487
176.793	466.48
128.161	108.577
432.229	146.745
368.47	272.167
56.803	163.664
59.3791	247.761
286.257	72.1483
68.5422	174.429
251.547	215.969
344.953	446.52
475.076	476.644
451.394	436.291
348.711	145.801
202.361	449.299
39.0382	286.658
156.447	342.586
477.935	21.5734
26.8024	373.929
176.8	131.558
490.298	249.293
107.452	114.807
31.9712	163.358
406.062	402.887
273.898	475.705
124.028	322.732
124.855	250.072
186.418	308.614
257.633	201.888
370.151	51.2531
297.278	14.6532
101.814	269.898
210.372	443.41
63.535	483.463
162.028	20.7929
431.913	406.793
102.711	307.278
486.508	47.9757
495.596	164.993
360.361	65.6719
345.276	453.625
236.686	489.391
176.19	352.298
99.1786	36.3733
293.204	294.523
428.112	241.882
452.019	103.476
72.3595	229.232
296.92	300.976
420.078	128.552
372.908	370.885
281.563	438.004
182.477	35.7235
433.113	474.411
453.527	354.255
99.431	26.3765
203.734	66.0799
410.185	173.343
329.5	472.698
449.62	121.604
69.1115	317.848
210.839	284.782
51.8796	48.7299
163.664	470.757
113.549	298.487
289.883	383.005
363.355	119.54
418.094	254.12
135.964	324.057
240.627	286.675
109.68	355.772
440.406	93.3086
360.555	362.27
46.3421	483.442
140.192	142.558
443.174	26.6496
486.122	157.71
275.525	380.209
454.049	411.08
399.975	155.235
241.332	398.595
276.186	389.399
328.444	327.332
15.6369	494.163
123.439	373.832
299.532	247.601
298.664	400.329
111.038	303.174
268.512	458.555
285.501	75.7773
372.118	280.886
422.768	47.7001
336.145	279.699
443.046	226.547
74.2192	240.744
226.611	61.4265
267.085	447.222
198.995	407.243
411.32	181.086
424.412	195.704
64.0798	133.203
450.839	11.4334
432.695	95.3724
104.38	296.419
453.41	147.727
165.013	103.887
69.7725	174.348
126.765	247.256
379.482	444.499
495.497	116.708
128.848	41.9724
205.319	208.934
268.266	37.2018
308.474	276.531
147.878	435.201
395.948	403.245
235.669	40.2223
202.936	262.017
473.978	429.98
466.073	398.634
120.698	295.657
96.8086	156.706
223.341	372.499
26.3538	395.141
425.392	480.695
465.259	232.641
115.581	433.862
449.248	145.212
75.1873	239.456
432.37	373.331
493.533	479.13
424.888	355.507
271.517	430.872
108.306	330.446
12.0193	391.047
219.173	313.162
493.647	14.1067
367.127	37.8725
298.091	267.865
312.627	438.714
494.947	425.429
136.769	314.089
240.097	42.9531
372.582	63.1443
386.688	198.406
413.948	27.5662
343.295	332.844
132.188	489.816
482.33	62.6002
322.153	364.446
433.781	14.5827
283.389	469.931
427.188	135.208
498.56	416.104
477.492	129.712
366.468	479.676
248.587	308.82
56.8354	12.7302
182.498	283.166
25.2975	135.434
81.3349	455.08
236.368	185.149
317.981	42.6129
431.642	421.758
312.996	368.463
472.68	225.938
380.935	380.895
256.077	363.156
230.343	355.758
252.923	115.885
398.522	47.8932
83.5975	332.032
389.503	104.086
341.804	373.322
482.129	222.667
256.5	258.795
275.859	286.115
93.5962	311.391
175.3	482.498
362.04	320.032
138.201	243.183
280.563	81.1791
58.4612	409.135
243.283	34.3214
328.704	481.677
46.6963	297.454
113.389	228.536
208.347	27.4009
395.863	149.888
492.107	149.699
82.1366	373.187
126.197	298.133
198.86	355.829
454.688	101.346
480.315	155.992
56.2943	110.012
472.07	245.599
463.381	226.943
304.398	34.0103
401.141	411.408
194.381	411.388
112.426	327.069
331.58	399.234
232.045	30.9021
463.121	164.95
71.0261	421.375
403.068	307.018
97.363	403.45
265.508	311.832
319.536	262.256
448.352	35.4017
100.638	296.046
345.763	184.43
417.975	484.78
124.972	475.946
310.847	182.985
155.335	281.053
75.7804	462.95
207.904	457.622
279.093	44.7661
412.023	358.586
486.463	240.058
400.336	226.396
165.192	344.116
151.351	317.395
492.353	25.9306
425.622	57.2842
59.3188	333.69
375.876	476.288
73.0635	474.279
88.6385	172.811
484.743	350.461
313.634	83.2567
192.017	316.899
262.862	270.785
311.909	31.6404
36.9973	139.203
162.394	54.4041
455.511	283.825
130.758	30.8784
167.39	54.9775
460.461	295.776
275.955	198.492
255.068	485.803
412.294	73.7557
322.166	435.712
440.262	234.575
465.327	270.591
136.732	431.033
50.1179	388.05
324.597	180.569
348.535	23.0488
409.928	176.037
299.376	425.668
220.563	486.733
371.625	420.987
147.939	377.261
233.575	279.584
331.858	438.173
276.017	375.107
464.979	223.182
239.851	496.677
76.6359	477.007
185.464	44.0925
210.35	438.971
490.318	247.246
285.703	79.1848
449.365	270.812
442.577	118.899
180.417	185.231
44.9268	469.608
341.049	94.6379
234.551	21.2213
240.974	13.5567
164.344	476.943
108.967	217.417
480.05	451.561
466.705	390.829
136.518	111.935
339.025	431.2
268.568	230.662
485.678	445.35
214.026	372.107
358.573	270.734
244.048	343.092
414.972	70.864
392.258	240.071
55.5921	168.302
132.545	234.936
405.832	207.02
50.327	291.327
121.766	180.921
233.958	68.0166
427.42	344.264
375.09	395.203
347.761	343.017
85.7702	174.832
22.3749	314.446
121.773	164.454
164.025	336.191
194.211	153.256
203.959	25.2068
354.051	386.076
338.659	480.726
455.868	306.655
251.977	493.137
426.629	222.88
295.211	153.14
328.804	135.027
481.348	158.067
313.405	113.436
303.889	77.2084
180.741	378.066
359.635	486.978
469.691	461.936
42.4287	397.426
348.819	202.132
442.466	106.346
37.2622	342.348
394.951	155.841
436.462	342.64
76.0749	327.804
406.934	141.624
333.205	78.3745
333.208	298.623
216.627	207.387
237.718	146.482
52.2741	491.493
364.949	112.121
292.907	207.662
81.1624	436.786
11.6065	407.662
35.0813	16.2917
101.523	252.686
494.158	176.585
299.323	224.092
128.178	330.164
59.3424	287
160.049	209.587
402.976	410.363
34.2309	355.076
298.497	417.609
280.221	28.7006
467.415	421.392
12.2224	494.42
35.6369	292.154
107.114	185.864
407.147	159.092
213.813	479.355
107.424	252.53
230.413	64.5549
231.737	138.464
403.963	59.58
242.327	248.965
360.132	191.443
297.857	495.421
33.614	249.879
439.31	255.555
352.493	394.535
129.112	415.905
343.148	227.214
261.41	82.6156
260.932	261.487
339.701	339.87
369.998	139.236
195.187	294.261
379.525	293.778
394.991	426.16
174.218	23.1358
257.818	373.877
382.5	237.474
303.195	370.448
443.175	94.9824
298.771	361.48
8.35927	209.684
413.459	418.218
133.562	262.332
20.6837	407.273
42.546	461.66
236.603	288.17
224.999	155.324
389.568	260.55
110.209	412.082
219.291	290.128
114.534	488.517
438.022	108.48
190.823	401.479
293.587	168.868
483.84	203.325
276.705	452.212
80.9352	318.487
154.199	482.207
157.154	139.424
474.851	342.567
5.65292	72.034
30.5783	287.451
429.502	361.807
198.472	324.536
188.786	322.733
113.774	218.214
68.3321	214.778
363.654	479.548
254.983	283.03
131.512	479.576
92.2005	225.948
160.502	383.439
486.365	104.253
460.699	151.073
142.357	79.8465
150.845	35.7681
360.887	185.133
37.0797	158.648
8.32926	421.853
159.495	242.02
452.437	344.314
337.036	266.945
98.1601	43.493
439.199	149.428
429.238	489.926
101.337	166.895
365.762	186.613
487.959	11.8643
84.0144	255.451
48.6521	361.796
239.128	188.88
478.854	458.295
135.131	50.079
231.103	430.528
454.927	96.503
9.63868	267.743
111.923	354.314
351.17	311.366
84.4741	98.8115
438.01	125.915
369.777	232.794
402.201	411.825
14.9906	386.99
105.313	116.504
467.259	479.964
436.82	206.808
148.345	45.4911
470.908	164.495
457.009	299.05
333.167	185.648
164.227	264.793
391.407	390.23
138.69	322.213
223.483	400.605
490.097	453.423
449.904	119.187
446.395	145.465
235.633	382.648
170.325	52.4668
446.273	30.7226
52.9802	77.3912
241.211	359.438
184.389	270.181
463.216	242.156
68.9952	470.188
464.706	356.543
103.794	334.178
198.725	384.265
361.346	235.107
339.402	81.1058
188.856	464.201
457.716	36.5593
123.724	132.776
187.672	19.9444
42.0023	291.522
254.151	249.586
425.36	51.5432
305.239	109.497
98.6061	389.509
379.944	290.389
426.174	421.8
84.0613	324.913
371.27	488.448
400.746	67.5497
100.267	424.27
410.1	490.942
265.928	464.006
79.0325	459.852
202.297	293.559
359.515	304.97
414.008	397.318
204.82	271.443
17.0244	83.3956
482.742	85.6855
317.635	24.0376
20.159	448.488
86.8211	94.3777
352.387	441.349
368.1	135.64
428.624	33.4577
300.617	39.2352
72.702	195.552
392.387	459.132
441.303	160.877
44.1015	345.462
449.077	70.6019
69.8494	111.456
271.517	66.1072
167.706	491.683
22.0504	162.102
249.086	27.8149
347.852	221.321
60.8203	100.117
380.78	68.8122
274.668	83.4695
312.522	101.941
300.207	5.09183
86.3948	33.5306
473.671	474.736
442.558	348.47
34.2234	134.481
312.683	456.818
33.4312	120.09
147.216	476.916
73.6138	181.347
40.5968	298.831
286.34	374.332
372.912	100.182
93.6723	208.296
22.5471	452.102
16.3447	311.748
199.543	475.06
53.3071	67.6053
145.214	423.127
38.366	482.643
290.569	252.306
193.29	341.121
183.565	102.376
421.211	261.794
409.02	237.892
285.556	174.827
48.0858	472.948
17.9725	493.878
81.6938	260.094
470.765	399.246
259.351	266.524
353.116	404.516
208.386	429.512
457.05	267.419
412.406	78.8211
388.667	328.691
375.972	70.5485
410.805	251.885
488.065	210.21
469.593	151.63
115.749	161.615
356.213	34.0403
442.177	85.4622
446.319	45.7404
344.783	333.632
440.663	417.78
419.888	265.148
442.755	334.868
324.604	203.862
465.74	464.753
317.794	53.1776
259.212	277.198
308.319	63.3279
188.725	68.0577
18.8502	247.735
240.849	449.733
84.4412	462.084
340.984	161.984
467.863	51.8365
187.636	178.311
26.4649	481.602
342.382	353.541
52.4671	284.538
391.405	51.8407
492.128	222.524
481.195	27.6069
76.7072	258.124
210.787	146.692
75.9151	431.174
359.825	453.725
56.8888	208.961
96.7309	147.85
423.633	27.3074
254.667	76.2648
392.675	412.659
466.408	281.47
73.326	486.286
29.6922	453.117
237.905	52.1667
310.127	142.066
212.096	420.6
224.497	284.628
399.457	103.124
283.157	392.35
316.565	32.8519
15.9567	226.879
411.269	408.338
364.038	34.6801
222.996	452.665
168.697	451.415
418.542	488.95
116.305	395.964
377.88	270.21
105.411	105.556
374.593	149.654
291.076	343.266
486.131	89.4625
29.3117	95.2676
67.4439	409.599
64.7639	345.055
335.936	408.236
214.197	422.459
347.128	139.395
66.731	11.2887
23.7289	122.512
3.18315	319.816
339.283	78.0504
92.6205	388.563
427.477	203.913
276.412	374.429
338.254	146.949
258.816	447.595
289.898	231.258
333.601	202.254
387.817	305.703
75.5225	104.719
441.173	172.415
197.06	180.655
85.8302	395.904
67.8818	243.749
155.721	145.887
29.0345	384.927
79.9589	46.3074
23.6504	90.519
185.746	243.858
31.9036	344.849
34.9144	119.303
485.482	165.392
205.107	468.621
461.168	87.5118
201.279	27.1944
25.7784	396.975
289.422	390.781
374.887	140.298
423.566	394.38
346.921	247.49
118.945	376.292
124.994	281.138
90.8004	39.872
130.49	313.995
462.543	152.284
341.957	162.95
494.898	289.502
237.238	180.586
182.379	406.837
239.972	132.573
216.559	392.974
324.239	314.907
51.7108	154.381
77.8317	165.349
62.4336	296.51
415.777	406.921
479.444	458.27
255.555	488.877
308.466	399.394
431.045	31.0255
129.372	123.802
66.8936	348.4
222.553	272.087
96.0073	29.3182
339.565	490.684
460.918	280.829
206.795	182.942
234.381	71.1275
496.353	18.6283
195.454	362.717
256.692	383.813
248.437	281.045
342.453	374.229
140.283	70.3482
375.471	106.175
163.813	209.466
24.049	139.893
215.441	470.641
162.625	421.014
178.672	471.072
325.161	119.687
188	20.0185
53.7133	148.891
359.109	219.269
76.813	378.279
243.473	316.574
436.153	470.513
300.974	193.691
450.733	56.9911
99.5047	460.455
363.45	364.672
449.753	434.903
58.9325	484.537
480.299	396.23
222.106	189.561
65.0089	391.438
284.785	78.2119
278.2	247.832
110.082	157.527
284.25	71.7057
308.267	283.171
121.646	101.109
56.0583	67.7855
256.789	290.834
202.677	409.208
105.902	39.522
257.923	238.874
308.019	99.1593
122.563	234.464
482.579	77.4326
74.9094	496.024
215.592	82.3073
87.186	307.966
31.6251	84.0645
484.291	150.039
119.074	170.076
329.712	308.788
178.146	382.455
448.735	53.2552
344	264.218
208.453	480.502
434.446	329.304
380.69	491.803
402.205	484.805
302.943	376.106
296.46	116.612
374.426	90.2972
103.134	180.059
312.061	437.156
262.568	468.582
342.068	243.076
108.78	440.099
299.452	330.372
233.541	156.752
163.651	420.441
277.491	91.0677
109.828	197.889
51.4272	94.2107
41.1775	160.891
74.6074	216.381
33.5171	47.5631
271.916	285.391
53.2018	347.661
195.596	37.2468
288.803	417.226
482.649	291.473
423.905	334.902
463.726	125.54
25.2521	273.511
181.241	263.676
402.859	421.29
43.3116	15.4121
294.056	349.481
215.706	204.119
105.062	62.616
13.7195	156.57
181.359	365.262
251.715	427.474
199.332	135.004
127.446	217.939
66.7641	17.3823
402.769	326.384
10.6624	219.953
386.35	216.227
399.139	77.5853
322.725	489.24
71.1774	40.9761
30.6206	192.014
89.1204	439.23
6.88301	257.565
102.919	382.071
153.612	82.0703
322.895	85.907
69.4316	240.038
148.821	235.404
109.419	26.8713
18.833	270.153
171.48	215.082
227.092	133.954
482.383	301.74
189.296	423.339
473.776	449.755
423.875	73.5712
354.985	67.2476
48.4611	327.101
76.5691	406.215
225.599	342.527
157.922	11.6748
8.73208	165.238
295.794	176.883
15.2654	410.842
453.538	163.769
158.916	246.894
217.301	318.035
272.551	277.911
425.089	138.749
164.766	195.999
169.249	369.726
460.145	486.992
221.016	362.693
125.377	498.634
321.513	226.112
397.313	476.083
276.734	445.996
359.961	120.359
342.334	375.474
428.527	126.226
338.874	176.414
296.84	339.685
418.89	498.426
431.983	338.687
495.265	209.29
376.515	277.972
316.175	32.6293
58.9532	257.752
340.657	474.936
469.426	351.23
46.6271	317.323
121.165	84.5634
61.592	477.168
242.012	193.16
58.4537	142.511
81.9884	351.938
341.307	152.342
207.612	15.8979
475.888	237.629
234.251	370.321
83.6054	152.079
344.533	13.8847
151.972	282.236
275.359	100.55
425.406	33.4279
6.53305	326.728
454.66	303.569
489.978	113.447
372.06	147.778
51.5804	117.794
447.11	164.236
216.771	198.066
249.518	397.356
273.788	452.52
381.304	64.2114
93.2281	141.441
155.986	5.22083
411.419	113.314
263.053	323.963
54.4282	417.769
141.415	112.94
375.96	275.134
378.544	321.329
426.745	447.57
410.526	148.528
134.844	462.902
143.944	229.17
414.803	22.9738
46.4342	309.848
51.581	103.369
88.5317	211.399
466.093	414.11
198.214	110.736
311.744	349.219
457.07	388.149
127.187	386.088
256.952	253.668
269.743	290.541
347.06	128.1
420.402	29.4217
276.959	444.842
106.385	256.859
289.456	144.185
153.586	199.459
56.7371	196.257
319.501	35.8052
292.064	358.274
191.458	63.8378
298.026	156.298
408.906	471.326
86.1897	457.898
481.769	322.819
273.353	269.143
214.816	494.916
119.479	499.89
45.5289	158.709
361.301	99.6116
245.846	273.546
426.016	259.483
72.9052	59.818
269.108	79.5738
414.166	310.469
6.62385	62.0812
185.848	20.6765
377.207	472.201
30.3125	319.534
11.9422	392.965
52.6431	46.0621
315.593	67.1946
486.848	388.673
13.0184	151.708
327.69	308.165
301.767	66.7239
49.026	71.1397
362.835	86.1412
467.27	230.666
339.736	441.388
154.657	227.615
283.605	300.898
371.942	229.536
461.971	489.401
201.503	335.615
481.605	107.105
215.685	379.824
102.232	346.569
181.499	195.535
27.6796	369.552
131.751	419.713
60.7315	105.404
139.531	253.59
116.437	320.44
98.924	305.288
193.911	345.422
115.938	262.565
368.221	292.869
341.627	41.6734
444.5	55.0426
371.666	289.447
46.6495	168.238
270.317	86.8738
354.334	244.762
308.472	416.874
69.5511	95.3661
38.82	153.906
47.2952	66.6741
124.712	146.222
60.6042	129.667
126.928	128.827
141.548	436.102
231.051	316.698
492.154	330.482
46.7309	58.8361
231.336	231.281
206.93	109.118
445.866	468.136
88.0821	384.545
385.146	50.3048
22.0753	480.013
122.507	231.511
254.315	475.967
386.984	268.202
325.06	39.3596
91.5908	227.232
115.513	18.9425
286.443	438.668
189.312	116.859
256.195	492.636
240.921	453.998
458.949	368.295
127.829	449.252
314.105	126.308
467.774	209.143
341.099	130.165
212.26	277.13
338.511	409.259
120.945	255.508
153.094	386.657
482.634	385.664
290.48	273.589
32.4416	94.1341
322.463	351.164
281.764	395.753
112.068	272.256
444.697	302.715
22.4315	131.767
136.254	277.665
120.618	47.4872
163.868	189.897
280.762	258.087
56.6942	142.987
337.874	210.982
93.433	60.74
470.418	143.015
292.313	489.108
400.402	491.363
130.822	398.507
91.3632	105.147
470.504	58.097
282.603	407.991
359.136	281.424
191.804	367.933
439.416	351.925
394.169	486.819
312.566	454.687
226.89	460.359
283.315	194.27
332.288	490.927
303.659	364.587
255.702	461.767
450.313	248.928
384.646	398.26
90.1369	406.192
371.477	403.76
74.2181	69.2201
45.8827	324.925
182.283	350.991
171.527	433.141
237.841	188.573
304.457	79.7102
425.932	69.1804
44.9802	37.7222
75.7156	79.7396
126.308	213.043
224.241	165.295
453.52	321.66
237.012	297.729
44.6379	489.424
483.133	252.045
63.2694	165.828
429.147	70.0014
147.898	149.395
97.5781	47.7915
472.747	281.865
499.514	415.306
349.392	297.197
394.122	486.33
108.689	282.078
39.5803	55.7863
160.864	400.247
288.064	468.191
79.5055	357.571
82.6254	475.415
420.976	22.9957
26.6251	404.611
48.8898	351.348
45.7431	283.191
199.615	41.7082
169.481	490.322
29.1636	478.608
497.116	446.597
170.574	105.666
109.755	12.2408
480.502	480.846
188.385	447.734
294.354	24.6277
281.166	143.036
124.814	234.121
83.9627	95.9212
373.358	257.445
461.877	198.383
177.759	115.368
406.731	352.191
286.148	173.947
470.059	441.839
408.256	15.4148
487.013	335.975
85.2761	235.379
410.882	206.673
246.799	143.35
324.437	491.192
423.372	23.6816
60.7717	196.777
111.448	86.923
406.949	462.918
467.337	75.7731
251.956	50.288
204.14	63.7069
186.258	177.544
385.541	458.598
209.419	43.6787
368.805	340.591
438.809	88.0365
10.4348	109.829
367.667	474.806
229.654	25.2163
51.0549	64.8299
281.387	205.315
27.3082	93.1903
246.729	5.37844
144.954	133.765
231.892	261.754
315.155	332.485
259.442	366.368
464.387	251.192
342.446	139.505
440.968	480.599
237.603	371.121
297.882	9.65978
99.5208	341.971
337.367	458.206
182.519	387.014
170.748	97.6415
428.52	478.921
398.453	43.5257
211.422	247.004
420.278	200.327
238.343	402.415
155.679	143.687
305.512	314.491
470.287	175.775
48.9138	219.89
315.8	46.5742
10.9859	296.828
204.679	304.974
482.596	360.228
282.948	322.842
32.9039	341.104
380.155	443.936
242.468	36.1678
233.913	354.15
166.748	458.864
422.674	406.511
137.978	152.581
182.955	482.023
303.874	229.941
192.378	485.372
111.443	293.426
344.158	223.876
261.804	251.904
359.779	21.6768
153.712	407.236
404.332	158.558
482.729	348.343
148.766	285.857
347.358	482.17
30.3745	60.9023
38.6535	465.822
66.2898	4.44286
334.539	167.205
210.736	310.437
254.222	141.188
106.05	177.264
33.8952	55.8263
471.247	297.956
150.756	49.0941
204.47	373.242
268.657	388.128
27.4889	76.5932
91.3239	317.533
175.909	89.0764
230.709	53.9167
12.2959	79.1554
257.119	393.334
341.64	147.177
384.933	207.964
487.661	335.56
38.5066	13.5723
384.252	439.524
157.861	428.981
189.615	277.386
61.6025	35.2168
124.825	96.7695
393.457	71.3119
260.997	410.512
209.371	158.352
238.281	72.0342
291.634	146.925
420.682	162.464
83.8848	269.851
419.611	429.622
107.687	55.2073
475.435	251.047
173.549	106.927
204.991	374.134
493.911	472.801
68.0492	32.7996
82.3692	396.865
315.56	317.787
388.296	430.968
244.242	387.656
99.0714	50.598
368.036	172.797
20.0064	76.3691
450.964	475.378
24.5051	456.369
327.582	23.0119
166.893	95.9314
128.434	286.814
431.145	474.989
274.562	84.5136
307.486	32.9529
215.736	178.463
346.317	363.366
126.53	283.889
418.4	426.661
495.103	472.191
134.057	81.9887
271.173	455.404
382.663	291.114
64.5709	306.279
85.6379	433.307
409.974	266.456
201.541	244.285
171.74	262.315
155.627	432.792
354.061	115.903
417.554	220.699
8.11926	52.1936
438.465	326.795
403.012	393.388
475.015	237.752
473.786	203.621
344.424	470.23
259.549	295.386
346.439	28.032
35.7309	343.78
207.211	149.308
475.378	445.943
59.413	266.736
395.342	68.1206
474.663	38.5995
124.774	217.797
158.83	141.099
283.367	202.675
233.845	493.147
32.8396	82.8786
90.8802	301.832
99.3176	286.823
398.012	398.492
438.778	441.403
323.282	95.7086
75.3183	150.988
192.784	89.4394
142.766	439.269
492.515	282.114
166.665	364.9
347.789	487.26
49.8083	182.854
311.622	271.783
283.872	140.722
350.46	375.263
94.6658	131.747
480.169	188.675
193.189	371.841
288.087	487.054
44.6534	220.496
162.098	362.376
116.712	31.3023
440.063	427.469
219.098	245.087
418.98	106.77
78.5276	173.403
270.188	380.387
331.729	434.463
452.568	304.199
441.277	440.378
289.715	69.0032
399.564	233.103
344.028	140.253
135.078	266.419
176.632	485.469
305.876	230.319
243.626	225.589
486.457	369.452
203.421	365.985
336.149	73.1291
265.527	321.771
123.234	12.945
304.754	81.8389
311.145	230.871
84.5481	46.531
187.351	368.586
340.607	156.964
188.582	177.981
388.52	494.76
258.153	95.4539
359.763	483.305
235.113	440.989
287.709	435.332
94.0361	190.009
352.89	461.268
106.434	115.767
465.83	42.9371
465.567	83.1368
293.321	319.435
413.644	471.84
290.579	335.397
423.897	489.969
487.169	124.652
163.114	209.173
323.726	439.105
435.413	353.024
348.085	497.219
291.607	235.951
156.615	172.444
302.585	294.937
263.002	93.0648
301.685	285.483
426.519	284.371
375.121	368.508
16.2275	242.238
169.325	467.228
425.147	239.065
325.583	204.635
59.1539	161.379
261.246	94.056
203.662	142.923
8.02635	370.096
256.948	471.22
247.237	221.495
58.2779	16.2123
327.936	399.661
256.911	452.604
393.867	255.934
239.006	42.3554
73.391	124.527
224.399	230.215
294.658	157.083
321.01	62.0329
136.508	277.765
117.745	12.5753
359.742	188.157
226.4	331.565
49.7761	384.718
36.5211	171.395
96.2597	353.201
268.811	240.498
48.7432	43.695
56.0851	367.29
405.124	297.232
404.247	100.606
267.395	378.751
280.527	298.352
27.9323	264.926
30.8572	61.5601
68.1402	308.351
457.324	273.315
260.483	217.53
259.157	74.2654
391.602	283.718
440.218	322.082
278.456	94.8812
120.191	31.5993
220.686	221.031
45.0028	479.523
343.143	463.058
309.14	478.283
132.391	222.321
157.549	117.382
441.301	403.739
379.313	46.9215
386.118	497.107
413.869	20.0798
121.534	435.031
186.59	471.261
142.524	236.38
105.252	407.324
209.82	161.251
456.828	353.489
124.542	316.094
214.083	355.487
241.376	375.594
320.621	196.807
468.673	460.629
143.31	296.158
257.027	494.435
93.8613	183.246
69.0488	37.3698
177.809	336.936
143.597	72.6512
195.313	455.335
75.3389	261.565
349.728	168.429
12.9599	200.805
130.574	486.2
413.829	113.684
304.873	164.033
55.4108	292.408
63.8503	338.612
62.4626	196.01
220.577	392.219
295.777	318.594
329.824	267.671
494.837	178.122
386.428	124.044
480.405	197.596
169.837	420.772
68.018	217.78
70.7168	377.796
125.993	72.5465
1.39536	161.733
409.44	300.925
167.262	281.999
280.792	289.758
330.753	182.523
498.995	190.388
105.579	490.559
178.353	280.076
44.1644	68.287
62.71	436.801
354.816	214.512
400.551	131.038
455.891	453.343
202.079	71.1198
466.587	65.6116
48.0698	486.423
263.803	442.156
368.076	222.198
320.265	52.178
195.615	265.863
319.043	491.565
242.063	448.52
207.145	134.958
295.585	131.967
425.207	329.315
76.14	499.287
334.333	256.718
244.681	313.293
99.4351	166.606
492.86	489.107
305.706	64.2043
301.95	428.11
497.243	25.8517
230.462	49.9869
109.601	246.383
429.58	368.514
235.002	425.193
266.726	450.89
225.356	409.658
440.338	316.489
350.461	174.119
316.206	317.945
280.713	459.784
441.602	199.555
212.563	91.7629
445.868	27.4484
398.894	200.087
94.5631	205.108
237.777	182.192
139.094	427.952
400.288	242.746
51.7201	6.8622
271.649	380.13
63.9402	343.452
100.962	315.858
12.3338	289.556
349.269	340.876
464.655	490.549
232.538	282.726
191.583	286.994
76.407	138.703
188.485	58.6167
468.055	483.781
443.094	262.636
267.142	419.383
435.162	305.729
281.466	425.408
265.532	328.676
270.17	322.531
329.296	159.024
233.042	170.042
96.8136	418.336
287.43	249.75
230.11	436.582
318.523	295.842
360.598	373.849
168.999	194.506
391.044	289.233
71.1286	327.006
355.033	245.095
180.208	236.309
485.203	433.858
374.535	381.408
154.752	35.8549
150.628	477.257
107.115	19.6559
364.629	322.276
123.435	3.43126
252.309	81.2635
301.978	355.762
17.5402	51.0685
233.544	433.262
497.13	22.5762
448.744	390.382
339.383	435.876
233.352	451.617
61.3543	308.631
323.256	52.8031
184.257	243.914
328.213	273.06
219.479	411.504
130.658	84.1351
355.763	167.129
53.8359	177.911
74.428	54.5491
291.408	458.775
288.663	23.2435
348.412	437.602
140.057	408.624
394.707	206.024
346.73	80.8875
331.184	273.178
95.8201	492.741
298.439	210.331
139.13	36.4932
440.32	461.087
304.722	381.825
153.145	378.83
197.222	214.803
212.755	228.759
465.211	281.033
148.226	210.368
434.348	316.36
49.9573	251.113
379.239	232.771
489.541	49.212
339.364	9.68634
248.234	332.032
252.259	313.611
364.875	428.439
44.818	309.63
304.65	101.97
499.149	229.646
203.234	394.828
216.152	212.515
335.987	317.6
63.0743	195.103
29.5785	372.356
411.4	329.782
69.7926	110.062
406.896	155.194
414.084	275.572
96.4801	335.736
9.80744	286.701
296.398	301.608
292.711	305.856
34.5055	345.513
466.415	412.432
350.43	180.004
12.8718	490.114
243.064	381.317
304.873	71.6765
364.743	62.9668
381.049	236.19
79.5452	166.82
77.5847	171.207
251.06	92.6547
370.32	15.4316
173.035	496.053
153.616	125.977
315.904	473.02
84.3054	122.374
51.1445	272.36
20.7543	463.674
33.7732	32.3669
298.156	151.985
328.32	247.072
400.564	377.464
399.44	36.0338
366.36	156.19
247.652	12.473
485.79	100.654
321.013	480.758
114.123	331.588
397.876	362.699
154.326	457.534
446.538	440.915
320.135	437.324
276.495	89.4785
161.818	62.7034
334.345	450.521
206.636	484.072
195.499	494.873
488.013	471.926
44.5795	57.5003
248.761	248.698
218.077	479.495
83.1317	496.587
224.683	49.782
392.546	438.172
326.768	118.792
88.1468	374.535
318.481	470.623
442.879	472.078
435.356	232.841
101.124	447.52
224.461	472.627
460.532	218.019
448.877	66.4144
23.3477	214.37
434.973	328.02
193.777	155.363
66.6786	179.426
186.247	77.7458
254.8	300.641
385.407	278.332
232.975	153.444
356.023	465.206
426.635	242.774
277.133	77.2509
161.752	110.24
67.421	403.873
487.229	365.691
264.208	275.076
473.428	229.531
198.959	51.7911
178.973	453.049
420.958	47.8228
361.22	112.824
42.1399	184.938
330.61	106.954
485.542	469.486
21.4668	296.391
283.6	428.087
263.232	378.84
397.358	262.542
87.5876	419.204
421.699	407.839
232.853	224.207
440.045	117
260.432	126.901
304.941	30.1178
68.0171	397.281
276.468	137.951
144.776	289.999
76.7004	381.496
189.4	439.716
238.42	196.343
366.686	481.34
365.592	38.4918
3.79919	106.827
37.8564	493.71
53.1409	21.5435
406.949	50.5629
29.7036	397.001
250.275	150.893
429.355	208.968
334.178	17.1394
84.0551	331.884
329.836	347.662
6.61656	84.4692
341.245	310.634
352.198	33.8383
10.1319	458.01
105.401	486.219
323.009	132.442
309.33	315.278
198.863	462.712
321.115	226.207
123.369	253.708
139.003	283.067
444.948	369.902
58.8813	39.6297
207.168	227.578
53.4388	76.2767
286.855	31.0633
220.447	302.637
466.594	471.761
68.2861	310.946
296.305	70.2523
61.157	301.683
234.038	382.183
438.582	275.282
379.907	387.249
138.82	162.545
306.109	211.813
252.081	429.349
294.838	429.742
174.194	45.4178
403.122	96.309
62.152	145.391
183.534	453.005
14.4172	362.754
210.537	143.922
282.776	431.912
45.3168	435.861
108.125	192.589
247.376	468.324
18.8777	499.252
377.651	466.379
75.0644	451.223
473.315	254.747
33.7852	153.299
294.198	256.874
74.8575	348.877
118.775	229.272
234.602	121.092
418.186	482.349
68.397	81.043
118.331	317.628
46.8337	40.7735
387.346	120.206
56.2513	80.494
96.3307	350.571
316.554	125.501
314.131	93.7382
91.1877	423.63
391.193	196.554
26.5767	30.5313
186.146	93.829
119.829	374.167
137.438	35.6164
210.849	279.438
479.891	117.38
155.43	59.8359
480.72	464.222
102.844	140.959
385.351	397.5
412.509	303.241
294.351	254.885
496.405	281.996
270.533	264.977
166.478	370.806
137.508	442.785
359.039	374.878
201.122	361.479
43.3879	212.111
454.957	254.335
126.593	121.05
325.927	353.414
381.037	238.394
192.769	239.229
272.456	269.911
276.599	435.118
206.552	312.448
212.013	89.6074
485.919	221.296
11.2976	265.82
493.686	483.187
224.243	463.776
123.824	128.505
63.4118	421.861
229.56	437.825
23.8611	287.385
477.969	330.653
104.047	107.612
274.108	233.338
434.152	447.699
77.2395	400.853
443.945	93.2141
186.146	91.5265
281.204	331.644
161.021	428.512
71.0192	268.322
323.239	156.897
4.35289	281.249
130.33	307.472
69.8154	324.186
126.982	62.5955
91.8605	235.423
471.317	403.36
73.9608	122.475
137.344	310.306
112.752	132.373
172.001	284.401
276.855	331.51
138.596	252.41
195.818	378.203
303.466	438.178
187.529	43.9424
388.418	433.47
52.7538	265.862
495.229	372.136
65.7628	382.67
63.7035	336.063
450.415	101.031
53.2331	496.312
299.834	451.865
470.977	195.741
236.932	487.015
274.259	139.117
418.611	236.668
257.509	204.909
351.802	254.308
473.294	106.834
284.922	156.538
94.7355	32.4562
380.967	467.132
307.368	357.806
4.15957	270.904
49.5478	278.682
411.242	388.289
321.002	202.399
116.963	450.201
477.165	115.24
222.432	52.9756
83.698	39.3559
468.629	370.804
453.246	155.114
473.508	495.199
343.318	298.34
30.0421	475.637
41.9458	290.335
301.069	344.905
257.552	156.276
287.478	170.303
376.552	498.329
250.027	217.529
49.4081	206.271
453.616	93.3508
97.54	176.001
420.375	438.58
275.941	236.481
33.2197	60.1271
45.3809	370.46
6.28227	243.283
369.457	418.067
388.25	160.258
20.4931	49.9276
38.0256	436.628
81.2776	313.342
253.256	140.165
207.314	56.4906
191.488	226.37
259.597	412.792
337.474	190.971
243.608	390.255
205.682	15.9409
102.787	5.06863
17.6292	316.893
429.117	243.465
135.398	300.197
449.26	203.787
318.698	306.341
415.258	140.727
494.156	353.836
81.8809	54.0661
116.201	456.039
442.11	411.498
479.485	374.81
95.1643	270.604
210.93	184.96
368.983	326.719
32.0153	82.2152
441.795	427.633
281.237	80.7625
273.299	208.722
483.41	158.484
13.3294	108.352
190.654	336.348
271.161	454.676
395.243	493.372
48.7727	456.891
115.365	408.111
443.134	371.296
418.823	315.283
353.695	465.039
85.0774	263.872
477.908	178.36
202.781	76.9494
121.078	395.862
270.175	32.0571
105.407	231.507
113.623	344.422
98.7722	350.02
328.722	77.8758
316.793	76.7227
43.0862	248.103
160.223	145.34
226.018	60.026
148.181	370.003
98.8955	288.729
96.3307	38.4428
291.065	277.619
132.924	124.466
225.559	66.3349
308.72	422.179
288.433	186.952
50.2176	88.6308
117.936	137.958
109.976	415.676
163.883	221.584
351.056	414.301
159.497	316.035
304.412	135.597
160.651	256.659
353.966	489.768
160.221	344.173
386.563	329.644
124.728	420.653
151.908	262.488
344.602	389.909
195.288	499.157
430.228	281.148
129.515	42.3153
247.2	235.626
92.4105	110.241
21.2248	72.4336
156.653	210.003
439.759	264.752
358.235	406.605
54.2967	163.379
117.584	307.689
213.069	266.804
90.1709	371.25
25.2528	369.104
183.566	245.53
6.76985	290.117
437.013	243.629
316.073	465.033
234.857	279.205
13.2437	449.81
192.459	337.155
316.781	191.884
313.917	147.513
441.425	405.109
19.3284	157.467
225.826	77.672
365.291	69.9364
292.655	206.659
102.279	6.17776
259.5	35.265
379.249	317.062
117.582	123.874
187.849	380.211
430.789	364.377
116.468	322.611
115.696	275.575
43.5755	125.449
265.162	398.486
231.986	473.057
196.944	489.87
243.393	260.732
427.192	305.632
34.3396	452.043
305.22	319.793
37.0606	271.591
243.47	381.028
229.454	466.936
205.752	258.443
61.1459	405.539
229.677	151.078
147.271	318.977
282.276	287.989
53.9904	474.992
293.177	467.371
395.768	144.741
98.004	323.855
135.355	154.797
51.8066	104.613
278.335	485.316
1.67551	289.036
224.476	306.629
4.30575	147.185
421.075	308.943
36.0308	267.628
494.249	482.488
32.9544	38.5458
339.744	182.888
22.0189	218.547
87.6989	329.418
151.709	386.92
296.579	423.493
267.582	399.265
463.467	127.016
162.944	137.416
493.816	395.845
363.989	232.653
472.905	222.258
346.369	366.045
498.163	126.346
76.0165	233.97
77.3468	444.969
116.077	174.653
258.311	369.39
368.976	248.853
226.297	29.9787
394.734	212.441
31.8953	144.803
70.4834	384.399
8.70353	461.697
36.805	450.023
318.113	248.835
102.05	385.65
322.82	237.007
154.049	426.96
160.077	462.778
159.697	152.344
364.94	431.549
314.244	24.8091
207.279	373.525
29.3694	151.842
215.273	234.606
94.0529	437.525
449.652	71.9413
497.159	46.2397
340.285	71.6214
383.251	451.684
368.086	218.003
153.2	284.809
190.441	281.611
101.733	423.868
366.32	386.769
426.359	305.333
277.732	497.844
137.41	310.299
52.0828	272.758
123.83	407.688
21.9093	129.737
433.807	208.476
364.297	123.001
140.622	241.999
324.566	185.386
335.641	497.461
235.691	329.908
328.943	466.709
118.259	89.0285
181.051	382.298
429.309	267.373
301.435	347.32
208.309	274.958
76.5969	147.023
295.122	339.042
467.485	425.791
65.5814	362.151
90.3388	278.552
283.837	131.288
368.478	354.36
90.3612	232.563
289.273	411.424
367.647	344.09
485.56	152.041
211.437	124.931
260.536	213.426
187.166	408.935
458.347	287.121
220.104	473.257
220.311	391.833
350.842	79.8951
182.302	121.159
390.051	81.7561
273.303	313.242
249.354	467.961
211.476	86.4927
205.594	269.878
413.202	202.318
493.3	3.41026
159.438	475.278
357.227	212.442
18.526	436.002
415.762	68.1909
25.4375	331.939
42.2058	238.24
438.242	494.276
18.1052	267.672
237.506	492.244
478.381	103.635
176.509	293.327
473.486	429.368
5.71823	146.673
37.8533	229.237
485.558	353.804
381.657	235.422
167.477	127.61
66.5406	126.461
296.67	0.447112
248.576	361.123
150.305	276.888
139.185	213.011
498.36	175.207
51.9981	142.64
68.8968	284.048
100.997	369.962
109.616	14.0258
231.709	481.139
298.532	469.398
142.843	56.085
395.056	280.832
39.0072	470.009
142.576	218.566
193.673	45.5869
305.365	402.964
9.33307	396.889
336.78	297.894
344.766	377.973
306.63	71.5794
191.966	73.8395
368.066	404.669
7.8866	225.788
62.933	154.907
264.931	263.077
164.212	77.7942
57.9305	378.35
268.798	151.675
265.623	148.461
227.342	298.905
101.861	312.888
409.105	61.8822
187.67	315.683
2.02304	44.2667
270.177	476.951
110.711	142.346
230.434	309.544
418.277	158.392
492.738	407.952
346.945	165.107
362.705	172.519
139.972	280.589
223.573	426.841
263.25	241.94
416.461	389.607
80.7486	197.907
39.867	493.712
468.397	136.284
132.817	302.683
309.47	388.594
367.14	27.9965
481.158	265.703
467.155	258.735
301.214	450.886
248.679	410.137
317.385	246.552
241.233	435.857
153.961	201.533
437.085	207.04
313.386	480.934
165.426	191.688
52.3567	235.327
375.913	64.4023
445.2	382.831
290.137	264.613
166.629	361.027
164.274	381.454
244.671	391.902
223.051	440.74
304.105	302.84
26.3555	371.758
472.281	392.611
382.217	495.952
302.522	184.521
90.3459	474.219
101.848	449.66
336.198	407.449
395.005	90.8326
385.127	165.373
410.891	266.135
410.901	472.99
170.81	387.809
485.955	314.23
494.959	424.926
207.398	453.181
81.6862	348.617
281.922	394.93
124.193	117.406
329.846	241.197
323.485	407.272
177.157	303.177
493.053	386.176
379.107	124.384
175.916	379.23
7.30548	481.929
296.941	324.938
143.035	62.476
19.2261	409.319
50.4444	423.879
313.56	115.576
266.255	244.23
227.545	310.282
44.7188	90.2296
299.401	341.648
221.703	165.333
333.066	224.339
321.05	400.194
16.2188	486.754
27.0084	330.665
227.532	439.855
213.17	206.193
34.5014	285.616
482.638	472.472
68.6829	497.466
223.523	158.232
319.272	14.1725
277.712	415.957
93.2281	103.756
257.08	406.551
365.295	380.222
378.061	277.403
406.933	20.1897
109.341	415.04
430.211	130.346
202.991	273.77
432.169	95.9582
141.59	326.801
275.44	322.279
271.091	371.576
299.363	327.769
34.6781	333.188
249.026	481.828
134.872	52.699
154.131	61.8262
117.847	295.704
423.139	238.15
493.234	413.698
349.995	346.834
405.557	407.782
52.0421	169.081
383.943	297.83
4.18994	291.282
233.938	119.637
212.299	469.031
132.17	369.459
496.114	486.147
239.41	433.473
27.6323	321.642
246.974	381.226
180.639	225.191
152.375	488.188
77.9785	449.651
413.617	214.103
398.931	154.623
44.849	229.591
32.8813	487.511
110.271	402.27
378.73	288.401
199.515	144.616
24.2683	298.454
23.2512	476.516
457.105	379.236
49.8051	335.71
102.299	325.615
285.967	326.338
121.618	76.0873
127.655	376.234
161.944	420.032
236.663	435.422
218.453	184.546
264.961	281.342
421.867	15.1634
458.596	91.3322
272.843	102.919
396.213	160.452
431.57	269.1
213.589	7.88071
338.552	328.194
364.225	71.8314
453.223	315.888
307.353	135.509
200.259	261.009
170.048	277.18
433.005	106.877
14.4502	383.212
245.711	494.63
252.133	234.522
491.177	370.548
12.8186	432.018
245.707	427.182
243.845	191.195
382.273	49.9367
260.983	426.489
343.151	145.315
121.113	435.795
113.513	244.212
371.571	271.269
151.814	287.603
245.236	153.016
435.629	159.42
489.094	469.045
426.359	102.637
147.275	385.644
391.708	466.82
419.048	434.883
339.924	346.656
369.955	336.766
68.8207	303.937
17.1559	436.788
298.815	136.992
375.428	441.544
431.696	454.845
329.939	165.032
208.965	486.653
174.957	29.1322
353.364	382.272
268.668	430.604
428.596	34.687
393.588	120.985
368.375	224.096
481.581	288.248
11.8433	47.8538
140.072	495.966
471.185	32.0391
59.5033	445.072
96.2169	464.472
404.581	362.948
142.789	405.702
89.9581	151.09
38.2647	353.016
488.673	186.322
93.6347	227.643
485.504	147.014
330.981	313.434
438.958	311.767
459.695	42.8768
477.773	264.644
189.487	183.129
9.6242	268.319
232.745	293.939
245.941	40.7624
419.664	11.353
432.033	300.147
170.323	135.507
261.72	239.07
16.6439	244.891
241.959	113.665
100.937	113.227
62.1719	462.797
205.382	401.818
50.6106	99.5245
489.274	397.896
311.178	28.0443
491.782	385.974
334.043	227.293
181.814	373.274
72.5093	198.381
123.745	156.318
185.657	314.646
363.195	141.282
309.059	305.384
147.521	459.197
356.524	64.9369
361.826	332.366
9.1207	447.187
393.914	152.517
239.831	353.47
361.075	102.94
237.314	109.823
61.0717	73.3855
86.5194	41.9691
251.995	257.196
198.448	473.858
460.051	344.915
488.188	48.6967
368.071	402.809
436.837	270.604
48.5788	306.246
137.624	118.488
205.89	332.401
40.9691	254.559
297.822	475.894
105.873	327.049
354.039	494.894
382.333	397.87
402.398	429.47
86.0978	331.863
414.988	222.852
470.195	381.458
399.077	138.886
369.612	381.847
342.15	321.628
137.304	136.057
253.325	493.324
258.835	306.823
12.388	481.756
127.954	277.399
80.6437	334.166
38.9384	191.766
495.922	355.376
348.389	267.225
391.167	307.376
199.518	153.568
407.444	162.178
98.5001	290.43
294.945	124.724
53.1916	10.2845
140.143	278.37
441.343	200.736
454.257	254.412
319.575	57.9657
422.761	186.662
72.3789	71.3647
147.56	81.4531
382.635	149.621
105.918	476.858
325.254	74.9086
332.505	19.3365
206.832	249.592
356.883	184.176
227.488	412.051
309.704	391.732
270.305	391.474
389.491	233.624
254.596	196.168
319.738	141.46
203.603	173.093
303.305	291.222
306.65	324.409
355.223	459.041
410.61	436.462
314.522	448.299
397.017	465.051
70.4242	454.863
246.936	343.255
300.116	96.5875
297.942	141.807
1.84499	362.236
391.261	71.5853
234.967	438.154
476.822	327.298
491.479	57.0569
312.893	311.725
480.992	51.6058
332.499	482.417
266.505	243.656
427.939	170.563
475.427	59.8113
234.982	440.023
188.967	4.73202
164.487	456.071
334.914	96.1965
439.046	491.168
215.766	427.101
187.429	456.619
364.874	461.269
489.003	383.097
154.257	330.292
183.137	255.341
107.62	89.8051
185.735	19.1393
416.714	250.011
33.5419	314.768
497.557	455.615
332.774	46.3663
108.357	370.569
170.694	304.037
249.159	481.219
59.9534	410.651
482.995	287.11
301.702	209.894
298.958	324.187
441.138	105.791
465.859	284.293
286.697	285.149
174.204	117.726
257.229	326.844
20.1037	462.937
294.148	150.674
199.527	99.4287
81.945	412.614
393.252	496.232
293.935	398.067
10.2067	163.081
426.997	324.937
78.7541	437.33
327.811	475.615
207.352	130.846
140.814	84.0149
483.395	120.711
123.982	127.737
123.722	416.042
186.757	17.8876
275.01	314.872
387.218	470.873
313.583	131.342
275.145	147.108
338.203	481.758
175.287	234.911
258.062	38.3043
178.745	47.3905
232.945	94.4433
334.078	128.894
424.305	325.137
222.111	338.842
431.811	250.222
64.194	108.123
397.436	440.605
462.779	297.781
359.783	452.223
431.882	488.624
432.463	82.8134
190.847	135.546
493.55	428.463
371.722	420.32
118.895	334.612
309.043	275.397
391.95	54.4234
486.403	113.008
494.418	412.844
40.8288	321.659
460.393	415.717
165.507	426.753
495.085	295.62
482.267	485.252
36.0671	351.644
467.153	266.276
273.602	147.721
125.681	419.412
353.949	84.1404
158.979	124.385
208.426	404.947
233.275	284.606
177.996	77.6719
466.722	390.7
357.785	281.828
229.253	298.936
146.238	97.5492
143.687	162.466
344.514	387.774
349.964	193.445
180.464	237.76
55.9636	16.925
38.6235	318.359
374.31	255.013
62.6668	404.387
93.8015	496.346
432.814	429.083
9.70692	289.952
466.642	29.3399
230.116	361.601
486.727	135.19
14.5705	466.801
402.305	144.889
232.621	398.18
259.083	238.502
355.475	23.4275
73.5195	150.819
314.893	38.3063
384.811	199.536
169.052	325.146
43.1925	343.483
113.765	273.157
60.0761	476.414
259.814	402.242
20.0911	207.453
344.376	328.742
399.554	370.521
251.082	163.901
153.293	327.726
393.434	446.486
225.821	333.841
339.593	461.788
486.432	388.962
472.746	13.0254
311.977	163.044
262.242	473.784
77.6259	287.645
397.154	61.3761
82.5998	110.292
5.47538	136.676
457.085	111.092
90.3751	32.7004
461.181	381.125
238.534	52.6852
30.0539	406.284
347.308	44.7485
295.678	53.2717
206.409	455.879
46.3703	451.295
63.6396	89.1931
466.908	293.212
456.462	3.16396
12.4132	83.1868
407.867	52.8754
51.8599	55.927
328.277	194.758
9.5551	241.362
265.783	367.528
338.345	409.498
325.23	417.118
16.3088	153.158
201.497	170.232
406.45	430.731
215.971	431.884
179.687	310.556
94.6098	250.904
453.077	254.096
384.265	438.999
371.619	161.323
379.627	48.2942
367.529	182.56
290.277	82.6827
62.9306	349.475
390.607	116.018
165.411	225.912
221.726	57.5547
467.723	352.053
424.856	246.614
234.325	196.295
417.133	297.537
138.806	141.204
491.801	268.612
456.709	458.327
183.018	478.914
197.143	114.353
54.6885	335.485
362.936	485.736
380.413	463.328
484.294	364.51
355.938	349.749
37.1451	326.289
117.297	312.146
390.615	208.88
126.565	84.2047
326.083	112.31
320.521	234.409
28.0164	418.602
85.5981	80.0171
342.102	176.099
288.626	359.226
315.357	94.2449
381.918	198.099
261.266	295.675
302.108	125.24
34.6186	19.0154
231.428	194.062
90.207	127.013
401.224	217.538
23.6153	491.341
348.38	185.348
117.047	303.459
147.52	77.1223
300.694	128.523
267.268	237.351
52.7463	351.674
161.714	124.605
262.206	88.5054
74.4823	161.983
413.272	179.946
211.628	20.9012
419.562	167.259
115.852	435.553
407.997	30.3316
62.8008	80.8882
442.656	137.215
320.847	271.813
87.1513	412.821
464.836	374.119
194.087	255.28
185.908	262.33
108.887	138.992
14.4253	216.633
321.716	255.021
437.738	161.695
479.077	99.3749
334.858	338.755
145.321	240.129
328.64	187.094
392.448	54.4077
414.898	196.552
327.063	495.23
214.465	465.074
107.951	13.4413
286.11	110.278
496.232	452.804
30.0947	377.51
238.55	473.814
150.058	199.886
192.359	106.435
56.8692	365.428
116.94	382.461
347.092	450.531
334.972	237.968
294.223	329.817
281.659	495.144
299.323	316.405
64.9984	324.384
211.99	190.049
177.851	128.869
291.814	112.648
318.56	102.452
134.986	416.015
441.119	321.817
105.482	192.029
276.777	410.775
104.18	457.189
177.408	21.024
327.513	187.101
475.868	224.815
209.962	283.997
178.738	94.0832
75.6484	229.033
14.7386	161.516
481.255	180.02
300.458	464.266
210.81	71.9024
66.6303	400.114
58.471	342.556
487.584	100.782
234.496	143.386
255.999	207.693
321.911	102.363
138.299	428.456
170.151	164.846
42.5004	44.5672
205.265	250.859
358.472	221.414
9.27871	219.133
194.098	366.614
23.9792	85.3844
30.4898	455.338
92.3554	318.761
346.15	366.266
356.003	29.3333
402.914	154.687
254.556	45.8606
259.619	469.002
10.1585	403.577
37.2662	66.913
447.157	287.222
263.566	313.771
398.64	461.792
7.14102	200.707
105.241	324.181
3.60651	71.5789
95.6203	87.4287
75.2354	206.502
170.241	32.1906
412.309	37.5359
225.733	70.3274
405.023	72.65
394.401	61.3123
398.059	164.829
134.511	104.265
475.277	414.009
437.125	479.423
421.431	33.9966
485.74	8.32708
33.4209	478.922
462.719	132.75
3.63686	34.3978
402.384	100.545
308.428	331.97
162.193	172.475
407.267	145.87
351.417	6.63146
145.727	411.669
341.802	260.194
444.733	155.827
202.881	230.642
302.875	159.062
371.832	400.683
359.481	352.29
410.811	133.909
21.0782	458.407
209.557	102.834
385.156	144.915
397.617	401.613
35.2105	151.61
444.18	290.289
426.63	233.534
88.6594	229.823
251.602	144.106
307.236	488.645
451.996	435.484
79.819	451.717
424.854	438.452
88.0724	276.346
303.83	395.146
382.854	308.352
213.381	314.225
462.559	386.474
426.521	124.195
304.682	49.6728
418.025	284.701
63.5154	205.656
187.599	373.724
63.0769	202.187
337.674	264.981
248.48	89.5569
445.084	194.503
434.233	325.831
127.041	156.939
62.995	38.2454
336.433	116.224
346.836	453.307
236.439	409.933
55.0774	370.227
75.994	168.492
244.266	59.8372
462.485	383.934
409.258	171.277
79.474	396.779
273.517	307.659
411.029	330.83
74.7473	444.541
342.132	443.396
275.234	60.8507
274.584	289.92
335.356	83.5473
411.987	18.9668
62.6332	77.6692
96.7737	251.322
194.179	290.816
104.894	492.285
244.473	37.1777
316.094	452.57
224.518	332.558
469.528	444.383
298.6	35.866
287.803	48.2469
108.003	235.464
83.8902	123.109
496.257	107.39
222.613	97.2347
287.258	43.0248
296.151	339.299
457.265	166.544
52.3142	477.76
141.691	154.568
192.775	306.829
406.456	452.93
305.227	320.902
64.4884	396.064
55.973	85.7486
375.481	104.234
49.0394	431.443
192.013	443.225
264.88	460.541
31.3117	412.511
366.593	422.175
427.997	471.746
140.779	262.398
105.797	184.822
9.55495	459.205
264.15	142.365
373.766	436.434
80.2029	489.186
455.888	110.991
490.702	227.588
4.16519	365.71
114.009	188.792
373.007	372.562
117.447	421.345
117.179	239.904
219.4	89.3349
294.49	455.304
75.8566	258.906
168.833	144.748
330.138	19.1112
440.556	418.142
43.8841	22.0381
446.932	91.9726
220.081	24.0151
351.953	350.521
289.055	439.305
214.217	426.814
201.015	271.772
177.419	96.272
266.854	425.744
280.519	464.934
10.2802	495.791
250.908	303.055
16.6805	262.422
317.781	252.756
231.304	144.538
299.606	461.467
427.391	20.0955
45.028	350.1
473.091	308.717
327.62	484.942
252.147	130.208
228.307	349.248
84.0966	488.447
103.51	213.081
218.682	218.757
218.209	352.384
222.468	156.257
18.3089	442.414
37.5229	90.7774
74.8927	172.683
64.7469	302.183
10.3798	366.993
154.553	256.573
459.845	301.689
461.678	99.8152
220.707	172.119
468.656	476.987
117.81	364.94
444.134	12.0289
488.894	267.452
416.52	459.178
328.664	427.15
486.909	94.3406
423.873	348.338
471.491	351.665
490.242	459.386
181.695	127.92
103.63	7.63416
171.231	285.234
446.129	64.7562
342.729	193.989
167.914	204.889
85.5058	490.422
461.546	403.088
177.325	292.351
242.779	429.876
74.1906	268.814
482.557	240.652
252.236	451.57
83.9164	229.406
414.77	33.0808
293.008	219.108
177.576	436.117
408.91	209.982
95.5666	160.558
90.1813	166.265
20.1593	45.2339
334.857	159.109
256.684	239.749
330.426	399.419
421.311	288.068
337.579	229.228
83.7506	103.129
419.153	345.199
444.741	447.697
438.628	132.012
251.505	293.189
310.77	286.016
124.819	370.838
211.217	307.973
49.134	450.661
167.113	67.3464
477.771	338.89
245.796	467.264
157.776	306.863
498.481	489.319
166.618	239.41
271.319	313.247
288.714	67.7869
211.792	213.706
293.803	324.934
390.826	58.4516
205.425	96.7417
280.072	418.975
130.348	207.028
14.6793	309.928
115.739	264.434
143.429	87.7556
345.368	289.617
408.386	185.138
339.125	454.532
102.86	211.405
340.111	115.572
93.8767	298.995
265.669	109.164
267.643	162.33
427.767	126.486
79.1777	249.453
74.3347	467.938
130.379	278.194
399.299	106.712
74.6522	444.255
461.939	495.814
311.036	253.419
355.472	275.334
400.939	71.9491
225.732	397.052
287.57	13.8542
144.743	289.068
63.9335	15.6706
34.5756	177.65
217.632	268.215
386	104.513
96.5185	246.338
89.0282	231.148
45.0522	378.17
481.184	379.564
205.25	94.9947
181.198	484.826
437.321	92.2255
396.599	63.0543
50.6353	296.436
66.9765	259.574
8.85488	461.704
22.0513	282.278
368.765	454.933
334.156	130.123
284.64	433.458
173.272	352.117
311.463	294.818
358.479	159.477
155.094	19.5837
328.844	9.07818
66.9371	384.377
153.122	435.457
208.373	280.342
3.4701	432.253
298.832	316.418
350.491	308.106
412.344	158.101
202.325	86.9151
376.691	396.758
192.095	1.90251
43.5339	411.809
6.28775	327.771
186.863	426.724
11.0157	261.5
398.836	468.255
469.109	63.0678
490.975	462.621
217.706	438.784
233.033	244.212
255.706	87.9434
58.5493	127.966
172.021	426.991
65.0695	418.819
264.652	424.711
387.993	67.1863
257.614	481.4
86.9087	155.512
121.028	6.69173
250.237	483.064
335.488	25.7322
264.304	132.168
430.34	431.205
232.076	154.503
26.3776	326.466
346.464	465.987
253.641	386.186
436.47	214.195
195.162	59.9055
112.612	250.625
89.3067	455.364
475.423	480.035
481.323	131.542
168.674	243.029
488.74	363.118
130.785	424.789
79.3678	418.201
255.324	431.518
310.979	137.288
318.502	493.321
498.072	258.796
297.458	25.1093
352.337	253.61
335.054	20.1434
229.108	143.567
314.224	161.365
169.845	305.431
189.998	304.339
96.1274	333.33
12.4447	268.018
93.4824	478.788
114.986	7.60159
50.9872	319.56
73.1515	98.463
393.341	64.0058
223.731	411.694
67.4	201.317
183.164	53.8497
112.541	418.618
62.8375	466.518
350.92	22.1334
305.296	220.391
214.263	49.4568
212.635	327.36
237.502	297.877
231.684	330.796
432.182	391.439
419.267	246.632
122.252	223.262
54.5269	355.537
395.764	234.711
234.725	488.866
309.052	387.758
475.632	50.6488
319.897	438.189
85.3243	118.879
61.0538	492.968
121.222	448.368
36.9384	388.477
57.9504	110.947
212.254	260.167
106.823	293.925
428.332	205.441
105.998	359.799
197.598	363.862
491.334	164.957
353.073	156.311
265.679	386.553
384.705	373.816
2.6404	229.194
72.4007	408.662
383.944	385.116
199.476	391.14
23.1821	222.796
58.6417	413.263
262.262	164.222
175.102	281.239
78.6526	319.844
475.883	201.94
457.598	369.433
90.1853	239.959
208.347	279.41
378.293	458.273
62.5076	74.9752
87.0207	364.061
429.977	395.652
166.8	112.304
166.969	12.4097
70.2554	218.404
11.7237	238.449
457.873	18.5422
97.8817	300.757
487.252	497.387
384.145	48.4934
301.486	429.159
380.855	474.852
484.578	107.358
41.843	459.21
42.7664	191.573
281.17	299.003
293.012	240.876
214.777	423.997
473.799	307.031
40.4554	163.115
73.3639	229.464
119.416	445.94
457.353	272.959
306.397	203.308
117.097	368.132
436.374	392.804
131.736	234.743
178.247	254.541
350.087	274.173
97.4099	369.705
370.309	339
210.255	292.07
327.973	168.116
3.60383	300.099
305.962	105.897
466.493	112.121
497.78	275.569
87.1597	46.2484
217.096	429.13
58.5866	431.943
243.201	321.416
133.911	384.223
164.259	187.85
353.123	410.656
238.889	309.624
76.5571	19.4064
404.381	441.706
426.606	228.232
254.616	283.806
173.654	353.492
231.729	383.771
152.191	272.174
487.827	460.206
487.419	101.211
445.395	247.755
338.639	255.661
101.941	324.006
482.185	368.296
49.3963	206.423
416.771	418.309
185.35	384.382
212.523	465.617
279.823	276.233
127.632	250.039
475.284	141.406
177.271	150.114
189.493	436.337
34.1507	157.427
164.514	468.707
495.253	218.793
122.495	427.454
490.683	113.985
154.636	148.735
273.61	75.7846
107.004	217.904
46.8119	191.664
33.0862	423.344
322.593	61.2749
106.385	393.918
318.067	164.32
81.4159	135.863
283.302	342.546
89.2513	426.591
240.09	240.049
224.995	17.0348
49.4537	224.364
183.052	238.209
27.136	113.257
240.089	427.409
138.193	57.739
372.524	266.528
445.731	398.027
338.107	472.645
431.949	44.0213
425.301	142.645
223.607	392.378
296.217	14.9039
1.45648	322.388
388.814	455.396
305.314	131.45
192.073	205.876
175.055	93.1209
234.258	498.958
446.402	237.661
379.988	484.3
476.866	252.697
151.231	260.59
306.542	187.503
110.327	392.131
459.868	65.4906
434.607	205.505
26.5025	401.215
16.2487	223.439
440.171	48.1899
340.076	32.5321
254.589	229.733
355.69	346.782
420.256	123.024
325.723	351.08
3.71922	437.861
397.336	291.701
162.45	299.636
123.462	171.557
149.809	296.663
329.733	159.725
364.441	327.265
78.375	222.286
49.527	432.205
110.017	271.836
81.5787	344.535
229.864	494.052
406.952	328.415
349.467	25.613
306.895	213.77
189.508	319.255
169.426	79.1225
473.333	391.262
192.801	492.483
482.926	231.672
357.454	139.079
104.199	110.753
279.755	213.934
279.157	325.406
124.692	459.343
23.5324	458.786
444.691	234.373
30.8171	193.886
345.765	60.4943
88.0243	387.44
326.797	324.609
273.088	164.856
207.737	61.4145
22.9702	397.595
239.925	407.499
220.647	133.973
58.6183	284.83
149.049	82.5175
377.243	407.853
386.839	494.233
444.242	262.333
23.189	407.447
280.83	374.409
465.484	135.87
455.313	334.737
276.736	421.727
447.18	5.01425
266.195	134.371
176.261	138.555
495.117	416.005
315.507	137.365
32.9206	280.886
366.252	334.815
279.281	401.556
385.137	205.984
29.6902	487.4
477.867	203.06
412.273	63.2064
353.794	182.629
217.113	253.33
370.204	472.75
53.6529	310.159
119.056	88.658
78.2977	228.301
55.3294	474.026
153.083	132.727
303.634	8.24542
385.639	70.9751
57.9855	47.6729
32.595	255.406
291.256	164.506
336.214	213.344
131.855	461.937
313.965	106.371
399.563	203.09
154.87	374.721
491.703	59.6875
79.6918	201.931
254.979	434.216
341.973	158.024
384.116	396.538
497.68	443.509
54.5099	224.296
270.957	401.554
340.667	449.723
97.63	119.533
226.249	285.628
390.048	400.052
493.23	479.508
132.938	283.104
102.962	46.7783
142.659	259.241
83.8765	437.924
416.8	494.575
93.1324	40.6456
450.854	286.843
339.905	456.328
447.063	342.196
217.291	137.874
457.866	278.381
438.475	339.4
159.016	470.11
114.286	322.394
7.34904	52.9754
328.393	372.71
466.533	497.951
464.955	430.149
284.518	477.447
351.325	443.016
300.995	63.3588
494.152	470.434
181.473	67.2788
346.942	315.395
418.838	153.537
261.555	261.108
330.349	477.519
128.168	286.099
330.526	376.523
142.007	414.495
93.377	296.31
353.673	310.441
262.619	449.568
220.66	153.814
281.975	192.509
78.7813	366.586
411.375	224.793
128.292	223.89
430.703	374.812
222.459	231.136
371.43	172.115
257.274	217.024
72.0739	30.7764
221.671	338.56
184.144	277.149
171.238	398.198
304.653	257.721
145.338	489.94
188.573	246.744
458.608	204.913
463.327	159.991
217.35	157.901
468.062	159.273
219.003	64.3004
131.452	381.752
462.24	346.708
211.287	112.041
140.789	225.018
249.667	274.574
98.457	64.8111
65.0535	66.9236
236.496	191.788
338.586	274.262
149.281	239.992
134.831	481.375
404.305	317.594
350.204	237.205
151.091	158.819
368.605	426.567
86.0797	437.123
487.012	313.674
326.964	203.633
253.693	159.373
152.177	270.422
482.531	431.424
327.784	89.5547
348.582	415.036
44.9242	244.113
66.7315	37.5364
94.3675	131.101
174.061	92.2849
216.419	260.52
150.388	201.046
203.352	25.2085
110.047	304.16
123.253	336.51
62.2402	352.541
123.866	326.737
439.325	288.152
305.514	94.4897
307.905	179.131
379.952	290.623
434.99	458.205
386.692	148.287
392.427	108.278
336.735	178.313
354.868	224.907
477.741	388.504
67.1641	89.1721
185.275	36.1094
331.898	457.053
141.258	305.803
465.214	306.721
120.013	164.233
114.629	244.802
192.642	157.604
157.391	448.016
286.898	409.203
173.32	447.84
141.535	267.279
404.528	286.127
142.67	33.4037
450.999	372.311
231.28	254.636
36.25	75.6676
391.277	112.899
498.738	372.457
281.755	284.683
239.068	165.329
481.408	52.7203
396.057	112.84
270.145	99.9229
144.88	145.722
245.945	16.7883
373.094	441.305
62.3799	325.079
439.331	492.919
421.327	299.146
405.136	17.6255
79.2692	458.059
68.4144	52.729
195.022	230.767
436.384	50.9031
218.373	40.1893
53.1069	461.227
404.443	227.866
9.66084	416.03
317.547	292.132
151.272	41.8888
267.909	252.169
14.0092	165.586
286.858	440.62
395.308	31.9504
419.149	483.82
208.042	224.612
232.136	354.559
469.662	272.364
235.727	274.444
232.33	353.187
435.014	404.756
207.687	494.417
322.87	186.445
201.918	18.9256
7.18678	93.0786
215.146	350.605
113.258	59.5929
117.038	70.9598
7.0179	363.552
3.24366	285.254
217.756	269.898
121.069	458.962
88.7658	372.554
184.095	288.859
220.101	381.004
161.213	446.496
5.61496	475.2
40.3639	24.7219
427.711	43.1663
311.231	401.768
75.3964	188.759
343.066	397.438
280.407	6.87634
371.182	144.473
315.419	266.546
43.6903	390.173
54.9288	70.5217
114.242	189.438
428.985	404.412
61.4439	194.65
136.981	91.1506
50.9158	461.939
279.673	472.134
159.814	24.4287
144.838	223.883
451.399	165.222
406.688	300.458
435.445	144.158
417.308	295.72
474.301	149.117
158.753	128.631
22.1448	298.068
453.193	493.174
311.833	392.978
495.056	176.145
175.307	413.169
390.67	235.503
404.835	79.8589
386.398	93.7095
186.12	153.072
413.226	403.557
443.275	211.833
421.524	10.1189
65.4699	237.526
145.175	273.554
206.863	351.976
305.326	188.848
179.532	286.875
181.499	277.465
6.12776	249.197
145.752	127.875
449.524	311.367
199.896	391.02
259.608	40.25
237.929	427.794
190.127	53.953
361.956	316.524
19.6513	224.647
266.331	117.261
334.447	199.458
419.598	441.367
189.933	372.245
155.316	239.108
184.342	226.631
278.723	41.2926
469.471	311.179
358.398	351.678
248.403	371.787
389.093	443.552
194.875	128.755
181.565	467.627
178.254	101.332
236.522	174.578
74.5724	225.683
476.146	444.289
365.364	222.569
471.809	319.67
191.604	96.9561
429.604	305.517
405.417	440.44
228.176	436.205
15.511	364.654
201.408	32.183
51.4982	112.155
94.1295	179.279
204.617	325.006
401.895	387.165
196.319	402.771
0.315041	309.193
65.3719	450.265
492.665	287.537
207.684	395.976
295.8	74.3612
316.753	259.782
365.314	251.07
29.3803	497.069
362.508	388.285
38.2782	460.044
444.383	316.576
212.194	44.9905
347.918	218.684
