Saved a vector of rrt <nodes> points.
X	Y
490	490
480.165	488.192
473.279	480.941
464.876	475.52
454.876	475.546
444.887	475.071
434.897	475.516
424.897	475.517
416.237	470.516
416.873	460.536
414.6	450.798
405.895	445.877
395.993	447.272
386.942	443.019
379.354	436.505
380.19	426.54
373.791	418.855
363.98	416.92
358.623	408.475
348.65	409.204
359.538	398.517
358.12	388.618
351.352	381.257
343.332	375.284
339.075	412.088
329.086	412.557
319.354	414.856
365.521	381.894
392.543	456.658
310.721	409.809
300.817	411.193
295.504	402.721
291.094	393.746
284.047	386.651
274.21	384.853
268.449	376.679
266.236	390.887
256.445	392.921
247.346	397.07
237.347	397.127
231.882	388.752
222.102	386.666
218.684	377.268
215.787	367.697
210.801	359.029
296.754	420.33
205.814	350.361
200.827	341.693
198.174	332.052
229.343	379.08
201.274	322.545
195.578	314.325
198.612	304.797
185.634	313.264
208.575	303.928
200.065	346.712
179.504	305.364
214.561	295.918
175.88	296.043
172.158	286.762
372.998	375.253
167.102	278.134
388.297	432.334
217.813	286.461
318.882	405.189
185.595	323.264
221.504	277.167
411.295	437.46
220.324	267.237
214.972	258.79
219.016	353.327
230.14	404.06
217.977	249.253
177.951	329.712
231.464	278.068
212.828	240.68
219.801	233.512
323.008	424.164
400.934	462.099
157.257	276.382
449.883	482.723
218.447	223.605
220.971	213.928
230.329	210.403
213.781	206.978
213.11	391.042
206.591	200.028
199.401	193.078
192.211	186.128
177.42	339.698
197.923	177.92
205.185	171.045
238.476	216.201
246.708	210.524
255.269	205.355
192.208	197.125
147.339	277.656
212.08	163.803
213.812	153.954
262.432	198.378
272.318	199.887
286.648	376.995
278.046	208.084
205.644	148.185
256.627	199.706
196.889	143.352
287.235	204.139
189.418	310.408
188.749	137.544
195.411	355.563
282.867	216.845
382.903	459.315
182.266	185.078
250.998	384.535
172.329	183.956
292.787	429.51
288.517	414.659
275.539	190.42
162.738	181.127
203.292	392.938
224.668	345.078
219.572	145.78
295.125	197.995
415.477	428.377
184.62	199.839
301.159	190.021
285.607	367.05
309.75	184.902
194.332	397.378
240.025	283.236
181.484	130.673
319.091	188.47
288.853	357.591
179.773	120.82
152.97	178.985
419.857	469.735
185.122	401.275
237.449	395.586
174.59	112.268
142.985	178.441
139.938	284.382
180.31	184.889
181.955	105.503
131.314	279.321
121.799	276.244
117.101	285.072
215.598	136.604
166.097	106.99
286.542	437.32
177.029	407.149
328.767	185.943
167.061	407.951
157.603	101.713
149.109	96.4351
224.853	132.817
392.515	423.267
180.688	416.455
291.524	445.99
142.384	103.836
134.226	98.0536
126.068	92.2708
134.798	292.96
113.291	270.988
332.122	177.36
126.227	82.2721
117.735	76.9916
109.243	71.711
317.69	427.506
341.964	175.588
104.135	275.009
189.702	119.629
102.477	79.0741
95.9676	86.6657
92.3176	95.9758
98.4779	283.255
158.613	413.301
149.156	416.552
172.057	312.037
287.707	455.233
100.605	100.601
87.3602	104.661
90.6085	289.425
109.519	261.727
226.752	413.469
88.5042	80.0099
81.0409	73.3542
77.7819	63.9001
71.5073	76.3725
139.477	419.067
112.926	62.414
148.211	406.983
248.171	289.035
92.4083	84.5903
421.971	420.772
146.516	112.785
255.965	295.301
117.874	53.724
185.47	96.1412
163.063	316.408
81.8824	284.541
305.544	175.829
258.836	304.88
348.316	183.311
102.824	110.352
224.45	423.2
129.666	421
119.973	423.459
85.7276	298.153
72.7154	288.537
357.559	179.492
295.057	391.713
162.723	398.941
109.361	251.728
113.819	44.5832
115.419	34.712
366.721	183.499
105.583	32.9109
165.738	390.661
423.485	434.367
423.038	410.829
296.523	375.418
223.595	138.096
84.5838	308.087
370.469	192.77
379.235	197.582
193.626	90.3539
372.685	175.473
88.2322	317.398
65.2149	281.923
389.034	195.587
278.473	451.395
397.462	200.97
86.0351	114.572
80.2505	122.729
200.345	198.916
99.9242	248.421
78.6664	275.072
214.545	424.574
400.326	210.551
216.671	434.346
288.359	465.212
85.8031	321.121
201.827	165.086
401.694	220.457
134.816	419.415
214.022	392.957
400.558	230.392
65.9614	295.911
333.48	377.003
252.445	290.242
206.171	263.538
234.374	421.97
281.854	472.807
219.387	280.843
249.498	406.836
61.5177	76.8278
111.856	429.3
433.038	410.837
56.6725	299.615
377.895	199.767
404.432	239.611
105.366	120.023
301.14	424.902
207.698	335.94
364.231	200.586
404.58	249.61
151.344	86.688
276.659	435.792
153.202	105.734
405.372	194.852
218.944	377.279
140.263	188.064
408.712	422.484
400.314	258.655
438.839	402.69
448.726	404.189
118.409	421.108
67.4544	291.425
301.954	166.496
263.97	289.307
138.804	119.151
273.778	291.258
357.301	424.361
76.7897	296.318
119.229	250.103
192.954	80.3764
215.197	368.552
458.925	486.993
196.896	208.302
93.552	84.7265
410.084	186.032
304.824	156.916
91.4205	243.159
141.554	84.6475
420.083	185.93
391.082	262.499
452.954	395.127
116.591	438.108
286.881	481.452
244.185	405.907
391.938	272.462
423.016	176.37
395.403	281.842
204.837	426.974
147.781	276.211
461.553	400.231
399.223	471.951
382.685	257.068
424.565	166.491
171.689	382.624
193.2	70.3795
153.901	320.416
240.23	275.182
121.044	240.269
413.395	240.776
68.9673	296.622
306.376	161.194
420.417	247.895
468.184	407.717
116.62	49.3989
314.041	153.037
255.185	288.672
294.433	201.231
138.998	88.3619
424.153	160.304
147.41	397.015
153.831	77.0023
47.6136	303.85
181.78	284.038
51.599	78.1007
335.531	386.79
424.369	150.306
200.359	63.3975
199.702	72.8974
418.111	142.506
210.312	64.3597
315.578	143.156
282.019	296.922
45.9893	313.717
203.346	88.0076
413.161	199.721
418.01	147.175
215.308	444.252
113.646	433.338
287.315	425.875
463.476	416.539
395.682	265.14
84.7642	235.696
102.99	424.674
93.0888	426.073
450.467	385.441
450.622	375.442
412.121	134.499
213.09	240.331
400.024	288.599
83.1123	425.388
420.903	484.685
200.975	53.4165
292.537	348.295
467.881	392.488
82.0226	415.448
231.906	200.528
255.375	210.38
218.881	59.2041
95.7187	286.329
226.636	380.238
415.026	124.931
55.6811	284.941
422.606	118.408
131.089	192.042
316.528	133.201
399.38	481.95
296.424	484.441
253.417	190.236
435.809	393.161
343.753	179.268
385.249	425.958
75.3279	408.02
390.194	485.902
161.883	114.401
423.47	108.445
220.533	169.147
219.021	453.537
429.863	188.018
75.9379	319.484
185.556	63.9322
283.819	306.759
201.787	43.4495
415.571	102.314
439.64	190.118
116.466	418.71
260.586	386.562
203.538	395.748
280.853	391.071
414.635	92.3579
146.09	387.102
168.771	394.879
292.634	170.119
46.4987	86.7022
66.0506	411.752
58.8996	418.742
192.015	217.03
447.722	184.228
84.2237	330.995
412.148	486.438
401.625	298.471
198.399	434.626
169.167	318.369
89.9631	339.184
90.2654	349.18
420.81	84.4921
111.411	446.662
432.687	104.566
59.946	403.832
273.891	478.856
52.9823	94.3156
194.711	36.3826
427.53	77.0862
483.164	495.351
86.4216	86.9516
116.636	455.188
121.366	189.703
134.465	302.954
342.958	376.34
258.321	200.028
95.5993	33.4903
190.324	440.525
309.48	171.421
71.1373	121.802
288.243	484.594
168.097	282.586
170.021	415.143
309.82	125.785
208.868	36.3887
405.089	89.382
452.808	175.618
40.5907	322.135
380.419	488.011
160.96	112.263
377.264	248.665
99.8758	340.503
314.063	116.729
217.739	31.7728
324.061	116.573
138.532	380.555
75.8869	279.774
386.072	285.437
82.3821	400.932
126.122	300.298
411.575	297.471
268.315	377.801
222.372	22.9107
287.573	380.127
52.4248	275.486
90.2738	227.351
144.922	285.079
307.58	109.115
219.832	463.504
30.7029	320.641
204.304	149.517
421.087	300.557
231.651	19.1826
370.846	193.471
431.061	85.7246
472.624	420.578
418.885	167.136
401.33	80.1151
478.355	428.773
283.117	453.735
212.981	90.6856
87.9061	66.1046
366.981	194.984
294.652	338.521
226.983	204.198
121.647	410.945
61.2815	79.2273
224.105	241.298
198.615	99.02
193.055	67.1537
146.149	179.58
116.07	45.7535
205.178	81.2713
184.727	36.9368
462.492	178.113
264.203	476.375
427.905	102.566
316.374	104.354
321.391	95.7037
54.0408	316.76
197.655	26.8257
212.03	469.759
46.3594	101.808
240.526	420.693
426.579	308.913
322.26	85.7415
197.152	259.217
80.7624	224.263
302.725	382.387
367.876	387.88
213.473	126.832
436.505	307.694
477.796	391.192
481.818	382.036
442.588	105.974
459.717	480.407
134.346	189.997
397.574	70.8476
252.026	393.355
65.5367	283.324
414.269	139.259
49.7716	422.826
137.188	96.2576
304.379	201.115
50.9219	110.707
233.676	23.7372
217.057	293.519
308.731	390.382
93.6928	278.989
406.089	476.724
185.968	41.0747
107.444	459.126
321.672	75.7588
175.232	134.964
104.289	38.4495
241.829	24.004
84.2261	250.104
222.919	91.8004
418.991	144.766
452.015	102.637
299.85	125.02
70.7782	223.7
444.867	302.211
69.7371	213.754
301.011	101.575
260.047	182.75
484.634	398.489
267.007	279.78
389.379	413.771
323.324	65.8961
402.247	132.916
490.294	406.733
296.854	443.564
419.402	443.281
403.304	205.505
330.754	99.2167
384.627	489.925
446.224	298.248
118.503	44.9794
124.659	30.8876
167.795	316.525
298.784	389.792
398.171	60.8655
370.51	486.665
324.22	55.9364
149.804	191.058
376.227	283.683
416.82	96.3637
105.406	130.023
203.432	342.213
289.378	224.436
42.649	277.592
369.403	397.054
304.638	339.053
321.676	198.13
447.57	492.452
43.2748	117.15
56.274	95.3647
220.33	179.145
433.538	485.423
243.456	189.351
189.658	450.503
404.321	52.9802
103.754	468.421
370.605	291.953
123.183	287.35
56.3257	99.9512
333.45	120.015
94.4536	303.037
107.703	26.6411
388.11	454.435
78.089	333.363
328.122	186.433
428.437	84.445
394.781	421.722
182.821	339.017
290.64	291.855
119.218	435.763
118.823	180.032
392.862	129.462
258.687	278.63
367.939	477.001
75.567	239.622
85.6376	32.6164
291.017	101.243
359.857	209.578
223.225	161.631
81.5995	282.641
454.182	305.849
108.832	179.609
77.4406	26.8884
51.1023	419.636
319.966	46.8862
77.2357	207.138
251.7	22.4044
217.556	478.093
88.0601	256.998
407.145	211.098
320.786	36.9199
82.1619	334.11
363.241	285.188
305.845	391.934
239.576	404.706
291.052	120.267
288.08	91.6839
164.607	124.023
319.341	50.6774
150.076	200.7
226.287	280.134
77.5155	38.4501
69.9123	120.274
93.7601	468.083
252.86	12.4719
174.66	200.737
281.573	104.533
225.09	484.669
182.63	220.484
290.589	84.5995
334.129	407.029
239.004	180.397
181.061	72.865
100.674	269.263
107.537	17.2877
99.2487	176.752
118.733	404.451
218.986	421.846
118.213	449.59
458.468	94.9983
287.186	453.517
485.315	372.668
204.185	139.774
437.022	100.637
264.818	478.628
105.617	100.783
88.2729	42.2629
388.156	67.4845
152.205	310.561
282.747	231.922
297.074	380.726
446.455	115.196
112.542	68.0371
484.84	409.438
462.368	85.7902
209.684	32.2715
221.755	12.9297
159.469	307.801
241.258	393.048
297.042	490.59
382.571	240.189
219.34	465.89
180.027	412.403
409.558	98.7493
301.107	107.625
220.861	122.096
108.614	139.495
115.718	196.482
54.5428	96.0756
127.388	307.15
275.48	238.791
422.356	317.08
278.374	89.2794
180.24	275.15
434.868	198.905
222.524	158.792
287.503	454.486
32.7226	278.802
413.771	322.209
308.944	348.078
465.578	187.625
472.335	475.303
443.483	288.63
282.471	443.955
141.063	110.248
390.978	403.9
98.3324	470.431
370.509	389.308
99.3083	78.8335
454.782	120.733
70.4547	199.789
411.579	167.573
224.774	469.444
276.288	204.828
404.752	42.9895
386.022	395.214
496.188	482.518
281.094	121.19
35.6053	123.567
183.595	325.645
426.589	305.348
264.98	279.54
50.8045	399.778
49.2184	389.904
113.01	117.282
215.326	187.272
298.085	229.353
281.561	415.775
76.0695	202.922
86.9672	209.44
479.024	364.895
285.731	289.85
307.658	333.856
282.398	107.399
183.692	458.528
85.7486	474.068
307.605	232.415
234.909	482.776
305.717	448.196
303.788	368.547
292.124	400.366
461.386	311.718
198.226	84.3626
188.525	303.61
42.2143	382.767
105.649	59.7233
239.14	17.3793
438.926	314.792
469.961	306.573
313.386	454.614
324.499	118.312
274.725	86.0233
477.443	438.731
103.852	167.875
308.854	222.493
318.469	27.1921
284.436	493.316
144.681	285.073
250.229	423.112
60.7353	197.436
382.93	374.087
36.8981	98.5702
76.9422	478.806
381.69	364.164
411.857	35.9529
289.7	74.6391
389.127	375.357
441.689	206.218
133.562	275.673
351.818	389.594
468.25	97.0735
184.591	189.35
458.14	424.997
181.024	230.354
124.509	316.727
468.031	197.32
175.021	463.51
285.013	425.919
139.618	275.045
194.89	22.3835
196.367	102.68
218.293	472.495
109.443	400.751
26.9418	97.6365
109.046	476.906
109.946	482.307
409.047	481.57
119.86	480.996
322.651	31.1149
96.5248	161.07
127.572	484.048
282.471	108.087
78.5476	467.129
70.3135	304.943
344.516	417.78
312.14	19.4501
116.144	300.956
475.252	104.214
213.219	400.246
318.391	344.799
119.32	230.419
448.711	191.335
199.826	112.062
296.775	126.684
482.18	111.424
421.661	257.818
375.032	428.047
19.7943	90.6427
137.432	482.379
186.315	359.717
295.756	94.2189
271.332	123.357
323.88	151.252
382.375	243.528
272.026	216.069
36.5205	87.3618
452.536	118.081
332.952	375.075
465.972	207.105
364.891	300.159
456.071	205.698
16.263	81.2869
474.442	297.634
331.672	75.6643
198.34	86.6895
398.15	402.342
78.6238	53.9356
379.956	61.7607
233.159	11.0934
414.278	129.343
316.818	236.303
240.17	424.999
74.0991	308.545
259.709	187.996
95.2586	311.553
43.6786	275.593
421.77	34.6362
397.571	219.987
50.9737	199.607
206.99	197.274
338.883	82.5921
473.118	214.1
183.657	228.672
33.0502	378.765
14.7124	71.4079
284.989	279.877
383.1	131.629
375.142	191.528
279.845	456.266
130.649	113.363
419.774	405.277
203.933	132.475
101.605	487.823
355.42	303.371
77.67	433.778
109.289	494.222
76.227	225.692
264.757	85.2155
13.9472	61.4372
40.3471	419.483
385.261	75.313
86.9578	163.981
358.331	479.775
165.202	423.906
82.6156	172.154
13.1821	51.4665
43.4478	118.265
97.0301	54.6523
213.671	487.308
457.752	116.817
272.76	86.4914
184.714	114.294
471.212	223.916
298.449	189.821
211.505	379.014
398.297	35.3519
469.04	180.303
395.98	371.409
380.476	480.97
177.778	67.1132
195.326	77.0018
71.2779	477.896
30.7618	422.333
12.417	41.4958
384.176	85.254
393.806	304.705
11.6518	31.5252
411.746	25.9535
96.2597	151.073
378.501	126.774
420.302	240.186
279.651	353.675
149.262	307.504
466.827	76.8392
10.8867	21.5545
393.854	66.6612
13.4349	81.2593
89.8651	418.011
125.724	99.6292
20.911	318.612
439.642	478.101
96.1688	133.852
224.729	38.9242
483.619	356.013
317.936	166.083
320.17	44.4426
300.358	289.5
446.55	214.957
468.245	292.808
10.1215	11.5838
137.503	288.9
128.921	377.793
429.09	385.753
388.835	32.1154
111.604	138.308
22.8895	86.4421
38.2583	119.944
260.826	289.852
106.254	151.413
92.7847	43.5905
275.404	344.622
119.884	143.916
258.441	484.349
177.411	423.83
152.456	322.102
10	10
311.057	391.347
471.697	283.423
294.839	173.502
10	10
24.1893	414.796
391.133	185.81
293.315	235.719
142.338	176.161
288.162	64.7581
320.406	245.637
179.983	291.84
213.488	200.9
226.159	82.34
279.024	60.6966
61.329	420.305
176.451	358.071
377.937	354.895
490.414	367.21
388.391	94.3224
367.072	309.918
194.087	210.285
261.692	22.8192
10	10
472.38	378.733
210.657	371.541
304.564	12.9228
48.0302	209.164
10	10
221.654	42.384
101.83	449.526
423.186	230.611
394.163	126.945
376.752	116.928
10	10
38.1497	210.705
384.446	71.6156
17.3826	327.969
105.492	70.9203
112.674	291.538
168.643	291.413
151.829	397.476
10	10
10	10
466.907	297.927
415.015	314.425
334.458	405.447
348.104	397.876
259.546	419.481
200.708	331.137
223.499	136.852
176.795	138.151
10	10
115.303	408.401
410.007	327.1
395.207	45.9714
424.252	130.071
10	10
88.1801	392.784
299.432	399.511
10	10
404.043	105.195
281.194	405.782
267.859	119.14
80.3468	212.801
23.9257	60.7813
224.264	280.765
109.828	339.529
133.759	109.008
403.289	213.176
349.41	484.293
370.552	375.225
389.233	89.1626
66.2735	95.2619
314.659	464.532
258.323	116.131
318.84	221.961
324.101	142.66
80.6676	340.245
98.8488	12.3374
10	10
138.819	307.062
10	10
375.723	238.127
120.888	282.607
105.661	473.738
235.922	80.1737
181.803	54.6628
12.7104	97.7009
123.735	481.853
249.652	121.112
258.084	106.133
10	10
307.293	193.402
297.474	283.474
324.656	464.769
403.813	373.775
143.097	304.51
10	10
275.16	286.363
309.247	449.707
180.162	386.498
189.21	413.905
441.61	122.15
121.266	264.954
66.4819	299.816
10	10
66.7549	112.002
65.7427	486.224
177.096	221.46
327.616	376.612
380.422	26.7102
299.01	193.21
143.04	487.469
10	10
95.0518	168.146
480.609	448.216
10	10
10	10
422.154	267.806
217.868	341.224
426.662	97.0452
263.473	411.556
48.3714	276.976
98.5966	7.08302
102.415	316.964
393.808	224.143
158.932	289.028
290.007	432.647
162.36	379.021
10	10
214.517	241.633
52.4287	111.734
105.389	149.922
10	10
73.3354	175.879
61.4856	318.007
225.861	78.9489
308.41	187.151
46.2069	84.0889
146.324	496.914
55.7769	487.051
86.3594	304.316
119.373	374.82
205.598	417.003
392.099	127.942
85.608	358.029
293.496	219.882
381.297	23.7365
10	10
256.658	412.67
403.449	430.268
295.013	276.55
373.101	289.124
50.9086	307.073
96.2943	461.63
411.521	46.384
140.1	123.301
10	10
10	10
187.107	72.7935
280.705	371.339
52.1961	482.602
11.0345	103.199
281.953	491.764
10	10
286.264	305.551
159.833	198.511
10	10
109.411	373.944
169.514	400.392
399.216	99.0285
410.145	180.933
2.71896	43.9349
427.529	80.0587
208.332	24.1668
221.922	43.4966
499.794	489.742
352.278	491.508
306.75	347.132
488.208	103.445
227.435	403.671
142.557	320.691
10	10
442.968	397.411
10	10
397.164	314.124
364.669	407.877
10	10
361.527	219.437
10	10
129.658	198.863
197.418	422.022
418.796	18.8614
84.4477	484.564
211.704	299.824
196.139	57.4765
10	10
210.329	77.9559
251.38	407.615
10	10
10	10
86.2817	150.411
92.5998	147.998
397.86	198.036
365.024	319.706
181.564	200.911
175.832	319.636
52.7772	420.058
43.918	476.992
385.9	310.829
10	10
137.391	175.274
10	10
296.167	13.8673
200.902	220.241
405.747	159.449
299.409	268.295
248.518	211.178
10	10
10	10
324.35	19.1043
10	10
36.4979	410.253
32.8107	288.802
309.313	357.861
192.146	12.7673
53.3413	85.6115
478.308	312.08
322.069	212.496
403.377	414.026
10	10
349.012	295.693
73.3504	18.9765
10	10
263.86	75.2558
113.355	177.65
264.438	292.951
47.8832	219.162
402.206	333.357
10	10
192.751	462.762
188.658	451.797
105.185	323.356
224.104	378.184
396.05	126.745
292.277	262.525
219.928	184.925
204.702	491.731
307.232	138.517
106.344	249.819
390.54	321.616
156.691	313.04
398.764	363.724
10	10
77.2813	347.629
120.264	81.0343
10	10
207.007	350.832
10	10
10	10
122.254	121.097
450.691	390.756
342.726	123.752
307.558	406.919
148.792	303.935
397.562	326.134
81.3281	367.067
224.035	24.5799
324.903	62.2548
474.519	216.368
209.735	432.06
406.94	50.6836
369.826	382.122
10	10
428.143	15.3072
132.785	277.257
10	10
108.011	133.822
261.487	376.643
94.7094	459.218
395.306	363.853
386.213	87.875
209.582	316.98
28.718	89.7045
84.3892	181.995
479.013	179.566
10	10
93.1395	384.101
183.941	298.199
334.253	17.717
317.616	223.929
118.19	320.401
49.9901	376.479
421.554	237.339
90.7591	316.794
271.478	403.413
348.829	83.6316
19.7977	7.99897
282.163	372.771
409.901	249.744
104.391	81.6781
41.4689	289.64
383.255	93.627
39.7898	486.1
491.718	391.43
218.848	257.271
10	10
322.326	68.544
418.245	53.7859
67.5331	87.8011
159.197	406.001
213.634	123.09
194.434	461.926
297.681	87.5745
185.326	38.1566
415.742	295.332
355.901	477.242
114.441	299.049
493.632	472.85
410.972	426.523
351.387	204.261
333.258	384.539
77.6224	265.127
361.575	476.024
124.301	400.678
217.972	116.598
396.033	494.02
10	10
102.03	426.155
373.599	489.049
488.253	473.121
295.617	229.209
381.167	405.837
491.31	96.4382
10	10
377.33	265.514
404.766	334.416
9.46766	113.076
280.25	51.6689
10	10
70.414	97.3979
25.1752	378.186
22.919	404.877
189.345	77.0168
324.995	348.838
436.14	21.3118
398.692	324.393
87.7675	31.9409
103.449	72.7925
269.062	124.499
151.984	298.065
218.775	189.132
219.284	155.606
364.093	185.665
205.071	20.3553
490.934	493.55
76.9341	250.22
210.596	452.052
433.069	209.652
98.6723	97.8886
153.35	210.149
10	10
95.0524	203.555
10	10
410.936	366.757
10	10
223.078	464.955
199.304	263.735
44.7316	191.794
10	10
473.331	116.081
119.631	341.506
10	10
292.152	356.821
420.095	368.533
447.356	279.411
345.435	286.355
418.354	140.645
351.624	220.822
445.71	18.4126
192.996	472.759
10	10
293.591	229.943
281.216	203.019
468.87	286.287
39.8927	393.514
97.5747	485.91
107.307	137.944
395.885	161.101
202.851	241.35
91.5951	478.597
40.6171	122.924
10	10
138.417	409.878
314.04	346.461
343.517	276.541
267.812	86.2697
77.3298	266.556
10	10
341.652	221.578
3.48735	93.8362
82.8398	201.479
194.312	464.997
138.385	415.975
278.844	435.198
199.22	76.7633
424.016	484.676
445.478	378.288
281.687	372.503
148.841	292.934
55.247	381.577
326.761	105.012
193.817	222.152
10	10
415.927	46.9553
489.406	392.584
322.971	474.627
47.0711	394.694
377.576	390.197
181.028	175.244
10	10
272.539	420.089
190.816	72.2355
10	10
412.299	34.0592
29.9052	484.585
441.431	485.143
177.611	313.024
154.691	75.8149
212.378	324.252
56.8029	120.17
397.403	354.018
151.551	117.551
477.099	380.365
393.353	170.776
98.962	496.248
50.829	412.039
455.679	19.202
250.983	290.913
266.696	401.56
23.4139	476.978
122.849	411.524
189.651	199.08
350.815	423.923
10	10
476.642	275.527
10	10
477.187	307.477
473.419	408.023
32.1039	310.74
232.364	482.76
10	10
85.169	41.6593
415.705	195.998
305.108	163.479
291.736	426.827
10	10
76.6175	479.875
111.468	257.425
91.2871	96.5958
45.371	181.814
10	10
367.359	185.864
480.57	346.489
283.438	363.957
442.418	406.766
267.909	14.9871
10	10
218.626	460.96
379.703	238.8
295.362	97.3605
118.015	220.504
376.687	56.6748
364.337	381.238
203.709	123.157
110.198	341.491
305.68	6.25523
467.827	318.049
486.361	105.262
154.061	90.331
57.4138	419.923
275.333	312.05
100.127	91.6074
458.529	95.671
247.271	387.137
147.975	208.808
320.773	108.543
216.742	42.2441
101.439	398.828
245.911	421.943
107.168	432.326
232.616	179.036
384.701	66.4085
144.038	487.806
481.331	286.106
194.34	394.529
44.3799	219.73
31.508	283.079
123.073	236.267
213.566	337.681
10	10
223.353	394.632
355.07	320.658
28.942	206.803
203.794	399.328
423.674	258.535
159.407	275.306
305.029	289.581
335.253	418.959
383.958	186.951
82.0603	159.335
369.544	307.657
26.6259	15.3049
343.446	13.7808
10	10
136.767	180.056
183.424	125.567
351.214	20.0788
370.507	315.986
106.056	472.36
86.2985	207.717
35.3073	199.579
10	10
362.443	221.774
10	10
10	10
456.898	86.9333
304.41	110.804
306.158	323.969
360.858	405.187
113.718	490.161
468.496	402.086
436.697	420.143
219.044	313.744
302.796	447.961
248.155	107.328
10	10
34.1629	108.189
10	10
330.4	189.868
238.735	103.973
282.045	216.102
107.841	459.898
10	10
118.032	281.014
364.354	477.759
28.6686	494.508
392.432	369.125
459.46	383.945
356.502	77.218
82.6845	20.2121
431.232	111.653
182.326	14.6562
223.356	301.287
305.092	157.345
484.214	218.818
124.39	350.301
259.327	382.259
83.6163	86.9139
105.806	485.227
94.6743	409.243
298.414	433.244
68.0214	184.35
306.96	19.0692
10	10
222.202	326.118
21.8604	285.71
10.0379	123.06
488.559	340.474
65.9709	294.383
10	10
413.949	77.3161
30.8117	116.925
378.676	228.573
382.142	229.152
242.663	278.24
128.015	220.539
299.67	25.9151
99.8729	300.752
5.12846	68.5533
443.272	323.798
215.849	327.995
11.808	132.902
10	10
259.034	313.418
91.7516	365.919
308.463	206.859
422.892	151.051
36.593	16.115
300.49	446.068
140.665	392.032
288.424	95.3672
38.316	11.5757
318.049	227.126
292.317	225.75
43.3013	88.962
382.028	19.4859
28.2044	22.3453
215.945	494.977
278.295	307.115
176.386	237.735
49.3352	494.699
86.3453	409.258
92.3161	321.019
215.045	61.1028
389.258	273.638
483.269	480.181
305.066	208.969
59.1083	180.941
10	10
180.95	471.562
389.104	394.842
88.4389	77.6789
10	10
10	10
443.853	19.6543
326.926	19.631
487.557	337.248
120.56	98.9647
483.636	411.52
476.232	477.855
438.957	307.322
416.266	312.959
488.267	312.992
231.632	11.675
60.1046	489.481
26.6873	484.314
191.009	217.475
266.039	378.575
195.051	45.828
395.734	249.412
433.47	24.083
373.619	176.806
112.193	8.43747
406.652	328.015
20.7113	212.483
27.1145	493.893
234.361	103.201
249.034	313.33
436.064	297.564
35.3734	182.032
442.893	216.364
242.256	417.391
217.684	411.244
197.273	7.68309
170.421	283.134
10	10
6.54973	128.175
10	10
275.239	433.024
10	10
365.71	385.098
164.238	295.403
129.894	403.377
352.067	120.181
220.735	299.812
298.075	157.41
21.8346	412.242
257.062	220.237
103.747	487.62
419.095	385.438
10	10
351.943	182.89
374.97	81.3483
105.392	261.719
5.38937	140.57
240.615	318.727
25.4541	180.764
385.85	18.8314
380.011	218.662
414.917	124.506
10	10
383.815	212.536
315.245	329.269
279.489	294.697
470.622	480.3
213.584	462.842
428.464	99.5034
488.28	175.807
223.48	4.87738
491.261	284.925
317.743	214.959
489.523	452.749
238.85	396.994
10	10
10	10
340.61	114.278
231.563	377.619
400.427	36.2799
80.9456	123.018
108.693	89.2513
10	10
97.1022	367.282
43.8345	84.2149
407.32	425.883
248.374	389.318
199.124	137.356
219.491	9.5779
307.762	176.814
320.309	453.498
458.619	397.234
411.383	201.638
407.563	324.512
411.03	481.373
474.648	217.324
15.0435	293.027
482.783	458.613
62.9861	191.369
225.367	124.187
461.116	92.5131
98.2868	236.936
375.085	192.428
307.294	452.292
10	10
10	10
18.2144	468.436
187.658	74.6248
173.432	180.11
296.577	59.3553
317.146	411.392
75.9759	196.486
69.757	489.892
499.159	278.791
290.027	355.846
10	10
465.615	18.0729
214.582	53.126
314.12	383.628
34.3671	323.509
174.386	303.582
306.912	492.194
164.068	282.411
163.783	276.129
126.245	291.615
380.925	320.441
369.101	117.133
198.254	484.088
454.661	83.4573
181.97	178.364
196.931	218.946
150.493	119.789
195.714	496.114
10	10
78.0955	345.124
10	10
413.225	445.088
198.729	256.848
322.487	479.372
344.855	201.199
216.163	189.501
162.729	181.347
10	10
298.438	290.241
165.548	416.339
207.379	180.379
444.22	177.62
476.472	302.944
282.146	413.284
475.226	125.9
226.957	113.536
59.8836	390.405
400.946	205.402
417.232	78.6491
256.049	11.6617
360.002	275.727
239.125	485.52
24.3014	463.192
135.996	206.283
465.325	188.747
388.09	63.1434
38.7327	376.801
494.764	415.679
467.482	391.69
408.497	165.563
179.928	53.8905
115.979	218.388
200.211	420.326
483.019	90.8476
224.951	34.3465
75.1151	498.336
489.851	327.515
10	10
478.419	335.826
77.2667	280.337
332.147	185.595
10	10
317.403	482.578
10	10
488.718	92.7815
124.893	375.588
388.274	154.615
354.404	315.656
409.045	193.854
367.012	215.585
305.193	3.80637
447.031	14.1
10	10
341.33	117.363
85.7023	248.511
73.868	483.221
263.284	123.449
10	10
10	10
402.199	445.91
213.442	290.116
418.713	396.566
212.645	190.455
10	10
204.509	410.78
10	10
10	10
388.439	261.706
457.182	491.57
450.386	290.29
210.251	35.7068
327.341	112.3
10	10
25.6128	282.146
7.46135	296.102
214.938	360.275
202.616	119.702
409.53	343.208
53.5997	400.87
409.991	228.11
10	10
116.871	16.5189
18.0208	371.2
10	10
265.225	17.5103
297.312	170.249
332.793	384.541
284.691	373.023
222.029	93.0522
490.588	395.769
106.426	415.283
81.2938	356.37
77.5227	329.274
401.409	219.952
20.4143	461.429
306.59	348.959
268.163	16.5083
10	10
224.795	161.08
53.4125	83.0664
79.1522	329.254
299.7	74.6977
473.666	24.0042
364.924	392.539
15.6461	277.876
443.233	106.664
19.4322	113.918
109.858	210.65
154.415	422.706
10	10
214.844	133.753
429.16	7.06064
159.658	122.353
16.1687	22.6382
204.226	24.6807
444.273	99.297
24.316	386.034
91.0374	396.445
261.92	96.8987
128.249	113.748
300.403	118.313
235.572	323.85
10	10
110.393	27.0568
10	10
10	10
384.586	8.91169
390.241	400.626
10	10
133.802	324.59
10	10
415.34	174.313
459.379	121.349
245.064	200.66
10	10
10	10
390.623	70.4362
76.622	115.189
327.549	477.168
3.43883	81.538
10	10
17.335	128.581
106.51	476.406
218.434	447.845
104.616	296.491
188.436	364.253
414.443	318.4
404.35	460.951
204.162	101.441
93.328	401.516
396.472	411.364
233.657	190.56
38.4615	419.541
95.8918	193.591
115.46	173.978
324.236	221.224
83.4328	274.814
10	10
410.649	132.667
339.74	85.4392
495.913	474.252
314.735	238.759
121.042	298.433
318.36	344.071
121.11	278.289
461.314	323.75
264.79	112.139
123.16	489.393
202.913	332.949
491.952	380.055
10	10
300.906	50.3409
303.826	359.497
47.5106	496.511
10	10
310.111	326.588
10	10
129.737	81.5247
465.696	307.096
468.28	400.367
269.905	90.025
297.432	468.657
77.1407	9.72261
321.645	324.499
287.27	219.557
477.896	482.021
10	10
355.313	221.638
476.657	75.0028
177.86	30.7021
233.053	224.604
342.115	122.214
396.461	249.282
477.566	103.387
23.9345	123.145
477.683	69.4606
67.0924	76.5908
205.674	21.3885
366.65	307.792
10	10
10	10
10	10
356.809	422.436
177.089	90.6872
185.094	321.109
14.0967	480.61
337.349	390.399
196.438	145.16
114.051	307.179
142.344	177.445
299.667	122.179
342.58	291.195
278.167	280.867
223.792	312.727
378.162	407.005
155.904	206.909
339.525	290.115
276.457	92.9659
383.671	168.92
204.04	190.566
160.784	216.837
103.867	156.164
292.277	258.306
368.529	412.386
378.84	324.598
10	10
287.212	472.012
377.36	56.8624
320.832	94.0321
27.8757	496.035
470.387	277.586
350.839	312.329
129.416	111.04
300.916	299.929
72.2815	286.172
65.6971	106.261
10	10
379.988	322.678
190.613	403.242
408.946	478.109
290.209	382.502
10	10
27.108	77.3754
223.507	471.29
227.534	94.1776
492.079	418.033
23.3829	176.184
186.201	493.031
188.738	259.045
88.0113	79.8574
116.694	19.9071
414.928	308.449
10	10
33.9762	498.876
306.036	281.772
311.922	487.904
32.0205	213.767
141.614	400.636
485.691	76.6112
483.409	26.2583
171.941	106.572
343.658	319.289
10	10
10	10
21.1808	222.472
217.933	265.252
80.6774	343.469
285.074	417.53
187.29	313.805
338.32	300.242
154.505	124.35
369.723	118.102
292.683	490.554
52.9267	395.474
10	10
10	10
437.773	315.442
223.246	274.55
94.8395	472.736
241.651	422.365
118.766	109.158
47.0081	283.987
384.443	189.095
262.67	490.057
377.16	417.349
298.867	481.297
496.348	279.754
262.188	409.896
224.847	242.662
10	10
487.483	17.1257
317.266	456.182
27.2293	387.709
372.487	16.4909
395.037	14.8812
175.659	139.214
184.627	232.104
363.018	79.8248
481.821	294.232
343.561	15.8289
95.4454	116.634
385.877	331.704
10	10
106.777	347.409
210.989	166.918
44.7105	75.3372
148.126	382.378
328.955	419.414
210.038	103.442
57.9239	85.2411
10	10
196.759	473.889
8.4357	27.1126
65.3241	309.947
311.664	110.909
22.765	385.678
282.856	382.833
421.588	494.661
319.167	193.595
10	10
10	10
421.259	164.55
361.432	494.805
438.361	275.042
455.283	392.272
385.616	134.663
410.462	155.697
18.9208	103.908
208.188	46.3268
487.805	228.151
133.467	383.289
10	10
343.217	319.631
101.766	333.494
268.382	201.464
76.1701	28.37
76.5058	76.2663
281.984	105.4
254.289	208.959
310.29	118.338
330.447	399.043
10	10
111.204	367.358
10	10
10	10
284.716	164.011
10	10
257.304	323.267
172.346	88.2465
10	10
96.0692	131.053
59.0288	476.047
219.404	132.915
353.61	204.482
78.7185	438.719
10	10
121.667	326.65
472.286	10.6234
262.496	298.528
498.782	291.515
10	10
175.368	303.456
418.893	339.695
302.355	495.893
390.491	79.966
416.978	285.409
337.335	421.775
122.763	496.288
195.045	436.69
45.5931	20.4738
88.6391	162.611
105.093	34.2874
95.8925	209.017
311.278	104.349
10	10
194.902	202.927
420.526	495.214
150.997	111.637
253.541	102.368
183.68	400.245
10	10
99.9625	294.117
272.913	496.038
120.237	136.644
22.0994	232.429
330.573	287.937
138.513	114.196
218.052	279.684
170.119	196.051
311.22	417.73
218.816	119.209
379.296	174.244
408.159	32.9078
113.647	31.7701
327.942	406.491
215.156	134.075
460.995	101.24
376.366	316.251
10	10
173.452	19.2666
478.875	91.4398
479.635	439.143
251.944	219.042
355.185	205.484
303.245	328.318
491.814	212.318
415.231	296.513
296.363	284.831
10	10
134.323	206.196
131.544	499.458
88.1598	416.555
199.652	158.521
379.461	339.375
415.682	349.212
415.715	24.1958
95.1529	377.187
213.398	279.787
79.3027	117.987
10	10
412.463	488.707
353.298	294.566
150.982	201.169
168.969	119.514
10	10
10	10
270.702	15.7049
62.8113	207.91
10	10
33.9318	493.952
467.443	304.678
310.538	146.576
398.551	369.286
239.747	119.735
201.333	242.266
17.6146	241.367
377.597	97.4902
2.55507	126.571
363.463	206.572
496.095	347.047
377.372	174.639
10.5641	98.1289
324.822	455.487
409.963	202.409
476.872	15.445
212.363	32.9857
220.321	87.8973
91.6989	199.593
10	10
408.796	395.279
316.315	494.441
213.932	371.04
10	10
375.144	213.187
222.096	342.283
314.617	89.0255
90.7432	38.9843
10	10
380.409	153.492
211.546	51.2174
20.4724	46.6387
466.251	404.22
10	10
332.591	105.053
229.17	97.7921
439.306	119.106
284.065	430.457
463.911	196.974
10	10
496.455	12.7108
224.754	438.214
10	10
69.9912	82.5353
317.484	16.0657
182.904	109.839
31.2609	289.609
396.578	320.367
10	10
11.2559	316.008
21.724	133.439
301.287	474.806
10	10
232.331	81.0473
415.011	243.632
86.2988	190.927
424.658	314.97
280.554	171.788
317.316	325.964
381.969	205.497
412.577	425.805
442.063	193.13
316.108	86.772
16.5712	217.125
297.618	267.921
29.8386	90.8547
477.237	135.696
168.077	91.1558
78.4869	257.433
173.187	195.941
177.627	326.149
10	10
368.868	303.079
34.26	311.267
10	10
134.771	97.6742
26.2022	278.905
179.389	166.042
13.6301	454.082
368.46	498.702
12.228	58.9204
440.598	423.838
146.695	116.326
10	10
199.303	77.9612
412.222	293.307
393.487	322.676
315.247	277.88
319.565	164.318
245.623	77.7478
313.793	62.8694
250.763	424.715
284.998	200.219
52.0169	197.263
367.899	99.9325
169.249	84.6136
199.451	355.731
10	10
360.538	381.298
260.046	190.589
260.003	180.612
10	10
135.561	288.037
137.931	423.906
54.3395	380.449
156.731	314.996
306.141	499.834
279.144	130.961
98.1378	17.7608
412.843	13.384
390.958	120.503
10	10
488.628	202.839
494.744	477.864
10	10
173.316	188.133
212.585	257.047
236.98	208.008
108.549	156.272
41.8316	223.927
1.71384	14.9837
181.464	346.836
384.448	17.9478
14.9337	7.3446
70.6645	301.86
487.217	447.199
10.696	335.404
360.848	121.572
59.4325	97.5641
160.679	208.979
121.635	247.303
33.9162	296.484
327.919	12.9636
10	10
499.951	207.98
416.358	220.398
453.91	118.293
285.262	78.6487
462.331	319.129
475.404	358.451
417.529	422.716
420.74	466.292
479.696	496.524
249.815	77.0977
140.046	289.641
10	10
326.126	496.375
65.502	122.632
224.841	172.541
180.466	162.822
10	10
92.8523	96.4061
187.59	367.099
424.11	179.458
77.2576	219.85
456.17	184.934
483.646	338.42
388.234	466.787
30.0387	490.576
421.437	432.271
113.599	112.03
31.9509	495.901
419.55	82.2169
107.958	402.463
10	10
35.0324	198.542
180.311	133.138
4.09055	9.96547
412.407	352.705
310.834	497.4
10	10
10	10
154.004	486.979
286.209	242.499
341.945	189.025
249.591	387.083
469.935	401.885
10	10
196.689	27.1236
164.553	14.7048
7.73462	96.9492
361.521	422.733
204.726	360.082
26.3409	296.418
10	10
133.092	297.28
274.737	22.0823
10	10
10	10
10	10
10	10
6.58493	70.8717
10	10
10	10
10	10
222.368	249.472
182.461	115.999
130.961	376.509
484.842	237.702
153.317	198.192
404.831	462.865
96.0889	483.581
398.175	220.888
351.509	115.011
245.903	383.92
142.083	199.906
300.551	295.131
10.7347	366.417
487.427	94.9168
178.479	458.266
59.0814	278.171
490.132	117.488
10	10
400.2	54.0386
336.859	78.1899
54.5322	15.9913
217.445	358.592
180.017	227.862
309.24	358.24
366.517	124.65
116.357	464.19
499.841	379.033
164.304	401.045
402.315	459.766
92.0105	455.307
404.4	113.56
419.675	471.129
196.638	487.763
345.471	479.944
213.368	308.114
134.216	209.638
163.994	487.428
357.354	284.921
189.548	464.13
10	10
386.725	370.639
191.493	281.662
401.786	48.578
10	10
10	10
174.332	207.512
127.78	311.401
415.015	149.908
16.0622	325.731
409.873	464.001
291.92	32.2346
419.426	352.907
153.575	223.767
218.23	57.0143
458.498	81.3969
494.75	183.431
200.941	48.1229
179.154	5.17288
485.016	178.8
10	10
156.049	390.255
302.033	217.768
166.81	384.159
196.893	358.924
10.8728	13.9396
465.388	412.921
96.3979	78.8794
478.687	459.491
165.489	107.219
213.701	234.478
386.946	421.506
184.072	384.829
10	10
10	10
311.946	67.0033
91.8039	480.45
438.848	90.0486
373.78	375.224
424.411	452.731
277.308	157.294
154.74	16.6283
413.863	329.664
70.2559	185.768
464.066	306.571
209.398	350.012
22.0659	225.196
469.579	181.998
33.0606	400.38
78.7832	497.508
428.869	301.247
10	10
10	10
195.521	154.335
467.14	86.538
238.343	96.9417
36.3324	316.547
491.611	31.9793
165.498	185.382
10	10
123.605	252.137
475.592	241.501
354.979	476.56
190.165	223.237
80.09	322.849
93.903	112.953
407.518	262.437
465.149	87.7472
43.6083	376.708
8.21722	468.197
338.84	401.973
314.368	336.359
408.855	396.896
126.251	13.054
200.398	199.276
84.1204	159.318
130.232	5.29858
465.848	405.359
10	10
214.491	72.2387
33.6357	480.289
235.301	84.6888
480.512	273.321
393.228	166.911
218.76	332.699
10	10
27.5361	1.66508
167.709	408.123
341.696	490.657
275.244	137.085
482.583	270.244
400.15	382.364
491.588	190.491
122.616	64.8874
46.9399	196.831
2.25767	58.1509
199.772	287.271
206.669	363.027
351.117	412.635
446.257	220.087
497.137	18.1588
278.103	231.386
10	10
401.233	157.494
278.351	291.819
206.646	322.416
135.124	17.6664
106.168	262.572
323.057	495.612
481.495	103.904
75.6899	22.6385
111.22	230.182
386.826	319.798
23.4157	97.3597
41.0175	10.8377
487.234	135.458
417.822	228.402
176.569	305.278
493.388	78.1917
245.929	299.542
316.693	376.502
301.649	216.999
469.699	1.68226
398.603	264.723
203.628	196.171
317.234	26.1619
168.598	489.315
106.491	15.465
75.3852	209.259
257.877	209.371
114.394	484.895
301.415	207.735
333.945	196.757
5.02286	471.426
390.411	339.663
228.943	493.897
167.603	211.998
29.0216	104.672
10	10
10	10
387.473	183.723
91.7607	215.24
330.568	299.768
10	10
208.782	271.904
177.265	247.697
276.524	412.781
143.93	419.127
214.002	308.086
323.246	92.3145
11.5158	444.309
10	10
10	10
419.583	188.205
285.37	134.274
360.337	318.622
62.6656	14.8169
492.959	166.969
242.751	304.692
373.004	386.763
393.278	244.71
408.041	6.38765
69.2024	421.927
452.806	80.5694
469.412	17.0923
176.767	381.068
10	10
429.875	119.481
10	10
10	10
461.464	221.684
192.953	148.451
157.621	190.371
118.997	485.126
68.0852	278.424
10	10
18.1505	373.425
335.643	205.314
10	10
296.038	62.0024
148.424	304.468
136.565	388.866
481.401	484.084
104.283	486.503
391.851	8.46491
215.236	355.767
10	10
475.033	368.408
334.532	298.241
232.134	105.672
10	10
12.9748	403.822
497.124	359.847
104.285	83.774
159.033	83.0526
10	10
279.823	95.0883
10	10
3.06578	132.672
16.572	203.38
381.105	68.2688
487.661	158.488
205.403	227.391
375.788	452.288
424.17	481.301
10	10
10	10
124.269	243.065
264.853	122.588
188.256	349.782
470.845	495.041
318.295	6.09872
391.805	490.255
414.177	438.687
354.39	91.9431
138.492	421.483
93.027	139.165
313.843	214.528
249.905	284.053
363.511	12.0813
10	10
304.927	41.185
10	10
328.185	308.631
10	10
18.4228	81.6222
10	10
333.419	215.902
10	10
224.584	219.324
197.408	465.966
290.065	296.615
10	10
88.4979	414.82
223.413	298.145
384.846	489.231
455.213	8.35075
11.97	463.502
338.77	281.82
172.901	224.38
285.063	393.315
286.047	81.441
379.328	50.0184
277.997	54.6353
57.3766	396.195
166.37	90.0768
10.2827	205.144
196.931	269.275
10	10
124.239	217.967
10	10
219.201	322.485
10	10
236.204	97.3262
265.412	275.824
291.77	342.424
213.438	194.051
214.137	76.9123
392.03	174.271
191.205	441.37
38.5108	83.8281
414.472	455.173
90.1623	359.973
296.201	328.383
278.32	440.92
5.509	313.084
331.343	89.5968
322.889	148.59
388.193	38.3708
207.766	225.241
158.639	199.602
155.934	6.69984
388.809	406.536
314.895	42.8993
241.39	303.432
267.864	185.433
84.3647	92.7234
10	10
182.261	72.9215
463.194	276.408
271.352	181.733
10	10
213.471	386.561
170.308	406.808
21.3689	208.223
354.104	377.181
320.77	150.158
352.269	208.295
397.216	321.273
19.9648	189.123
23.1304	49.9421
10	10
10	10
271.735	277.553
437.216	76.677
233.394	209.649
418.185	180.1
104.191	21.0666
130.251	287.273
220.779	352.488
495.916	288.812
241.498	204.236
314.58	184.263
280.169	425.219
77.9801	144.836
103.937	218.709
79.1946	59.0544
112.135	396.104
382.575	20.9501
495.53	349.196
215.584	73.6622
75.4973	303.214
9.62575	311.534
15.5952	128.637
3.43035	126.427
174.361	220.582
61.4838	88.7968
491.455	36.881
429.554	301.055
109.161	363.45
194.425	226.186
475.676	200.07
109.487	115.162
423.201	183.265
10	10
177.515	497.985
176.637	372.756
470.71	9.34455
10	10
10	10
491.382	442.755
209.146	80.6822
493.517	326.06
304.294	323.252
221.108	123.206
317.165	199.412
403.292	99.135
10	10
63.0019	318.013
310.873	72.9331
220.231	311.071
376.542	486.17
412.296	471.762
113.439	140.818
275.323	409.456
209.41	427.665
349.656	499.173
10	10
10	10
396.832	341.126
298.577	265.799
462.211	16.1718
355.456	214.72
323.724	483.371
158.032	309.27
352.109	186.229
434.725	90.3954
381.108	317.535
10	10
103.887	190.504
289.251	72.5336
280.979	47.7854
203.266	174.227
28.905	95.9823
82.0461	277.951
212.388	216.888
379.473	162.884
331.422	488.256
5.76806	140.047
430.806	209.143
425.954	389.763
199.556	199.785
203	42.0892
322.122	461.557
373.53	221.607
16.6297	1.52067
314.016	174.883
436.135	316.753
10	10
19.3814	224.659
10	10
246.881	395.465
169.632	110.438
316.146	461.401
497.814	279.603
1.351	331.845
10	10
10	10
293.894	168.682
121.536	166.036
123.751	351.217
162.276	298.429
264.611	287.328
427.634	85.0043
174.499	216.197
366.939	292.159
92.8654	228.942
135.232	176.875
23.2574	363.805
10	10
206.182	144.372
312.765	472.831
304.494	183.185
171.824	211.362
124.244	439.579
7.50016	88.5131
363.988	216.735
251.964	185.137
458.36	420.602
421.545	474.55
276.456	350.837
315.517	400.878
98.2838	475.797
165.709	410.722
230.797	106.889
10	10
379.949	385.953
10	10
222.691	77.8741
487.027	43.4494
10	10
44.9818	409.086
99.6215	254.794
10	10
12.3066	434.34
480.223	414.216
10	10
389.327	457.304
10	10
356.003	81.4201
10	10
5.62022	54.4854
65.9385	182.365
204.004	15.0101
10	10
221.342	200.404
325.036	120.236
408.788	195.167
288.357	210.091
141.554	279.825
366.6	303.281
388.017	18.8907
97.7254	416.66
378.592	320.985
77.1417	324.093
457.602	401.707
156.084	1.2771
104.125	94.786
395.613	105.753
83.8766	184.558
104.392	153.529
450.836	103.137
326.231	409.434
496.603	79.7721
42.8475	182.814
312.542	147.276
284.588	210.093
478.546	201.654
462.414	424.816
10	10
494.521	68.256
423.301	257.381
319.139	16.0687
12.2991	470.059
244.642	12.5768
392.971	340.771
81.4141	467.083
10	10
116.554	247.27
40.0479	224.334
424.972	120.937
99.8171	273.084
367.436	296.321
186.544	100.239
247.065	116.792
10	10
38.0923	392.453
313.043	368.967
255.487	380.006
431.343	9.30394
9.25731	307.998
324.591	389.131
493.373	39.0658
5.70734	276.771
446.062	204.764
376.496	115.715
403.66	40.7836
494.897	433.393
162.506	310.749
478.312	377.047
357.665	310.203
471.506	117.063
482.041	403.508
10	10
9.23485	432.494
324.079	323.273
113.088	54.4299
458.103	193.093
225.689	90.0557
451.994	11.8644
10	10
301.802	206.53
10	10
305.241	43.6324
250.87	394.13
10	10
188.768	129.285
230.647	3.21336
192.654	443.366
197.113	389.493
10	10
497.142	35.489
92.6824	25.005
10	10
339.236	204.357
391.162	416.162
499.52	386.154
404.422	72.4199
316.046	431.032
433.071	307.725
275.106	107.383
287.079	370.304
10	10
118.953	136.971
313.817	160.44
310.607	169.82
10	10
294.034	216.008
258.3	480.711
17.517	287.833
296.904	437.321
455.478	104.377
10	10
10	10
210.639	274.882
293.9	460.7
215.678	91.6502
313.958	409.143
322.98	351.301
5.26678	442.007
468.08	302.796
10	10
229.08	312.353
189.859	468.779
316.908	8.17657
223.523	320.149
40.7729	8.70293
440.685	19.3801
177.107	128.869
310.056	241.933
129.838	198.87
18.6361	33.7643
2.9309	38.9584
260.76	75.3472
498.819	17.2158
117.723	384.683
216.725	205.318
275.793	288.614
136.065	423.22
311.385	397.342
476.715	461.147
323.626	36.9496
309.294	404.563
327.052	186.212
217.04	461.657
195.125	30.3612
468.64	186.027
459.833	115.46
382.616	51.1127
478.923	479.201
93.0922	377.767
447.472	322.921
16.9443	418.497
210.612	162.51
282.827	479.629
318.19	237.912
77.8826	25.0836
79.5859	329.135
10	10
440.636	478.896
268.186	215.288
497.373	44.232
0.740607	310.666
210.864	92.3197
10	10
393.113	28.8485
35.4952	283.403
363.546	92.5734
301.629	120.072
10	10
321.682	472.15
260.621	411.395
321.936	270.446
421.033	446.328
21.3805	59.7715
286.502	244.178
78.4479	499.109
379.518	497.875
188.375	406.113
77.6341	212.091
215.22	306.837
10	10
24.5946	353.894
372.673	101.401
8.2945	237.743
10	10
158.731	2.74624
403.186	219.378
10	10
105.065	87.5231
287.34	178.736
29.8542	207.469
213.594	464.753
307.759	202.262
49.2025	389.031
434.302	17.4994
283.25	59.4818
10	10
428.049	305.985
302.638	400.938
323.879	51.1544
71.0282	277.592
453.403	481.327
237.014	102.911
119.141	241.648
341.288	203.436
441.045	90.5689
275.809	425.551
397.091	155.858
397.807	52.9211
10	10
422.992	286.065
381.337	199.455
214.358	87.1306
199.776	272.406
259.425	276.377
292.813	318.974
10	10
27.89	476.566
93.0158	100.691
328.112	286.283
494.734	114.536
62.3983	118.516
186.99	22.5192
446.825	421.87
414.837	67.5663
403.108	151.62
10	10
225.167	492.726
341.705	319.614
196.247	494.71
174.567	403.252
257.433	224.55
320.293	81.5707
426.528	489.11
180.14	489.673
33.627	284.89
311.271	175.319
287.175	163.221
361.167	418.851
86.2288	142.757
448.1	305.065
23.4417	405.356
394.628	250.753
292.593	362.541
11.8155	36.9753
10	10
29.9721	7.69006
249.476	179.165
96.8511	54.2446
370.921	111.737
386.924	288.271
236.244	318.943
91.1299	220.715
411.594	128.136
98.4103	159.408
379.395	118.978
178.433	405.099
281.175	409.803
108.152	76.5606
177.254	394.367
92.9454	233.878
196.967	440.901
335.179	310.633
10.8834	376.035
228.541	479.329
416.631	389.752
388.183	0.929647
373.718	482.245
261.591	376.736
87.1978	469.489
10	10
385.021	164.999
408.505	399.966
467.436	375.477
133.229	21.0839
215.56	93.1345
96.8862	106.516
233.575	391.923
10	10
80.767	462.633
290.093	54.7718
162.775	283.363
11.7895	490.34
386.848	422.184
307.177	411.087
382.341	277.381
306.386	75.3221
418.378	104.498
486.786	475.16
347.463	220.748
470.193	19.2422
10	10
17.8642	307.261
288.77	383.027
303.545	25.6956
10	10
85.1489	112.052
495.38	218.549
404.417	300.42
427.243	21.1209
378.872	24.4322
275.92	96.3958
480.456	266.86
187.998	457.923
122.14	205.456
89.6635	311.585
337.168	423.519
399.031	451.745
116.877	250.038
320.179	443.838
205.282	384.126
35.1775	418.545
331.306	99.7119
457.535	305.357
10	10
479.418	61.5043
208.373	205.555
199.307	298.002
388.937	45.5662
340.247	194.24
286.787	428.568
14.6316	189.015
226.441	300.118
177.317	204.466
475.679	101.411
46.485	1.34362
145.778	77.3482
419.614	238.841
10	10
217.623	196.865
31.6581	479.302
253.694	390.355
492.213	337.429
400.619	468.836
476.916	173.902
139.815	217.923
4.74183	376.642
10	10
10	10
10	10
397.955	213.169
119.521	95.6708
402.772	311.39
218.86	401.577
192.615	312.477
476.561	481.157
258.339	178.945
449.731	292.336
175.054	473.37
391.661	22.1057
218.797	324.359
296.753	472.853
95.6011	463.445
97.0735	16.6915
353.586	96.8687
382.485	401.537
406.735	130.547
476.425	403.086
228.41	385.183
421.208	466.788
144.479	94.6034
478.915	343.959
487.509	429.332
202.343	159.993
385.906	380.435
116.459	338.694
73.3942	199.166
286.599	325.732
477.616	40.0675
316.775	49.6297
220.147	356.465
254.457	104.426
202.776	249.514
419.035	316.003
224.712	486.694
299.722	327.675
94.7512	361.709
385.998	120.113
138.591	314.548
279.348	39.7581
417.119	485.549
17.1779	17.5842
41.8625	311.776
102.232	57.1098
217.324	114.727
72.3396	3.33974
10	10
185.801	317.27
203.16	258.955
404.216	466.818
406.793	255.369
348.969	404.202
230.261	24.2975
142.52	304.192
156.259	0.951741
467.766	91.2453
166.698	178.219
277.189	468.995
80.1492	225.083
90.1769	357.597
107.719	156.69
296.097	327.832
10	10
10	10
185.758	124.79
221.787	405.631
156.206	224.742
345.489	481.647
10	10
321.286	481.456
48.5397	316.103
10	10
304.104	159.494
393.599	82.3166
292.427	39.9279
121.908	162.519
238.111	76.8334
214.004	341.227
159.208	394.61
241.202	495.302
10	10
361.737	188.335
272.451	87.0143
253.721	494.52
480.592	15.1186
293.591	218.62
1.23929	273.547
20.8636	410.917
7.0822	434.272
10	10
10	10
486.608	481.639
387.947	72.37
10	10
387.814	24.2333
51.7567	178.842
313.976	190.946
264.033	97.5551
102.361	308.043
296.111	283.716
10	10
473.819	23.054
270.608	101.449
10.2027	439.284
76.8332	88.4952
108.917	467.104
10	10
34.2732	297.633
196.04	291.762
222.88	475.629
175.877	62.4091
154.288	191.735
304.192	250.034
10	10
129.793	176.757
126.256	217.973
122.618	184.843
300.105	275.591
374.472	282.983
316.957	276.254
496.766	282.968
10	10
451.055	376.6
345.359	3.96547
443.882	303.393
327.482	204.243
10	10
58.6855	22.4698
223.649	411.188
281.054	469.739
10	10
286.765	206.06
16.5598	419.261
176.81	49.3004
490.397	451.162
100.535	53.552
463.772	486.504
10	10
407.796	140.682
206.886	73.0201
478.406	154.7
99.5232	75.3349
222.05	110.802
246.62	482.214
237.517	498.965
10	10
359.862	97.0869
401.066	282.62
226.76	113.575
10	10
60.3133	397.736
409.158	237.909
456.267	196.491
471.205	294.608
72.9993	117.252
296.097	398.382
362.065	202.109
261.714	499.284
102.286	397.75
436.694	192.129
78.0236	348.883
251.943	121.269
497.842	340.794
284.567	319.86
410.739	351.594
455.946	309.237
217.037	487.463
108.104	280.284
10	10
254.85	323.434
291.462	264.536
339.253	413.812
473.438	106.092
10	10
10	10
255.574	380.227
416.828	135.439
393.146	18.4574
88.2194	466.877
10	10
130.766	395.854
392.274	193.344
222.359	409.184
422.34	464.21
64.1809	481.122
396.38	413.762
4.40763	16.4425
99.1156	175.986
433.204	87.711
188.068	293.907
305.91	25.5424
173.401	104.11
476.059	198.209
94.8564	123.719
21.6903	109.349
10	10
338.532	495.029
435.736	408.915
297.31	72.0511
10	10
316.678	356.854
215.533	188.544
295.542	300.534
376.307	260.541
312.581	225.886
484.658	423.33
5.29271	306.03
320.779	372.714
67.957	191.015
309.401	305.221
32.485	287.067
402.062	234.983
321.746	329.422
369.136	497.796
459.768	213.274
58.7716	312.375
40.7802	396.184
211.905	9.11177
253.981	112.455
10	10
56.6951	421.746
17.3606	84.8619
238.311	296.623
490.712	497.807
458.823	300.859
342.34	107.493
10	10
495.165	362.804
86.8234	16.1067
344.435	195.294
10	10
69.5541	304.793
10	10
353.343	84.8463
60.7109	9.41883
212.645	346.077
180.856	288.647
277.549	240.741
10	10
6.4697	150.511
368.11	298.288
412.276	267.752
10	10
10	10
23.3784	417.739
351.738	97.2317
461.621	20.0608
209.306	29.7144
57.5904	415.497
484.125	5.76336
98.5594	100.418
258.545	13.566
324.266	344.964
10	10
277.743	62.7957
401.687	479.462
245.516	323.549
114.302	164.813
10	10
103.093	5.55706
198.654	44.9756
324.846	191.747
22.4173	395.959
410.652	146.383
363.997	205.064
116.669	316.865
10	10
10	10
10	10
98.6559	125.211
246.724	223.5
356.061	206.603
7.83852	292.43
278.128	302.963
487.811	288.21
75.8887	81.5079
193.839	346.893
222.099	31.1003
202.856	466.081
194.558	445.34
10	10
105.835	449.47
130.703	402.531
10	10
165.587	118.532
223.977	152.023
218.326	121.812
309.96	465.859
291.16	477.721
10	10
11.7799	443.929
82.5396	205.804
93.5115	239.867
404.238	293.254
434.383	291.089
243.049	88.873
10	10
10	10
281.108	193.604
490.969	126.146
299.882	210.129
120.613	186.763
417.809	215.559
224.097	222.954
95.3368	274.78
380.574	386.834
381.268	34.658
79.4311	247.917
396.369	172.721
10	10
281.855	276.227
180.827	432.069
83.5955	478.145
472.353	7.86537
10	10
495.421	422.715
301.785	265.986
424.553	321.6
449.772	104.163
102.1	153.981
10	10
294.822	110.709
42.2218	216.734
10	10
89.8828	94.1325
193.462	395.176
402.217	387.573
439.483	498.333
52.0617	416.052
206.856	31.6708
425.104	181.92
10	10
176.911	142.633
407.941	472.974
79.562	31.5495
18.1994	44.0125
9.31329	358.391
10	10
471.044	478.87
88.8365	335.613
30.0016	197.184
5.82051	59.096
451.698	17.1428
10	10
194.326	202.734
51.2707	324.445
496.876	365.209
398.545	331.841
10	10
315.61	374.339
480.683	165.754
308.685	398.55
11.1847	280.904
184.066	267.636
216.542	250.59
381.552	204.096
179.47	48.958
85.5609	407.58
277.447	294.654
345.797	117.6
333.695	408.09
196.986	108.316
103.493	170.94
10	10
120.372	393.669
483.412	377.3
100.958	267.45
90.096	498.742
284.848	206.029
96.8299	270.515
435.516	81.9254
450.441	217.356
10	10
236.078	189.465
53.353	85.1123
170.091	96.8157
298.211	196.774
106.565	124.974
4.72555	453.185
307.514	468.804
275.207	163.674
466.219	210.837
296.231	23.9036
404.821	57.1427
228.693	6.80761
281.16	128.16
53.8759	398.741
219.823	266.237
10	10
331.738	306.587
10	10
43.121	489.883
476.164	313.841
58.4972	385.217
468.453	305.315
20.6405	428.391
283.74	227.301
197.831	149.238
289.483	22.0046
331.41	282.931
484.132	110.334
63.4849	382.637
41.325	121.875
252.056	499.823
437.162	402.14
297.179	373.453
10	10
10	10
308.316	50.3537
364.45	499.554
44.7654	198.932
315.684	169.14
240.932	188.704
390.25	153.04
133.985	116
374.114	79.2987
239.008	190.169
405.421	319.807
411.332	171.332
10	10
213.296	337.374
303.48	30.9153
472.824	88.4263
332.783	492.993
184.435	213.553
10	10
5.76643	401.34
9.08584	289.897
215.328	268.684
183.114	136.14
10	10
81.7748	312.534
177.427	62.4951
196.081	268.961
81.5129	312.546
10	10
200.194	71.6908
221.995	103.183
90.0886	23.5023
10	10
10	10
306.052	418.44
315.51	371.997
57.6774	382.777
377.92	341.981
5.9394	63.9431
118.581	485.655
474.059	422.919
184.845	465.343
10	10
422.396	267.388
454.091	218.995
361.763	200.781
296.749	286.235
364.253	101.021
10	10
387.628	135.15
206.746	386.03
82.876	68.1603
358.19	17.2009
67.9189	420.469
10	10
193.398	371.486
83.8885	349.019
400.617	390.149
192.226	422.312
342.687	296.012
119.688	43.3229
25.3591	90.7266
384.511	393.392
355.543	291.942
230.813	8.35603
122.228	186.835
391.047	10.6187
10.2056	312.66
275.628	361.972
150.355	495.244
193.099	193.514
85.3455	177.913
395.379	339.418
275.873	488.849
10	10
301.903	397.24
422.915	55.8607
220.873	439.234
412.076	213.14
31.0181	400.454
204.495	61.3371
72.7057	92.1606
405.501	105.126
200.074	366.888
92.1831	125.056
215.494	453.988
277.298	284.961
20.5271	278.058
81.0034	434.171
85.917	286.164
4.73198	187.602
284.671	280.525
333.793	88.5109
81.1978	353.704
10	10
132.336	276.389
10	10
272.463	410.557
29.5173	321.844
112.22	489.131
50.2744	478.734
54.7194	284.24
400.417	234.029
10	10
98.1736	199.39
173.86	290.304
314.127	153.79
318.382	73.5191
29.7394	412.61
320.809	55.9263
320.912	169.946
147.276	407.956
115.334	148.874
279.224	241.993
216.5	259.158
499.68	122.384
406.607	446.921
321.411	120.201
294.159	300.688
235.556	418.181
407.423	116.658
198.835	421.318
10	10
309.446	306.622
383.077	26.0909
77.1134	375.832
281.099	22.1058
187.673	471.282
10	10
15.9867	409.398
286.781	422.033
69.936	86.52
89.3283	490.662
113.731	151.448
14.682	472.811
226.403	290.785
392.332	108.737
349.166	21.3504
10	10
178.221	45.4375
12.725	93.3235
291.837	445.205
53.9423	84.2988
322.408	152.361
278.622	174.949
238.804	288.582
8.37646	105.078
114.896	314.912
413.645	304.598
78.5583	116.599
190.626	179.006
421.425	166.318
303.917	132.1
122.735	389.613
397.81	125.986
111.991	39.538
237.243	275.125
397.174	309.912
98.2909	98.1522
449.405	287.558
284.028	334.616
381.743	193.09
409.786	164.816
16.916	124.065
496.804	447.905
22.1376	81.0205
70.4597	402.854
12.1133	432.077
420.335	406.385
158.619	300.231
294.215	112.207
24.4314	81.0545
284.413	228.61
9.60245	494.987
26.8378	379.245
448.594	101.46
323.404	211.141
393.486	185.911
306.064	493.208
32.1006	312.508
370.77	417.069
282.362	176.705
188.711	36.9959
387.171	171.536
6.79803	496.006
453.516	3.62278
225.089	286.273
459.238	494.067
186.765	4.96165
297.995	84.2842
10	10
10	10
450.962	293.104
220.535	160.829
30.3433	213.847
287.645	321.638
210.345	348.593
226.818	89.4417
10	10
492.295	77.9942
413.064	250.669
272.12	5.80593
463.345	7.58748
93.0733	43.2832
2.24334	159.574
207.903	70.4328
415.629	178.748
467.117	100.745
188.346	8.55441
454.99	194.237
409.708	65.9358
398.275	68.3448
475.046	41.0737
179.641	107.329
151.064	203.747
308.433	487.287
301.634	265.214
85.9835	458.907
495.393	23.7724
10	10
195.272	145.79
391.549	173.072
10	10
391.789	370.1
160.065	205.698
124.018	26.1301
187.403	185.114
424.698	452.51
10	10
96.3027	441.192
190.935	251.801
288.303	11.3569
78.9465	178.468
10	10
282.275	220.878
283.619	26.0011
474.888	283.358
164.355	393.093
5.8997	13.415
152.99	286.03
447.844	323.554
10	10
439.476	416.478
412.049	164.926
480.644	276.243
19.5304	351.313
135.761	192.151
228.065	79.8773
390.323	303.163
309.535	182.755
425.212	305.933
10	10
302.396	18.8305
290.89	76.8984
443.033	421.249
302.29	9.09078
397.477	487.295
113.337	70.5506
120.516	243.785
295.313	393.49
10	10
53.6503	18.3128
44.3436	399.735
453.681	297.598
300.872	315.922
195.52	404.949
112.68	10.0345
429.091	395.772
270.094	289.175
181.961	238.741
65.0051	179.579
63.1155	85.9358
433.494	377.87
449.536	304.797
10	10
317.959	415.173
62.7545	118.884
321.551	276.624
10	10
87.8055	274.982
109.4	370.968
408.554	378.879
193.214	480.948
468.38	313.698
48.1006	290.698
324.966	296.599
7.32063	168.19
79.5865	150.403
10	10
496.954	107.15
10	10
370.817	5.25302
235.859	497.618
434.246	498.229
10	10
429.512	94.0901
150.263	413.931
181.17	49.1005
158.816	409.311
419.719	283.31
103.024	182.528
116.318	170.434
476.798	406.937
400.795	333.112
108.586	69.6644
10	10
296.988	244.372
248.64	306.106
11.2597	347.261
288.069	45.7837
6.60058	418.359
112.943	448.397
221.219	96.7357
185.269	340.707
10	10
263.867	180.02
15.5042	154.798
10	10
328.11	221.084
489.126	405.218
314.139	275.282
411.466	290.078
10	10
424.728	120.11
369.829	376.555
10	10
10	10
297.551	204.302
278.155	140.097
26.6711	214.871
175.54	402.298
47.4897	175.388
430.749	192.989
142.114	10.695
287.257	389.8
94.8781	346.794
10	10
298.653	191.089
464.501	180.479
468.052	103.435
375.489	319.852
314.266	100.714
120.614	316.282
309.839	173.941
156.736	296.48
212.712	245.802
274.55	498.075
75.8313	205.689
10	10
12.9623	133.355
478.379	412.42
10	10
36.6081	183.605
82.8001	197.179
110.711	140.727
16.5461	315.962
369.135	4.74375
10	10
114.258	322.424
482.611	284.415
13.0455	43.7723
10	10
434.351	111.1
155.245	184.613
145.277	493.853
369.378	78.0371
14.3475	139.809
10	10
23.7099	138.84
413.372	256.23
467.188	186.474
218.204	139.144
324.769	55.4061
308.136	24.7408
240.836	499.856
299.926	52.8699
456.14	224.802
280.498	443.946
10	10
5.69897	351.046
495.625	464.111
199.486	99.0496
23.3029	391.628
316.806	119.481
377.218	303.766
392.053	122.533
10.9157	33.8007
5.07393	105.741
440.292	189.776
417.534	434.747
419.583	94.6681
476.72	139.142
118.564	376.85
15.176	218.531
10	10
290.279	322.236
494.566	431.315
405.115	443.552
261.355	408.709
96.231	17.6676
81.4713	11.1248
460.944	21.982
10	10
11.0716	248.878
368.122	192.363
22.3172	128.496
10	10
6.79711	201.103
491.321	245.319
195.099	5.51038
354.595	395.265
446.046	23.49
2.61128	290.613
10	10
373.132	320.827
181.092	149.296
213.351	293.685
414.998	226.131
124.815	64.5579
455.154	385.386
179.321	359.761
117.113	473.507
10	10
218.372	218.084
196.742	155.141
342.144	385.34
39.6554	278.464
461.052	414.952
261.41	100.383
191.619	126.736
10	10
204.509	214.758
206.141	471.066
467.451	401.847
302.122	464.116
114.683	299.016
219.583	397.229
230.475	124.565
10	10
259.185	495.416
405.245	153.347
175.615	83.9316
185.349	250.932
272.359	492.558
10	10
10	10
248.307	394.652
318.708	25.417
63.4263	181.78
10	10
42.9303	315.978
58.8289	293.506
128.039	6.27641
81.4002	347.511
147.228	416.44
10	10
10	10
105.405	170.72
300.007	18.8426
149.398	321.527
82.3594	352.669
318.225	102.306
4.85885	240.168
10	10
247.607	302.15
386.219	251.703
400.091	239.724
308.719	282.094
10	10
65.7729	224.175
109.491	350.875
382.333	276.227
389.217	3.02048
21.2761	145.462
437.301	313.001
10	10
383.248	341.59
19.4037	145.381
10	10
467.907	491.337
496.445	75.4682
35.5128	90.9091
11.904	175.931
431.082	320.802
202.225	0.127982
390.817	318.828
303.808	350.622
396.009	434.173
184.951	92.3551
206.935	183.934
366.82	177.087
10	10
10	10
10	10
330.375	307.518
219.083	199.13
10	10
495.901	169.531
46.7055	82.476
16.4266	191.688
27.3727	396.622
10	10
412.325	217.492
332.171	489.997
492.109	110.927
10	10
173.445	489.686
10	10
244.761	198.915
7.00194	346.619
185.797	200.137
496.218	416.927
210.203	409.889
69.3535	85.6255
287.925	168.35
9.18447	230.603
10	10
389.378	393.728
64.7685	86.8353
490.893	303.343
304.252	457.533
496.19	124.134
91.9876	283.836
297.908	396.078
10	10
413.547	160.308
112.624	272.212
285.955	346.578
80.4925	313.191
320.345	400.691
416.577	358.409
205.274	418.852
116.715	325.851
15.009	481.151
480.75	136.304
441.863	183.524
10	10
10	10
333.859	179.863
388.56	453.334
95.3768	254.154
201.533	196.497
88.6763	67.7644
157.768	186.196
92.4225	152.796
10	10
10	10
282.451	193.811
10	10
214.321	15.9828
81.4368	282.323
478.131	155.72
467.975	7.77856
153.542	292.05
289.413	306.303
8.47061	91.3288
154.45	295.221
90.9805	424.726
450.084	176.78
10	10
39.8766	200.794
10	10
118.317	457.502
317.08	298.39
132.813	387.378
476.211	485.107
185.492	144.797
447.085	377.556
112.364	118.309
100.047	359.531
10	10
76.0514	305.581
213.649	429.333
369.113	385.102
425.35	107.892
389.592	232.176
418.886	210.964
79.9076	351.34
22.0485	200.14
37.9912	187.611
1.55822	368.225
314.09	474.991
215.885	261.686
301.947	460.824
67.7348	499.959
10	10
192.763	64.3339
435.925	19.3291
429.299	12.8684
5.40041	430.512
474.024	401.743
47.1103	198.47
127.142	182.251
472.63	306.881
493.191	326.205
206.239	273.89
498.608	207.507
387.504	298.59
10	10
10	10
116.738	255.983
213.978	59.3607
53.0438	403.2
84.9305	126.456
10	10
10	10
191.193	170.767
383.877	496.09
415.58	96.4663
453.13	11.9408
10	10
196.923	456.158
324.228	492.332
286.609	437.426
170.848	314.691
331.886	323.474
156.957	21.0735
252.173	477.211
177.036	356.271
10	10
423.944	49.48
44.3719	498.386
114.025	200.09
238.752	293.324
55.9354	399.554
335.602	293.576
389.83	360.85
108.845	387.654
81.5801	103.102
495.35	82.8401
287.966	193.653
10	10
10	10
10	10
70.1246	380.113
90.5644	378.225
10	10
390.045	458.238
10	10
463.65	193.221
10	10
272.255	211.538
364.97	397.955
209.096	418.78
10	10
399.463	113.111
303.959	465.638
7.94154	138.908
10	10
386.673	268.563
408.372	4.1814
10	10
348.027	305.139
250.939	382.528
87.6802	417.07
106.561	287.039
215.624	295.934
6.32078	255.054
347.235	499.657
108.287	108.867
257.754	19.5445
295.012	411.007
290.23	492.817
491.844	456.259
303.209	441.538
354.437	382.896
258.558	20.655
312.743	32.3929
165.441	416.864
396.187	223.555
43.9493	201.42
477.918	384.448
383.934	447.256
479.717	217.3
95.7285	488.21
10	10
121.566	499.229
227.159	323.528
122.498	455.791
111.437	365.299
175.521	250.266
115.44	203.809
390.212	214.525
10	10
11.6224	281.561
205.864	138.114
31.8742	313.903
123.765	422.094
10.7359	259.053
10	10
168.005	196.577
110.149	9.01219
276.656	397.36
487.612	309.108
10	10
107.502	468.072
223.624	382.304
81.7619	481.561
347.266	183.854
18.1492	40.3696
10	10
33.341	22.1915
303.601	111.563
308.076	475.995
279.493	305.727
418.743	113.816
323.949	189.544
409.79	167.052
469.6	379.915
294.748	261.547
102.096	342.021
465.332	6.32496
65.384	111.545
379.315	399.923
380.288	241.9
10	10
408.569	345.624
378.287	485.823
499.082	49.9235
324.286	320.694
13.3722	207.636
284.269	365.482
396.249	270.665
233.09	476.307
180.273	83.4642
413.941	12.1576
11.9297	395.793
80.7061	82.8745
10	10
298.034	452.553
307.594	124.281
98.7482	194.617
215.908	328.966
253.457	216.751
284.298	424.463
10	10
167.821	19.7807
429.458	486.816
315.339	388.637
10	10
301.279	36.539
381.72	207.219
10	10
3.90138	158.063
185.775	339.664
320.776	234.629
15.4967	42.5223
85.2745	253.396
10	10
190.106	303.506
99.8072	208.24
436.034	223.642
138.844	214.493
10	10
496.247	309.915
350.03	305.625
56.3537	181.11
369.57	193.268
438.835	410.01
211.864	67.4691
10	10
10	10
15.4097	358.629
10	10
10	10
10	10
373.965	409.271
10	10
57.4934	390.605
266.445	82.2834
393.768	3.79746
496.269	422.689
179.352	275.158
184.302	300.321
206.972	286.272
141.345	283.958
385.919	220.387
10	10
10	10
161.202	75.2713
493.522	221.013
10	10
10.9787	123.132
317.401	290.528
11.3661	91.6106
10.1347	141.119
414.067	472.392
389.841	30.2097
10	10
108.696	367.14
434.672	415.619
378.77	110.53
237.582	179.145
82.0427	117.636
277.466	48.6301
387.91	63.4007
488.311	409.531
435.358	306.349
198.032	389.376
282.528	125.824
452.206	290.073
117.07	337.519
90.3081	281.839
497.213	398.135
449.464	316.064
370.851	377.792
378.772	120.962
214.476	126.872
223.158	124.943
10	10
219.391	244.974
12.2177	191.413
490.46	17.1181
360.067	481.309
403.652	307.337
10	10
439.76	89.2617
45.9118	209.026
385.891	193.284
371.829	383.856
75.5548	324.121
297.192	413.582
389.576	199.712
222.733	266.213
305.809	200.587
197.912	195.636
295.446	397.501
10	10
42.5183	491.798
243.608	490.36
480.882	169.915
381.99	491.853
25.7005	287.88
339.4	220.707
479.294	109.643
199.559	226.711
237.489	196.462
432.03	311.907
397.739	48.3736
214.448	42.2472
483.438	173.995
458.347	88.7454
255.049	396.3
10	10
275.434	32.9271
10	10
96.4162	395.33
351.303	478.967
6.65524	141.772
365.325	375.781
176.443	91.9631
88.643	262.087
122.189	104.302
468.653	101.776
109.01	462.736
82.6385	324.709
390.494	358.649
221.305	66.7307
19.8004	420.716
118.31	146.955
395.361	308.926
10	10
86.5936	410.38
29.5731	185.767
357.585	488.39
227.725	13.6632
370.256	199.163
309.299	143.156
141.729	182.257
280.028	187.311
130.304	214.81
331.591	275.27
203.763	118.854
10	10
270.351	288.227
150.038	420.76
417.814	83.3835
34.6261	216.413
319.194	57.8401
2.80982	28.4145
105.131	113.078
269.611	107.506
211.499	356.083
284.81	92.9653
250.583	321.078
10	10
108.748	168.724
10	10
237.564	102.771
10	10
136.716	108.17
10	10
371.544	116.94
408.914	121.316
66.458	222.58
497.32	70.816
51.9797	418.952
240.422	193.459
487.04	175.503
152.843	477.046
294.845	275.554
210.217	372.894
126.563	196.735
89.4367	103.229
274.602	492.166
75.1875	269.585
393.398	494.628
439.263	221.868
442.634	284.158
436.632	2.81371
391.757	168.435
252.284	487.405
484.5	425.979
498.173	97.5794
315.596	447.17
151.797	423.926
301.393	372.922
347.821	193.211
307.349	372.401
262.222	311.602
283.381	178.979
121.728	255.199
8.60327	464.558
10	10
212.393	261.671
270.701	222.076
51.947	414.606
100.149	16.1975
18.1236	158.979
490.994	2.51582
12.3626	131.903
243.024	403.925
147.92	324.177
300.046	398.235
407.77	49.4468
262.818	114.072
35.0797	212.84
311.685	151.882
10	10
5.65078	110.754
107.165	134.176
140.579	416.616
356.523	196.455
386.17	248.181
118.654	366.741
140.158	482.067
299.086	303.892
406.798	141.588
428.472	215.035
411.421	165.019
417.855	496.371
287.829	342.685
320.817	225.907
333.158	277.791
10	10
199.363	451.509
293.423	122.174
107.675	257.98
450.102	400.929
10	10
10	10
382.769	402.83
32.5132	394.925
476.585	90.2556
413.749	459.904
170.468	15.7592
415.909	104.924
464.125	23.5261
465.612	220.657
100.71	326.211
418.352	430.069
497.668	44.4428
423.355	315.41
42.8157	17.106
405.948	39.3475
10	10
336.311	79.2845
109.872	120.32
14.3148	481.79
478.336	235.755
436.174	88.8434
79.6581	116.81
433.453	100.365
460.348	115.428
484.634	496.637
494.76	235.929
386.622	481.271
322.335	372.694
10	10
374.876	123.387
265.611	486.304
200.094	436.264
68.834	104.41
449.338	117.725
299.542	391.048
198.643	430.521
284.477	171.734
10	10
402.536	487.312
4.52567	356.286
10	10
412.196	348.911
28.601	191.527
449.953	284.574
248.523	90.4944
10	10
10	10
329.292	492.565
211.832	2.21867
176.162	55.4052
490.663	9.32274
345.228	217.913
242.061	4.9701
190.693	22.0074
337.295	82.736
435.248	297.291
464.859	116.441
262.777	11.3573
10	10
194.158	114.08
396.68	331.533
10	10
477.304	498.437
434.574	284.798
278.62	152.687
307.138	365.728
443.694	292.504
445.772	400.591
446.401	18.2205
330.484	317.182
414.124	304.464
432.565	390.83
283.433	7.41076
318.839	37.8283
131.898	177.55
140.147	280.645
465.227	79.5048
100.797	407.482
366.4	289.856
119.808	340.767
190.987	142.724
331.753	319.459
222.565	94.9234
217.053	53.7545
102.672	217.976
209.89	295.785
375.214	456.19
465.826	95.012
120.45	383.068
116.71	161.891
4.76296	66.3406
208.669	76.0574
201.927	115.892
292.602	141.18
13.3414	493.894
362.452	16.3222
230.394	421.726
30.6967	497.244
486.138	444.779
182.149	141.188
202.563	387.684
258.206	485.46
69.5024	219.181
10	10
116.872	365.159
380.929	0.123702
53.4145	201.757
481.104	361.475
79.1503	151.351
469.11	484.887
117.668	121.262
468.217	305.487
411.498	117.468
52.7876	317.086
493.185	456.211
185.868	356.342
415.367	318.967
14.2513	223.567
413.683	2.69976
160.414	24.5694
10	10
10	10
303.189	313.274
86.6813	453.251
403.607	297.128
406.578	151.846
216.096	31.0335
291.356	273.443
295.724	352.542
185.264	80.5447
287.324	231.199
425.031	95.2927
10	10
90.0496	9.04563
10	10
411.073	250.806
262.242	310.509
217.851	447.905
145.696	98.5553
135.335	1.61547
265.181	75.3508
80.7937	68.7795
189.281	186.083
283.992	89.7737
481.413	335.24
10	10
114.515	60.3609
9.06128	419.034
498.293	191.749
311.949	289.363
80.0501	288.27
102.843	325.334
203.544	291.224
400.783	296.54
10	10
476.183	337.938
483.928	171.028
118.595	207.272
166.088	176.479
368.54	399.683
166.117	189.349
291.206	275.658
220.365	471.021
189.551	225.662
10.2005	176.693
10	10
110.065	74.4623
489.235	282.895
85.0263	474.691
399.129	461.583
27.7049	80.008
435.124	204.196
80.9633	304.072
8.29089	160.256
116.343	310.211
24.3246	312.292
417.612	334.683
164.133	403
10	10
161.419	482.348
380.709	443.752
10.0208	89.8879
6.36902	168.56
204.465	350.058
63.4611	76.3336
453.301	419.416
127.194	181.959
94.4667	101.71
487.171	156.674
150.241	85.1523
109.381	398.748
289.518	494.701
115.363	224.833
316.316	310.12
340.174	488.713
10	10
33.3374	491.651
408.635	223.18
187.939	47.9075
33.2818	389.962
198.688	310.864
479.026	393.747
57.2881	120.065
462.053	283.186
10	10
398.324	5.9533
491.894	180.046
493.934	149.307
194.712	463.204
117.151	237.852
386.552	285.642
383.787	280.921
259.424	210.478
381.049	490.298
385.331	274.753
10	10
493.889	374.315
41.695	100.313
10	10
492.516	168.425
112.286	318.947
16.4636	203.582
60.0729	213.796
401.609	476.77
356.313	114.036
10	10
421.497	104.752
10	10
110.73	405.951
10.2729	208.214
102.396	294.867
45.7485	13.0183
266.112	387.62
107.925	60.7734
222.56	0.212186
181.575	106.155
251.366	88.1107
265.874	104.509
304.805	23.7853
369.51	91.3932
497.244	219.106
407.151	439.754
266.347	415.982
331.937	385.6
186.523	190.915
191.241	469.801
73.0868	389.665
177.551	123.853
13.1442	457.205
361.623	409.631
323.718	30.8055
205.79	390.944
494.796	445.507
99.0371	378.74
220.793	183.233
198.234	244.928
308.32	483.509
122.831	346.585
111.145	322.814
419.833	164.708
497.283	363.866
135.473	315.569
363.873	119.068
18.664	449.002
313.808	447.313
185.972	281.044
86.2956	437.468
48.9874	398.968
196.408	387.032
10	10
10	10
396.941	3.93324
287.268	75.6638
30.1543	204.825
187.448	158.287
456.034	204.689
299.184	71.8358
405.433	365.852
10	10
280.458	290.658
79.5575	360.78
204.845	219.101
388.403	191.074
267.275	85.9576
396.417	80.6215
102.81	205.776
125.013	10.5438
180.839	476.614
208.351	121.213
10	10
144.568	410.799
10	10
10	10
436.152	277.913
10	10
428.047	179.856
486.251	74.4523
291.083	156.343
56.2134	322.223
416.497	123.374
10	10
422.258	295.297
179.337	226.719
361.924	487.893
264.739	178.96
266.051	491.91
410.196	200.856
140.69	499.479
10	10
412.203	278.602
422.267	128.407
295.493	236.475
259.023	497.32
257.587	493.424
284.413	408.543
486.118	253.526
10	10
473.874	410.251
10	10
354.074	4.75147
187.745	425.591
10	10
395.55	349.647
313.956	459.445
385.48	15.5446
421.017	156.364
152.584	491.814
10	10
450.751	105.539
380.996	186.133
10	10
208.476	273.081
225.341	416.21
200.302	96.8844
413.01	411.197
414.098	133.344
10	10
247.454	178.19
161.789	221.361
488.274	14.4203
90.0576	418.141
283.562	236.516
428.045	223.563
249.443	100.416
140.532	281.309
342.402	320.534
379.632	113.9
87.8906	357.661
10	10
221.195	92.9824
205.98	166.631
317.537	136.979
82.3245	107.676
10	10
434.341	415.262
323.93	96.2914
190.635	53.9014
373.414	276.469
10	10
421.5	215.857
498.31	192.696
403.86	241.38
95.3652	227.111
425.152	283.528
430.221	105.288
100.092	485.166
72.2402	404.782
393.401	481.006
207.144	203.266
444.29	218.839
393.526	84.1584
123.138	169.663
397.985	416.128
179.979	154.233
10	10
104.033	360.615
20.6708	337.413
10	10
274.12	300.572
352.865	210.672
113.78	431.419
248.896	79.1384
382.414	28.942
54.3475	295.085
272.226	108.572
413.102	473.927
10	10
143.175	290.417
416.994	95.0473
276.087	293.015
269.35	21.1093
384.402	95.2954
289.485	263.577
104.191	234.532
497.358	178.241
15.5326	86.2933
263.712	119.526
299.894	115.284
149.582	423.116
463.078	486.387
89.4545	26.022
102.094	200.982
380.426	373.072
198.823	291.475
284.905	102.848
10	10
10	10
23.4608	279.323
10	10
84.0164	341.976
10	10
277.865	145.126
89.9683	468.391
384.321	476.805
10	10
396.205	418.092
475.536	362.674
183.269	10.2912
211.698	498.149
367.813	0.419559
303.117	185.019
411.134	201.701
486.615	159.064
264.132	419.197
213.08	117.692
173.614	312.988
10	10
407.872	175.996
279.353	240.371
275.993	497.836
325.266	221.987
379.072	35.3643
90.3666	394.302
224.622	477.319
308.501	60.8649
36.6119	215.151
218.688	195.347
10	10
484.734	490.422
438.96	375.656
8.32067	347.111
450.616	298.321
427.514	290.638
34.7812	288.049
137.279	379.243
81.3918	442.02
89.5729	401.215
213.013	475.692
10	10
321.282	155.266
391.21	0.2065
391.077	384.583
127.53	91.8058
151.935	207.18
10	10
206.907	10.2871
418.416	163.133
182.953	160.334
401.253	47.1963
431.092	24.2494
42.701	420.023
497.906	172.344
63.203	224.284
327.752	15.8449
436.044	307.918
299.945	417.585
197.791	127.87
470.877	179.092
10	10
479.496	181.707
9.23054	268.665
107.404	179.537
372.832	300.19
323.038	237.405
10	10
209.02	219.167
175.132	155.3
99.2378	134.841
285.391	458.412
71.4404	14.5945
306.198	359.375
316.602	216.584
175.944	111.272
362.038	117.842
381.632	205.501
36.604	375.852
23.6351	82.299
146.438	219.077
254.053	483.385
10	10
482.376	104.318
411.828	473.359
389.126	387.565
475.922	316.876
382.4	97.5983
350.557	322.125
494.681	50.5276
196.989	178.97
356.71	419.041
479.611	279.061
199.791	171.125
418.783	357.972
380.804	374.384
120.454	160.849
384.595	165.733
171.602	384.321
44.6019	106.578
100.604	270.342
14.1239	433.781
124.53	42.7641
10	10
12.0749	298.168
73.8218	98.5294
339.42	122.264
26.3612	390.633
191.852	432.921
10	10
475.902	274.921
240.251	300.98
45.8334	177.793
337.157	80.2138
118.681	270.246
410.263	336.355
10	10
10	10
84.1292	99.2538
268.355	375.706
431.219	488.892
10	10
10	10
202.513	413.706
192.413	172.117
469.586	82.2422
355.641	301.661
36.1971	280.451
10	10
109.004	331.197
350.784	211.744
109.879	237.253
483.834	189.771
469.625	321.561
122.243	297.455
417.183	232.309
405.933	48.5761
346.819	215.91
2.0078	62.9019
185.197	420.731
89.9957	117.219
10	10
241.304	287.989
87.5579	161.656
345.345	219.599
102.796	311.089
10	10
83.0391	484.706
296.385	427.153
302.78	470.376
225.166	288.987
413.801	330.384
478.293	408.539
40.5606	8.47647
388.396	97.2089
354.758	323.814
285.513	480.646
338.077	282.168
101.262	377.392
148.991	499.634
47.97	19.0197
280.897	9.53906
10	10
184.626	261.681
65.7507	79.7912
337.993	496.863
312.57	168.328
358.808	84.0017
291.114	430.668
117.711	155.657
83.4704	184.672
54.2688	212.397
10	10
168.048	399.729
10	10
10	10
262.823	177.867
318.207	59.3854
474.521	382.153
316.928	204.091
86.0724	82.1982
346.494	118.534
219.227	410.201
15.7184	237.541
385.347	73.0657
203.449	265.363
10	10
20.8106	364.853
115.678	245.779
99.4887	154.812
16.5972	387.759
100.398	187.976
486.57	51.828
107.931	353.364
296.325	362.121
5.60292	380.815
486.742	324.364
340.144	119.661
35.7728	320.314
222.767	208.651
215.578	189.367
331.694	405.081
104.605	330.123
297.429	230.512
406.065	296.346
5.40206	111.262
427.34	185.657
223.647	478.814
10	10
210.318	244.932
136.57	407.306
205.278	50.7906
216.657	484.385
174.763	399.902
14.2975	270.58
396.619	190.706
215.744	443.783
3.22809	300.366
288.004	371.953
499.156	140.779
402.4	186.601
439.073	383.557
10	10
12.4685	424.958
396.979	352.853
106.422	9.97465
107.799	237.575
176.254	219.881
312.967	376.968
10	10
289.911	378.189
238.247	114.009
150.843	321.398
205.45	335.832
111.206	417.582
104.145	322.016
116.48	390.44
10.9889	154.988
284.753	400.684
314.781	379.786
105.608	326.885
49.5905	89.8533
382.562	189.407
68.124	291.557
456.477	405.661
249.067	97.0149
323.663	203.12
420.156	86.3285
10	10
203.757	209.068
246.128	218.057
283.146	356.431
10	10
487.51	498.153
102.966	468.068
420.13	161.429
148.756	480.321
10	10
75.4582	229.203
77.5878	292.559
279.799	261.089
86.5718	167.775
253.026	24.0778
155.412	123.955
21.5674	349.658
100.762	248.079
10	10
403.618	193.685
494.789	450.943
21.8744	335.487
383.431	298.059
31.5935	275.194
489.97	66.0213
406.714	310.658
315.74	262.637
84.4381	440.156
417.537	247.882
12.0417	191.757
75.3893	310.853
161.277	10.129
445.128	180.182
10	10
38.7069	318.986
151.539	482.182
10	10
99.8214	110.522
142.717	85.0763
10	10
15.7944	76.3113
299.832	84.6993
10	10
40.5443	13.7521
65.1107	323.601
363.66	475.09
10	10
460.487	24.6726
10	10
283.701	163.469
1.30514	397.192
427.221	394.142
396.897	95.989
416.758	305.836
109.315	75.8904
377.772	371.71
10	10
490.701	150.667
10	10
482.928	255.102
58.8912	290.412
314.045	445.924
255.295	388.135
312.229	206.359
135.781	484.304
61.2184	316.902
381.721	135.557
382.001	425.061
466.506	406.998
493.584	0.420445
76.9666	494.609
127.057	297.978
311.462	248.474
204.29	334.527
309.507	134.81
209.798	243.708
10	10
92.5674	384.333
461.826	77.2435
135.065	411.779
137.421	207.438
138.545	15.4255
417.05	270.999
297.889	360.671
10	10
10	10
169.756	114.082
434.409	24.9884
209.891	123.169
213.573	45.9161
59.0727	92.6959
26.5703	120.244
10	10
151.846	108.729
65.1862	400.496
287.776	303.797
301.582	320.757
183.682	309.795
330.583	105.852
287.263	390.55
10	10
10	10
384.361	105.146
248.596	382.73
450.807	402.861
208.686	346.423
10	10
478.429	88.4113
410.477	92.9152
456.383	218.934
222.915	236.953
19.7427	349.359
275.593	442.844
159.888	197.533
265.775	87.1196
302.124	381.817
370.697	189.578
281.896	195.97
16.9041	163.66
12.9408	197.13
105.108	255.32
210.424	144.021
391.704	357.989
57.5964	109.84
483.56	117.891
114.714	263.388
3.68246	52.8935
434.365	490.923
213.404	285.476
10	10
174.117	120.131
140.24	192.537
0.725876	330.121
194.698	4.08452
237.365	122.428
9.19722	366.596
10	10
2.30012	33.4536
57.7018	192.814
359.213	419.192
10	10
120.369	377.443
368.951	321.342
390.931	180.319
499.473	14.3574
452.191	375.945
27.8686	495.612
213.137	413.492
497.266	283.082
10	10
479.074	73.9229
417.344	278.495
474.268	179.78
68.6403	278.543
393.971	281.985
278.185	36.5349
18.265	416.431
342.043	402.308
403.632	127.672
206.64	118.506
175.476	242.362
183.797	217.501
78.0801	59.245
277.815	50.9544
311.454	207.042
472.541	200.36
108.926	68.8753
10	10
97.0034	484.966
465.541	80.4051
471.581	208.546
26.4443	417.404
413.973	352.637
10	10
391.026	140.687
207.471	255.602
190.178	114.194
196.04	211.617
392.062	233.479
10	10
300.066	355.469
287.788	91.5623
104.733	277.029
202.055	130.038
389.174	190.222
10	10
36.9451	297.791
316.25	262.398
10	10
306.052	224.332
10	10
185.187	49.4998
314.145	70.6952
497.101	162.055
262.532	3.07611
10	10
21.2721	212.678
487.493	355.062
306.306	363.47
410.549	453.259
257.411	289.822
111.961	312.416
117.751	59.0757
10	10
166.338	481.285
93.5591	54.5679
22.7491	41.0591
411.926	373.951
22.641	1.62568
222.171	439.021
85.7554	484.355
199.643	117.759
116.898	130.881
354.317	195.625
28.3999	400.707
382.178	252.4
10	10
448.939	108.566
208.387	207.538
454.625	496.219
214.164	322.956
341.036	214.906
20.1318	321.518
290.481	386.833
37.7675	84.6829
354.255	481.062
39.3693	377.514
287.584	16.5132
10	10
262.907	216.234
202.251	77.3797
309.862	164.105
22.8506	207.462
416.373	84.996
120.572	100.771
480.994	294.75
10	10
12.5175	338.442
492.806	87.8308
15.1541	75.5734
282.649	242.806
18.885	24.4077
7.33237	415.469
10	10
384.937	220.421
316.533	183.467
22.2357	411.176
219.5	198.331
489.764	47.5407
10	10
96.625	404.771
377.432	24.0749
487.258	164.359
314.768	141.282
490.169	91.3392
205.865	441.452
479.943	258.337
415.321	302.792
495.388	399.161
202.555	223.337
291.449	469.818
315.643	214.84
339.157	104.617
283.872	309.03
350.467	419.429
10	10
318.483	409.279
292.613	18.7957
192.555	126.238
483.264	41.1941
115.718	5.11751
189.989	450.035
329.39	219.143
21.6815	433.136
143.978	322.918
397.893	494.891
11.4705	71.6285
225.647	77.3556
106.161	38.3147
280.917	35.1731
196.523	157.461
215.653	449.08
10	10
10	10
483.852	203.587
199.439	152.787
465.352	3.34683
285.682	304.79
10	10
118.422	479.959
152.624	16.2716
170.145	281.048
239.044	320.853
195.495	332.99
230.915	121.301
243.726	397.675
52.509	112.337
13.3349	68.7357
0.0527881	190.513
43.0636	322.043
62.6208	395.214
482.6	346.297
283.131	407.473
37.5157	484.924
106.024	468.362
379.092	319.134
85.9339	111.998
433.264	12.9977
10	10
10	10
34.4908	414.676
10	10
490.531	350.763
130.938	403.445
130.208	98.3392
355.195	412.983
398.917	470.584
217.409	62.3091
176.16	285.707
10	10
339.216	179.36
358.742	79.2077
281.936	380.058
195.426	263.86
10	10
213.791	5.53276
435.409	116.552
388.993	395.521
10	10
10	10
407.547	436.943
406.394	66.9934
10	10
178.983	290.272
499.97	316.441
492.166	466.898
88.9462	85.3544
102.304	99.3179
127.4	79.4489
439.509	14.6551
118.729	374.744
9.38039	478.141
178.91	248.26
112.822	174.427
172.229	301.825
10	10
280.076	288.329
218.013	410.832
10	10
10	10
197.01	89.3285
10	10
214.521	50.3251
445.713	190.615
10	10
441.22	22.9152
377.596	271.173
10	10
71.7576	189.769
241.121	4.53076
286.766	436.043
355.695	403.714
313.199	9.97134
376.215	297.458
251.845	209.296
430.638	318.357
23.534	20.7474
182.576	251.327
10	10
10	10
10	10
226.137	476.695
15.0641	267.257
146.399	397.932
10	10
313.104	449.707
16.2295	148.977
173.378	20.1647
214.257	453.31
10	10
10	10
128.041	7.03922
382.994	147.663
50.3816	277.464
1.70046	59.3295
297.298	41.5186
10	10
356.44	178.656
169.939	291.279
10	10
131.82	493.45
498.102	352.11
154.028	85.1485
123.809	355.474
296.953	9.25973
467.657	294.401
105.36	426.087
184.13	365.155
286.258	199.613
197.949	82.9446
304.53	361.005
283.602	475.619
399.243	498.644
492.143	176.1
293.543	151.369
413.092	205.01
10	10
95.6876	360.332
355.268	220.1
324.05	368.195
389.929	263.692
121.325	178.863
298.97	211.85
476.417	299.108
156.007	307.852
138.989	182.716
291.132	92.6846
17.796	234.212
87.5916	244.196
393.39	99.888
293.226	228.448
372.235	390.57
89.3877	153.507
28.476	207.055
178.44	174.367
487.333	497.147
388.68	331.266
166.387	21.9794
165.737	479.315
239.257	312.039
492.686	212.545
131.254	283.639
120.275	450.941
214.786	473.272
140.61	93.7172
266.085	487.295
122.846	439.397
398.734	405.119
208.769	262.544
300.304	44.5766
10	10
176.373	61.4702
31.7944	188.265
3.673	285.705
64.0802	387.122
10	10
43.7839	287.501
381.971	284.984
392.266	132.343
10	10
10	10
193.818	408.048
142.98	412.869
36.8629	304.767
409.612	17.0286
307.933	130.445
202.794	260.555
415.366	343.688
176.284	440.978
346.886	24.9197
84.8177	255.796
10	10
331.05	123.122
94.275	368.212
424.515	275.263
159.146	497.594
124.695	144.836
299.45	244.085
479.853	348.985
150.976	498.127
178.701	259.274
423.897	279.592
284.333	425.926
211.213	393.37
10	10
31.9815	19.3537
434.807	214.2
130.531	384.824
384.74	177.23
165.155	197.282
371.341	11.2499
10	10
97.6835	479.245
257.629	406.733
66.0725	284.281
32.2651	80.2785
96.799	149.067
106.791	343.513
10	10
390.668	361.565
498.172	459.671
336.428	175.906
268.609	489.278
388.537	82.403
171.736	303.894
421.85	346.617
379.293	316.431
188.385	426.115
363.86	87.2224
212.561	15.1396
124.766	292.527
241.508	10.2
10	10
10	10
425.825	106.861
315.194	473.545
114.65	270.755
334.306	282.961
333.117	186.883
10	10
411.74	460.043
86.1811	477.504
99.2496	237.459
342.69	485.458
194.177	276.025
321.047	423.249
59.4823	211.378
360.279	11.8294
286.325	474.373
495.538	386.632
75.5881	463.444
489.31	468.4
399.885	16.9614
10	10
481.289	445.144
386.22	233.779
98.3158	439.556
397.812	336.693
410.618	106.305
22.5551	314.833
194.51	434.315
355.428	298.226
84.7632	246.645
293.954	442.372
63.4486	401.901
10	10
23.3484	272.859
380.797	152.451
491.244	193.245
40.8738	196.911
156.49	4.98169
10	10
420.379	372.704
347.76	102.931
469.074	107.479
102.159	352.33
198.779	24.9562
468.141	475.44
10	10
188.06	6.29591
217.469	189.441
316.761	245.22
10	10
7.45455	411.225
346.819	76.8221
361.419	321.09
70.3968	113.222
441.319	308.87
10	10
286.806	358.125
10.5999	417.269
61.6945	191.547
285.284	188.57
89.3825	483.472
334.636	111.374
107.835	310.633
450.737	19.8468
98.905	281.07
493.888	448.274
432.69	13.7447
111.489	431.456
472.349	181.65
35.9584	116.304
350.227	384.981
95.1316	371.541
211.336	332.826
1.38773	494.507
132.533	307.681
105.345	476.753
39.4434	283.891
465.683	4.33739
140.245	295.474
222.105	422.404
399.907	246.538
294.603	486.636
250.234	115.715
173.392	122.971
469.123	22.701
417.422	448.709
56.5016	204.883
10	10
301.387	192.96
283.867	294.507
100.791	239.692
209.606	106.977
346.884	476.554
499.744	249.949
156.143	190.656
226.448	105.634
10	10
320.232	154.776
272.14	406.908
92.5604	56.3137
10	10
370.532	307.888
277.049	9.96539
28.3951	186.994
10	10
457.828	390.214
207.313	425.191
10	10
38.062	482.75
359.437	493.909
93.041	363.47
461.468	324.69
40.909	475.34
10	10
84.7927	298.483
468.264	108.124
142.668	9.40808
393.991	272.986
420.046	313.745
260.995	476.698
215.995	391.448
104.219	442.957
289.319	448.063
10	10
17.2517	230.434
155.573	382.744
447.111	24.6475
233.209	178.965
111.894	90.3225
379.587	118.743
401.958	194.635
106.583	5.91887
176.038	257.422
62.6244	396.178
10	10
400.953	262.707
15.9497	270.043
206.351	18.0378
10	10
264.438	298.018
44.6241	279.382
201.648	135.807
124.051	100.073
389.023	61.3981
345.481	201.967
283.081	206.408
48.1006	321.417
237.311	415.329
87.9303	276.893
99.4296	425.521
285.74	79.8615
306.278	200.231
332.122	486.003
20.5013	414.443
284.848	100.182
242.756	0.847266
73.1622	287.466
10	10
133.699	77.5471
123.074	165.461
163.11	75.8421
92.3155	277.722
197.38	461.728
184.046	53.1072
495.489	466.829
210.512	129.241
320.311	258.608
290.288	270.216
176.082	469.201
67.7421	102.603
114.706	56.7464
208.815	251.453
189.058	198.164
93.6238	377.458
231.879	197.165
136.725	115.42
210.274	182.63
197.283	419.154
6.65793	353.243
211.257	134.943
148.715	318.334
177.629	56.3638
188.098	428.033
395.888	37.8495
10	10
450.916	324.154
350.524	302.508
159.805	209.727
321.846	18.5537
42.5428	295.358
303.227	252.679
148.395	300.501
200.291	102.288
498.839	4.13694
394.055	145.775
96.4342	474.794
109.204	121.322
6.81333	164.506
94.3789	369.751
403.541	42.0478
10	10
95.432	260.58
91.0298	410.013
91.8204	388.938
388.354	304.657
10	10
111.495	439.297
440.99	488.176
393.579	498.27
10	10
164.928	124.259
10	10
10	10
212.296	121.949
414.945	264.994
10	10
304.438	303.194
54.8055	395.541
472.652	376.691
23.824	333.452
10	10
158.571	96.9953
91.1399	281.041
79.0978	16.3051
478.188	87.0632
298.95	206.353
136.692	117.355
188.42	286.701
411.119	384
248.251	418.991
405.818	182.529
373.886	16.8477
147.243	383.85
115.688	179.465
10	10
171.693	289.255
10	10
91.3901	257.067
383.01	337.019
183.492	36.4529
345.157	3.31354
293.97	491.456
225.427	224.094
317.062	234.99
10	10
486.332	245.084
323.448	263.742
224.554	169.254
10	10
10	10
296.141	366.301
187.056	26.3667
379.922	320.231
498.621	480.647
79.7178	158.411
126.627	311.048
484.951	380.058
462.415	297.14
101.316	207.09
27.6225	411.173
104.652	46.7623
10	10
477.033	173.596
305.479	270.507
401.58	373.3
10	10
72.6723	275.406
275.369	95.7588
249.962	383.745
10	10
10	10
92.5236	170.273
416.021	375.687
253.082	110.842
288.751	44.5424
492.307	133.879
162.368	305.648
208.779	143.477
32.3765	221.881
305.968	208.714
490.102	185.406
146.983	481.088
304.327	267.019
259.691	118.039
482.855	52.464
280.279	342.59
445.913	114.831
456.179	284.588
10	10
72.4273	95.3752
135.211	116.124
167.967	115.829
308.903	321.618
99.2167	439.059
10	10
478.635	407.865
10	10
430.375	407.603
20.0951	186.471
389.39	444.932
83.4365	132.543
82.7414	407.728
329.653	385.69
384.177	402.177
18.7217	311.587
371.823	208.103
303.129	124.511
31.102	281.854
91.4902	169.97
84.0753	15.5807
17.8368	101.887
291.754	425.068
148.434	221.513
424.568	221.342
348.199	388.428
376.224	48.7128
265.518	388.427
367.537	94.9661
441.657	19.6322
363.887	323.924
415.904	72.5255
468.192	409.108
398.951	470.97
101.702	152.024
265.428	403.124
24.1007	459.042
10	10
290.569	98.944
483.697	26.3158
432.418	88.7105
404.599	208.454
81.0689	400.189
310.342	327.222
10	10
271.514	402.186
112.506	301.785
352.087	113.271
47.6735	16.783
364.289	79.73
15.0702	398.166
301.484	271.984
68.5549	184.272
234.32	13.7548
408.174	365.493
473.54	489.21
246.916	217.219
90.9371	498.638
277.997	255.116
10	10
292.024	142.729
406.048	281.079
144.614	89.0779
10	10
179.104	73.7006
356.412	113.988
96.2742	260.299
34.9653	412.35
378.788	285.772
313.224	1.58215
20.4486	153.446
294.462	150.96
99.5117	256.082
300.713	290.388
490.279	98.5393
469.746	488.196
11.6703	209.421
10	10
182.674	109.342
471.731	96.7651
428.118	382.463
10	10
495.849	313.279
288.857	68.13
170.762	281.315
284.681	208.561
10	10
305.473	252.047
10	10
262.47	389.683
63.8698	10.3889
382.606	39.9724
10	10
94.4775	456.824
209.527	25.4908
464.396	476.788
223.958	300.834
284.633	175.325
10	10
195.569	301.629
370.705	406.383
95.0322	105.799
105.369	17.7248
106.231	13.5962
321.637	222.964
25.3977	298.064
466.654	109.467
289.367	129.089
196.653	347.13
355.727	416.193
10	10
199.892	296.55
381.124	246.807
472.053	23.5226
80.2838	84.602
423.947	251.315
177.28	491.005
187.54	444.463
10	10
67.9666	297.664
310.116	375.726
56.5629	478.862
330.167	110.924
194.369	145.091
10	10
145.888	193.998
104.53	329.474
415.073	486.969
331.04	312.156
19.6165	259.302
245.797	283.103
225.95	310.392
10	10
468.406	19.9243
45.115	484.906
379.038	75.7193
10	10
355.012	424.31
10	10
10	10
391.481	97.4343
101.248	139.29
164.714	193.293
10.7402	343.648
10	10
246.434	291.629
315.623	353.844
393.758	163.648
332.262	480.189
42.51	282.134
10	10
372.022	293.846
10	10
80.6208	421.263
198.097	350.041
279.829	448.322
321.128	94.506
383.564	439.62
