Saved a vector of rrt <nodes> points.
X	Y
25	475
34.8363	473.198
41.1863	465.473
43.2711	455.693
44.9558	445.836
44.4821	435.847
51.5677	428.79
58.7034	421.784
67.4205	416.884
50.8833	415.552
75.626	411.168
81.4857	403.065
90.1376	398.051
99.0953	393.605
100.672	383.731
98.6085	373.946
96.5444	364.161
103.51	356.986
111.981	351.671
117.798	343.537
122.383	334.65
127.14	325.854
120.728	318.18
124.485	308.913
137.08	324.769
107.8	343.326
127.121	299.267
113.52	351.529
146.929	323.033
123.631	289.895
156.684	325.232
165.835	321.2
124.538	279.936
118.266	272.148
104.003	348.458
169.927	312.075
120.963	262.518
128.77	256.269
124.676	247.145
172.239	328.88
181.621	332.341
132.947	241.525
142.286	237.948
152.037	235.731
148.254	226.475
95.5146	343.172
154.8	218.915
184.088	342.032
149.238	210.605
178.374	350.238
143.675	202.295
190.997	328.864
96.3417	353.137
92.7042	362.452
200.979	328.266
206.438	319.887
216.432	319.542
225.927	322.681
86.1635	370.017
233.78	328.872
241.45	322.455
100.036	343.845
249.071	328.929
244.027	312.792
152.137	220.176
258.971	327.521
76.3596	371.988
152.561	210.185
109.343	347.504
146.888	201.949
268.682	325.135
160.516	204.126
248.695	338.922
115.876	355.074
278.57	326.628
288.104	323.608
100.451	333.853
298.091	323.098
97.4543	324.313
168.59	198.226
238.384	304.536
173.745	189.656
87.7204	322.022
73.5031	381.571
297.596	333.086
304.358	340.453
303.679	314.805
179.8	181.698
314.225	342.077
181.754	171.891
190.026	166.271
174.457	165.053
167.16	158.215
313.151	311.601
198.6	161.126
317.406	302.551
242.358	331.186
70.3129	391.048
314.316	352.077
324.217	353.485
327.599	362.896
199.492	151.166
336.945	366.452
101.449	315.146
326.908	299.436
345.857	370.989
79.9063	315.782
208.595	160.804
79.4088	395.203
216.847	155.156
350.09	380.049
80.3971	405.155
175.857	190.888
329.905	345.261
356.455	387.762
172.526	200.317
107.483	323.121
226.785	156.272
321.675	370.952
315.09	378.479
61.2287	386.868
79.8725	415.141
250.916	326.013
363.606	394.752
109.471	332.921
308.218	306.498
373.387	396.836
191.388	145.307
191.887	135.319
71.5915	321.337
382.944	399.777
184.503	128.576
87.5821	421.51
257.707	333.354
106.889	306.755
97.5583	422.2
392.47	396.736
198.249	127.603
180.11	206.836
176.116	123.13
384.202	409.698
314.279	298.545
235.65	151.645
167.729	117.684
244.085	146.274
398.053	388.439
320.527	290.737
61.5934	321.532
253.681	143.459
320.9	280.743
59.4405	311.767
103.411	430.309
330.585	283.233
202.327	118.472
251.85	341.459
315.881	312.923
59.2719	330.436
111.685	424.693
61.2426	301.931
55.3227	293.871
113.282	342.167
311.132	282.884
79.3893	427.243
263.679	143.637
52.8916	284.171
251.328	351.446
189.11	119.7
170.547	108.089
62.4475	281.224
252.809	324.635
43.8298	279.942
305.995	314.431
69.7645	424.53
123.272	342.615
269.375	135.417
317.901	322.717
61.7143	430.462
246.116	317.205
406.957	383.888
233.07	161.306
279.01	132.743
55.3559	438.18
54.2073	423.856
35.6742	274.156
108.088	439.147
287.496	127.451
31.3008	265.163
171.904	98.1814
122.541	352.588
162.953	93.7224
301.203	284.076
175.017	88.6783
297.267	125.326
412.291	375.429
30.6686	282.813
53.0677	338.279
410.959	393.052
32.4878	255.233
72.2203	279.104
324.199	330.484
207.904	110.172
419.257	398.633
295.289	115.524
75.7062	269.732
313.222	273.105
301.85	107.977
413.832	365.549
290.648	136.941
323.094	274.699
303.777	98.1649
413.462	406.782
117.959	440.748
82.4262	262.326
313.53	95.9543
293.268	277.989
329.866	338.724
314.738	323.34
246.873	360.399
300.85	88.6029
217.089	109.704
108.052	449.147
131.898	337.556
296.354	145.154
88.774	254.599
330.686	322.874
328.666	266.395
308.3	330.992
322.909	99.4237
303.645	79.0013
238.689	169.579
45.822	418.407
33.0514	245.249
323.536	109.404
299.751	325.804
333.017	112.587
167.918	107.353
45.7308	440.893
410.531	416.343
245.017	370.225
44.122	449.934
253.405	375.67
246.169	176.216
262.925	372.608
341.704	117.538
127.186	444.603
38.9455	237.171
283.269	277.867
288.807	151.715
298.615	70.3583
127.313	361.376
57.0419	329.102
402.278	421.989
349.788	123.425
293.305	61.8843
398.411	431.211
359.767	124.074
37.0668	450.592
125.764	332.279
165.57	97.6321
323.409	89.4363
396.891	413.564
97.8553	250.412
56.4414	339.084
415.577	355.702
162.838	88.0124
70.5351	278.291
166.594	78.7445
369.707	125.167
219.379	99.9701
106.578	245.521
406.091	437.615
235.041	370.916
393.129	439.703
273.311	276.956
131.038	328.936
379.578	123.565
166.868	68.7482
254.573	385.601
255.376	395.569
119.299	336.991
136.331	346.52
395.487	449.421
212.76	118.719
137.186	444.593
27.3643	448.171
409.835	446.887
293.174	51.8852
39.3407	227.179
39.3745	217.179
407.269	350.136
112.839	451.937
385.448	131.661
105.921	235.543
252.066	405.005
393.553	125.804
291.113	320.766
303.633	316.588
101.943	226.368
108.533	241.827
400.271	133.211
144.684	437.975
420.53	416.498
142.122	428.309
51.0095	420.603
283.184	51.4378
263.887	273.61
391.137	458.425
419.538	449.304
295.459	159.181
290.86	76.6714
254.131	271.417
33.1745	245.338
141.747	354.926
310.528	323.831
400.726	118.836
29.3979	216.496
320.221	321.373
114.702	345.872
60.5357	278.181
150.253	360.184
150.357	446.211
117.504	237.409
428.227	410.114
158.747	451.65
244.133	271.625
24.0657	438.731
59.657	348.553
408.59	138.76
28.9983	206.504
279.696	155.836
322.097	99.3498
25.9811	252.284
162.938	59.5527
229.502	362.591
110.415	254.756
302.956	165.799
41.0233	420.079
405.349	148.221
283.579	327.341
107.58	460.443
139.777	324.075
417.799	134.863
213.074	128.714
24.8702	262.222
164.369	459.921
160.102	358.456
320.458	94.7286
209.998	138.229
256.669	413.883
108.822	219.111
299.464	161.825
327.802	327.894
326.492	313.583
265.769	418.03
329.291	337.782
281.445	271.14
328.79	89.1995
117.914	261.371
213.338	147.655
426.823	139.173
409.162	113.466
19.385	203.75
404.267	359.675
432.252	147.57
273.823	412.103
273.264	52.7071
319.905	341.231
222.137	152.406
234.432	269.199
417.812	108.448
329.837	304.159
302.046	56.4973
406.424	456.288
220.517	162.274
311.438	346.552
105.513	341.928
127.717	259.396
49.2859	226.134
264.207	48.4694
382.303	453.738
427.826	454.901
145.724	367.051
112.093	209.661
222.567	355.386
228.958	260.831
169.812	52.2902
398.391	351.583
167.199	446.304
417.261	98.4633
372.974	457.34
220.36	121.865
22.0115	448.518
121.772	212.176
234.222	252.328
381.333	443.785
50.5742	277.304
437.535	413.768
134.503	266.741
423.789	90.8875
158.017	439.782
97.5813	460.299
330.777	104.315
148.209	318.698
56.6121	221.181
319.72	327.551
420.962	81.2953
447.087	416.73
12.1977	450.438
127.203	203.779
131.171	250.011
203.55	125.664
282.444	82.0728
176.787	45.1239
38.3556	246.791
22.8584	458.482
427.687	464.9
157.211	314.343
373.932	438.709
200.253	140.472
90.3019	467.156
164.795	69.3787
302.272	55.7954
279.516	261.327
300.792	151.913
136.88	371.719
432.941	449.68
272.435	162.712
309.738	147.444
455.86	421.529
292.97	323.906
411.484	78.1079
373.863	428.709
363.197	459.439
49.8377	346.66
105.897	201.812
277.766	335.477
208.738	127.293
427.866	416.317
177.056	444.623
334.973	81.3405
432.915	94.9761
287.73	255.623
150.826	328.35
353.598	462.241
41.058	351.447
181.039	451.73
83.3551	459.962
306.338	138.039
226.199	170.502
48.8299	287.151
30.2429	465.225
115.214	251.743
298.039	132.461
36.8166	248.696
228.961	126.966
143.245	310.017
257.579	403.925
434.179	472.507
417.69	143.246
31.3729	348.958
45.0642	296.415
379.294	420.313
29.3852	358.758
406.716	69.3178
231.992	352.045
84.4147	475.239
235.766	242.448
269.581	341.222
312.258	56.338
224.008	166.548
268.792	427.562
24.0732	460.449
302.74	322.089
405.875	446.303
324.587	295.648
343.927	464.786
187.573	459.301
408.073	145.987
384.055	411.519
311.13	157.346
226.553	114.013
105.727	466.1
288.351	129.982
39.7616	462.16
405.565	59.3842
25.2105	439.043
102.071	451.364
444.538	421.1
237.419	121.631
30.5653	475.22
230.066	278.196
414.021	54.0454
6.43158	444.773
423.88	55.7158
331.943	288.874
161.782	454.71
54.1868	211.479
407.954	72.6352
184.848	51.0417
323.672	336.737
33.4916	433.437
287.935	266.723
86.0802	453.852
344.548	474.766
398.846	149.843
334.604	473.712
184.996	39.4142
218.893	364.687
265.02	436.823
51.3637	289.481
186.89	469.277
170.634	77.4973
47.1951	359.343
240.054	278.698
194.014	55.0388
148.02	440.053
218.145	374.659
139.288	244.17
271.141	266.791
144.502	449.413
442.956	405.365
265.784	398.208
209.3	379.325
151.902	338.292
195.73	149.391
33.9119	357.942
438.061	481.722
144.906	377.453
190.105	30.8176
301.745	45.8093
196.268	472.749
425.845	149.033
26.4266	484.323
103.557	470.511
26.8527	425.959
51.5007	201.847
289.554	314.508
274.444	440.169
24.1449	343.359
220.268	276.2
299.301	36.1126
397.201	53.9032
275.273	75.1025
57.7293	220.831
172.243	437.738
331.704	286.449
297.017	307.852
280.859	447.84
202.381	464.835
420.649	133.694
241.546	234.288
437.445	397.021
226.479	238.739
242.525	130.229
79.0693	483.691
314.398	166.797
275.688	399.592
279.175	133.958
432.722	60.3872
297.729	255.508
233.549	177.283
112.866	208.983
158.743	451.834
185.731	149.216
441.875	388.055
442.524	378.076
344.038	85.5639
133.427	308.118
193.979	25.6873
98.7584	441.928
277.769	423.155
162.128	82.7554
449.653	371.064
149.248	243.279
313.307	130.867
134.602	298.187
202.886	21.1412
326.22	76.5058
289.308	36.494
154.208	234.596
348.147	94.6807
283.712	393.624
58.7345	282.723
40.5644	475.082
124.69	312.982
107.375	200.626
106.213	256.1
458.406	366.228
412.208	81.6849
380.717	424.632
388.848	149.671
176.197	34.6628
114.736	312.02
109.666	320.639
140.566	317.401
292.071	388.136
247.581	404.128
377.429	404.03
277.379	124.12
435.327	50.7323
379.249	146.865
394.041	412.059
298.711	122.484
377.436	142.526
29.9225	241.452
323.228	162.284
413.642	44.0526
225.81	228.761
196.662	159.347
153.946	252.107
18.6437	420.248
2.03852	443.658
289.988	401.409
147.722	310.416
397.586	73.3972
459.204	356.26
324.811	471.685
434.048	372.77
42.1356	428.409
442.398	430.868
41.514	201.331
450.813	436.271
23.6815	411.61
328.466	345.513
243.238	179.758
396.29	66.6716
166.478	439.559
196.76	64.6545
353.751	462.919
332.929	164.71
411.568	454.524
407.602	36.0825
217.554	243.249
314.853	472.599
161.522	341.025
415.125	125.358
41.3784	290.024
229.979	172.02
280.327	457.826
445.964	487.849
137.53	370.701
31.562	288.116
156.859	224.954
194.542	71.9561
17.172	488.112
361.087	469.714
141.67	432.328
245.554	228.346
445.249	49.4889
306.31	250.373
300.995	383.624
66.8686	276.906
455.316	491.391
416.703	463.105
218.693	354.689
159.149	260.646
211.774	281.478
397.344	402.621
363.87	479.319
239.728	397.937
70.4227	488.714
199.766	455.183
170.186	427.952
119.126	216.781
454.238	53.8699
75.6564	497.235
57.0972	357.947
112.382	302.301
24.7208	361.882
339.074	473.552
203.368	286.895
280.1	467.824
424.929	457.418
237.514	165.445
432.855	433.857
292.409	324.091
67.6536	219.603
308.74	32.8088
240.444	244.227
280.937	442.102
228.276	226.211
398.708	31.5125
272.237	273.855
233.527	134.592
325.814	461.736
336.884	91.6455
401.783	21.9973
293.679	334.01
457.37	443.821
435.822	148.353
272.469	138.767
229.548	160.151
267.603	81.5184
321.74	287.291
462.162	452.599
379.566	132.756
216.805	344.869
206.212	67.9171
170.999	437.937
209.952	337.586
32.006	337.178
46.4928	432.907
310.993	383.849
322.564	338.414
422.623	118.741
205.159	463.501
242.384	120.23
159.164	461.825
9.17008	482.114
287.537	379.224
34.2106	358.729
216.202	67.4659
92.0047	434.554
317.074	482.349
430.835	47.7777
219.031	57.8742
15.6884	366.174
444.425	143.255
175.956	147.108
282.835	321.204
9.36169	494.356
309.942	489.358
376.882	394.045
289.806	467.091
234.846	126.029
228.21	118.549
410.424	116.532
166.265	33.5042
331.671	286.124
111.945	299.011
297.44	112.565
271.613	148.731
282.67	29.0148
275.801	153.582
468.625	352.906
287.399	425.849
461.705	60.5216
226.583	360.834
159.628	440.073
272.706	29.8573
25.1739	250.253
208.91	248.278
180.096	429.289
76.1321	273.139
272.562	474.395
428.51	424.851
88.7857	425.086
316.183	278.977
312.962	257.839
465.082	452.227
205.228	473.501
329.967	335.323
452.233	149.503
209.417	67.7485
474.161	456.419
158.738	231.809
21.6152	428.297
436.127	489.646
143.086	371.655
409.672	462.755
112.315	264.023
450.639	41.0655
229.733	398.233
152.81	373.99
241.187	411.817
468.631	67.7346
162.745	375.126
91.8733	415.575
309.312	22.8252
400.727	12.0533
330.937	353.509
219.33	253.09
148.734	383.121
474.51	75.8243
212.849	50.0135
379.227	384.324
175.166	44.6095
318.148	18.144
327.702	15.1901
154.189	468.657
95.0665	406.098
291.937	411.217
89.8705	397.554
166.015	146.024
125.575	213.462
295.142	102.833
477.24	62.6464
478.055	447.208
406.192	472.131
483.302	460.473
131.783	205.622
271.591	39.795
285.216	339.338
369.615	131.769
200.849	458.707
147.815	229.22
69.6562	478.744
182.748	419.647
322.124	253.83
206.653	466.17
75.1296	226.244
163.582	217.551
140.899	422.358
330.573	157.504
465.647	438.447
21.2685	256.015
244.844	421.124
475.41	360.252
433.571	57.396
424.729	108.966
329.709	17.6029
138.263	313.659
472.422	431.092
133.026	416.191
85.6379	497.843
316.856	457.29
305.752	118.124
313.723	463.705
32.2296	327.18
320.328	380.264
474.809	70.3392
216.274	40.6183
249.792	429.814
45.5584	205.875
201.308	482.7
265.652	481.623
236.608	187.244
286.034	349.304
292.726	109.291
221.773	281.419
221.904	75.6814
107.33	310.931
99.1652	393.865
410.663	10.9229
337.193	10.9702
415.071	454.38
227.552	142.61
227.04	278.527
91.5934	489.81
13.4857	375.928
485.4	359.807
473.114	369.984
485.34	56.7824
369.783	464.778
50.6484	423.811
432.6	102.798
47.1736	442.884
331.237	88.9571
335.503	25.7533
194.268	476.296
164.771	268.916
318.947	25.5199
127.229	408.043
219.766	399.051
64.1543	267.282
190.03	413.431
301.32	414.675
155.731	224.304
194.565	291.638
210.039	487.575
420.85	48.3332
475.505	442.036
284.596	26.1511
135.068	401.834
380.447	122.795
265.964	144.46
243.455	157.401
267.435	91.517
372.779	455.237
163.764	365.178
380.605	142.702
222.916	167.636
188.752	283.501
177.273	137.195
265.654	47.8418
346.44	94.5935
474.725	354.511
455.827	32.517
245.946	170.821
22.3021	325.978
273.22	318.458
390.588	37.3497
212.917	167.511
336.363	35.7163
427.714	110.627
93.5339	418.814
367.308	396.933
218.674	121.56
119.07	205.866
472.661	465.885
361.818	138.031
323.279	82.9015
173.018	417.338
203.158	169.693
12.3814	424.458
340.923	352.974
127.152	424.284
245.665	415.453
299.246	342.318
371.527	474.624
164.292	412.453
156.901	447.193
226.468	342.292
252.274	121.713
201.984	76.9793
217.534	30.698
281.215	142.571
248.617	168.753
382.508	31.4574
75.9201	495.485
230.08	194.82
176.143	446.512
221.564	30.5056
306.596	253.395
373.122	28.0098
227.512	52.5771
227.379	250.353
137.047	303.733
143.57	322.134
104.296	292.57
398.563	42.2429
382.551	374.892
228.982	402.146
232.639	403.447
207.55	451.284
388.472	366.834
172.745	375.159
81.4096	281.634
109.891	254.321
467.398	446.074
19.3153	493.394
94.6629	384.936
35.5604	205.677
145.054	401.304
460.943	144.59
155.137	409.465
265.988	22.4498
105.977	320.839
213.567	247.944
259.437	128.691
161.876	422.157
30.5133	360.272
193.8	409.34
43.5648	355.194
363.466	147.894
14.7334	419.951
204.692	492.895
201.611	415.584
201.542	284.475
480.988	425.932
487.891	445.409
227.511	336.551
422.715	416.701
194.113	83.1473
100.439	485.145
295.394	431.856
455.759	439.939
85.9767	400.94
267.548	310.222
394.187	37.3584
328.983	160.225
366.478	392.597
480.505	83.8282
26.3771	209.635
293.238	116.458
414.202	421.947
290.044	120.024
430.343	434.682
228.683	181.145
166.726	237.826
406.364	47.509
23.466	375.301
484.807	70.1672
359.073	402.606
231.785	77.2167
165.218	43.5967
69.2645	499.912
464.905	28.3231
322.506	390.024
282.263	314.189
173.083	220.672
264.116	82.0837
52.6271	414.009
307.181	283.332
332.117	254.179
277.011	19.971
207.535	30.8391
308.506	32.7927
233.712	349.186
106.804	477.433
370.242	473.881
167.814	370.671
288.38	401.871
60.2488	276.487
59.6575	478.578
140.582	200.869
240.459	76.091
321.052	448.213
96.1592	318.937
304.695	468.006
423.953	439.507
218.508	482.258
209.451	52.6056
390.854	357.122
230.715	204.8
207.543	178.681
120.172	431.445
180.851	226.969
163.488	33.7473
204.931	21.1841
358.562	412.593
202.199	457.574
363.588	451.296
464.849	450.606
406.102	416.082
236.268	144.102
354.212	144.957
207.46	255.863
469.435	149.871
235.162	59.0176
307.044	42.6852
175.716	127.317
285.282	418.681
59.286	479.354
257.618	27.922
138.039	294.563
19.5697	483.398
277.008	88.6286
431.442	446.134
390.359	380.374
76.7168	397.164
142.146	290.587
379.892	361.699
362.619	383.371
217.558	142.261
275.195	144.496
108.559	330.5
179.058	133.742
417.059	49.4481
50.5823	443.629
198.841	300.677
87.4769	323.899
78.345	235.713
312.149	259.622
402.947	408.867
38.9519	437.191
381.611	450.547
146.188	296.701
462.527	26.5748
245.269	114.577
228.106	269.442
94.8393	488.226
290.341	17.9658
284.797	151.907
78.6724	319.158
243.638	194.356
15.3381	325.738
251.122	20.3193
348.011	137.112
318.735	472.359
89.3563	376.46
352.855	381.212
400.137	424.107
69.9614	260.628
97.3506	476.34
416.144	103.837
263.93	34.907
177.622	383.89
6.18593	414.761
73.75	310.453
335.968	97.1582
131.244	396.562
168.428	141.86
348.969	356.425
169.797	151.766
210.78	115.422
216.526	272.906
186.691	482.822
185.749	378.062
106.651	329.384
458.524	42.1465
355.637	90.6685
400.331	358.026
478.292	378.539
464.59	471.789
258.94	433.855
261.673	52.6786
274.931	51.5751
487.165	91.2874
198.509	260.321
432.308	119.51
108.646	244.399
161.138	456.251
116.908	261.445
488.755	419.634
226.76	174.638
312.637	391.632
24.0406	365.177
482.284	414.732
284.892	89.4253
457.523	52.0962
477.225	388.482
316.316	482.062
275.331	417.945
400.735	356.27
20.2184	214.353
253.212	15.4453
410.732	356.502
235.646	152.734
225.696	343.624
104.799	235.168
406.61	106.854
388.085	149.338
295.443	471.8
33.4202	209.662
199.988	249.216
225.991	475.624
303.897	52.1771
370.116	484.524
235.752	275.887
410.999	106.798
282.472	318.168
147.038	445.543
474.535	31.0198
332.703	150.943
190.606	306.352
50.9864	272.718
194.443	466.646
219.79	396.227
300.594	286.588
262.631	432.923
162.941	466.087
327.966	142.136
184.147	83.9727
166.346	355.517
43.9881	451.147
93.6976	367.452
286.232	475.694
104.657	384.605
39.5866	217.534
221.221	391.73
171.742	210.762
298.883	346.444
20.077	201.869
299.056	13.0628
194.354	422.463
208.229	11.7436
191.283	256.479
271.884	408.557
166.618	123.167
425.558	407.114
244.27	270.647
259.792	303.909
31.0512	350.287
303.404	287.529
103.467	419.966
211.375	475.249
381.86	132.781
50.734	421.422
434.483	455.66
462.064	432.178
164.551	23.804
378.043	136.062
241.241	18.7824
177.606	366.42
371.44	18.1521
169.762	428.307
198.127	457.955
80.6856	245.436
220.861	491.977
412.698	406.652
89.1268	250.797
174.168	83.336
398.298	42.7311
331.616	77.379
340.894	105.413
83.3789	271.829
306.802	392.122
293.88	441.684
135.787	387.654
235.159	50.2091
189.379	401.55
199.695	16.7255
142.337	439.445
115.463	215.193
93.2918	270.512
44.1188	226.448
461.313	46.742
227.026	240.36
248.715	185.741
117.403	243.934
165.227	87.8151
264.657	442.716
294.679	87.3714
232.969	328.171
343.015	382.994
259.576	451.329
386.724	22.3896
299.517	296.743
204.12	417.39
391.107	453.681
473.536	455.56
43.9331	271.475
113.58	484.788
184.329	412.548
324.935	476.282
425.381	54.9925
87.402	395.831
378.196	490.416
217.313	405.915
287.68	118.714
278.405	29.8735
305.244	277.52
478.65	368.546
178.165	479.616
365.145	87.5675
385.986	27.5038
278.009	327.117
377.401	352.014
307.143	303.211
478.294	386.749
225.615	47.2227
243.164	8.96911
163.167	205.618
221.908	181.698
463.144	16.5939
236.154	110.463
33.4096	376.362
175.186	136.134
188.525	220.557
217.391	449.509
303.573	254.478
229.089	343.137
36.3027	457.545
296.824	59.2465
227.571	384.004
288.823	98.6204
46.8887	460.717
349.133	101.83
473.708	475.895
220.144	137.13
108.606	207.914
335.632	68.2208
93.71	467.026
139.301	210.787
165.275	53.5965
346.498	90.4394
168.253	345.7
422.426	117.973
480.548	358.727
15.1137	222.952
135.442	304.22
189.752	410.121
420.001	360.255
242.256	283.483
471.596	354.272
99.7528	333.721
234.372	247.145
79.4235	244.909
24.2264	212.821
317.142	303.394
59.6059	426.036
179.604	381.073
363.703	95.301
208.746	458.64
301.533	354.174
229.582	329.205
336.338	102.411
208.393	456.833
433.073	400.516
244.726	113.197
224.579	133.706
321.407	153.697
476.258	148.347
286.136	27.307
394.956	16.7111
144.228	455.14
197.574	179.465
226.16	110.814
312.347	461.567
219.586	236.839
367.426	27.3111
468.292	378.594
247.221	203.692
234.875	341.841
430.974	129.42
279.265	124.118
323.005	133.453
199.516	248.471
344.794	377.753
285.032	12.7348
98.4083	489.057
476.443	388.523
288.92	391.886
143.024	465.068
159.074	341.733
123.796	403.236
387.52	486.802
99.8496	203.085
489.561	408.382
144.255	435.986
315.282	48.3544
250.413	428.63
461.018	371.732
287.999	327.576
430.938	465.01
135.731	395.281
164.786	217.947
323.622	295.778
203.129	3.14205
452.148	433.47
169.039	418.333
190.168	451.901
10.1825	200.42
397.416	145.744
311.002	357.388
483.235	472.855
339.22	358.653
196.418	226.697
190.604	243.936
241.381	250.907
252.809	57.3083
239.941	50.0271
13.8649	486.976
417.656	351.111
203.356	249.533
30.4216	433.144
230.809	490.957
483.453	454.279
428.059	64.6273
302.597	254.615
374.451	91.2259
452.929	29.3835
251.362	251.514
74.9429	406.138
43.0339	373.646
189.983	393.272
363.792	77.6594
183.15	375.448
361.673	35.4902
192.484	378.645
331.382	468.637
250.799	14.0605
240.306	101.366
172.068	437.628
259.037	461.314
295.25	417.886
205.232	450.303
100.713	489.193
61.7974	254.853
64.1779	245.14
392.878	455.263
100.531	383.206
319.871	143.517
259.01	257.957
404.952	16.4324
17.4749	481.672
155.74	332.305
423.94	73.7398
154.117	201.363
83.1918	239.668
14.0522	364.695
50.4037	282.701
168.154	161.63
341.65	60.744
44.3936	461.311
187.686	138.797
74.7624	276.904
303.879	401.686
15.8076	412.036
93.741	275.643
433.002	413.791
230.442	466.669
401.375	356.727
135.578	314.219
82.3008	411.837
34.8739	275.709
232.333	282.087
317.877	383.115
480.735	23.1739
277.527	82.6606
22.7685	319.046
308.649	379.262
172.789	419.688
491.953	100.067
171.985	46.1822
39.9939	202.126
284.53	159.29
30.4527	343.6
420.995	60.2763
277.232	400.108
222.369	227.234
325.059	309.503
65.0938	315.46
309.607	299.129
332.885	482.348
173.837	393.146
224.644	132.057
142.071	296.734
296.442	262.497
79.3755	377.08
107.195	340.4
168.145	17.9211
29.3763	385.512
282.458	384.254
15.9499	328.934
86.8028	360.209
331.89	290.152
120.395	492.105
343.047	392.994
279.401	482.997
77.9915	355.48
32.9405	427.125
36.3433	232.737
162.179	464.566
234.108	391.572
325.722	148.851
67.0059	325.276
221.672	349.282
69.1244	306.685
330.554	280.241
266.779	256.102
435.506	138.334
310.502	490.198
473.996	445.57
196.292	143.89
181.469	258.398
490.315	26.0405
176.795	350.899
308.197	9.00743
97.7269	264.265
88.4104	488.856
102.142	461.65
142.563	297.281
312.232	407.183
126.643	259.158
96.216	453.596
240.221	494.335
183.233	473.543
417.697	48.5934
249.625	450.336
267.303	260.024
306.942	313.209
108.569	329.001
222	145.921
267.529	82.5071
273.35	326.22
53.0086	372.935
203.285	481.126
294.818	472.992
64.8562	434.547
399.116	447.447
70.1596	314.412
233.4	142.989
413.742	21.1999
269.365	453.368
317.383	290.03
375.947	361.908
221.758	322.977
25.0091	408.12
268.822	451.942
324.016	75.5322
329.77	355.382
275.436	15.5485
20.3995	494.546
178.984	80.9345
8.86666	404.837
240.73	191.68
288.667	262.472
430.99	49.0376
275.012	259.623
293.544	432.004
178.03	408.126
290.035	343.051
275.431	32.137
419.692	101.855
49.8705	203.692
145.767	388.285
382.387	448.787
17.3217	310.659
137.084	201.036
172.302	145.059
407.827	97.3144
472.955	485.866
33.2421	281.494
110.973	319.295
321.775	123.529
369.7	17.2186
424.427	83.7279
16.2396	356.928
142.474	475.053
219.279	378.414
276.747	89.2633
469.634	457.649
294.528	84.5738
344.582	350.212
465.583	373.828
78.9868	263.474
314.443	142.247
483.88	141.874
225.761	276.315
216.177	50.5292
193.089	130.382
421.577	468.528
413.507	101.561
234.266	199.31
369.738	141.634
153.237	440.383
168.556	42.896
419.448	370.24
344.689	402.858
138.431	378.01
435.036	141.176
215.365	174.135
286.977	57.5047
175.943	434.505
327.39	143.506
290.153	464.147
439.338	392.722
270.772	97.2824
285.366	405.925
205.682	229.559
481.873	406.494
54.18	382.866
193.179	2.14167
417.392	68.112
282.381	133.62
128.455	412.084
460.607	379.342
376.339	371.9
455.198	363.905
331.148	345.477
492.151	16.2105
489.114	418.372
78.4876	256.223
150.878	291.726
42.3995	465.681
65.2118	273.94
277.352	446.723
55.3527	460
397.122	37.1106
231.499	96.6298
48.0699	372.491
211.132	132.797
402.738	407.548
97.4593	212.795
132.488	475.576
224.812	284.862
199.168	442.352
380.882	98.8836
438.852	123.261
57.8672	209.696
322.199	41.1331
462.973	485.265
220.673	50.9761
485.729	34.9267
413.469	405.362
362.954	67.6945
383.088	86.1848
108.352	248.186
202.745	259.514
316.986	162.667
16.9803	212.57
227.499	326.473
488.951	146.658
314.507	78.6273
195.211	266.09
74.5585	329.01
267.021	72.52
348.111	80.5703
108.757	350.277
172.135	464.779
207.321	405.519
109.587	384.697
437.804	132.344
111.57	458.315
338.74	91.0226
411.872	466.115
218.935	342.975
213.176	40.9901
177.981	422.057
74.8947	401.914
267.856	444.931
49.3435	461.941
189.926	378.809
134.182	293.723
376.293	440.858
484.007	463.311
165.208	398.199
404.627	453.04
423.004	413.593
169.793	84.8764
262.597	59.3563
421.538	352.182
318.703	53.3814
369.359	84.4546
278.552	133.744
491.799	448.771
270.446	251.39
329.187	491.639
243.265	144.631
312.428	347.49
239.531	330.212
291.805	48.7471
414.925	38.9852
136.631	259.656
482.497	96.8138
203.971	187.15
69.1651	276.3
226.053	410.775
147.615	459.597
341.36	467.987
271.264	80.8598
56.583	440.164
221.446	389.058
269.871	316.845
127.342	249.183
86.3575	451.92
103.376	275.569
81.9131	238.385
40.1689	345.965
273.311	380.214
348.939	85.7671
231.703	180.387
188.095	182.65
169.593	357.836
222.73	394.204
194.001	419.173
174.395	215.178
160.469	445.088
417.152	359.321
45.115	291.188
354.794	377.776
146.691	217.524
188.85	82.5609
106.794	284.966
178.43	180.082
329.383	38.5887
175.305	35.5163
90.7502	351.021
243.078	320.863
66.8752	205.354
78.4514	487.95
63.5	462.241
181.437	247.617
285.865	466.79
404.866	360.591
454.165	489.999
439.238	470.588
134.481	269.422
395.607	135.909
418.628	123.831
212.855	318.422
99.0938	393.102
394.374	444.067
89.4174	218.739
280.183	75.4111
138.36	263.747
246.483	42.4638
368.894	434.131
401.04	46.3114
249.673	211.414
416.983	90.4049
18.9772	334.965
234.297	58.2819
177.53	481.757
407.394	68.3238
48.9755	350.703
224.606	249.296
268.105	25.3301
342.991	109.877
480.515	358.794
389.984	78.9433
288.956	121.648
204.791	312.509
55.2646	343.803
167.188	26.7266
212.431	456.083
33.3197	402.559
244.118	56.8029
218.442	55.3516
228.583	374.747
13.0947	301.597
373.045	132.196
158.649	287.448
312.867	381.045
207.15	312.991
477.47	40.5648
312.3	367.062
419.92	474.834
232.198	51.6098
108.329	246.883
472.387	409.659
207.833	401.963
168.843	74.9216
331.204	270.263
318.56	140.554
413.444	124.883
392.741	407.332
327.277	28.8128
176.624	185.478
411.958	9.29711
383.252	371.9
413.201	482.241
140.047	381.554
162.137	202.296
310.414	487.653
181.52	268.398
480.737	86.9699
240.496	147.384
336.886	140.371
57.9209	264.071
247.594	192.994
92.06	414.018
77.6333	331.406
83.111	332.254
175.653	84.3854
311.608	337.524
482.892	48.9674
445.758	400.389
451.448	485.363
196.649	422.17
205.465	490.885
368.164	38.1393
282.694	152.264
365.696	426.846
99.628	471.329
201.329	373.979
52.4597	355.359
209.348	345.822
430.886	142.046
196.572	226.122
359.969	139.496
68.2649	466.279
199.695	12.5339
209.18	122.989
440.778	46.9902
104.717	322.526
224.887	420.706
10.0143	420.187
484.947	424.115
92.5794	243.113
73.2367	429.091
478.005	419.61
331.268	260.263
242.83	66.7195
419.709	36.3819
341.839	457.999
316.756	280.05
103.384	204.739
152.251	474.488
312.657	388.084
271.371	383.17
276.689	410.765
54.2454	243.981
231.785	488.139
153.999	224.351
250.13	495.681
224.083	267.544
241.168	397.047
269.03	136.8
205.939	171.159
103.411	324.461
262.044	310.621
214.855	263.689
419.714	85.2857
432.738	56.6516
421.646	404.71
443.73	119.666
330.578	19.3732
97.3603	322.69
63.2415	447.625
349.71	473.491
34.9888	457.913
271.221	269.182
209.695	12.5326
465.896	475.702
417.834	96.08
123.174	420.576
207.713	438.452
275.704	483.495
107.944	470.577
122.544	412.811
173.661	403.255
150.505	430.763
180.027	380.224
95.3554	461.083
104.719	477.744
195.471	490.541
27.6844	237.739
258.606	22.205
477.455	136.473
293.598	112.791
73.5315	328.024
263.11	436.129
160.6	391.658
370.796	377.869
50.9924	244.852
211.259	116.703
171.211	414.369
8.84619	292.544
98.1603	290.011
157.119	402.336
419.99	13.226
183.992	75.5244
226.913	103.412
7.50595	352.058
341.945	478.353
98.6114	235.138
482.592	488.537
333.61	106.413
91.9365	314.288
181.028	92.8184
381.724	369.541
198.239	216.261
448.896	398.162
231.647	348.583
393.495	434.106
34.8607	210.708
267.492	482.098
120.789	267.266
262.569	62.9349
314.009	483.319
240.339	175.345
400.313	144.733
265.345	462.524
210.298	261.315
251.651	146.819
337.257	11.931
239.02	194.08
402.257	432.779
411.897	460.201
261.027	427.703
11.0754	430.131
490.495	358.16
237.088	207.231
188.129	468.941
405.291	18.6419
222.953	105.639
229.218	286.457
104.85	378.01
238.166	397.27
300.196	298.48
117.72	408.876
42.8158	230.276
404.838	448.526
422.593	12.3081
103.256	471.971
100.589	217.072
400.11	400.08
109.236	275.193
201.097	317.661
10.3808	394.953
359.194	60.327
315.126	88.6082
308.652	491.535
63.7688	275.4
344.398	384.46
215.465	227.489
109.636	375.333
217.14	122.874
392.938	374.384
386.09	69.7325
330.788	335.484
322.346	38.2927
9.81287	384.969
301.61	426.093
32.4398	201.006
119.764	277.213
312.04	155.753
256.877	302.06
95.1154	332.435
233.433	191.31
244.709	337.98
335.338	25.0338
243.769	484.986
247.105	475.559
110.757	494.771
217.681	33.3918
332.942	453.434
278.248	52.6265
63.6613	255.883
188.308	215.092
291.17	426.115
363.621	417.063
135.852	368.348
405.143	488.163
296.842	74.8452
41.624	202.112
145.808	484.481
21.1609	210.173
117.965	460.821
176.13	101.537
225.757	204.564
149.574	396.26
145.242	364.91
246.224	58.3123
460.194	460.717
110.52	218.252
201.333	152.527
251.584	430.995
373.333	453.033
440.196	63.3137
479.868	396.697
237.883	281.464
412.634	110.325
54.8506	236.962
278.844	462.022
492.556	489.387
411.48	53.4841
263.103	141.454
271.05	481.236
54.5004	392.861
185.066	468.658
476.09	56.2981
24.8742	361.972
321.762	260.533
31.1134	448.694
30.1799	346.434
88.6935	304.829
367.858	128.222
307.749	483.575
230.399	419.58
260.451	251.692
191.713	462.841
140.427	452.646
85.602	357.719
224.48	317.418
199.07	364.238
332.41	472.447
134.94	303.694
31.1525	416.011
475.985	102.968
267.918	453.273
295.728	108.341
234.487	428.706
269.14	421.951
391.855	137.521
40.8135	406.061
328.59	54.8753
204.54	208.496
395.162	78.1926
405.567	7.2915
355.945	429.066
207.084	225.014
164.946	206.677
424.449	423.488
135.255	358.366
292.621	92.2087
91.0985	406.346
124.791	478.955
219.279	293.192
29.8685	491.33
11.5299	412.639
469.259	493.855
352.845	384.725
44.6576	385.92
48.8147	222.275
245.594	403.818
255.376	401.739
337.344	409.645
313.907	254.344
165.054	65.6669
47.8189	344.022
454.467	452.52
271.781	386.625
37.3471	350.9
359.416	149.481
468.482	400.453
120.516	496.952
206.385	345.025
60.6071	396.484
103.072	381.191
196.724	306.599
357.627	368.186
350.973	396.497
211.572	308.759
338.549	53.9699
164.053	35.1839
231.826	394.259
116.039	449.369
39.187	494.959
238.753	176.9
195.586	205.616
106.935	317.485
478.717	77.176
73.0308	468.545
191.88	3.43421
148.054	261.292
162.53	384.486
185.207	34.1252
284.433	123.44
176.323	463.019
69.6162	441.835
229.711	478.356
76.8745	362.601
307.294	358.405
490.304	350.625
276.439	96.6972
172.686	19.7413
173.243	247.719
488.668	78.1622
87.6589	217.295
72.6409	406.934
13.7132	326.463
242.422	325.697
201.633	464.106
73.4702	321.575
146.674	395.859
276.666	316.13
275.819	67.4046
222.799	114.088
13.3249	332.315
241.685	339.691
26.3072	247.644
90.3235	352.042
56.823	466.64
456.463	472.382
424.603	92.336
83.4936	481.787
134.395	313.679
173.333	111.138
430.35	98.7175
355.927	358.331
480.916	355.558
2.01155	293.306
60.7578	203.572
21.8518	326.879
281.594	491.576
470.534	380.546
237.627	149.503
494.537	6.49917
198.458	85.333
332.686	98.6552
62.4847	242.418
114.644	355.448
14.1278	287.209
285.139	321.44
472.232	381.72
257.859	154.658
248.29	173.667
439.575	392.529
53.3667	344.381
294.637	290.168
424.069	471.668
246.407	400.256
47.9681	265.041
274.921	383.08
477.429	399.85
110.519	469.561
304.643	474.07
186.733	306.184
463.102	373.856
115.48	465.357
325.714	166.152
294.168	317.14
60.4353	273.953
141.633	433.512
133.341	267.954
202.738	393.358
71.738	495.362
253.291	255.795
314.955	50.203
317.71	42.9732
317.507	496.182
103.219	308.201
415.737	491.914
195.375	236.05
201.466	255.001
310.011	420.668
173.388	409.392
318.291	24.4255
193.938	492.291
468.064	420.691
194.33	197.152
426.067	401.433
283.079	377.296
482.902	433.904
168.647	287.678
402.698	111.461
286.503	417.271
491.373	481.613
319.531	58.0492
186.4	90.53
263.8	482.493
134.691	348.382
157.719	258.727
395.573	491.064
329.376	134.342
249.703	221.414
264.958	71.1336
114.926	426.231
450.596	48.8887
358.963	408.215
246.133	172.642
480.924	145.851
122.75	454.095
400.012	132.63
213.1	430.212
372.425	449.386
31.6355	328.948
213.995	421.861
244.913	76.5
44.1185	281.238
316.639	63.7125
353.786	467.852
212.506	60.457
222.054	202.076
286.035	321.974
4.21138	353.072
71.9206	371.288
171.439	389.027
176.979	120.45
207.984	313.993
17.5958	286.686
248.435	483.489
266.994	322.747
435.484	90.1358
407.634	70.6273
176.62	421.341
388.566	404.835
414.684	446.781
122.922	469.935
223.635	345.609
39.1478	278.129
279.673	42.7286
17.7423	252.805
143.389	484.739
175.319	121.388
267.484	148.999
433.876	61.9935
227.979	436.299
173.636	405.857
148.048	208.53
251.294	440.991
281.833	470.029
69.1956	202.409
383.242	359.656
487.391	478.774
328.972	404.175
196.733	342.411
339.184	453.865
164.202	417.132
269.425	377.927
324.74	286.071
470.947	354.773
174.571	241.712
363.307	351.583
215.415	444.831
452.295	114.503
182.232	252.945
70.9631	450.877
57.6677	262.384
428.49	87.3927
175.823	417.496
145.305	427.012
448.616	480.441
493.994	419.855
210.305	27.7437
194.475	398.99
292.069	106.574
245.141	70.1979
252.656	450.897
33.4747	482.003
167.22	182.079
173.863	31.4382
371.92	427.643
472.884	480.991
284.107	162.164
71.1742	262.482
204.614	66.5984
461.842	428.519
467.209	432.017
214.828	347.108
315.308	397.726
115.89	321.935
83.463	474.78
138.853	435.792
207.36	437.179
149.313	457.232
190.911	266.72
427.417	479.705
397.214	103.278
405.016	497.327
289.434	165.642
169.35	129.411
486.86	389.548
261.461	295.926
7.79929	251.739
288.457	47.509
81.8289	225.42
70.7488	246.344
91.2098	386.95
256.483	42.4454
174.874	63.7744
155.66	486.193
461.668	351.045
153.05	358.662
202.501	151.427
175.406	246.435
324.364	496.959
286.428	329.27
214.832	399.976
398.833	499.749
250.228	16.7452
104.496	256.12
166.475	37.8844
389.72	352.039
234.504	146.173
184.345	381.824
248.573	471.495
385.611	491.927
329.739	395.325
219.02	400.518
154.789	204.38
320.866	381.865
142.106	404.754
6.0821	385.949
265.774	267.728
466.185	396.301
96.3525	399.992
210.48	463.111
427.658	405.181
146.227	251.92
346.53	137.725
199.412	414.102
163.978	17.3904
470.507	385.809
193.23	93.3498
175.807	14.3872
74.0163	430.051
134.394	323.679
394.173	424.129
332.569	325.644
263.212	390.289
125.665	299.956
252.271	432.974
380.368	77.9337
207.254	335.062
472.272	95.2639
323.048	454.889
463.623	475.139
278.211	115.611
328.548	345.23
319.788	496.538
441.978	37.0625
124.802	410.162
458.489	424.147
184.348	44.0882
62.4551	437.432
234.013	266.369
227.328	472.955
227.154	473.17
287.364	456.785
257.082	156.321
305.394	399.037
182.133	478.218
78.454	489.579
114.974	488.685
66.3749	238.706
408.227	76.7199
124.724	475.076
83.1511	487.946
165.932	86.7317
291.817	308.185
429.286	47.2666
336.575	401.694
81.216	387.303
198.532	77.5193
247.976	347.465
180.256	370.227
110.524	369.024
456.566	400.647
61.1315	385.376
235.045	293.307
485.147	469.029
150.441	422.16
243.919	286.092
227.339	327.001
325.733	50.5207
300.22	321.541
432.1	465.751
419.653	79.4228
287.167	143.321
21.1585	447.745
422.138	480.313
201.204	197.616
342.65	97.8055
190.479	426.67
62.5089	491.512
404.582	480.545
334.341	497.642
196.123	169.251
57.3519	454.464
208.543	190.824
398.805	453.004
464.803	495.372
368.168	440.338
468.408	484.428
210.824	221.847
320.959	38.4464
278.919	335.874
424.324	424.114
370.567	79.9152
227.646	468.616
80.6226	229.438
180.864	48.3788
67.7227	365.696
118.156	224.708
173.921	362.489
401.717	369.594
255.402	10.1078
127.183	484.277
26.8587	284.023
13.3829	326.967
331.033	60.9807
220.115	43.091
173.087	294.759
329.437	351.739
472.621	96.1576
173.445	91.2614
220.72	46.3389
347.877	403.583
35.5208	425.006
320.857	453.329
229.116	358.257
143.222	328.378
71.0033	258.442
248.318	211.51
145.32	438.853
71.7251	281.458
356.223	481.078
248.508	444.105
357.853	473.57
321.328	140.276
398.197	399.138
458.271	106.485
259.244	456.821
142.141	312.616
471.24	70.5352
106.538	431.675
238.54	444.906
393.429	125.102
345.314	24.3438
49.1124	496.178
63.7471	398.21
222.14	256.839
149.868	466.268
11.1617	210.051
304.802	363.167
14.9303	300.48
225.705	271.35
470.612	94.413
134.427	323.055
273.327	306.704
449.855	65.904
353.944	375.378
196.778	492.783
328.289	252.957
464.46	77.8854
110.942	208.261
105.219	257.887
209.868	21.7545
337.001	419.639
64.4357	397.579
195.245	482.661
109.026	472.946
432.962	418.242
149.754	460.846
460.944	469.652
381.66	87.8499
117.075	433.571
366.917	360.908
249.883	153.812
174.123	81.0168
268.875	270.819
150.24	242.761
304.595	330.534
473.902	490.366
484.318	428.957
96.058	465.189
354.089	148.05
287.721	130.436
196.402	459.32
403.796	401.068
444.598	450.906
106.987	488.848
102.265	440.716
8.34136	279.053
257.681	269.886
273.966	447.088
287.6	88.4056
457.872	360.297
330.24	294.423
145.194	234.127
199.631	81.9551
384.268	482.018
423.732	409.622
200.334	203.185
486.896	403.811
273.371	497.266
425.347	38.075
83.6915	485.215
171.926	454.037
337.717	2.74626
238.065	136.829
236.397	134.98
40.2877	323.934
89.5396	328.371
222.282	327.862
425.483	494.153
145.071	218.077
174.894	418.735
132.804	371.921
312.329	430.396
39.9231	285.079
479.594	67.2095
137.558	443.012
327.475	53.4946
38.0891	425.151
287.572	106.576
58.236	368.859
20.4199	368.232
151.376	495.229
30.6054	335.652
163.273	246.946
114.758	261.738
451.041	99.5764
385.043	368.006
73.4564	420.067
322.939	28.0591
255.242	481.563
447.672	75.663
422.432	6.26704
453.631	428.986
364.615	354.968
43.8629	404.056
4.10923	291.748
78.8223	359.389
130.379	498.602
283.207	459.158
241.861	450.987
74.4388	202.764
292.078	314.618
431.741	45.9956
206.116	169.615
33.6314	424.61
12.2758	326.628
254.651	350.247
270.336	157.169
126.112	379.13
382.348	134.419
279.8	440.5
257.768	270.324
318.083	14.4277
117.179	496.576
355.95	491.075
195.458	99.3253
188.998	398.207
247.63	158.027
211.514	17.1723
200.653	432.345
63.553	209.446
400.451	453.817
161.132	215.921
308.939	316.644
360.932	498.548
264.15	68.2208
236.258	57.4887
267.172	92.9397
351.428	133.692
289.368	381.298
275.971	263.773
241.463	21.5576
190.424	350.17
282.367	33.0983
85.9333	350.528
107.584	362.833
280.84	259.582
199.341	307.126
211.691	22.8501
264.628	350.919
123.244	461.608
112.117	445.029
282.633	23.1018
336.362	357.273
370.726	363.394
206.378	54.0962
472.659	72.622
421.217	451.568
219.857	62.8035
6.33353	247.985
41.0443	423.23
222.278	72.5061
426.471	64.5987
186.803	118.579
239.795	222.766
267.612	444.955
252.687	487.846
92.9495	438.969
109.979	476.022
54.9564	364.665
224.231	247.06
464.842	113.921
196.571	173.071
160.699	483.45
110.306	422.041
233.663	48.6063
395.641	146.777
378.547	455.44
446.615	95.2283
11.0244	220.05
81.0746	261.075
146.778	484.325
120.244	204.59
7.51086	269.087
256.321	457.34
381.634	377.407
166.712	38.1759
377.551	365.498
407.435	361.39
192.901	420.701
286.501	106.423
30.3888	412.278
358.981	372.531
257.485	429.335
385.603	408.021
120.696	234.38
83.6082	359.423
453.383	415.548
319.648	290.55
172.763	76.4574
168.508	425.678
436.182	36.7406
424.442	51.3136
443.337	73.4253
206.14	143.754
389.875	488.123
8.38447	348.043
180.427	350.418
50.634	394.744
489.498	15.1371
53.12	219.13
407.929	111.289
196.08	407.336
225.135	301.298
218.43	65.8705
409.984	131.892
41.949	314.073
368.692	421.215
328.714	401.192
244.275	52.1539
237.049	364.345
171.17	123.955
471.542	149.313
193.104	479.244
318.58	130.661
175.538	444.713
401.9	430.476
395.309	487.149
442.1	465.739
167.381	68.7889
458.621	357.294
62.2933	430.928
270.637	120.292
415.14	355.017
46.9791	465.353
333.396	138.046
179.301	418.694
18.4957	457.147
230.946	142.351
160.327	253.798
295.222	360.3
184.82	200.245
327.419	350.407
220.841	363.872
57.0118	363.188
157.71	208.253
487.448	24.9246
322.22	156.783
197.52	65.5165
276.933	460.83
461.873	123.47
336.542	411.699
266.851	305.965
439.558	456.069
169.631	478.954
27.6792	362.335
445.294	121.643
11.3765	200.053
227.677	37.5719
155.191	429.298
139.018	326.577
272.489	31.5413
265.006	350.636
112.385	499.19
24.9258	300.78
9.12495	343.272
196.14	67.0201
189.948	433.736
165.894	264.487
421.789	16.2463
347.149	360.828
241.709	126.508
466.482	99.7723
414.632	19.9079
58.1258	443.064
136.814	437.805
324.173	486.961
330.958	339.86
333.016	142.38
279.313	498.895
67.353	313.664
221.068	407.601
260.936	141.441
394.139	396.904
341.223	30.7888
340.582	88.0215
483.004	136.07
115.433	242.883
49.0726	404.928
225.44	465.835
12.3689	453.83
20.9385	415.548
483.265	126.074
399.736	443.206
419.262	135.622
431.06	472.272
133.781	257.964
486.941	24.262
350.191	35.2143
113.447	261.352
272.225	162.553
255.95	49.4634
458.015	391.976
495.878	30.303
110.222	207.6
235.969	186.505
317.179	359.913
400.106	64.0455
300.377	423.348
498.217	425.684
158.794	271.53
310.372	407.71
279.994	435.332
159.441	291.584
281.232	40.5119
118.482	459.628
214.42	175.187
281.677	105.35
240.356	125.869
128.006	226.434
231.51	52.7247
290.751	258.247
318.272	394.061
182.34	340.603
45.548	365.401
216.889	373.058
441.594	120.821
319.672	277.451
177.653	119.918
439.597	382.529
318.189	346.56
155.204	476.426
50.3418	269.324
262.85	424.458
448.889	459.397
6.2625	340.294
188.861	54.3827
147.33	337.495
455.92	430.414
465.458	468.117
122.455	451.124
260.74	462.187
308.385	344.586
241.444	13.3134
105.314	498.932
484.5	459.736
234.978	75.3618
374.935	480.678
31.5552	256.156
165.742	24.2775
246.389	248.559
170.375	122.018
418.695	8.42163
251.644	6.94272
163.53	215.891
421.767	145.304
247.761	424.049
164.917	201.32
349.536	466.792
363.863	381.258
439.829	468.643
280.424	51.7518
33.0483	246.268
81.8669	262.04
181.702	397.289
235.588	433.511
75.2892	469.019
233.658	364.218
467.734	67.6379
27.9813	483.642
293.619	304.902
67.498	484.117
392.597	460.844
281.601	301.088
344.382	426.386
358.385	489.207
421.488	17.3511
292.867	454.5
56.671	336.34
462.026	408.607
207.853	7.86665
454.663	130.399
106.579	268.148
308.7	306.646
135.889	335.251
458.81	49.1828
316.148	484.11
77.9347	209.422
230.062	263.146
94.0318	304.641
349.365	493.825
185.801	312.23
178.236	304.538
283.145	344.657
224.313	37.0327
194.094	58.1078
172.426	280.725
218.103	348.636
124.072	316.185
86.745	433.766
421.899	417.147
296.109	328.26
393.675	56.3878
2.04073	248.666
140.615	227.066
361.205	76.4003
65.8166	431.531
129.552	238.576
257.267	325.066
47.5106	486.307
292.387	20.8984
170.165	139.378
45.7863	307.877
174.209	268.332
333.184	100.616
437.293	112.033
291.678	390.123
31.946	371.379
26.0687	352.465
455.719	408.448
444.744	417.292
240.854	62.3558
226.409	183.572
179.819	75.4782
285.702	338.596
30.8861	327.543
269.434	34.9897
84.6042	307.976
336.449	69.3874
390.324	494.786
91.1992	379.415
277.688	122.83
315.926	358.173
190.154	206.585
256.755	76.8525
468.901	463.738
388.385	47.9014
151.889	368.595
264.302	323.019
263.985	55.4166
201.979	31.983
332.91	103.898
266.814	87.1683
192.615	333.298
394.431	353.117
182.959	366.494
186.002	308.854
333.118	88.712
442.716	63.3564
248.431	250.836
178.235	439.38
35.7635	484.948
332.569	355.625
492.858	137.776
62.1289	439.442
434.208	464.79
411.862	29.5165
48.1875	341.635
194.905	113.445
147.881	229.878
432.216	430.255
408.852	6.65575
333.818	363.318
206.402	424.942
436.543	392.051
231.899	240.641
243.715	492.049
168.434	128.948
199.08	390.114
210.011	8.57121
408.313	76.8991
203.977	117.653
199.636	119.941
287.289	435.795
165.324	218.509
313.613	29.7078
153.326	477.743
48.1318	443.411
193.456	78.6338
238.012	84.8906
142.39	479.686
292.276	116.571
152.536	432.215
156.483	260.22
28.7751	339.895
260.949	486.025
201.664	452.104
56.5437	236.876
228.325	154.036
94.3664	313.196
455.697	364.098
276.813	46.7575
454.208	64.0794
103.966	355.286
480.081	79.3231
335.91	128.367
390.903	431.244
167.833	66.6075
200.217	408.008
225.256	475.033
416.685	62.5413
413.734	409.446
390.421	427.799
399.287	417.58
252.276	270.73
486.878	379.548
137.33	431.633
82.9045	463.595
205.185	481.572
441.662	34.4496
42.2461	369.112
156.822	340.643
74.027	491.579
250.806	332.064
168.139	485.609
29.5371	240.7
119.093	233.584
255.504	330.032
117.444	262.925
358.025	40.7389
202.377	13.8183
84.4935	222.501
429.948	498.948
317.373	40.577
390.061	75.4758
10.1302	395.093
165.311	367.576
204.485	409.423
245.8	360.106
347.051	106.785
424.926	22.1616
200.429	92.1185
390.182	449.933
60.6282	206.879
365.388	491.729
316.925	29.3572
237.561	45.4353
250.33	481.473
165.515	286.645
133.512	293.756
333.231	148.541
29.5639	433.745
168.164	242.137
262.616	414.461
293.681	267.808
293.868	294.905
271.894	95.2081
169.403	410.377
415.647	88.5852
212.129	46.1414
346.967	459.777
305.679	389.041
78.8791	227.911
84.2243	310.973
346.703	393.652
21.2546	417.519
215.471	354.681
257.051	344.969
297.949	160.398
248.819	22.9507
468.806	49.4616
258.862	91.8661
340.568	471.215
129.878	343.242
476.112	454.627
85.1285	257.978
420.011	405.903
175.735	358.004
170.534	476.646
48.7721	214.717
152.014	345.934
279.653	383.668
104.027	304.329
461.141	81.0029
155.339	417.12
100.747	399.526
165.673	88.5703
52.1519	492.473
117.279	368.083
90.7444	266.643
391.717	491.253
156.489	369.048
277.113	250.303
232.247	302.295
344.256	407.729
47.4637	441.883
496.6	32.013
281.456	13.1713
406.878	494.426
165.032	334.933
193.42	449.028
205.887	39.5995
259.577	10.4274
302.766	399.979
282.829	56.2028
315.108	416.517
294.029	80.7459
292.761	57.3658
114.791	497.329
3.00673	212.826
331.499	391.181
192.788	358.704
128.937	378.988
10.9108	325.772
302.66	271.136
390.875	56.7749
202.767	359.344
379.764	52.9699
408.9	424.462
9.08468	321.018
63.0258	355.198
279.426	34.9471
347.03	28.4503
213.751	77.7298
417.539	11.7111
212.535	82.1446
210.114	205.272
269.117	342.246
40.2728	209.448
227.766	281.135
152.524	324.708
300.58	256.407
155.698	473.233
467.682	362.239
28.9467	332.046
112.335	430.269
191.262	77.5494
190.009	209.876
158.781	378.781
291.413	73.2396
329.758	421.767
266.613	138.109
40.0943	217.484
437.185	480.177
279.329	147.704
79.6403	414.366
229.827	189.777
115.619	370.949
214.301	245.879
234.962	320.529
243.624	17.3798
32.9185	443.166
381.863	94.9234
233.824	312.314
16.5987	303.984
124.43	254.421
300.52	298.82
417.571	356.87
428.932	106.546
474.625	467.394
457.69	497.224
353.233	487.174
226.116	346.562
96.2971	388.018
319.533	445.721
210.539	416.096
208.139	98.4876
240.52	228.782
31.5395	204.577
148.433	364.432
483.858	489.434
414.606	397.489
17.5925	438.402
212.419	474.668
199.776	110.648
444.375	29.9955
236.1	440.891
377.775	462.187
163.94	268.559
452.817	24.6351
250.514	471.909
94.4645	221.74
382.867	126.63
294.426	405.497
221.175	27.5378
370.322	465.125
412.922	17.694
111.321	272.746
164.293	41.1283
11.8605	272.001
146.106	342.503
411.767	145.415
425.267	352.832
319.204	166.317
436.422	40.8962
162.714	46.2743
51.7599	480.536
491.194	452.306
344.329	148.734
424.995	71.3513
205.694	492.776
184.403	387.936
47.8288	291.203
238.296	323.627
274.106	67.2905
86.2326	488.618
13.7225	328.035
445.705	391.048
364.196	426.597
80.941	407.336
309.804	448.035
345.64	144.598
245.965	186.779
109.236	444.448
280.734	140.477
474.81	355.225
86.7781	323.063
84.58	383.419
445.134	461.023
337.647	130.614
238.397	294.41
320.173	60.327
141.717	215.075
26.2349	489.355
177.773	239.368
229.032	74.3821
60.8922	206.903
432.143	40.1105
62.9935	392.988
107.319	345.865
476.162	42.6878
446.601	436.098
38.5676	314.545
425.638	88.1596
161.931	433.356
183.984	354.422
146.736	303.734
190.216	48.6565
69.6515	446.03
419.341	39.0146
312.932	423.206
379.725	117.136
63.1335	318.144
204	33.9289
15.7149	263.271
308.363	44.9145
81.8528	201.146
153.338	221.678
145.358	311.807
296.508	13.5233
183.121	88.7364
135.984	379.84
111.57	412.121
343.792	122.213
429.474	74.6471
256.451	492.778
178.201	235.999
331.957	152.453
243.048	371.986
62.9263	427.356
118.678	237.517
231.774	343.814
160.216	299.671
136.359	385.256
305.054	16.8075
50.2094	271.551
163.016	309.271
82.4131	225.713
180.627	202.963
272.208	353.498
326.55	382.491
455.639	138.967
147.224	411.276
328.347	428.117
54.4185	260.192
231.021	79.7866
304.477	309.76
304.405	309.219
198.874	381.173
288.486	323.222
163.38	265.603
11.2031	253.841
171.95	415.701
425.32	37.242
271.314	409.527
107.833	472.333
260.644	498.121
176.337	484.112
136.552	430.402
73.232	267.279
212.295	328.369
23.1692	311.523
89.0765	417.676
59.1243	448.823
257.288	277.461
170.802	425.674
328.495	122.405
29.1931	379.763
335.345	406.5
197.28	148.392
219.211	367.651
77.4487	265.278
349.618	29.9531
4.65195	238.128
423.275	127.685
409.457	398.048
484.624	406.924
429.719	13.3726
490.911	422.193
390.12	361.261
425.596	78.6705
271.929	360.127
421.184	470.707
283.167	431.096
42.7951	316.519
238.678	243.148
296.895	438.578
415.702	390.69
246.339	215.205
307.388	455.034
76.9131	276.577
18.6543	441.579
193.056	104.774
102.366	471.965
284.93	89.1791
422.964	404.942
169.644	28.5416
347.699	2.15152
176.985	120.068
199.332	345.625
471.175	37.981
149.918	410.352
159.7	221.176
281.921	92.8296
179.372	30.8608
106.715	433.392
110.879	475.247
476.154	97.2324
458.566	16.4528
160.009	223.197
391.361	49.236
298.399	345.114
82.1187	417.761
231.26	129.432
328.983	385.581
303.982	452.574
278.058	442.547
117.788	258.891
265.035	471.218
203.288	38.1056
26.2342	343.572
144.901	365.995
230.288	224.911
328.726	273.206
18.7893	453.721
422.986	68.2579
263.773	402.959
263.713	36.9734
161.58	382.019
70.8403	479.148
431.096	119.881
414.756	380.735
76.9286	476.435
310.463	33.4126
427.039	404.013
368.614	390.058
204.954	458.734
94.2207	272.665
115.187	478.283
428.628	437.054
149.983	426.315
467.344	67.5452
206.113	63.7856
190.818	54.5285
335.061	52.3823
377.815	44.1461
221.973	127.458
39.0092	253.425
245.601	18.5588
253.343	93.8824
236.243	297.041
130.09	448.715
250.561	154.385
223.612	366.759
79.4117	346.594
287.716	366.907
93.6094	448.205
343.367	471.05
139.645	452.792
307.917	267.255
280.124	358.507
458.747	356.659
406.491	126.145
379.639	136.427
477.463	376.178
176.916	409.658
229.864	354.284
105.384	453.677
449.806	411.077
479.211	453.482
394.663	69.8856
134.134	238.525
13.6987	229.052
38.7352	442.959
134.014	461.055
163.508	342.76
480.983	423.393
182.222	372.704
461.614	52.1005
468.1	37.9013
181.753	492.519
403.113	482.797
390.115	77.3018
114.706	360.585
312.473	408.173
70.001	232.513
310.647	258.251
134.391	232.788
436.257	112.048
256.99	2.92288
273.728	409.897
466.747	61.5304
186.793	362.857
289.967	450.641
51.6967	290.685
259.284	65.5174
162.27	324.892
306.972	394.685
262.497	496.97
135.681	460.958
192.079	476.608
253.895	282.278
222.879	142.458
486.514	71.6664
358.771	495.44
67.8236	384.232
158.765	311.873
451.026	350.303
388.29	38.2976
106.759	253.917
491.854	77.0651
377.406	146.174
291.478	69.6706
260.925	57.0074
169.099	14.8578
338.039	418.188
488.583	80.5137
433.803	70.7024
209.18	81.0885
382.088	435.966
385.405	28.7227
208.949	215.203
232.341	143.075
149.513	451.17
119.413	380.225
478.539	106.944
399.431	119.063
133.456	226.656
153.692	268.441
393.992	146.004
50.8306	356.624
6.09051	311.477
117.306	418.76
237.872	231.333
306.679	480.894
128.694	452.535
158.701	390.084
468.539	15.7167
93.5902	273.285
379.905	476.661
136.256	228.408
440.22	90.4365
368.848	359.052
303.788	365.461
200.289	16.5358
250.879	378.205
385.483	110.142
76.7427	357.776
390.504	496.811
13.9247	266.121
257.663	378.55
270.06	434.185
260.696	407.9
242.853	67.3806
365.404	369.326
177.522	357.388
304.515	46.7143
94.6125	483.161
294.112	3.81464
156.204	484.391
21.422	303.978
133.774	209
45.44	471.332
357.66	1.26307
411.615	470.505
78.3958	391.277
121.65	460.693
73.2285	460.253
250.464	388.196
210.819	173.813
406.919	450.163
190.432	14.8523
211.188	163.82
150.324	461.137
494.138	147.694
321.037	26.3988
157.418	246.701
444.8	97.8248
279.174	3.43502
323.054	105.587
303.009	454.001
426.615	141.13
212.55	243.168
341.596	107.222
190.13	353.963
246.461	135.306
129.687	434.954
63.287	255.572
220.073	206.173
420.957	139.1
217.126	196.617
10.9387	415.62
453.067	77.302
453.661	353.891
191.28	336.859
204.2	20.1696
249.37	248.57
326.859	37.4137
471.261	111.338
313.723	338.581
372.502	375.897
302.245	486.799
304.841	464.704
471.991	147.841
74.7043	436.114
87.4181	464.25
322.286	99.7246
219.366	78.5015
476.534	94.1006
382.956	19.0274
65.8756	365.671
181.663	431.317
98.201	494.101
237.747	150.132
139.469	285.73
98.6643	383.889
180.003	210.037
353.775	122.8
331.684	92.9795
267.568	80.0913
154.24	475.076
468.553	463.247
287.752	493.531
245.706	301.235
