Saved a vector of rrt <nodes> points.
X	Y
490	490
487.041	480.448
485.555	470.559
479.425	462.658
476.868	452.99
484.267	493.897
477.193	442.996
477.53	433.001
476.044	423.112
474.335	492.735
468.652	416.378
460.417	410.705
456.358	401.565
448.273	395.681
444.954	386.248
438.692	378.451
428.865	380.299
421.983	373.043
412.75	369.203
416.037	359.759
412.403	350.443
404.702	344.064
396.976	337.715
389.981	330.568
380.229	328.355
372.144	322.47
362.151	322.095
404.135	374.282
375.611	313.091
374.399	303.164
352.441	324.488
370.704	293.872
361.813	289.294
342.493	323.47
364.449	279.648
379.897	289.938
452.981	417.391
332.609	324.988
322.748	323.328
403.772	384.275
313.458	319.628
305.013	314.271
308.211	328.14
299.658	333.322
295.374	311.61
464.362	492.006
286.956	306.212
277.02	305.084
384.818	281.233
292.071	297.62
387.282	271.541
386.815	261.552
396.811	391.454
291.164	338.599
267.086	303.939
385.402	251.652
260.087	296.795
252.914	289.828
383.442	241.846
285.648	346.941
245.311	283.332
236.992	288.881
227.36	291.569
280.961	355.774
221.853	283.222
387.336	232.636
220.286	298.637
218.931	273.658
384.432	223.067
260.76	283.627
209.487	270.37
378.123	215.308
211.377	260.551
374.359	206.044
212.552	304.977
381.455	198.997
386.902	392.8
389.478	259.001
365.335	201.736
387.229	190.832
204.655	253.147
399.396	257.727
205.722	312.28
201.712	243.59
391.984	182.036
196.055	314.842
355.79	198.752
191.732	244.217
402.019	399.991
454.618	489.756
449.981	394.867
183.897	238.004
352.228	189.408
392.002	172.036
188.913	321.841
187.83	331.782
182.687	340.359
287.145	363.633
185.481	228.13
290.839	358.319
210.242	238.371
183.034	218.435
393.884	162.214
343.673	194.586
375.405	251.433
392.796	152.273
175.962	211.365
385.098	145.891
170.145	203.231
388.866	394.436
162.364	196.949
398.648	144.165
191.496	308.138
160.381	187.147
397.661	134.214
352.986	208.35
160.585	177.149
409.384	257.233
445.358	485.98
401.982	181.803
337.58	186.656
175.1	346.873
281.088	371.589
398.526	124.251
274.371	378.998
279.683	299.112
395.266	114.797
175.533	356.864
392.453	105.201
330.416	179.679
269.878	387.932
435.395	485.126
311.633	306.776
401.877	101.854
152.902	200.184
385.615	100.791
392.04	216.576
215.286	229.736
375.648	99.972
145.353	206.742
135.355	206.962
405.638	92.588
297.529	365.751
387.657	396.642
179.205	319.444
408.636	83.0478
411.139	185.82
419.23	179.942
369.207	107.621
360.362	102.956
376.386	150.799
404.996	73.7336
350.84	99.8988
340.88	99.0071
224.523	225.904
292.665	320.097
125.357	207.184
193.039	249.864
318.093	328.038
427.646	185.342
339.671	89.0805
329.698	89.8101
268.442	397.828
121.052	216.21
111.66	212.775
101.672	212.284
169.257	318.421
320.306	86.3737
441.405	385.43
95.149	204.705
382.022	283.107
97.5317	194.993
219.326	312.333
335.103	107.169
93.8648	185.689
310.795	89.4617
418.672	260.938
336.95	201.989
315.744	319.614
240.926	284.014
188.387	258.717
94.1237	175.693
323.813	179.992
377.888	236.311
220.382	256.202
401.947	409.991
266.34	407.604
434.958	493.986
153.858	185.568
159.424	320.238
266.79	417.594
314.214	182.795
88.9856	167.114
272.814	391.943
425.973	389.871
411.432	104.801
93.2951	158.09
475.553	409.14
305.076	186.856
212.083	315.783
224.177	215.91
101.042	151.766
85.1551	205.054
99.2356	141.931
326.975	181.267
394.589	416.763
208.037	317.421
433.341	475.34
392.585	121.214
108.435	138.011
443.541	420.692
233.649	212.707
323.209	76.8042
226.349	319.452
301.959	84.7801
97.831	221.517
282.811	392.176
234.319	202.729
421.358	251.306
244.24	203.982
106.787	128.147
436.492	190.006
348.188	217.124
418.012	79.5728
243.676	294.644
165.939	188.514
292.034	83.5552
445.999	193.108
229.437	321.215
75.6716	208.226
114.688	122.018
109.142	157.631
113.221	112.126
80.0297	162.665
167.435	178.617
436.557	413.535
304.767	191.994
423.993	71.5585
106.948	104.338
328.787	191.421
101.315	230.89
106.003	149.259
319.763	67.4168
287.977	294.059
399.821	65.1768
455.306	189.45
394.726	426.762
453.176	380.556
282.941	87.7162
149.809	322.987
97.1683	102.251
289.683	93.847
305.453	371.851
287.477	74.6538
320.44	57.4398
407.66	134.278
107.719	94.3674
73.8387	198.396
247.889	194.671
376.129	114.838
465.299	189.067
65.7011	208.993
394.446	56.744
462.427	376.758
419.832	343.75
178.105	366.527
105.743	239.856
325.897	111.076
403.163	334.725
246.159	184.822
90.3623	94.9242
342.364	114.045
164.56	323.174
223.255	235.162
422.202	270.295
104.034	249.709
85.8449	86.0027
275.314	422.823
347.567	122.584
375.642	312.942
140.196	320.232
318.002	338.037
121.475	129.362
208.396	264.959
163.333	202.748
204.286	263.061
401.254	434.337
83.8702	76.1996
116.674	89.9165
407.761	112.688
89.5981	68.0026
273.705	91.5505
395.869	442.763
130.206	320.688
279.252	68.966
166.756	314.424
423.579	280.199
122.467	327.021
340.908	223.98
465.945	179.088
117.778	335.853
237.813	179.314
110.487	342.697
232.684	319.977
387.328	63.7669
379.024	326.001
379.715	385.847
100.991	339.561
380.841	337.661
75.5628	70.633
105.739	122.517
483.395	402.935
188.456	268.717
303.562	369.056
270.28	100.946
324.902	48.4904
398.439	113.745
224.448	201.128
322.173	198.92
55.9594	206.735
124.111	312.761
185.054	373.719
179.316	347.241
86.7675	58.4115
123.166	111.083
125.94	86.1565
285.314	422.886
405.005	76.0095
385.85	341.686
252.226	210
308.358	322.654
98.6059	349.273
45.9738	207.271
92.2067	334.783
295.119	424.852
288.644	284.081
40.1656	215.411
134.581	81.1243
162.351	212.699
177.878	380.683
333.175	177.319
184.648	388.042
389.862	450.758
268.651	403.032
383.557	91.0054
176.775	394.207
192.482	215.16
477.269	495.254
171.224	402.525
381.062	387.574
239.673	318.016
96.7189	359.093
94.817	52.478
419.581	110.598
259.151	424.048
78.7704	52.4077
32.938	222.322
174.958	186.811
433.382	282.178
195.029	373.018
144.539	80.2015
66.8708	191.223
394.801	321.806
403.297	184.274
355.419	275.35
443.214	284
395.012	424.822
143.945	184.25
381.475	456.205
370.187	388.881
282.941	432.6
463.119	179.182
309.285	174.094
258.862	217.481
188.71	380.173
363.263	208.274
393.771	104.156
88.4529	364.721
85.5474	374.289
186.891	384.411
75.6666	375.829
165.358	410.624
324.98	38.4907
128.38	303.717
282.689	319.401
106.562	132.814
233.507	320.458
304.332	381.788
97.003	74.7233
305.494	97.941
275.823	59.5723
48.0614	218.901
363.521	396.336
100.188	183.15
105.641	363.61
96.0398	255.716
452.087	288.611
203.487	367.682
393.95	139.999
26.4644	214.7
294.24	275.794
438.316	286.16
125.169	294.247
298.421	105.01
286.405	398.073
439.251	397.535
164.177	415.741
124.396	120.589
109.001	245.39
106.554	175.438
80.9523	98.3084
459.802	294.973
75.5202	385.828
74.0711	105.564
158.415	198.96
399.957	341.367
260.575	103.354
433.802	199.638
233.051	289.119
424.171	479.329
384.463	183.888
117.659	210.009
211.317	361.462
97.3488	110.404
187.264	249.172
266.022	210.5
106.411	373.58
180.828	367.581
218.983	192.753
433.206	384.973
154.181	415.476
367.555	320.707
67.4525	113.061
57.6784	110.947
151.647	87.2353
297.434	96.9442
150.032	424.575
99.8571	60.8584
19.2492	221.624
370.262	299.334
474.318	193.386
304.693	427.739
29.7821	214.569
304.153	274.479
82.5821	332.068
250.727	101.615
42.9872	222.074
375.951	447.869
364.785	406.256
343.893	190.64
183.862	182.26
85.758	330.993
65.5272	386.202
359.132	414.505
72.4722	102.637
315.966	34.1608
275.761	208.23
281.703	368.433
406.146	441.383
115.777	163.725
121.094	285.115
432.032	176.355
401.962	116.701
476.167	203.214
161.61	86.3752
460.463	377.761
49.7561	117.05
320.387	25.191
41.9927	123.353
172.489	306.247
95.0231	265.665
457.663	280.31
146.555	191.177
177.274	249.602
397.309	231.902
170.391	191.183
169.823	80.6701
175.485	88.9125
80.5528	358.59
285.164	98.5567
93.1752	42.6137
468.609	482.953
425.131	282.072
371.835	90.7278
263.014	113.052
170.137	423.771
22.4434	205.544
262.238	295.284
200.497	274.75
264.192	313.511
269.997	403.489
370.757	287.718
32.1043	124.842
347.886	180.399
466.077	302.76
415.745	286.415
315.347	370.4
310.726	55.066
156.743	220.979
55.671	215.871
296.661	77.9391
487.426	431.562
292.782	90.0811
298.59	419.292
484.941	467.741
471.77	310.981
181.102	361.928
195.264	389.879
313.54	271.031
268.156	388.559
286.359	317.008
124.254	325.905
392.286	312.127
260.36	382.295
215.645	352.447
433.368	406.056
90.7307	136.671
438.815	296.148
395.526	302.667
83.1389	153.812
259.135	417.652
86.637	271.112
160.67	96.3309
81.0756	279.423
9.32457	222.85
261.49	406.847
185.335	90.6398
310.496	101.546
137.49	216.732
279.772	442.085
463.266	281.776
133.449	124.835
364.039	84.4649
6.06808	232.305
417.023	102.713
23.1128	120.466
429.546	109.77
422.635	370.549
463.423	496.005
439.544	109.576
313.174	346.795
18.3351	111.681
26.1045	223.985
211.545	232.967
189.798	81.6912
167.557	103.581
43.7819	197.514
185.166	254.062
54.8733	122.553
406.918	451.353
221.694	259.091
109.086	57.0077
55.6822	387.956
38.4484	198.225
52.2861	397.362
19.4588	129.774
57.653	405.799
327.509	175.838
445.879	101.838
316.411	317.493
136.767	199.172
137.362	299.322
359.675	76.3855
349.924	206.216
485.174	440.651
62.2931	203.317
431.788	303.263
140.222	422.634
399.414	233.736
103.289	56.8774
54.7263	212.328
444.804	295.675
77.7104	323.335
159.67	308.726
73.7097	188.738
51.4401	413.635
426.042	397.863
266.682	106.146
227.525	211.177
344.896	199.436
54.8969	101.342
192.586	97.5258
42.4132	395.773
470.433	305.478
349.733	77.4619
442.872	295.145
166.948	86.6183
454.449	96.6853
45.7409	421.852
384.962	414.054
116.903	211.801
109.425	186.785
446.441	424.479
130.341	424.17
388.275	235.826
35.8034	224.049
8.3338	242.045
197.721	333.255
95.8432	177.616
289.719	384.945
301.544	167.763
90.2963	283.293
191.219	71.7926
280.473	452.06
322.319	70.0467
400.668	48.9154
470.875	211.698
94.0533	356.963
348.905	106.347
98.2605	114.808
305.662	304.445
129.445	414.21
17.231	197.01
364.287	380.807
482.478	204.577
105.207	235.881
87.1269	255.816
377.477	341.084
379.671	459.334
249.301	419.465
125.82	280.463
216.846	235.673
184.171	383.545
116.96	193.36
48.9813	380.533
279.917	217.325
197.136	64.5289
203.425	244.397
181.501	228.773
250.776	215.975
110.343	168.228
117.171	51.1227
189.174	366.156
197.769	54.549
398.698	114.76
314.59	426.308
378.337	393.57
381.289	245.548
115.266	183.111
214.985	204.362
314.787	16.9062
164.48	186.253
264.057	286.769
447.433	115.722
243.935	108.954
76.0057	42.7975
316.063	66.0571
462.278	102.906
119.067	41.3042
122.201	96.3697
455.656	86.7584
423.067	119.971
489.51	495.533
266.996	283.708
457.335	292.928
216.649	369.921
125.03	405.238
92.7591	292.985
459.387	77.4804
377.585	348.794
159.755	312.145
319.017	274.024
416.847	66.3031
464.824	219.659
203.891	354.765
294.128	323.092
407.861	79.5495
160.393	314.72
457.6	415.094
316.696	420.031
377.664	469.13
21.0454	102.055
420.772	125.517
270.11	199.979
321.341	283.751
299.899	200.729
255.171	280.759
115.63	408.649
120.35	424.608
107.563	414.559
35.7467	421.511
391.695	349.8
158.589	403.264
104.21	75.6461
472.609	206.811
8.54737	109.632
408.264	363.805
395.455	154.26
289.495	456.374
84.1264	71.9629
257.815	93.7428
32.4149	395.956
290.664	466.305
268.631	285.925
389.095	98.8459
329.264	98.1901
494.995	485.767
115.671	197.537
482.397	195.17
284.497	451.424
26.0399	93.3918
321.462	433.573
311.951	319.432
173.064	297.699
59.4436	201.562
240.596	424.387
326.304	108.53
7.27184	251.988
478.486	422.527
298.526	115.01
76.1574	167.566
417.271	77.311
66.2887	116.515
227.349	303.65
471.681	320.981
210.022	222.686
283.902	226.497
78.4803	203.918
456.186	407.703
104.287	47.7715
472.285	375.082
56.053	379.702
490.593	459.491
67.7204	322.887
414.08	271.86
293.37	123.578
405.742	234.645
204.991	47.6323
395.596	40.2973
378.981	95.491
400.455	211.174
299.376	320.141
16.4281	256.009
201.676	38.1977
473.219	280.813
44.3567	423.656
248.137	212.138
409.85	214.6
431.096	421.912
122.532	115.35
442.138	279.548
201.018	102.903
283.789	397.214
185.81	367.716
477.623	271.835
400.306	31.476
121.654	107.187
409.809	28.3626
225.731	207.433
331.113	210.108
64.1501	316.272
118.89	434.5
23.3381	83.7637
388.319	426.034
309.34	413.257
78.282	203.422
43.4175	187.521
472.895	303.137
115.363	378.038
485.394	450.161
424.309	120.654
262.022	381.719
199.691	51.9197
121.627	169.316
117.728	444.433
123.712	210.104
405.054	398.904
26.2679	424.698
241.204	118.574
182.119	293.456
19.537	125.886
163.165	104.121
320.085	91.9376
472.159	476.057
318.227	321.527
444.057	192.139
120.502	454.04
487.468	273.591
292.164	476.192
290.161	198.452
85.0988	386.635
76.7761	213.171
467.053	483.652
20.088	74.3066
282.624	312.382
391.238	65.5862
392.389	414.857
78.2137	395.458
115.571	462.74
230.71	422.882
92.1822	271.14
185.345	172.37
119.324	137.606
321.605	73.1634
92.8758	109.079
309.126	13.4735
489.302	448.095
481.59	298.197
15.6231	246.811
26.5453	414.701
272.19	279.469
159.55	298.727
301.109	480.662
105.844	465.061
200.541	318.556
475.281	175.504
422.061	417.624
323.277	310.222
114.494	410.339
206.562	67.8684
491.321	282.819
253.827	212.506
189.64	163.34
354.426	382.466
167.507	394.869
66.5666	213.715
106.123	54.029
280.439	355.316
317.148	377.909
8.56693	212.879
341.873	199.406
108.783	354.116
395.945	393.295
332.438	75.4311
218.823	199.812
419.382	169.943
110.459	422.644
21.0977	264.851
306.588	362.576
219.897	203.676
296.14	395.787
183.54	257.821
88.6609	70.4286
83.178	252.374
497.985	492.097
435.365	209.515
59.493	416.547
273.586	83.3496
111.285	37.6802
388.891	97.7523
152.2	86.0266
62.8488	313.522
354.998	423.611
96.2596	467.914
282.628	479.203
22.4436	395.198
488.263	400.829
307.274	119.854
226.14	301.743
471.941	100.33
211.18	376.266
21.6333	64.4268
162.69	306.888
441.376	179.918
476.811	282.803
355.492	194.771
400.53	358.779
83.7969	201.422
472.817	413.564
408.223	119.471
91.079	462.862
210.497	211.801
211.425	66.346
189.071	333.758
300.571	464.941
190.295	71.2509
87.5356	282.337
80.6977	242.686
2.45616	117.562
46.3145	210.786
290.347	96.1482
16.4149	240.259
209.211	31.6231
210.944	32.3494
65.5928	98.1858
485.271	214.179
419.609	26.3714
193.593	32.3108
268.728	190.075
485.781	481.67
243.186	105.504
12.2605	60.9408
491.426	190.87
85.0033	299.297
48.803	412.204
364.647	216.83
308.382	262.464
92.9806	477.361
480.207	166.801
118.221	297.633
132.177	84.9126
84.9799	145.81
97.5718	414.137
145.279	302.846
289.133	213.445
217.347	364.786
335.041	118.745
385.843	42.5079
109.136	255.925
424.369	411.999
394.772	156.765
463.168	198.107
163.37	114.119
416.823	452.728
406.412	131.699
197.538	349.183
184.041	35.2704
488.534	263.648
391.321	101.046
1.8908	205.434
400.019	142.374
417.649	220.86
275.88	486.583
122.855	468.749
420.257	68.1508
282.23	108.117
52.1251	182.644
142.128	299.021
401.823	49.0488
217.974	202.799
4.22849	261.514
265.881	486.471
120.795	49.0494
78.0986	33.0189
68.7345	379.094
487.68	306.128
481.276	293.163
88.4186	71.4671
442.64	117.857
211.568	45.0321
54.8726	307.49
14.792	193.3
417.345	30.1768
193.513	348.246
181.302	296.587
475.333	180.564
270.933	405.78
258.981	479.232
179.693	162.314
249.113	480.852
454.238	422.008
76.1531	58.8713
269.603	76.669
315.568	273.282
290.977	233.564
306.093	35.7479
317.415	49.9184
252.243	176.886
273.612	493.056
201.103	222.205
309.794	415.763
196.535	156.097
265.538	180.732
45.0266	99.7363
213.104	22.412
154.081	315.173
330.009	22.4687
491.404	181.983
124.252	373.458
440.849	93.1949
338.375	84.6568
225.251	414.503
312.318	387.807
73.5453	110.098
419.849	16.3742
85.1453	212
67.3394	187.582
420.096	6.37729
362.835	224.68
47.1703	412.404
384.21	457.151
112.209	424.286
239.319	482.868
68.6545	379.9
429.44	186.283
96.5902	274.688
101.92	296.995
283.033	231.555
186.234	264.884
347.434	315.394
416.966	486.264
346.183	202.414
89.3194	78.2857
98.4396	49.696
46.7438	402.521
77.9709	266.122
170.366	419.553
430.005	7.72417
290.105	285.547
213.755	30.899
227.993	309.966
212.241	311.454
467.027	175.125
310.286	467.309
428.427	383.818
484.344	464.294
103.046	137.014
387.674	447.794
232.213	475.832
174.523	379.008
476.532	297.895
346.905	209.649
404.756	335.757
58.75	420.37
384.233	421.247
311.957	308.766
478.89	93.1394
10.9754	135.069
454.234	123.053
406.203	278.02
107.573	433.147
202.408	253.394
91.6309	328.093
54.5187	404.692
263.464	123.042
77.5011	100.131
211.722	297.126
284.601	334.487
16.6902	273.828
219.3	14.5625
254.158	281.984
348.656	200.112
483.794	217.475
93.987	68.7912
53.9273	112.512
279.154	441.758
400.795	285.422
203	163.683
480.274	172.223
496.451	173.351
326.517	305.951
61.6681	300.154
12.2892	50.9409
378.318	49.0934
331.212	12.5413
286.505	227.472
292.415	316.992
148.549	82.0397
308.083	487.829
96.5305	486.71
89.8495	108.258
83.1816	367.709
410.617	204.63
364.65	87.2831
476.564	384.12
149.984	184.198
409.236	83.6243
299.893	9.63366
282.834	302.385
401.93	385.573
214.275	242.407
419.598	358.617
355.623	417.009
271.242	119.748
331.565	297.625
3.55897	65.8686
393.062	37.2481
187.442	265.058
124.638	478.588
175.347	30.3282
397.654	72.4753
6.02356	128.454
57.2673	291.174
94.0277	43.132
415.885	287.357
293.221	432.099
223.328	480.422
284.547	407.584
200.51	391.988
477.15	108.866
319.982	469.758
313.997	366.677
315.056	205.946
47.9961	314.75
213.336	480.817
128.694	216.515
12.4452	395.378
193.755	180.8
27.5211	423.902
195.477	167.301
80.1083	284.383
385.636	87.6482
133.872	482.426
261.62	80.4523
417.699	176.041
209.219	190.589
382.502	112.129
439.923	9.00041
284.473	215.675
116.595	120.223
303.677	461.817
367.883	306.392
358.499	108.894
14.9088	41.2901
16.0022	183.373
393.839	70.7227
449.24	12.6328
58.5257	290.446
487.093	87.4202
483.111	458.039
254.853	208.43
202.499	160.477
127.402	209.065
410.311	478.8
435.741	87.9018
241.872	481.751
8.63072	144.79
127.609	208.993
228.875	17.4474
442.55	192.4
102.84	134.89
485.877	113.75
164.911	292.324
221.531	44.1711
450.889	22.4958
15.6897	272.584
303.046	102.959
410.917	241.346
269.291	419.464
438.639	481.205
485.008	434.003
79.2444	28.2472
88.9065	178.216
259.833	194.644
258.565	321.777
173.226	415.986
494.537	93.208
105.009	469.626
474.623	198.686
401.815	484.075
368.136	214.519
316.214	189.56
412.229	81.3821
494.785	424.792
259.831	190.352
363.59	417.985
185.617	217.484
413.634	247.158
204.329	261.295
473.43	92.3669
451.737	120.644
16.0007	96.2119
63.7565	379.706
36.7373	180.079
392.414	25.934
391.788	400.116
56.8884	292.336
406.489	425.816
499.167	482.101
68.3979	100.41
76.1831	151.807
499.518	174.769
346.441	319.114
313.196	253.699
80.6368	232.686
184.59	237.389
68.8575	94.7176
299.113	212.806
94.9548	156.72
83.0331	478.385
153.957	207.735
481.73	120.61
496.338	414.913
65.3384	300.911
237.799	12.9356
47.0992	324.71
282.121	198.378
287.344	232.146
122.462	31.898
350.177	283.866
84.2711	475.94
114.407	321.101
182.86	418.667
95.5522	200.764
109.87	443.221
12.5373	385.379
84.1763	91.3651
326.402	477.425
412.827	82.0594
385.816	18.4196
481.779	416.114
172.798	189.937
498.474	262.557
323.24	51.4997
17.3494	283.806
111.127	350.536
198.687	304.791
376.963	467.313
111.89	465.026
253.774	389.82
200.871	215.626
17.5493	149.313
277.642	188.2
492.007	190.623
419.49	363.192
484.336	315.552
334.583	483.176
380.599	94.3707
214.696	182.222
306.425	7.54368
8.58196	118.743
307.077	380.012
212.449	7.27833
207.705	30.0927
86.4749	174.158
451.073	384.49
405.658	469.948
157.565	122.262
422.487	452.471
181.642	276.035
316.825	255.371
204.766	289.941
234.173	475.211
38.0668	315.938
423.529	462.416
232.208	317.622
85.6764	20.5902
117.98	328.162
362.856	114.572
188.374	51.1231
175.257	248.782
18.4822	31.9503
95.4773	300.319
220.935	307.677
176.385	20.5161
247.221	219.167
75.8778	485.37
474.206	393.839
439.05	105.025
256.573	316.781
250.364	221.387
91.322	122.009
82.0137	27.05
479.825	156.809
152.72	185.452
370.617	322.232
229.992	20.3958
205.393	486.892
455.486	111.997
389.601	451.96
79.6112	352.988
106.628	75.5154
48.4785	199.771
231.425	300.914
317.101	465.649
53.1945	199.045
142.681	217.455
72.066	21.2851
112.06	300.792
451.582	494.462
8.97232	289.267
163.217	207.647
278.06	290.86
194.177	166.664
111.451	64.5863
398.258	435.576
433.555	96.1341
213.311	200.832
18.6311	402.152
319.442	441.26
486.877	85.3671
308.727	182.824
93.1717	17.4158
192.487	209.614
284.881	487.703
396.893	421.105
431.4	298.948
407.408	84.7168
310.072	295.47
296.266	242.051
337.662	109.09
13.9257	23.0487
387.188	310.911
158.262	92.493
391.433	57.4828
492.214	437.528
471.58	105.171
117.617	473.437
455.275	398.075
158.702	424.624
426.527	311.767
370.464	113.012
143.681	480.483
449.314	387.679
91.2921	421.913
130.905	422.753
211.597	172.714
460.87	23.1162
210.59	362.07
484.942	378.661
421.364	160.141
220.991	69.2597
66.5316	488.927
308.156	289.718
128.334	490.753
443.215	84.465
13.3528	375.412
304.006	269.396
92.5532	97.5179
386.349	8.43381
387.357	118.001
7.17635	299.104
20.8515	285.049
370.438	310.865
423.041	107.61
66.1292	386.356
30.7429	322.747
421.215	447.335
208.256	472.204
344.197	480.425
180.742	11.5155
330.218	106.891
121.097	351.304
69.4866	416.904
198.294	471.326
306.089	98.2816
13.9891	199.405
463.176	114.547
3.65385	135.465
468.423	17.4777
320.566	475.604
96.5271	248.52
389.726	114.093
184.004	277.043
374.11	478.477
324.299	463.378
126.375	213.261
87.0949	465.441
254.222	413.639
220.964	345.489
379.576	375.848
311.648	276.188
326.918	281.248
273.312	488.003
163.406	191.121
392.028	140.631
363.194	188.394
335.065	84.5478
178.011	385.491
78.8729	284.42
300.035	279.634
288.461	66.8832
195.506	248.075
313.514	326.21
188.865	106.808
308.4	336.378
483.894	254.789
265.415	385.181
249.072	109.742
46.5646	111.647
56.5524	489.571
249.24	489.397
231.217	406.478
313.059	329.441
437.399	18.6767
47.9173	222.246
291.528	15.1133
165.353	99.9982
399.188	191.402
170.23	121.394
470.606	7.71887
254.659	190.327
311.414	476.198
419.055	493.751
329.306	292.208
499.597	443.376
18.323	417.667
142.63	490.428
150.901	485.549
30.7071	423.65
143.686	221.844
462.849	182.871
306.44	337.592
97.6524	404.137
89.1795	431.687
252.798	321.013
99.8714	496.135
337.979	193.318
457.234	6.6251
277.684	73.6498
88.1379	394.531
404.824	371.35
182.233	364.418
230.914	177.786
417.603	444.911
219.024	258.588
59.6447	201.152
17.5429	126.811
341.152	11.4398
320.266	344.605
466.153	94.2109
265.627	401.695
58.9322	204.418
187.112	264.155
113.553	357.616
417.43	315.92
490.046	249.663
385.785	90.7279
455.149	111.236
80.1252	403.796
250.235	87.22
293.037	288.948
56.5723	499.399
2.34152	229.137
466.702	119.786
386.589	252.508
240.778	8.59459
422.104	32.5351
282.514	88.2923
487.507	403.006
462.88	493.461
281.263	231.236
112.971	105.816
46.6092	186.374
445.453	276.085
387.375	199.005
309.755	345.123
388.141	295.557
417.228	283.026
158.57	491.966
122.262	146.824
35.0444	423.58
121.486	287.653
287.555	11.7078
197.611	461.35
197.732	311.817
354.284	375.41
321.123	475.818
117.046	387.16
83.2747	286.024
362.908	420.724
114.157	172.96
91.9169	227.006
372.959	488.411
23.7936	277.444
187.302	211.82
188.295	471.447
283.328	397.107
27.4802	208.44
209.267	286.823
311.147	353.233
83.5051	315.185
423.611	269.478
213.384	257.863
102.141	12.9948
496.721	482.938
307.327	129.854
412.98	434.556
446.507	77.6376
357.537	85.4573
192.531	325.949
89.5877	399.333
375.207	219.769
303.258	196.977
295.929	293.947
186.689	62.6904
313.994	61.7909
2.78374	143.506
170.509	423.657
408.166	327.626
423.129	360.207
398.835	290.313
135.873	491.444
402.502	36.4389
113.622	434.847
77.1483	56.3768
304.61	360.043
78.4865	460.352
125.264	182.935
206.828	9.91982
181.797	45.3052
430.462	477.369
292.256	131.905
423.568	379.189
425.699	2.51001
224.619	375.961
223.464	28.5036
28.5347	409.783
167.985	179.103
233.949	491.305
488.856	153.237
21.0154	15.9963
317.323	130.163
438.651	387.855
58.818	282.843
351.085	100.252
262.244	480.213
239.927	97.6184
482.781	76.2444
18.5561	210.578
220.241	220.008
491.076	416.4
419.072	124.408
309.426	164.326
347.182	378.793
347.978	18.7477
150.262	397.727
115.447	207.901
484.481	163.89
167.238	422.227
3.94751	68.5642
164.235	324.771
369.735	319.908
210.706	327.058
430.003	321.144
361.706	124.505
50.9567	397.011
46.1323	383.822
359.419	222.88
129.099	286.616
103.843	353.088
292.307	163.933
420.525	203.281
264.794	113.121
61.0548	407.267
179.598	110.567
190.549	276.014
153.562	93.5529
53.699	479.987
41.2567	105.93
67.1274	12.5896
353.287	92.7178
461.229	124.413
433.563	210.792
409.42	102.076
122.712	109.121
466.477	184.886
267.672	176.004
131.337	399.22
489.321	465.507
205.652	311.74
304.532	236.424
236.484	189.225
469.618	308.841
206.085	111.524
256.704	83.4176
306.644	139.83
90.9523	398.286
499.121	184.858
487.68	369.043
278.608	230.5
441.07	217.728
8.70156	89.3765
4.68105	55.3604
326.428	293.387
204.031	55.2266
122.775	382.548
97.2493	225.328
485.946	202.967
70.8297	5.62821
474.216	399.942
106.901	300.781
456.608	382.477
488.871	374.972
280.448	54.8462
351.165	314.861
370.739	479.988
270.384	280.197
124.011	439.192
222.99	286.376
177.737	383.997
186.494	96.2317
468.112	421.951
177.619	342.344
480.451	158.591
418.353	479.35
394.084	219.869
359.082	189.395
303.534	251.121
248.406	475.496
8.15156	80.8318
213.333	322.515
109.118	418.797
88.9527	164.919
155.088	314.809
312.143	199.94
207.923	38.177
106.845	237.37
20.4956	176.491
127.17	80.0627
46.9812	496.569
254.888	209.247
102.513	156.219
443.973	405.131
417.016	295.243
306.5	325.376
492.326	264.5
419.829	305.841
191.457	423.776
340.237	78.0058
435.807	219.556
139.845	294.212
101.755	181.314
300.024	73.55
300.986	337.124
423.534	42.4323
347.248	411.545
392.35	287.272
262.504	213.466
415.479	193.807
378.04	60.0608
176.56	360.257
347.061	490.006
487.542	183.507
72.1363	277.612
319.304	120.677
0.839689	258.338
363.439	210.867
288.238	161.993
90.7518	474.6
108.12	249.353
493.516	317.684
296.124	82.9206
151.346	387.786
302.711	166.37
75.6608	453.393
170.374	294.766
224.044	5.7597
491.228	474.976
366.29	283.015
489.208	414.925
15.714	412.278
212.044	473.271
15.5644	391.831
411.43	198.481
480.44	5.90217
479.32	204.965
377.665	428.788
178.436	400.749
415.823	252.291
324.65	132.886
312.062	276.039
126.052	103.146
134.065	287.96
329.58	200.676
70.8372	187.048
249.754	13.0032
326.808	380.493
488.313	429.863
18.819	140.647
240.08	308.025
294.991	162.429
421.264	27.8798
393.885	455.903
315.142	117.92
401.508	219.222
331.07	492.484
481.058	85.9774
344.958	320.093
493.881	255.232
470.348	395.509
171.659	92.9128
388.816	308.372
496.115	282.665
291.185	88.1997
94.5083	383.249
462.705	189.622
470.811	187.669
285.814	355.721
309.719	18.4675
223.035	59.7834
151.365	213.326
91.5978	14.6935
299.409	128.557
215.505	385.283
319.342	163.035
29.7718	20.826
102.122	264.963
295.114	218.416
334.343	197.372
412.734	90.5779
149.017	378.061
6.30415	309.066
432.693	315.09
109.594	339.049
360.617	321.934
356.915	311.565
102.932	422.995
197.637	31.763
290.322	90.277
401.493	415.212
384.637	468.87
237.817	16.1502
188.326	376.962
25.7089	101.135
295.225	419.74
286.946	55.0508
60.6782	205.131
115.883	131.026
382.322	246.819
329.254	294.919
174.381	210.703
232.488	396.559
111.31	139.64
418.848	388.528
151.844	119.141
286.094	235.901
361.266	285.989
379.58	392.325
48.0492	90.204
137.084	484.027
111.984	39.7316
6.25969	86.1164
174.775	421.031
412.689	87.8093
481.198	361.429
389.329	223.977
111.557	9.62621
414.403	85.4553
174.177	3.97215
407.171	68.0721
46.9373	291.347
77.923	422.273
372.829	86.9968
114.65	259.763
457.889	200.541
332.229	183.686
289.455	249.374
23.8229	96.0502
489.843	2.49868
491.573	327.493
429.697	478.969
100.505	293.896
436.949	286.981
378.009	176.25
346.825	494.984
338.566	416.289
220.39	329.296
449.421	85.3465
208.12	325.427
390.406	345.527
238.425	180.682
489.696	126.654
78.8826	346.93
389.805	383.666
207.89	2.72596
26.996	8.57283
421.231	355.702
419.919	457.274
178.299	471.173
424.129	334.9
106.37	257.344
379.801	26.4086
409.119	336.802
263.839	297.124
140.746	190.068
7.52782	382.806
20.8034	252.089
89.5897	302.06
124.057	439.976
184.88	379.396
442.458	75.3508
87.742	28.6535
401.683	452.629
353.88	91.3195
382.952	225.237
4.04184	61.7137
438.397	421.449
142.836	420.343
17.153	366.162
209.902	153.753
457.678	281.147
60.4956	206.655
86.3713	86.3224
8.32162	176.969
22.4543	397.612
184.49	164.603
478.385	367.263
193.834	433.489
387.53	443.54
175.041	52.6778
371.516	96.7162
194.439	267.875
81.3052	360.119
469.858	388.835
223.64	271.034
352.896	12.6624
190.552	41.4041
477.141	379.633
188.335	410.299
322.351	291.027
172.428	321.354
116.96	189.159
316.346	188.917
484.896	194.127
217.592	210.056
12.3216	267.494
442.07	205.923
391.056	416.157
395.736	183.728
93.5174	306.364
267.314	180.226
100.5	87.4472
413.839	262.164
217.713	272.04
376.42	9.61893
322.29	142.604
106.753	88.736
68.1953	84.7395
477.101	466.574
493.553	77.9224
278.656	16.2693
105.767	63.5062
145.263	294.852
334.802	386.501
207.243	144.113
233.534	400.581
351.863	487.849
480.337	440.02
57.7266	408.035
142.137	123.833
108.143	248.161
52.8128	303.175
330.57	395.562
5.44447	118.204
296.883	441.405
8.93015	268.807
148.023	112.139
401.688	366.837
9.01943	81.912
21.9903	37.1144
181.8	259.486
167.317	3.13759
288.835	197.348
22.8408	3.2857
490.758	314.647
39.8944	422.826
10.4859	318.15
60.4415	177.091
306.878	391.067
449.731	9.28487
299.733	139.741
342.622	214.385
201.672	166.244
12.4583	55.0015
221.888	9.82909
250.13	197.655
114.221	247.073
488.192	449.011
55.7005	305.653
322.795	383.463
205.863	343.644
232.115	414.255
92.3677	53.1339
173.906	303.529
49.962	211.238
278.894	333.12
473.866	206.465
157.982	410.831
442.483	317.125
26.26	99.0334
388.948	191.248
129.842	85.1555
5.05716	326.548
440.845	302.659
39.6915	403.527
93.4679	480.635
234.32	189.059
73.9037	489.766
64.0158	301.807
376.391	32.735
200.565	92.2088
292.663	389.261
287.152	479.654
54.8403	85.0571
253.255	282.573
413.974	159.58
75.6657	335.717
402.124	346.612
480.529	498.085
194.737	172.873
466.397	279.046
419.125	38.1602
199.714	363.957
89.3925	66.5688
168.554	491.392
257.236	321.687
6.51746	408.35
279.614	5.63008
413.881	305.258
390.209	396.439
428.306	189.578
317.895	55.6518
473.508	497.525
53.5019	476.325
432.668	212.817
279.889	451.635
421.06	260.671
214.628	336.069
290.445	53.8417
302.022	495.783
308.017	297.604
443.539	483.015
410.17	35.7337
24.8638	156.132
497.428	167.377
46.6319	123.781
98.0227	415.369
314.907	63.5469
95.3781	436.884
460.76	313.482
176.997	288.131
277.546	328.034
434.935	301.218
305.607	255.651
127.588	486.931
303.82	253.52
17.5349	133.159
411.473	321.94
394.285	250.591
297.821	146.145
434.397	296.493
362.307	84.7331
424.662	241.867
486.188	14.085
395.403	47.4159
102.932	261.38
491.26	368.417
404.924	451.687
411.873	91.1075
442.56	293.456
30.1675	287.225
24.4633	122.599
493.24	333.389
346.276	314.089
43.1584	418.752
15.7353	65.5523
101.53	216.94
463.251	320.357
234.946	400.764
420.144	453.23
46.145	177.066
385.001	126.662
43.5521	475.323
55.0213	487.35
377.027	335.262
268.74	14.9795
290.209	207.733
371.799	394.011
16.6825	207.102
479.655	497.725
80.8123	104.519
13.7641	377.228
335.862	291.547
8.5219	377.455
273.642	399.2
23.2875	249.628
209.344	87.419
97.9711	315.317
317.254	327.705
484.86	295.132
316.915	393.233
79.3428	378.739
376.251	254.879
150.309	407.933
192.888	223.642
300.571	22.5059
161.761	423.342
34.9531	423.607
436.342	491.77
310.034	469.694
188.556	191.09
476.494	481.062
290.145	15.4956
216.08	418.49
418.135	418.117
422.505	418.157
193.812	297.831
91.671	120.057
406.101	20.9383
429.436	493.153
194.107	330.302
174.261	100.052
3.63532	209.717
2.44534	395.334
205.609	378.084
81.7604	246.855
211.577	243.602
169.84	203.776
87.095	240.287
215.801	109.159
134.774	114.944
208.839	88.8482
439.848	87.2541
56.2477	219.232
197.692	261.99
86.0395	419.261
456.357	423.561
71.803	394.919
17.0964	300.367
195.806	451.514
151.877	307.73
459.601	5.08315
170.879	99.9142
229.927	97.6166
214.365	72.0311
345.314	423.267
497.511	161.628
383.268	88.8937
106.017	307.744
111.572	161.345
410.466	106.065
331.082	499.634
28.7919	319.64
412.861	237.982
214.088	160.931
225.257	394.144
165.391	423.357
33.6101	179.124
432.353	85.1699
216.27	398.528
384.504	157.535
232.224	299.734
417.525	367.605
397.877	60.2632
79.2143	473.89
407.917	426.067
369.712	384.322
198.694	178.589
84.4812	79.034
51.2237	201.423
191.818	480.216
417.885	246.372
35.2065	314.187
290.695	20.9235
408.179	401.426
250.818	380.911
101.072	137.651
5.68673	167.323
346.592	324.222
71.3787	98.7669
337.556	296.395
414.886	337.858
171.769	277.626
483.317	66.2588
178.726	461.356
15.0046	397.426
375.763	95.8654
224.254	303.22
45.2524	108.02
376.47	438.596
72.1718	124.601
497.49	366.968
58.4536	7.61335
39.3803	181.911
187.267	157.652
84.8457	139.603
14.9036	426.863
402.554	88.7714
477.994	57.7936
447.839	192.897
49.3113	498.118
84.0204	158.017
413.504	56.8785
494.311	370.534
413.84	26.748
149.502	182.173
295.538	348.421
342.517	408.852
238.996	408.615
483.3	121.404
192.88	482.434
284.414	438.662
413.617	195.335
328.293	300.01
110.399	229.229
199.296	421.532
394.501	245.391
92.0923	431.302
301.758	35.259
15.7188	436.83
262.94	478.301
440.096	95.0664
395.385	291.356
406.923	455.185
54.8543	16.9432
7.3692	232.223
31.4726	206.446
382.651	490.871
383.728	330.635
76.341	376.43
14.5175	267.699
212.375	267.371
90.2098	338.518
177.245	84.9008
309.557	76.569
290.897	461.323
483.661	493.059
412.666	292.452
496.515	322.642
438.558	17.9862
20.5513	141.785
397.816	229.255
166.738	110.74
15.8487	367.903
410.351	119.81
403.216	493.976
122.138	102.352
457.457	11.3459
339.721	123.901
24.7854	441.049
312.39	357.672
431.551	295.57
245.11	216.68
87.3845	48.9419
395.6	205.566
346.259	296.748
204.522	158.407
416.856	484.186
157.929	416.681
407.141	194.583
185.278	340.944
361.619	95.1957
358.696	4.51613
347.755	497.274
105.557	129.264
225.958	492.732
231.598	121.351
441.97	275.072
311.744	157.19
187.893	27.8204
50.0466	194.86
70.6678	98.3769
138.712	279.105
33.7936	477.508
477.024	193.178
445.085	188.629
303.345	430.941
197.161	59.1739
182.992	209.538
399.529	112.501
140.089	122.404
150.305	220.432
242.836	487.49
1.60918	126.816
377.031	185.196
24.9503	449.34
372.055	488.845
105.364	431.616
333.343	288.589
92.9259	428.806
215.611	244.681
412.74	219.062
408.795	299.217
214.912	163.62
181.753	406.727
464.523	93.6931
198.935	431.777
351.355	108.559
214.602	3.01723
180.284	386.557
171.88	204.355
440.105	178.995
178.006	423.647
116.355	68.1523
410.459	451.421
89.4577	103.83
168.329	422.98
369.301	382.795
162.118	313.075
364.862	381.364
94.3943	161.022
313.72	286.751
159.327	307.307
330.647	281.593
164.545	415.502
102.513	346.833
322.438	328.166
185.707	356.183
281.152	121.088
371.196	206.628
85.6903	332.88
421.879	361.135
367.02	497.485
6.05804	26.6888
378.905	322.794
439.012	314.803
225.595	319.1
407.946	381.462
115.054	338.457
167.596	182.19
106.916	28.6851
168.594	313.763
488.582	449.702
382.067	89.6288
47.7128	483.527
484.81	399.448
210.405	67.5413
150.36	393.514
466.463	401.334
74.0329	482.125
486.496	136.128
180.832	458.534
45.9392	308.243
424.654	87.4691
252.847	312.884
219.334	150.432
124.526	148.868
470.423	192.499
348.397	493.463
187.627	251.776
17.3826	454.201
377.423	285.115
117.929	168.179
262.876	182.708
129.246	192.108
319.3	128.963
350.95	275.436
206.904	303.353
121.515	58.2221
97.4977	35.6175
307.266	452.483
54.0027	414.622
257.469	119.298
157.724	81.8795
248.336	394.515
231.6	301.445
386.547	114.034
75.8751	161.272
201.773	337.006
298.137	23.9892
178.41	127.147
422.989	125.867
291.448	259.173
427.295	111.597
74.0442	288.066
104.386	220.839
323.423	481.104
10.9801	461.883
304.542	140.4
190.407	43.5694
183.05	53.0706
434.874	290.442
266.69	103.98
325.318	180.239
432.336	294.749
308.505	211.984
193.482	444.579
180.725	202.153
415.068	21.3635
301.509	275.126
76.8931	478.821
3.4387	335.997
342.767	7.83253
148.39	219.57
385.756	186.869
217.778	93.3303
210.498	134.658
218.319	481.114
89.8618	79.395
50.9209	276.708
425.762	205.621
282.138	154.069
205.323	88.6404
465.991	195.75
319.103	215.09
400.447	270.328
88.7436	244.243
497.627	175.319
6.70094	183.321
246.131	379.006
249.559	215.244
122.463	451.824
216.19	70.1764
50.5564	417.755
254.731	187.081
484.303	439.08
190.479	62.806
192.899	225.015
46.2391	11.8659
188.615	491.479
40.2847	307.05
455.37	222.92
61.9314	81.4537
436.725	119.194
467.885	496.324
290.946	10.7704
483.927	407.204
26.7483	207.147
159.031	479.725
393.378	288.638
496.206	136.928
233.388	403.806
436.409	16.3069
384.489	443.26
270.3	299.255
21.8832	215.877
116.684	222.011
273.039	118.283
459.859	279.955
378.287	188.549
339.292	483.606
310.865	80.4843
23.3406	380.107
38.2671	203.694
390.66	446.672
166.688	87.7741
317.46	224.954
3.81561	122.878
84.5123	181.654
487.154	86.9936
416.238	455.998
373.66	183.021
188.306	276.761
83.1177	438.224
188.199	475.603
312.29	345.669
460.003	199.749
408.908	24.0014
23.5887	304.117
11.0865	207.246
402.013	110.183
90.2074	498.706
431.144	89.4559
22.2548	441.613
443.896	9.22062
103.129	213.308
193.901	32.664
325.485	94.6432
212.112	488.598
310.919	323.604
488.611	362.224
259.861	415.263
348.592	201.418
48.6014	207.747
17.292	51.1464
166.66	124.421
62.0206	11.909
133.081	397.906
296.192	112.767
114.875	14.1655
496.914	462.711
442.287	301.174
124.868	13.8101
424.895	380.758
200.474	80.7445
384.311	470.886
285.498	212.882
470.644	275.054
2.62639	345.964
470.825	476.38
218.769	61.3095
242.298	298.035
32.5084	115.808
145.018	181.846
219.039	201.267
51.6575	205.17
278.002	144.965
455.552	492.901
215.969	411.995
215.501	229.65
77.8203	41.4555
354.332	7.07024
361.277	10.4923
48.1231	77.649
227.344	193.605
165.145	388.592
112.346	265.239
436.276	387.982
314.228	157.202
202.354	103.423
58.4143	215.345
386.987	474.052
165.936	295.374
106.331	17.5851
207.876	26.4983
59.7226	302.008
242.282	19.6579
401.718	226.694
278.738	478.787
309.846	339.975
134.172	393.133
313.527	305.846
322.391	8.45893
178.887	276.385
291.792	454.446
413.625	277.926
382.405	341.485
465.569	76.5459
489.074	279.261
143.844	112.45
391.648	257.473
166.62	324.711
87.0344	396.095
340.66	382.131
483.68	447.96
118.024	408.289
161.383	112.226
481.538	17.0456
188.554	187.391
93.2539	35.3242
100.555	324.601
293.034	315.231
486.588	25.6765
327.869	94.926
10.1445	388.718
481.491	456.67
417.089	74.6693
493.704	463.797
88.7227	206.968
490.965	59.816
178.64	9.90488
465.199	75.7734
290.679	188.362
273.703	219.986
209.084	394.606
98.041	204.338
96.5249	381.949
22.8403	255.627
337.431	411.4
107.803	232.045
283.211	159.809
183.503	148.388
419.244	476.947
124.084	20.0454
333.119	16.5947
30.8523	483.52
479.145	399.979
341.924	284.107
21.9273	488.031
1.56355	220.864
394.792	246.97
252.17	282.54
494.637	476.804
379.58	12.5007
370.646	376.686
423.426	379.872
228.516	218.017
340.442	21.8659
460.607	291.945
487.349	428.375
203.1	309.904
92.1627	106.87
96.2719	230.028
357.757	116.544
412.992	494.656
20.5833	119.844
229.02	3.16745
240.046	296.978
182.863	126.553
107.514	197.496
29.413	312.362
80.108	319.401
216.143	59.7806
203.747	463.001
369.087	206.005
307.256	448.339
366.065	221.488
223.974	407.221
290.748	309.047
18.049	22.5916
283.217	89.7435
210.826	96.428
123.669	229.167
358.236	484.82
254.143	21.9884
111.803	14.5551
216.017	80.8267
314.661	184.462
18.5228	407.836
292.632	203.606
388.913	56.2938
340.566	319.048
416.273	209.621
219.555	427.867
190.032	95.4122
353.386	187.106
297.986	216.028
324.233	105.449
294.444	287.028
20.6229	393.782
293.332	234.787
163.178	411.932
94.3623	327.102
487.975	355.72
188.988	90.165
409.056	162.263
287.177	230.547
148.675	88.8071
273.293	205.248
356.857	178.433
28.589	101.995
442.327	381.679
275.727	298.891
430.095	304.809
212.787	150.255
496.777	242.267
151.426	294.549
221.859	298.215
286.171	339.252
7.17513	15.6711
396.384	24.7165
300.568	413.244
37.5535	12.3746
242.416	18.8352
264.319	87.6181
384.604	348.97
105.043	98.6411
305.058	269.244
449.338	291.321
197.322	466.61
204.779	211.376
309.328	157.994
162.144	384.388
138.789	180.81
429.283	312.08
451.394	13.1669
8.30725	330.067
397.944	148.204
210.664	417.872
409.227	195.063
87.8165	244.357
390.267	286.52
124.485	475.173
174.091	496.93
213.79	213.148
350.618	113.083
391.064	323.423
477.423	439.971
260.147	83.9522
151.621	196.156
159.483	313.245
406.403	245.358
186.992	163.727
329.232	301.676
87.7659	129.55
170.328	199.952
15.5793	136.829
250.795	75.3503
423.199	150.888
39.5337	304.092
297.668	257.703
31.1164	320.876
319.633	234.715
116.876	152.047
141.876	212.304
252.743	288.736
319.651	167.43
165.85	388.262
70.5602	383.741
321.024	121.942
380.254	374.44
91.0654	467.921
12.522	441.458
171.801	121.325
104.078	388.502
233.485	378.868
13.7326	482.299
218.514	358.126
135.956	321.005
319.817	362.883
475.262	478.112
89.1453	463.541
245.19	480.059
222.549	95.1052
314.265	157.273
403.516	254.582
219.145	480.272
121.685	94.0376
411.506	87.9933
348.501	224.75
125.842	400.14
323.846	438.065
88.1112	366.097
88.4526	357.846
56.9462	223.785
94.4611	99.9026
73.4517	284.874
253.575	177.018
36.336	19.9721
413.665	334.84
411.728	231.012
164.316	122.059
11.6892	125.213
266.785	404.463
78.7845	430.108
381.403	86.2673
496.95	102.912
311.114	119.763
306.417	84.4888
414.467	489.935
147.177	491.144
457.103	94.7691
409.058	137.612
387.348	337.908
319.564	169.712
475.403	171.379
271.175	191.079
405.5	492.258
184.789	263.572
191.014	212.659
491.494	186.956
321.846	481.704
415.827	146.487
205.132	459.032
486.579	31.6343
453.993	14.3491
40.4026	300.192
62.3885	489.283
260.762	423.961
495.606	300.03
188.886	134.536
209.938	363.839
122.001	248.511
263.443	105.724
41.1644	4.50594
315.329	181.311
205.322	153.232
212.701	303.878
318.582	371.068
245.342	213.96
110.628	8.64427
248.1	409.16
414.436	395.278
96.6641	175.113
182.627	105.857
365.458	319.075
195.061	127.265
110.125	56.2616
106.365	100.626
94.6776	5.17962
384.55	189.608
269.221	24.9679
220.869	437.78
109.757	189.32
301.546	455.814
2.86228	438.871
12.8792	323.233
383.121	422.43
112.182	401.85
106.807	379
70.8591	493.172
8.35636	227.425
316.624	456.548
12.0729	491.783
6.19184	47.4883
405.887	327.216
289.906	293.365
386.667	32.8883
258.464	398.703
45.4806	303.524
474.083	499.88
0.495562	308.137
114.081	423.051
473.003	482.275
302.873	73.036
418.896	343.813
71.9574	2.25374
469.995	218.328
289.651	417.778
120.817	89.3044
340.38	297.771
99.1272	293.224
176.419	402.323
270.118	8.21558
20.6081	285.629
90.9676	474.594
340.308	424.713
406.762	19.6849
108.667	336.062
265.194	494.497
293.354	476.282
422.512	239.474
67.7418	187.112
135.738	282.395
360.539	317.516
80.4049	467.169
306.067	137.105
317.078	221.922
78.1404	191.837
282.445	301.405
386.729	218.395
144.186	102.455
113.934	426.984
177.744	277.315
377.545	428.53
376.003	428.476
105.479	311.662
199.811	164.993
214.241	53.8163
484.832	331.888
108.172	97.2173
429.724	175.868
186.882	441.633
130.967	295.953
317.138	410.99
34.5431	99.6184
445.141	302.545
390.413	184.834
74.4372	186.346
23.9717	151.719
263.823	484.657
331.478	484.648
201.424	479.294
286.913	59.6448
186.125	290.849
484.505	182.001
43.6965	417.388
427.454	117.832
195.569	341.619
109.523	63.62
94.5449	446.85
443.713	3.29416
292.243	124.176
403.633	437.016
471.169	386.563
384.436	179.37
270.522	398.221
79.1566	289.211
395.738	116.797
102.454	297.105
333.545	91.3259
310.839	477.185
153.866	205.403
18.4953	427.506
382.668	175.768
377.024	464.749
39.9708	216.857
407.92	357.255
8.92472	203.548
96.8953	247.381
77.4145	450.251
481.408	294.831
403.144	340.264
121.207	205.94
64.2306	323.47
494.759	420.211
121.206	278.83
108.487	386.126
340.552	377.852
411.791	439.728
298.819	154.348
124.373	53.369
418.244	277.824
461.344	100.843
0.891725	85.0557
132.429	224.62
288.761	348.71
182.393	82.895
82.9456	263.562
318.356	464.52
263.117	224.177
335.643	3.24387
438.96	93.1783
290.122	257.425
233.761	108.3
120.246	496.633
203.895	475.196
107.753	301.746
396.026	303.658
441.067	23.1443
495.474	206.002
340.819	279.127
387.309	10.4642
109.843	120.555
390.304	102.662
231.282	378.379
185.509	61.2182
226.946	112.446
272.951	220.371
68.205	315.724
154.428	195.654
233.437	18.2989
349.896	418.107
76.5249	183.741
399.506	31.042
179.506	128.523
233.325	218.952
293.605	494.177
321.513	184.708
358.678	83.051
268.95	10.719
123.373	274.366
385.739	378.099
423.135	310.741
438.635	87.1272
234.802	19.8658
62.9043	123.316
76.4497	445.019
292.05	452.97
124.553	274.478
0.429153	262.124
94.3607	431.178
310.213	4.58456
464.779	282.276
175.733	150.54
92.3192	133.686
46.8885	80.364
331.147	221.804
54.8707	85.2302
391.402	458.639
312.436	153.006
317.08	256.649
175.633	6.3407
284.111	221.845
344.643	206.97
445.623	411.472
177.588	194.202
192.193	120.905
343.308	208.777
310.088	160.585
321.675	301.932
269.081	100.54
412.348	211.864
432.765	113.915
118.824	324.928
118.125	255.262
492.906	316.829
400.851	216.253
42.7567	292.509
489.596	60.3117
40.1917	282.844
418.105	356.711
263.383	385.603
408.863	493.018
167.091	498.414
15.0442	448.258
205.957	274.054
162.416	277.689
189.169	35.3944
103.765	146.111
489.963	16.5981
98.6978	217.895
262.783	121.991
277.319	426.399
189.336	88.1662
115.627	0.861182
378.432	238.574
79.7	327.222
259.077	217.18
156.143	289.315
328.701	480.044
472.775	181.446
322.866	432.673
130.675	13.3564
103.079	90.4092
99.4861	148.426
2.74272	151.256
366.665	100.616
429.478	93.0196
495.171	256.338
447.761	121.063
203.19	73.0474
460.733	315.872
9.8887	36.2009
169.894	299.437
354.299	314.865
128.705	486.82
192.731	359.012
405.449	263.259
414.957	47.9065
416.713	103.678
303.682	278.59
450.42	281.239
14.9294	337.56
13.1105	361.089
17.1922	442.267
113.163	172.257
67.7219	97.8185
488.76	236.29
303.619	393.508
487.811	121.193
9.13285	117.97
200.128	441.497
147.462	107.943
18.4191	377.573
393.842	33.8505
16.2845	43.3672
111.167	366.541
422.453	131.858
317.838	444.235
435.761	214.914
392.739	12.9494
317.187	488.187
492.144	475.029
317.124	115.217
194.974	379.257
135.562	122.1
301.542	185.542
77.5096	85.3879
458.743	184.912
469.937	388.694
185.697	375.623
306.336	441.306
462.445	215.101
313.744	235.79
223.172	427.805
278.91	181.096
400.811	129.789
197.662	247.692
35.332	103.747
75.6312	411.896
109.291	375.283
238.819	200.244
380.692	392.114
201.686	442.538
154.354	308.131
85.501	120.724
7.13167	219.085
323.248	475.234
488.297	1.34021
275.061	58.9796
10.8594	406.005
487.786	412.917
165.118	75.4639
190.648	436.787
372.359	277.004
335.402	318.034
492.107	248.383
368.171	498.951
237.32	393.678
319.756	298.507
148.536	380.709
429.371	419.016
188.828	77.638
18.3731	218.902
175.899	277.929
427.224	12.182
69.3169	175.187
268.695	377.579
91.6694	191.513
7.43299	19.3752
362.533	103.612
78.8727	246.946
331.27	320.298
197.519	82.3
140.163	375.667
493.075	37.1389
237.933	215.126
480.365	475.582
111.888	352.71
369.708	411.983
81.4981	457.694
482.027	132.774
48.3854	90.9425
272.171	92.7738
276.703	393.742
137.423	102.095
402.45	291.726
175.032	364.522
410.419	434.315
376.106	102.259
37.052	397.628
254.221	4.05664
21.1813	312.406
305.618	417.89
468.563	288.386
205.936	129.448
426.549	6.35544
194.63	231.192
146.7	496.194
215.724	156.914
426.741	415.329
327.235	92.7569
53.0795	107.329
76.63	337.656
488.082	56.3944
191.445	379.5
100.588	428.138
490.78	182.129
306.326	475.085
81.7892	204.563
129	214.958
16.3503	66.256
66.3114	415.041
192.185	103.534
381.884	227.087
72.7258	79.9747
205.005	254.162
233.83	203.89
81.9353	30.9576
80.7384	272.265
476.722	121.001
101.764	254.573
77.8628	165.766
342.328	402.052
477.572	356.988
240.675	100.901
302.72	113.886
389.547	16.7225
124.647	486.772
196.137	441.34
179.629	446.172
239.639	4.9578
468.558	300.476
464.084	9.17507
46.2764	477.549
178.035	242.853
375.894	303.745
305.791	146.643
115.428	251.013
45.6456	92.8137
105.525	379.369
51.1224	120.87
337.875	496.026
315.304	368.324
17.978	469.026
301.903	163.149
130.153	414.843
214.069	176.71
29.1803	221.639
270.873	384.922
422.027	29.1
214.147	5.23214
18.6434	13.3855
5.07841	379.69
224.376	325.428
426.742	387.852
296.767	352.763
486.589	447.548
210.283	104.44
124.057	188.263
376.755	446.994
178.845	290.721
408.627	24.5279
115.551	225.233
180.734	344.98
175.281	421.762
176.038	499.659
328.929	86.6682
390.405	105.84
249.146	313.869
415.305	479.899
86.6008	49.2959
170.274	292.991
402.433	355.804
385.202	468.648
196.169	254.562
385.553	121.042
377.48	15.0387
13.5096	178.471
313.291	123.244
139.033	200.288
412.894	177.889
256.868	475.412
175.792	339.716
483.725	3.30675
330.196	291.948
245.435	390.97
348.224	310.347
116.678	256.297
79.9809	278.805
397.291	440.173
291.777	73.9197
248.294	424.383
175.313	96.0984
417.597	65.6397
275.421	460.69
144.292	375.194
214.548	232.103
223.854	236.658
295.357	219.672
340.951	388.664
294.401	81.5497
392.863	295.143
214.309	52.1578
126.544	392.862
302.799	182.403
102.853	268.839
180.355	21.4562
195.339	52.6963
175.172	216.089
93.3442	84.712
186.641	341.431
138.651	19.3889
45.5259	490.585
395.164	200.983
5.67388	339.608
308.824	346.692
489.824	380.72
495.793	415.315
304.354	453.416
146.054	417.995
463.568	20.0579
132.721	178.917
14.7435	194.172
423.144	445.003
74.5623	106.294
303.242	165.975
435.294	189.22
15.2156	364.204
403.854	481.38
358.825	494.949
284.459	183.167
117.75	57.1034
1.55845	447.966
189.007	294.572
108.892	315.713
423.139	71.2169
93.0902	229.163
218.448	88.4143
277.308	480.834
338.165	210.857
240.524	378.646
390.017	283.751
287.107	55.7706
106.476	247.611
225.408	211.903
475.59	432.609
104.699	440.889
236.885	0.0727456
98.9123	411.355
302.561	212.931
205.286	314.064
394.87	127.769
357.195	181.868
249.772	177.522
206.814	378.43
258.09	277.719
405.738	82.5154
457.863	398.042
388.896	245.017
175.069	48.2346
419.743	386.13
413.231	113.518
316.078	30.8723
477.167	35.0107
109.941	198.596
130.215	403.732
397.33	193.789
380.535	420.757
314.33	309.633
386.264	81.1322
98.249	131.931
481.098	482.145
349.963	313.302
220.004	152.726
141.247	387.8
177.69	259.168
253.766	477.808
84.8207	12.0203
90.9302	68.6734
395.838	173.352
65.7731	296.96
160.717	102.956
274.399	303.41
166.877	422.962
481.036	83.2357
468.166	108.05
188.21	289.879
218.9	129.235
492.98	184.308
350.401	195.613
190.548	472.904
7.09331	132.553
353.952	80.1119
172.847	294.898
494.022	219.019
252.11	200.304
119.285	56.2463
380.563	235.657
308.631	252.627
296.693	404.495
257.253	123.591
395.949	96.072
140.556	312.128
432.787	210.781
290.053	136.648
63.5119	305.815
102.656	311.473
277.057	199.157
344.183	406.161
469.143	96.688
148.568	204.207
195.151	228.751
458.68	300.556
495.652	349.312
255.773	280.869
272.916	213.321
134.379	4.06762
491.285	471.387
220.201	94.0694
498.715	430.469
409.495	225.18
4.35019	133.951
206.111	289.637
103.327	261.453
154.625	298.014
306.361	15.4877
11.5058	401.032
494.927	285.969
180.941	421.569
417.942	237.445
84.9027	401.773
402.939	449.716
151.601	208.795
79.6147	453.698
181.354	348.51
401.743	24.4155
296.387	59.3499
429.905	299.24
399.136	107.509
221.245	190.111
55.0375	212.292
118.198	0.69568
20.3038	206.144
209.201	174.759
298.656	189.02
498.377	495.338
419.289	401.449
384.786	279.424
299.056	17.6298
184.48	343.397
445.618	105.217
287.904	14.6084
155.879	412.954
474.491	410.618
253.538	317.497
206.393	120.037
108.135	58.9178
192.383	66.9801
176.133	430.945
117.4	287.92
10.6715	244.025
230.482	177.375
381.937	55.4916
388.878	277.802
190.266	340.841
282.132	363.18
269.561	205.327
191.82	330.082
297.317	302.238
118.67	294.426
321.205	168.169
479.453	118.028
150.827	317.773
87.2351	227.824
131.635	11.3051
389.2	346.352
478.54	92.6656
383.257	54.1075
191.845	488.219
374.267	305.535
38.08	284.387
363.109	204.827
359.609	202.937
404.856	13.0599
143.57	489.976
418.077	150.123
401.186	438.65
479.626	107.596
189.92	35.6061
389.3	63.8747
60.6318	306.992
390.852	492.34
303.761	285.685
145.205	83.5479
216.172	170.075
115.429	150.877
377.523	13.0069
203.37	308.992
375.559	469.284
205.524	466.416
419.621	67.6643
28.6025	284.109
414.963	391.581
4.07566	479.703
90.7219	310.575
92.501	336.964
406.426	112.569
290.144	484.221
81.0193	396.932
193.183	430.82
199.54	355.967
419.841	471.279
200.16	256.059
216.985	151.453
81.1727	5.38059
47.6676	218.09
295.681	343.26
73.6406	489.874
204.377	202.103
499.891	151.915
40.7652	413.046
92.0369	444.837
414.975	83.0212
286.581	8.55935
125.539	391.486
332.296	383.85
27.2451	102.098
224.009	72.0419
93.6592	24.9094
280.962	351.855
157.345	2.38054
75.3093	486.171
205.532	327.91
154.094	305.675
402.077	408.666
79.4616	472.731
13.4329	426.251
211.617	85.5454
163.38	282.758
114.991	228.704
3.34666	21.7383
237.316	119.636
473.346	376.385
128.523	291.976
138.738	200.949
11.0758	260.113
101.241	106.337
85.4744	3.02377
265.845	24.9742
479.917	163.45
264.722	81.4477
428.141	15.0436
442.929	81.7765
20.8363	104.926
202.894	417.06
166.875	312.103
189.846	60.5999
103.882	78.3472
288.017	210.406
100.327	179.068
322.932	63.5444
216.866	195.43
127.373	176.972
490.503	53.0621
439.944	8.54721
412.572	221.595
175.664	85.6128
289.796	257.776
205.672	388.822
485.195	21.7587
248.479	183.09
30.7962	82.9796
107.323	337.583
402.453	450.804
208.207	395.519
190.147	337.022
104.836	400.935
477.278	477.449
149.056	79.4023
215.211	259.087
96.0889	451.369
177.024	45.5009
338.892	398.195
323.836	472.899
483.593	172.578
369.715	176.915
299.897	497.076
482.303	413.954
400.471	365.258
358.792	86.129
217.187	136.913
485.318	10.3446
376.735	86.0273
297.246	388.398
12.5011	464.848
90.0298	344.545
373.303	17.8847
306.578	380.786
480.529	421.742
458.599	280.706
324.128	382.657
432.026	288.966
90.9215	418.343
39.8564	288.938
75.2315	148.526
378.133	436.298
211.944	495.62
203.193	213.557
227.489	19.5967
422.645	21.7189
243.306	4.55021
41.1494	208.121
376.708	132.25
209.028	5.55024
444.35	183.882
91.9595	169.828
417.217	84.614
180.758	167.419
395.533	449.285
472.486	280.173
174.851	180
116.466	77.8519
324.755	361.635
39.6452	195.27
81.2765	345.971
303.723	316.89
480.133	331.905
219.052	328.375
361.574	193.287
334.49	221.587
408.225	343.384
248.264	182.683
175.686	499.84
149.132	393.13
338.084	2.87702
72.8091	219.637
119.103	452.713
51.6596	491.412
84.687	127.019
11.704	297.355
206.194	422.162
116.688	272.502
265.578	121.887
413.885	269.66
440.532	484.719
365.957	0.776995
288.593	73.9827
172.752	421.397
281.202	180.609
301.801	277.924
494.986	85.373
184.684	94.1777
440.732	190.631
320.29	316.615
411.997	189.136
106.601	410.181
104.692	486.037
307.116	454.057
302.859	206.336
444.668	475.471
100.707	303.673
199.211	201.102
442.388	276.163
272.864	184.116
452.263	1.9842
252.397	92.9307
476.136	75.4045
287.724	462.872
320.059	401.931
143.747	424.463
102.239	385.772
484.352	493.14
447.737	397.598
115.121	303.344
408.17	389.087
208.526	154.557
467.264	208.195
473.381	118.781
306.105	347.202
494.431	455.006
10.0362	69.4074
274.901	419.33
21.6618	134.539
218.628	52.0941
110.422	220.062
297.84	383.775
338.418	403.209
20.1762	386.271
382.768	472.083
465.604	210.383
182.985	140.643
297.128	57.8332
123.932	185.713
309.241	80.2301
461.257	317.212
193.41	416.645
424.096	202.672
295.723	34.6508
278.574	483.811
17.9419	386.758
3.38424	250.589
485.278	117.301
9.52088	337.875
390.182	404.785
209.959	177.991
389.52	209.016
382.234	409.279
217.43	351.874
146.29	200.482
230.154	316.549
206.027	465.223
261.323	282.289
492.833	214.287
421.906	297.947
218.241	269.461
312.941	328.223
424.258	394.954
225.934	9.18976
11.2811	232.787
214.25	454.926
246.023	181.735
311.751	369.829
248.028	107.227
218.759	101.056
367.78	307.776
415.033	253.558
4.58	394.807
323.163	222.879
13.8188	105.029
19.9058	321.042
300.32	7.80421
481.273	418.102
487.575	31.926
408.604	127.968
216.335	202.597
440.886	404.979
191.187	51.2036
303.144	13.3867
417.224	356.225
31.3141	491.211
326.606	313.354
206.687	457.005
185.268	148.091
219.766	274.08
61.1014	415.55
402.444	366.201
357.65	497.595
291.356	327.191
320.423	197.92
39.0505	88.4608
155.362	3.06936
51.5018	101.483
163.441	388.245
416.108	152.238
279.074	110.61
359.983	316.731
53.4458	392.759
381.472	199.78
490.662	397.435
296.963	454.343
93.8572	345.101
119.057	198.96
475.783	106.089
385.499	108.263
173.379	77.6945
404.464	397.746
479.09	171.227
441.881	193.158
69.0582	295.863
255.859	493.847
301.44	112.52
193.464	157.054
365.104	81.348
114.598	207.577
313.583	286.988
245.477	78.1722
434.552	409.514
384.811	77.4474
87.0099	134.443
224.58	143.44
119.688	89.7936
136.966	391.554
346.102	214.758
493.429	39.8447
250.389	119.336
404.265	135.82
299.295	7.34098
183.011	5.24265
360.593	283.655
42.5296	305.812
316.32	46.5622
88.9561	270.131
2.84215	91.2322
57.3415	288.288
344.054	311.668
1.10516	161.814
135.071	93.4188
148.29	94.4141
105.068	362.042
349.202	282.744
52.2394	87.1456
414.951	409.947
303.452	53.5815
317.037	5.20037
369.639	97.8942
118.463	414.481
319.692	257.748
321.074	293.788
279.115	447.836
325.873	282.416
262.457	290.257
186.956	495.669
357.394	120.358
120.525	287.383
379.506	447.195
476.862	147.595
81.1106	253.377
359.782	423.525
305.871	403.35
181.795	346.462
354.728	194.827
245.042	3.09624
224.761	261.178
14.6253	294.142
300.159	297.383
68.7966	313.867
154.977	311.838
286.32	38.0564
196.102	488.18
232.341	387.157
121.512	373.165
423.128	162.118
9.15791	166.141
106.053	8.52528
252.128	311.968
77.6467	103.665
185.112	308.618
52.7257	18.0413
111.728	400.334
389.929	262.812
8.46171	437.019
285.357	75.108
368.585	301.119
306.224	407.627
311.131	120.992
294.998	67.2463
69.0844	412.09
420.552	244.951
314.263	417.688
286.725	494.425
190.182	364.986
2.59836	354.158
395.504	163.974
358.379	419.561
343.171	93.3237
374.442	181.141
405.071	493.29
219.512	322.913
204.365	292.455
63.6405	3.26089
489.216	113.426
96.2507	262.65
435.237	498.047
188.548	390.981
471.865	107.036
205.415	229.47
13.4098	338.36
99.5398	492.576
7.25815	247.888
357.249	22.4939
486.208	235.766
131.209	499.895
412.767	236.964
197.023	131.958
205.521	408.454
379.381	371.314
308.185	121.933
96.489	352.863
351.452	475.455
8.23686	95.0841
320.389	343.393
489.005	456.662
240.684	196.429
219.093	198.428
98.3702	193.235
493.038	432.046
334.514	4.91571
330.899	494.963
416.117	12.8986
117.044	103.648
490.206	387.838
414.343	31.6788
184.353	208.068
468.928	121.665
495.474	312.978
212.15	226.15
406.404	460.697
137.691	422.899
11.3712	283.67
91.6193	423.673
259.882	305.489
163.557	408.639
172.216	101.742
317.12	322.932
290.676	220.84
76.2398	201.535
266.41	89.4993
247.653	89.091
457.477	378.176
386.163	397.308
161.066	115.485
299.034	132.073
197.395	35.9363
429.862	202.746
9.82568	436.539
279.797	257.644
435.793	314.908
197.172	242.479
101.644	55.1779
19.3121	294.392
287.742	158.297
98.4912	87.4377
164.164	5.3984
365.45	395.94
114.37	322.21
477.654	225.368
64.7218	317.454
105.268	477.827
458.43	297.199
204.985	224.982
489.803	5.23361
202.15	360.636
370.854	276.474
198.712	316.606
120.765	357.059
294.357	113.483
323.856	179.541
138.11	14.2847
222.485	416.696
