Saved a vector of rrt <nodes> points.
X	Y
750	750
740.019	750.611
730.256	748.448
750.752	759.972
745.591	768.537
752.772	775.497
743.788	779.89
753.68	781.357
760.561	774.101
756.953	764.774
752.672	755.737
761.193	750.503
743.163	752.643
735.498	759.065
732.139	768.485
739.382	775.38
746.625	782.275
743.757	791.855
756.527	780.881
766.275	778.649
735.457	797.432
728.102	804.208
724.339	813.472
773.897	785.122
780.407	777.53
714.57	811.334
787.728	770.719
705.26	814.984
793.171	762.33
781.024	792.137
696.79	820.3
687.538	824.096
802.367	758.4
677.901	826.764
785.416	801.121
799.014	748.979
806.043	741.866
811.925	761.337
792.566	808.112
672.512	835.188
810.024	732.692
670.892	819.631
661.795	815.479
671.264	845.11
654.994	808.148
645.507	804.986
798.738	815.98
818.991	728.266
805.897	822.962
827.103	722.419
813.057	829.943
834.282	715.458
636.362	809.031
841.107	708.149
631.783	800.142
817.821	838.735
625.967	792.007
837.412	698.856
623.101	782.426
615.358	776.098
850.609	711.265
611.691	766.794
825.003	845.694
832.185	852.652
629.177	815.987
622.267	823.215
606.872	758.032
838.928	688.972
620.399	833.039
844.584	680.725
841.38	671.252
602.743	748.924
838.467	860.432
848.401	861.578
855.545	868.575
862.689	875.572
613.585	840.358
605.612	846.394
594.767	742.892
592.34	733.191
589.321	723.658
868.672	883.585
845.713	662.239
845.144	652.255
838.897	644.446
586.67	714.016
877.964	887.282
595.754	848.074
853.512	646.781
855.457	636.972
579.174	707.396
885.089	894.299
895.017	893.104
585.796	848.984
577.783	854.967
830.665	866.688
902.077	900.187
862.213	629.6
851.376	670.481
872.209	629.885
909.136	907.269
568.717	859.188
569.274	705.983
916.196	914.351
923.256	921.434
881.336	625.798
599.445	857.367
891.325	626.275
561.906	699.222
899.942	621.201
557.137	690.433
900.668	611.227
927.161	930.64
547.704	693.75
922.443	939.457
560.291	864.572
555.185	680.625
905.849	602.674
554.925	670.629
937.073	929.319
944.095	936.439
903.833	592.879
550.557	862.279
913.377	589.893
856.536	621.368
951.117	943.56
958.138	950.68
844.096	677.337
921.888	584.644
537.939	691.591
839.491	686.214
964.055	958.741
549.094	662.505
528.071	689.972
930.721	579.955
542.935	868.752
931.758	570.009
925.54	562.177
919.863	553.944
520.074	683.969
964.583	968.727
912.491	940.444
971.682	975.77
973.087	985.671
545.95	653.012
538.91	877.907
940.636	581.25
982.64	988.628
523.411	698.82
949.59	585.703
989.753	995.657
528.925	877.373
959.583	586.097
994.261	1004.58
832.816	693.66
847.064	618.161
968.706	590.191
992.079	1014.34
999.25	1021.31
912.376	547.316
1005.02	1029.48
519.635	708.079
518.986	876.271
998.577	990.952
969.496	956.136
1012.27	1036.37
1018.82	1043.93
963.167	986.933
978.649	589.124
1026.08	1050.8
983.968	580.656
993.934	579.837
1002.23	574.246
538.031	646.905
1033.34	1057.68
552.882	867.726
509.121	877.911
1007.91	987.35
902.493	940.255
1040.6	1064.55
1010.44	568.537
538.256	636.908
540.515	887.777
1035.06	1072.87
547.217	632.469
896.969	948.59
907.601	538.529
509.967	705.524
505.633	696.512
1050.48	1066.09
1057.68	1073.03
500.686	883.283
497.378	892.72
909.545	528.72
562.882	867.691
1012.67	558.789
1017.66	575.45
496.316	692.88
1064.88	1079.98
1007.02	550.534
1022.13	555.552
1072.08	1086.92
492.524	901.463
1079.27	1093.86
1086.47	1100.8
530.439	630.671
1090.51	1109.95
544.427	896.981
900.122	525.37
506.445	868.276
887.941	952.892
1027.08	1078.9
486.243	909.244
486.476	691.099
1027.24	546.956
1017.47	984.446
1100.19	1107.45
881.289	960.359
1033.1	538.856
545.863	906.877
476.32	910.48
1042.73	541.566
1049.24	533.98
557.122	631.098
1107.33	1114.46
566.123	635.456
1020.97	1086.82
1114.78	1107.8
989.962	589.015
573.062	628.255
477.385	686.932
1121.79	1114.93
1058.82	536.867
986.559	579.612
1063.43	527.996
467.694	684.468
523.686	623.296
520.13	613.949
460.668	677.352
899.324	515.402
470.025	918.251
1127.04	1123.44
1136.08	1119.17
576.215	618.765
471.97	928.06
895.472	938.703
900.793	505.51
897.744	495.987
877.041	969.411
515.039	605.342
453.445	670.437
572.874	868.103
509.823	596.811
468.495	937.437
572.909	858.103
895.979	486.144
461.988	945.03
462.276	955.026
1086.65	1119.18
982.088	595.179
1063.23	517.998
1142.99	1126.41
502.97	589.527
1068.92	509.772
463.61	964.936
502.634	579.533
976.453	603.44
570.866	610.316
1012.15	1091.52
1145.19	1136.16
1072.61	531.98
1076.18	502.895
498.617	570.375
1082.29	534.487
493.563	561.747
452.332	942.429
465.716	974.712
905.924	485.098
1007.65	1100.45
443.311	946.745
484.8	556.928
1152.17	1143.32
481.42	547.517
586.209	619.116
571.913	643.609
471.89	544.487
1086.17	502.759
1159.14	1150.49
1166.12	1157.65
433.642	949.294
1090.63	540.002
1089.72	493.408
1164.17	1167.45
443.549	671.88
1099.46	491.157
1171.27	1174.49
1178.38	1181.52
474.486	979.516
462.641	540.685
423.655	949.815
907.563	475.234
867.082	970.323
1185.49	1188.56
1192.59	1195.6
485.296	538.299
1098.57	546.076
1108.55	546.79
901.564	467.233
416.529	956.831
479.072	988.403
474.967	691.331
407.017	953.744
1118.52	546.118
1128.51	545.609
454.822	534.451
859.342	976.654
1108.37	486.617
454.046	524.481
484.023	997.091
451.589	514.788
493.96	998.206
1150.9	1120.29
1156.64	1174.03
854.072	968.155
1159.81	1115.74
398.357	958.744
388.394	957.879
459.946	982.88
382.73	966.12
1134.09	553.907
1199.7	1202.63
1206.81	1209.67
1167.79	1109.72
1167.39	1099.73
1136.94	563.492
1115.39	479.494
1144.54	569.989
1153.05	575.24
455.085	505.419
377.011	974.324
1154.18	585.176
482.275	1006.94
579.118	650.544
462.551	498.766
1114.07	469.582
369.383	980.789
501.915	1004.27
360.975	986.203
896.145	458.828
358.019	995.756
1213.92	1216.7
444.905	535.732
1151.02	1182.31
448.225	498.143
1009.29	1110.32
1123.93	467.931
1129.04	459.332
481.83	1016.93
1003.59	1118.53
481.798	1026.93
894.527	448.96
844.073	968.296
1146.08	591.042
1009.29	1090.59
435.055	537.458
508.717	1011.6
352.597	980.744
351.35	1003.21
994.904	1123.49
1221.02	1223.74
903.494	484.368
1014.85	1082.28
1229.63	1218.64
480.961	1036.89
440.135	492.265
425.268	539.511
487.523	1044.44
1162.92	573.605
438.095	482.475
486.422	1054.38
1135.88	452.04
341.359	1003.63
588.94	652.42
1236.55	1225.85
490.389	1063.56
439.99	941.567
1144.18	446.464
1174.7	1092.9
331.723	1006.31
415.672	542.324
515.948	1004.69
431.483	474.973
489.441	1073.51
426.948	466.06
1235.59	1235.81
1172.27	570.052
1153.46	442.741
446.167	933.703
405.697	541.608
482.826	697.515
395.792	540.233
433.099	458.176
426.922	450.312
835.462	963.212
1184.26	1089.98
475.476	681.344
491.711	1083.25
323.088	1011.35
860.372	960.389
1024.64	1080.25
989.837	1132.11
319.899	1020.83
1152.27	432.812
1241.86	1243.6
501.708	1083.46
311.394	1026.09
1234.52	1209.92
1163.41	441.669
989.001	1142.07
1248.95	1250.64
301.735	1028.68
503.413	1093.31
1192.5	1084.31
1169.77	433.959
1149.4	423.235
1106.38	463.186
423.488	440.92
979.694	1145.73
416.317	433.95
890.117	439.985
511.652	1098.98
475.799	704.63
973.552	1153.62
972.594	1163.58
1202.32	1082.42
1153.85	414.282
597.98	656.696
497.072	1101.04
488.033	1105.32
1212.31	1081.86
1153.61	404.285
1151.37	394.539
473.632	671.516
1148.8	384.874
292.253	1031.85
1258.15	1246.73
1267.36	1250.64
606.352	662.164
894.459	488.653
431.459	434.882
885.552	431.088
386.193	537.43
482.947	1113.93
288.862	1041.26
1221.37	1077.65
1178.32	578.012
1185.21	585.257
478.533	1116.09
965.878	1170.99
433.414	425.075
1274.17	1257.96
970.256	1179.98
1149.06	374.878
897.274	498.249
1179.16	430.511
1230.31	1073.15
428.601	416.309
828.596	955.942
826.342	946.199
361.312	1004.07
407.099	430.073
432.611	407.148
891.533	506.436
891.661	423.171
1231.34	1063.21
1283.81	1260.62
962.251	1185.97
428.384	398.085
1236.94	1054.93
1285.28	1270.51
823.855	936.514
1236.41	1044.94
868.19	954.154
487.358	1122.9
1280.54	1279.32
1156.66	368.383
397.821	426.343
1153.02	359.072
960.106	1195.74
892.204	516.414
832.589	972.791
371.303	1003.65
1246.79	1056.69
826.777	926.95
492.66	1131.38
1295.27	1270.93
1193.12	591.376
488.264	1140.36
1155.6	349.412
616.331	662.819
482.929	1148.82
1201.79	596.365
387.951	427.954
1301.92	1278.4
885.272	523.622
883.16	533.396
1289.37	1252.31
1202.74	606.32
823.465	976.884
1165.05	346.125
1308.56	1285.88
431.076	388.454
1315.2	1293.35
428.963	378.68
1321.85	1300.82
425.617	541.28
1149.67	341.362
1328.49	1308.3
823.979	986.871
284.807	1050.4
877.185	949.784
1200.81	616.132
1335.13	1315.77
1341.78	1323.25
1173.42	340.659
816.453	993.456
379.354	422.846
422.081	371.425
276.125	1055.37
1272.82	1285.68
1098.8	456.663
889.612	413.383
953.291	1203.06
476.852	1156.76
429.089	364.291
1349.6	1329.47
481.845	1165.43
427.654	354.395
967.599	1202.36
1188.45	434.204
830.529	917.681
884.303	404.909
1139.7	342.193
1131.34	336.707
273.407	1064.99
1357.68	1335.37
1240.84	1202.17
1151.99	410.17
1210.41	618.936
1095.91	447.091
957.24	1165.95
887.006	947.899
413.155	366.916
275.485	1074.77
1178.17	331.859
376.397	535.422
943.297	1203.4
432.476	443.002
878.052	397.103
484.929	1174.94
1127.34	327.545
1184.14	323.835
1236.45	1034.94
1362	1344.38
519.779	1093.15
976.185	1207.49
284.744	1025.25
375.39	994.523
1368.21	1352.22
875.275	387.496
1374.84	1359.71
896.848	949.67
873.228	377.708
1193.71	623.173
278.706	1017.28
889.244	541.332
1193.65	320.765
1198.11	436.785
1381.46	1367.2
433.299	346.141
426.7	338.628
475.728	1178.86
375.539	984.524
1388.08	1374.7
1394.71	1382.19
1188.79	631.878
420.719	330.613
1241.35	1026.23
469.658	1186.8
1216.86	626.582
872.979	367.711
1401.33	1389.68
425.112	321.63
426.459	311.721
1407.95	1397.17
411.278	327.317
1168.43	579.494
263.474	1063.83
529.402	1090.43
1414.57	1404.67
255.312	1069.61
1159.56	584.121
1421.2	1412.16
1178.92	633.494
1233.35	1020.23
875.723	520.655
935.714	1209.92
369.41	421.794
368.953	542.1
1226.51	629.2
273.894	1084.64
621.208	654.089
1427.82	1419.65
616.616	672.815
1169.64	433.56
359.642	545.747
1171.41	640.098
246.591	1064.72
902.721	957.763
865.116	361.532
1201.07	314.061
1121.75	319.251
349.725	544.464
442.476	443.039
892.665	550.728
627.264	646.132
1201.99	304.104
1251.15	1024.24
537.626	1084.74
345.68	553.609
1434.44	1427.14
403.918	320.546
813.948	935.153
1206.02	294.952
1441.06	1434.64
1329.53	1294.43
931.614	1219.04
365.939	981.724
461.603	1192.73
455.875	1200.93
1447.69	1442.13
1205.32	284.976
435.807	308.168
1402.19	1375.56
439.739	298.974
1203.95	444.907
1233.87	1010.24
858.659	353.897
452.427	442.049
1454.31	1449.62
857.314	343.988
609.719	680.055
446.006	291.181
439.995	283.189
1460.93	1457.12
360.001	418.405
446.74	275.806
1235.75	625.38
337.695	559.629
1089.94	439.068
1339.39	1292.73
542.249	1075.88
1245.73	624.864
1467.56	1464.61
274.623	1008.15
448.987	1208.18
442.098	1215.43
493.619	1179.89
902.08	547.358
1474.18	1472.1
911.072	963.264
394.456	317.311
456.673	274.652
1253.52	631.144
459.418	265.036
359.872	973.775
1210.1	276.192
804.309	932.488
1480.8	1479.59
236.688	1066.11
930.009	1228.91
1272.82	1295.68
448.702	1222.94
860.345	334.458
1232.56	1207.77
425.618	450.279
1487.42	1487.09
442.994	1231.15
386.085	311.841
899.785	940.111
858.226	324.685
1231.99	1000.42
866.359	517.145
377.977	305.987
350.112	416.919
848.954	356.309
1209.4	266.217
449.361	1238.86
368.661	302.352
821.275	1002.22
1116.4	310.799
1490	1490
331.729	567.654
1210.3	256.258
918.332	970.141
443.295	346.413
1220.21	254.923
456.576	432.951
1229.41	258.862
321.729	567.697
794.505	930.522
340.5	419.677
364.009	293.5
840.372	361.442
378.819	418.408
784.803	928.097
1490	1490
636.621	649.661
1490	1490
927.38	965.883
1262.52	635.491
1260.27	1020.13
316.506	576.225
784.122	918.12
1203.83	248.641
849.262	320.254
1490	1490
307.821	581.181
849.909	310.275
435.268	1237.5
840.201	307.872
1345.06	1284.49
1174.63	649.564
457.328	255.257
359.084	284.797
1490	1490
1270.4	629.336
331.002	422.804
1261.91	645.472
299.831	587.195
911.659	544.486
1236.54	251.855
1234.45	990.727
917.933	552.273
612.339	649.471
228.293	1060.67
1212.94	440.521
1112.12	301.764
609.012	640.04
321.812	418.859
312.094	421.213
1387.08	1388.66
1149.69	582.56
980.544	1216.49
269.952	999.308
352.786	277.03
816.224	1010.85
774.237	916.61
1280.13	627.016
352.633	267.031
788.81	909.287
231.961	1074.92
840.372	297.874
222.423	1077.93
377.053	994.409
460.61	245.811
343.934	262.098
1490	1490
1245.76	247.979
212.453	1077.16
935.905	1236.98
984.262	1225.77
990.028	1213.32
206.803	1068.91
455.001	1247.11
208.249	1086.24
261.401	994.124
600.395	683.669
291.071	582.373
260.901	984.136
1261.44	655.461
465.868	278.585
922.594	979.187
1490	1490
1222.57	1207.39
932.724	1200.37
302.721	417.727
432.544	1212.47
315.147	425.799
1171.6	659.091
1490	1490
298.696	597.131
928.882	1244.1
1286.04	618.949
196.94	1067.26
1222.15	436.643
1296.02	618.294
1210.8	316.38
925.401	1253.48
202.803	1094.62
1490	1490
994.523	1204.38
1252.26	240.381
1490	1490
931.899	1190.41
1305.69	620.823
281.937	586.443
1314.73	616.548
1264.47	664.991
194.998	1100.87
1235.97	980.842
859.445	524.371
1490	1490
1213.01	1204.44
1260.42	674.138
1490	1490
831.74	366.49
345.056	535.621
189.837	1109.44
1197.61	437.176
833.141	314.954
646.498	648.103
656.463	647.261
1085.53	448.043
529.112	1079.5
351.675	528.125
833.194	290.911
1215.43	429.239
591.639	688.5
1242.61	973.365
464.635	1249.79
789.659	899.323
195.972	1117.34
189.991	1060.07
1226.7	977.091
922.24	1262.96
1490	1490
1272.56	1305.68
923.602	1272.87
271.937	586.523
435.463	274.275
1203.91	238.641
997.047	1220.44
1395.32	1368.29
470.153	242.821
1206.85	427.249
457.23	236.4
339.031	253.383
544.013	1066.03
296.701	606.93
429.766	1245.85
1249.56	966.177
1107.51	292.888
293.976	412.876
930.367	1280.24
1490	1490
300.187	616.302
1006.71	1223.01
1324.32	613.693
832.034	280.979
1224.07	1012.22
1490	1490
1178.91	665.914
345.18	245.496
387.053	994.507
929.05	1290.15
1266.73	681.9
917.364	536.273
1231.12	441.072
423.159	1253.35
361.579	529.511
1490	1490
205.268	1121.02
932.105	982.279
473.386	1254.63
1204.8	228.68
1101.62	284.81
1256.87	231.507
329.236	251.37
604.894	630.927
1490	1490
283.979	412.643
822.29	363.22
915.76	1250.82
1176.05	675.496
179.845	1109.86
1260.75	1030.11
1205.26	218.691
1258.05	960.888
1199.1	210.816
1214.33	1014.51
1330.39	621.638
1229.11	268.858
1264.68	1311.83
1240.45	444.679
369.224	523.065
297.243	403.424
262.519	589.884
1266.11	954.966
386.743	1004.5
203.278	1130.82
1249.39	449.161
1377.47	1385.89
1263.55	224.066
203.685	1140.81
1092.71	280.264
455.321	423.03
1353.91	1289.15
551.02	1073.17
1199.41	200.82
1490	1490
213.682	1140.58
829.48	271.311
551.783	1059.74
1490	1490
180.414	1057.19
1178.26	640.244
561.724	1060.82
1014.41	1216.63
169.908	1110.97
850.325	520.271
239.716	1081.23
1202.43	191.288
1203.92	181.398
1266.56	1321.66
422.886	1215.06
256.303	975.256
422.757	1263.34
412.89	1214.8
1204.56	171.419
252.828	587.416
200.271	1150.21
242.869	588.322
160.664	1114.79
1338.21	615.401
784.374	890.833
248.038	969.627
996.72	1194.63
813.82	1010.15
1076.64	443.463
1256.98	455.661
461.885	227.55
461.925	217.55
274.359	409.913
323.564	243.134
460.939	414.756
933.629	992.162
268.263	401.986
790.911	883.265
1273.55	223.749
826.124	261.89
832.439	254.137
321.266	233.401
1490	1490
595.472	627.578
232.91	589.22
1276.52	1320.69
1283.41	225.42
1291.87	230.753
1401.13	1360.15
1206.34	161.579
483.236	1256.36
192.715	1156.76
302.555	626.018
243.532	598.3
484.32	1266.3
1256.1	441.755
1073.34	452.903
1410.45	1356.53
592.124	690.507
258.537	404.312
814.14	1020.63
554.141	1082.67
816.188	260.757
1490	1490
922.024	1297.26
1279.51	611.374
925.915	998.525
403.009	1213.26
796.407	874.911
480.123	243.595
1490	1490
927.045	533.767
547.018	1050.94
1348.03	617.259
1351.04	1279.57
1490	1490
1263.22	434.729
829.099	244.711
1273.16	433.625
1283.12	432.789
1258.32	1327.32
250.102	398.941
798.179	865.07
1154.29	573.685
666.18	649.621
269.612	979.226
1140.19	579.414
179.371	1116.24
415.544	1270.27
1206.79	1212.27
311.965	229.728
309.448	633.262
917.69	970.473
519.367	1077.25
862.397	533.925
321.676	418.224
313.534	219.852
940.367	1280.15
1269.53	612.049
307.075	212.218
1358.02	617.822
594.97	617.59
1362.85	609.067
375.526	984.526
1168.85	682.441
598.479	608.226
243.281	960.83
801.358	855.589
455.317	406.486
1368.12	1389.43
823.385	317.149
1490	1490
1200.15	153.726
589.02	635.218
1301.78	229.445
188.102	1165.64
299.612	205.562
595.436	598.701
587.245	699.236
304.355	641.868
1201.88	311.856
470.568	412.058
935.99	1297.35
842.094	514.591
667.262	659.563
1490	1490
480.434	410.429
397.957	1204.63
222.933	589.907
215.25	596.307
1413.94	1365.9
458.601	208.118
842.432	254.515
295.884	196.283
913.863	1303.04
1490	1490
1490	1490
1191.12	149.427
806.199	261.222
1004.33	1188.14
579.457	638.144
774.381	891.21
1064.14	456.821
646.764	638.106
304.034	651.863
1237.68	274.008
509.368	1077.15
489.671	406.598
1306.2	220.477
174.04	1049.49
235.461	954.598
566.705	1052.15
240.149	399.911
764.843	894.214
1310.19	234.863
577.285	698.342
1365.92	623.953
186.202	1175.45
408.453	1277.32
1490	1490
832.184	515.93
829.712	234.73
1201.04	1220.45
1490	1490
1490	1490
665.977	669.48
1490	1490
184.071	1185.22
822.716	227.584
1490	1490
1490	1490
227.75	960.964
230.232	401.197
1490	1490
576.556	1050.43
821.641	217.642
150.674	1114.33
304.382	236.247
813.273	212.168
384.067	1014.14
182.272	1195.06
571.579	631.986
285.885	196.419
376.46	974.57
906.586	1309.9
205.745	593.2
920.455	1006.9
803.315	211.247
1490	1490
1320.19	234.769
448.319	231.861
935.375	1290.39
866.462	543.062
1490	1490
1291.1	426.759
1490	1490
1185.16	141.401
798.478	202.495
173.957	1200.62
1484.11	1481.92
1375.85	625.062
277.626	190.781
278.791	180.849
788.564	201.183
319.446	633.445
1275.7	952.133
806.67	1027.28
554.002	1092.67
1059.1	465.461
432.561	1212.54
355.158	244.843
1490	1490
446.839	401.184
494.226	1267.67
851.544	250.397
1207.94	1022.2
501.434	1274.6
311.566	658.44
296.793	658.76
561.284	1099.52
803.448	193.817
1341.85	1283.49
400.651	1283.58
838.105	229.293
1485.13	1471.97
1490	1490
897.512	1314.11
1490	1490
1277.28	942.26
523.35	1086.43
822.65	512.912
172.69	1210.54
1490	1490
220.263	954.335
1091.82	270.304
1008.63	1179.11
1285.83	937.081
165.74	1043.91
813.446	318.258
1287.43	417.458
283.414	171.981
1257.08	1039.41
1346.66	1270.58
393.16	1290.2
461.752	198.628
458.565	189.149
830.133	369.424
1169.91	692.384
213.472	946.995
270.615	197.911
520.213	1095.92
290.211	666.288
1300.96	428.44
203.665	945.04
890.378	1321.11
510.377	1279.07
170.382	1220.27
194.849	940.32
799.885	1034.62
920.141	1016.9
795.555	847.444
358.608	254.229
1385.02	621.071
402.451	1195.7
571.269	1098.97
911.259	978.131
1353.33	1263.12
1390.06	629.709
1253.55	224.212
155.771	1043.12
933.291	1273.09
798.238	1021.9
1288.06	927.331
1175.31	687.625
379.195	964.951
808.453	848.541
489.997	245.178
220.443	403.24
1157.22	564.122
802.502	1044.27
1490	1490
260.68	196.777
1330.14	233.824
1414.73	1375.87
880.383	1320.78
943.621	992.551
1311.58	212.043
499.641	405.822
594.158	588.783
1393.43	615.648
196.792	588.744
188.706	932.429
1490	1490
877.157	1330.24
575.406	1040.5
1490	1490
463.019	180.196
384.863	956.712
282.312	672.421
779.168	204.605
1014.93	1226.61
1279.7	961.297
820.818	373.063
881.092	1339.44
816.98	382.297
1316.27	203.214
1490	1490
859.753	244.686
1193.02	135.229
1160.19	694.744
459.034	171.024
1013.37	1170.31
1490	1490
509.594	406.786
279.979	682.145
499.899	1080.37
378.282	949.183
774.617	195.7
189.746	595.841
210.577	404.872
387.104	1298.16
793.096	1047.67
450.717	165.472
508.928	1067.16
871.817	1315.62
205.609	396.193
1396.95	636.962
1490	1490
574.539	646.851
375.779	1019.73
1291.01	917.777
329.437	633.018
382.051	939.92
1251.26	1334.4
1286.38	1322.33
471.86	216.414
807.026	381.339
563.474	1079.08
1490	1490
1409.39	1384.32
384.104	1307.7
926.839	543.765
1364.21	599.16
373.214	1029.4
924.094	553.381
502.13	1059.83
1199.13	127.309
286.095	162.347
277.131	688.719
295.253	240.329
438.37	395.865
586.53	1049.71
824.116	258.374
1326.22	204.228
1490	1490
1490	1490
169.942	1230.26
267.765	408.165
1490	1490
1082.66	449.273
140.678	1114.06
926.227	563.151
595.151	643.117
650.99	629.043
1199.45	1016.91
922.299	572.347
544.05	1041.39
132.288	1119.5
385.217	930.435
196.483	400.282
1184.39	691.829
803.479	319.07
474.835	1263.13
278.267	156.124
1317.52	193.292
1316.99	183.306
377.269	1315
867.523	1306.59
248.735	952.449
1490	1490
186.775	605.389
901.95	981.785
389.345	1209.71
813.821	508.216
398.254	1186.62
1475.16	1471.21
1293.89	409.831
1257.87	1341.9
580.284	1031.77
1490	1490
1323.8	175.985
592.036	708.013
205.837	386.196
317.545	427.331
785.687	845.825
1364.88	633.899
122.468	1121.39
796.385	263.14
179.221	611.942
559.264	1109.31
1361.48	1257.33
1254.47	1351.31
1175.89	137.646
1310.95	428.1
293.036	250.08
251.64	192.5
1337.68	240.398
951.243	999.024
818.442	848.073
863.621	1297.38
872.774	1344.99
1490	1490
1214.35	1205.72
385.58	920.441
1097.34	261.968
1490	1490
580.865	1101.79
1169.56	145.386
1266.25	602.605
170.076	607.896
1094.11	280.037
866.809	1353.01
400.832	1292.28
858.11	1357.95
1202.5	1030.59
1490	1490
863.368	1366.45
465.443	163.347
442.557	1212.23
654.249	619.589
1266.26	1043.39
1160.18	141.899
498.561	250.34
1320.92	427.247
1151.06	137.816
162.912	614.873
288.028	258.735
578.414	1021.94
1207.85	147.35
1187.45	701.348
1152.18	700.727
665.585	679.472
167.177	1239.87
1325.31	166.1
573.927	1013.01
517.885	412.377
1490	1490
1267.68	939.454
517.011	1286.56
1252.5	1361.11
598.425	715.706
1207.58	121.967
1059.77	447.823
588.28	1108.5
1189.55	1015.52
232.257	586.293
1406.37	640.322
1408.03	1394.23
1371.17	1254.84
803.825	507.926
1089.58	288.952
521.778	1295.35
1400.96	609.068
871.578	1372.16
1284.5	910.183
168.143	1249.82
1490	1490
760.052	902.992
1333.8	175.862
879.938	1377.65
192.612	923.224
1243.36	1365.17
1490	1490
578.807	1004.28
1147.38	565.933
186.498	400.834
931.473	576.326
1292.51	904.191
1188.51	159.081
234.874	576.641
1263.2	612.132
158.591	1252.78
370.756	1322.59
244.493	573.909
1056.84	475.202
1137.53	567.654
371.809	1039.3
1191.91	710.298
296.083	162.826
270.259	695.984
848.997	1362.06
1294.01	942.837
1406.39	600.673
277.615	702.757
1207.78	111.969
1095.17	252.207
931.406	586.326
1490	1490
1406.45	1370.25
454.005	240.088
261.216	400.651
1381.11	1255.87
318.507	437.285
1091.75	453.429
1490	1490
267.717	418.165
664.233	619.014
503.204	259.197
913.758	1316.87
1406.44	650.321
165.544	598.982
1490	1490
1274.9	597.603
1259.34	944.974
232.128	391.378
241.661	191.857
145.944	1041.26
509.226	267.18
1300.71	898.464
1217.46	144.559
797.009	837.551
273.044	147.596
518.796	270.08
1490	1490
1490	1490
868.885	240.61
1218.94	1214.61
1177.92	677.972
525.076	419.326
537.21	1048.69
1100.11	447.934
154.166	1261.75
795.652	1057.34
608.31	717.219
795.544	513.531
1416.36	601.469
945.269	1291.83
1490	1490
526.888	429.16
235.13	199.429
176.52	400.174
145.684	1267.04
1490	1490
253.152	568.906
167.612	404.717
337.698	627.382
1490	1490
617.458	721.257
1146.76	128.783
936.813	543.051
1307.06	182.086
1181.32	1021.21
406.902	1300.22
439.013	235.522
674.37	684.248
1237.23	1373.07
354.259	234.884
1251.76	234.051
496.062	396.485
1233.4	1382.3
264.302	142.742
842.041	1369.25
175.248	1256.86
930.445	596.28
1023.32	1169.32
1168.31	675.214
441.944	409.903
796.743	523.459
448.877	155.643
263.002	132.827
581.143	1115.5
1226.96	1220.58
1391.09	1256.62
446.189	146.011
1490	1490
1274.63	969.914
1225.33	1388.21
1490	1490
803.826	1063.1
565.277	650.62
112.788	1123.9
225.143	198.913
597.174	1113.07
545.563	1039.24
407.631	1183.15
910.861	968.139
389.948	911.446
809.455	185.823
1169.61	665.299
765.321	199.385
769.885	904.813
756.981	193.867
215.311	197.086
582.812	704.151
1490	1490
748.245	189
368.937	1048.88
531.044	1291.58
797.759	385.096
786.531	264.843
286.644	707.055
1490	1490
1142.22	699.837
1276.23	1044.08
391.776	901.614
263.901	391.018
1187.95	719.482
873.742	231.869
1324.68	436.513
136.214	1263.83
1490	1490
1092.97	242.451
1006.08	1231.28
738.394	190.72
918.559	1026.77
401.265	898.459
1132.53	702.317
528.732	271.217
388.83	1183.27
683.283	679.713
878.142	244.392
588.711	597.168
1286.22	1044.65
1490	1490
536.828	428.072
693.052	681.848
959.023	1005.31
1490	1490
1490	1490
1123.89	707.349
346.651	631.836
606.562	1116.51
1301.48	411.179
158.053	407.652
184.299	917.665
209.586	205.285
535.342	1300.61
672.887	614.003
107.462	1115.43
1265.84	621.779
1326.66	214.219
208.164	190.092
1490	1490
363.998	1329.96
352.942	639.61
248.379	560.119
1490	1490
755.96	912.116
1249.78	942.054
200.943	183.175
259.973	123.297
888.536	1382.75
369.314	1338.43
173.177	598.022
855.746	1291.22
191.513	179.846
293.434	714.397
816.147	178.392
1325.72	156.108
821.543	501.863
1105.69	439.638
1474.68	1461.23
591.914	723.296
934.52	605.412
240.088	592.513
161.156	417.159
180.047	937.431
1490	1490
776.699	266.67
175.415	913.075
872.89	1384.74
1286.15	896.478
1019.48	1235.52
1402.64	659.572
149.817	1118.12
538.423	273.681
577.778	1124.92
322.341	418.557
441.307	419.883
1106.68	455.473
891.955	981.469
670.197	604.371
1490	1490
1490	1490
544.737	1297.19
361.606	1055.68
728.395	190.576
354.134	1328.32
348.179	1336.35
233.35	381.453
149.76	402.063
1490	1490
860.137	1282.23
545.302	422.764
361.573	644.661
362.48	1065.64
1490	1490
957.544	991.259
1136.77	128.564
1188.38	729.472
339.225	1331.9
965.111	1013.24
1267.83	1341.05
553.124	1302.63
663.431	597.008
366.744	636.101
562.64	1299.56
534.541	1310.58
895.5	1389.93
319.594	631.253
330.247	1336.3
813.169	1066.66
569.856	1306.49
1172.07	1017.41
1490	1490
737.594	200.688
941.391	612.677
169.513	905.003
666.497	587.489
1490	1490
260.387	697.579
1367.53	589.727
1490	1490
1295.41	1326.63
1490	1490
268.165	428.155
766.893	268.631
682.887	614.027
919.984	1036.67
796.313	271.384
1284.4	406.694
552.903	1117.03
322.779	1342.95
181.612	178.443
126.24	1263.11
1490	1490
368.965	651.395
565.993	1009.89
614.565	1110.52
1490	1490
721.582	183.257
452.009	1208.97
1490	1490
921.007	1046.62
152.918	614.54
681.575	618.926
887.805	990.566
883.213	253.011
1279.17	588.557
1197.45	733.695
1394.52	1247.23
787.946	383.171
294.862	172.751
207.83	215.13
175.563	588.311
1334.81	151.937
337.655	1333.9
1344.61	247.604
1490	1490
159.782	1118.96
1490	1490
938.742	622.319
1365.66	643.868
1275.61	1054.06
169.549	1116.81
1171.04	655.402
1344.06	148.151
1127.13	131.242
1294.83	1049.73
1490	1490
1114.57	435.031
1310.67	899.359
1490	1490
1399.16	1262.53
183.764	168.677
1245.27	241.657
1490	1490
373.319	1347.59
1032.35	1173.61
1269.9	1062.27
1117.43	133.667
1274.51	405.172
576.289	1314.14
176.795	161.505
922.443	553.894
110.156	1133.54
1490	1490
828.791	494.973
379.72	1033.18
1490	1490
715.02	175.711
575.104	1324.07
527.348	1050.35
827.647	844.165
1039.78	1168.61
1490	1490
579.036	1333.27
571.08	1294.2
312.966	638.741
1023.69	1244.59
1239.8	942.748
170.828	153.481
660.77	579.292
1350.35	140.374
775.885	843.845
778.704	386.99
1320.4	901.682
1304.62	1051.76
161.803	898.634
1331.98	443.346
1205.55	739.552
147.786	623.122
1211.22	1196.22
823.099	171.204
1490	1490
819.087	162.044
1343.56	178.034
1490	1490
1398.07	1393.26
1490	1490
1490	1490
315.417	1349.72
924.145	569.521
871.589	1303.42
1401.17	1361.77
556.129	646.581
349.795	225.936
546.78	643.032
162.524	147.908
1112.21	463.801
1411.04	1360.19
1107.44	133.136
751.768	921.195
331.61	414.803
354.49	1071.65
163.704	888.817
915.657	1017.2
1260.69	229.547
1490	1490
716.899	165.889
196.005	397.731
1490	1490
742.578	917.253
513.245	1300.56
1226.35	1230.56
307.714	1356.1
153.133	631.572
376.207	632.869
167.438	582.483
1314.57	1052.74
1265.87	238.106
835.695	1376.98
767.765	849.682
1490	1490
866.336	1311.93
931.356	629.06
1051.94	441.611
1213.32	103.646
381.953	1352.63
1372.17	580.868
1152.93	700.081
1164.8	1010.54
512.099	254.628
1119.42	716.292
801.876	828.815
1154.83	1011.35
174.738	144.277
386.681	893.009
184.883	1254.18
264.117	114.196
415.888	1177.5
122.04	1272.19
1214.41	734.905
345.664	1066.95
1471.48	1451.75
684.021	607.962
1330.16	903.821
1223.82	1205.88
1490	1490
229.323	372.299
398.577	916.499
1216.57	1383.39
954.703	1295.15
303.464	1365.15
1115.4	143.46
443.672	429.599
1082.77	296.276
819.792	1074.15
1230	940.751
256.13	108.179
307.496	1374.3
1207.51	95.5076
152.887	145.241
201.362	918.383
1264.58	404.048
1264.63	970.258
1298.07	911.18
1027.09	1253.99
1376.85	572.03
378.108	887.862
252.817	98.7435
224.915	188.915
960.355	981.662
837.572	842.946
364.798	1032.17
805.555	267.566
443.608	226.64
1490	1490
1159.66	664.252
1337	911.122
325.682	1327.41
581.448	694.245
1097.53	134.423
425.697	1175.56
140.375	405.517
273.059	395.033
581.661	1134.13
1490	1490
518.417	246.876
250.571	699.49
586.287	1313.95
154.744	145.264
1490	1490
242.012	704.662
1232.24	1200.47
811.428	275.66
547.678	277.468
1112.44	723.458
294.187	1368.88
1189.8	1015.92
1251.72	1370.66
802.021	531.953
586.359	587.449
1207.02	1380.44
138.585	627.041
387.515	1039.44
699.737	689.285
1103.78	728.454
586.226	1340.22
624.553	1110.04
143.508	141.772
1323.84	1056.5
846.46	1294.93
1095.72	734.38
917.494	960.655
1088.49	741.284
862.921	244.003
828.829	179.399
1352.69	253.494
137.556	149.809
974.461	1016.79
1490	1490
1166.77	1000.73
1490	1490
173.807	1107.77
1490	1490
1426.26	600.091
446.081	136.011
1271.67	581.944
244.702	601.385
1333.37	1053.46
1490	1490
1162.17	991.85
870.707	222.341
1490	1490
847.541	842.155
931.013	639.055
1346.91	912.417
144.708	608.831
1359.84	651.999
353.678	244.867
237.594	209.121
363.195	659.562
306.927	1384.28
835.461	487.523
921.618	642.48
1490	1490
806.699	257.631
1283.21	603.17
128.376	145.845
1435.79	597.054
175.878	390.194
384.299	1362.36
1088.24	138.123
383.426	879.394
1304.86	1323.35
924.651	652.009
181.609	1101.51
590.188	578.211
305.038	1394.1
175.579	1124.79
1490	1490
302.398	1403.75
1340.3	1060.67
400.309	926.348
891.656	258.369
375.991	622.871
1490	1490
596.075	1341.95
1403.12	1242.13
244.361	550.962
602.844	1349.31
551.976	430.211
733.042	914.244
1362.57	255.034
100.75	1108.02
132.481	634.961
1261.56	630.815
356.087	254.572
1352.08	130.526
1178.31	675.186
443.222	126.429
385.31	619.242
582.158	1144.12
285.842	1363.37
962.934	972
1490	1490
826.79	1381.53
119.463	150.38
1226.36	931.437
581.665	1349.12
125.492	136.27
1304.01	401.505
1050.88	451.555
446.682	439.136
1490	1490
1397.28	668.012
904.8	1393.61
1490	1490
210.672	914.733
137.318	1253.89
568.681	1000.26
914.577	1395.71
228.204	362.362
371.294	614.043
122.396	1282.18
1265.93	248.105
556.88	281.384
155.261	883.458
801.832	838.815
1347.32	1067.79
303.041	639.958
709.349	686.525
1045.73	433.773
1396.5	1272.17
1152.96	990.504
900.486	253.674
355.452	1318.4
262.297	436.253
1108.89	473.234
219.48	919.469
1210.6	748.187
1083.35	749.86
1490	1490
915.628	656.321
273.972	112.5
1490	1490
1341.15	439.356
1330.87	453.284
451.978	121.599
1394.46	1402.59
163.563	426.864
1490	1490
1267.97	257.896
130.853	644.828
816.597	256.205
189.463	1263.07
199.371	1264.42
1490	1490
148.322	876.258
120.165	1117.14
1206.48	85.5606
1389	1278.79
1490	1490
1253.66	624.68
121.012	1292.08
299.918	722.01
246.551	213.566
132.975	398.792
803.226	822.667
1490	1490
253.035	545.984
1118.49	476.049
521.829	237.476
812.418	154.592
1218.68	925.041
1276.82	573.375
804.961	378.159
1143.17	988.447
396.217	935.473
578.624	1001.33
707.927	182.76
770.109	278.1
807.789	540.122
378.885	1182.23
363.233	261.568
161.912	436.727
115.288	159.467
877.807	215.298
1322.72	891.957
674.444	581.42
587.964	727.683
853.127	1275.1
1355.62	917.341
1119.84	152.424
372.134	604.078
118.408	129.212
578.161	729.659
459.035	1216.08
595.856	1311.04
168.715	880.163
442.217	236.543
612.833	1349.79
598.512	595.183
730.471	904.58
299.711	1411.46
431.753	416.928
126.611	653.884
275.871	1364.14
338.379	1073.8
1476.18	1442.93
444.479	246.284
389.564	1346.15
260.979	539.91
183.028	599.742
187.777	1093.64
1490	1490
1397.97	663.55
1348.18	1054.52
1392.1	1288.3
294.498	645.157
758.032	923.673
116.626	653.342
234.736	711.521
1206.62	1370.44
314.167	424.317
390.432	872.258
137.007	602.451
1286.75	574.574
540.217	414.153
582.41	1154.12
360.899	1338.68
1370.77	260.756
562.466	1114.11
435.857	407.809
1350.67	436.313
1360.67	436.111
814.953	377.756
458.68	114.177
566.118	285.212
771.561	379.992
133.165	388.793
920.133	951.01
294.46	730.39
816.086	387.692
1490	1490
594.678	735.094
438.922	445.443
128.966	596.506
267.67	1358.42
854.361	1265.18
109.544	660.402
246.941	90.6515
227.744	925.099
1387.19	1409.46
1378.05	267.611
1490	1490
353.474	657.215
619.116	1357.57
373.488	594.17
1354.61	1074.64
1490	1490
1490	1490
409.296	930.734
885.134	208.493
629.104	1101.14
723.517	917.289
880.002	996.821
1321.99	442.973
597.001	744.82
115.533	1300.45
1362.01	131.733
189.041	941.801
340.081	228.31
325.163	639.559
1490	1490
821.582	1390.06
1490	1490
1402.86	676.314
119.305	593.926
857.514	842.888
1357.99	1052.59
822.5	1083.78
875.156	988.074
1479.36	1433.45
382.51	589.857
1490	1490
566.947	990.414
1412.85	676.75
623.316	1366.64
230.581	352.649
819.972	148.04
293.843	1369
396.545	1338.99
511.139	1290.78
291.937	1417.75
1369.57	565.173
1030.26	1263.48
229.686	934.909
138.355	877.076
537.758	638.718
1260.26	1064.92
316.536	434.033
354.409	233.454
1218.35	1236.56
173.462	871.361
303.227	167.273
534.437	1320.58
530.953	233.384
804.54	549.579
770.827	393.151
660.672	569.292
1490	1490
281.864	399.775
1352.69	120.545
389.537	582.742
554.238	439.952
119.387	168.588
1490	1490
1384.26	275.451
1171.28	1027.38
1239.28	1193.38
426.987	403.19
940.034	643.37
1220.39	1392.63
123.185	388.157
793.709	526.393
1401.76	686.253
606.34	1116.2
357.026	1038.46
1073.59	300.243
1367.76	443.169
628.667	1354.6
1218.15	1246.56
637.648	1095.94
1490	1490
111.123	122.362
889.107	199.316
922.581	543.895
114.564	383.089
867.513	842.708
622.18	1376.58
464.459	106.016
1259.24	395.591
1038.39	426.979
911.907	1405.34
283.255	1422.71
874.163	213.195
571.933	1351.41
225.496	715.345
1033.7	418.146
171.629	177.86
582.525	571.786
131.085	883.942
321.906	1318.15
853.252	1255.24
123.902	876.985
1385.62	1251.8
836.551	1296.28
638.615	1353.58
276.97	1374.08
110.646	1309.17
105.328	160.36
716.929	680.002
603.471	1304.56
336.065	1083.53
827.81	141.83
1364.61	912.968
1078.47	140.282
1490	1490
528.156	1328.36
1354.17	660.234
852.38	1245.28
1490	1490
1490	1490
832.286	1085.84
1208.23	1245.31
907.834	662.586
358.561	1080.79
1128.82	156.814
1364.31	1077.07
834.294	134.217
708.595	160.318
1262.32	578.397
562.281	445.893
651.343	582.627
1274.59	969.288
450.776	1221.72
1373.15	1081.74
772.735	834.354
181.714	948.606
1227.53	1250.03
1408.79	1265.21
1049.59	1166.63
1235.28	241.334
360.482	669.187
371.876	1175.09
588.592	1002.12
1410.06	1234.93
1361.15	1043.1
1168.5	645.732
128.935	1298.19
1104.73	482.328
1033.24	1273.03
1217.61	112.683
1442.4	589.548
579.794	1163.77
1367.82	429.116
434.484	246.622
572.04	448.075
616.857	1385.04
435.661	415.085
101.277	1138.15
880.763	979.793
691.876	601.773
630.32	1118.21
1394.26	275.631
645.843	1101.67
1490	1490
881.777	200.367
1490	1490
124.095	866.987
1490	1490
624.812	1391.1
222.772	724.967
1363.84	419.941
1255.2	1380.04
1150.1	661.342
926.968	943.71
1098.56	490.196
1236.57	1254.29
510.683	264.527
113.793	1318.67
708.44	150.319
111.86	1113.43
1490	1490
580.201	442.296
934.094	570.534
230.216	215.871
1378.4	1414.22
314.713	1311.2
1353.44	179.545
653.53	562.293
1420.03	1355.8
120.331	178.543
1402.74	270.338
1257.8	1389.69
1490	1490
1226.13	107.451
920.144	1411.01
565.35	1358.94
394.083	614.443
1271.6	267.215
1285.72	597.202
1349.48	925.233
394.177	573.884
794.862	552.097
105.128	386.4
972.331	968.579
1376.4	252.489
215.204	914.129
1284.22	971.979
830.423	478.885
376.665	872.027
1490	1490
1490	1490
982.755	1022.37
618.464	1398.83
255.805	217.357
1071.13	133.492
826.079	388.041
472.022	99.4734
1490	1490
207.212	905.35
975.371	959.052
96.8721	165.698
558.42	1104.96
1368.73	1411.7
1063.69	298.882
530.402	645.492
1296.65	573.144
121.626	188.459
206.664	1257.58
326.255	1081.59
1430.02	1356.24
133.217	618.604
832.833	395.416
603.023	752.804
375.247	862.128
1054.22	1157.77
212.223	902.459
845.12	1373.64
1358.71	112.559
930.74	538.113
1258.78	397.825
929.375	1414.86
877.486	843.434
1370.6	1039.84
356.119	1347.46
1228.96	249.089
1220	751.578
1490	1490
1490	1490
168.042	1131.36
157.67	882.997
1273.97	563.79
1161.91	638.208
557.169	988.318
102.578	396.069
394.511	563.89
394.285	1046.8
1262.36	640.783
313.12	165.813
1490	1490
631.199	1398.8
1117.07	706.571
698.834	594.591
306.007	1306.28
811.804	1392.16
1043.16	1274.25
652.858	1108.8
1222.33	1402.44
1048.99	1158.55
1222.18	121.574
1398.92	695.841
893.661	213.717
525.499	654.207
112.962	1267.99
113.309	585.923
1057.47	291.05
1246.48	1252.96
167.76	1141.36
840.073	388.517
388.843	1371.26
1205.36	730.644
399.747	868.623
1314.86	1323.26
1083.92	759.843
1305.29	1333.35
984.848	955.859
1387.05	1296.93
1490	1490
1363.41	103.731
1490	1490
403.039	609.995
479.327	92.645
1201.7	752.752
92.6551	397.309
322.008	170.397
1406.42	279.64
1418.23	1268.51
116.967	859.973
1490	1490
1197.68	80.8225
1252.05	388.638
365.404	860.364
300.823	652.902
239.68	934.566
950.03	643.061
1025.07	1244.2
1410.34	1358.26
1140.73	657.85
1306.31	391.772
1438.64	1361.31
1349.14	668.881
417.579	936.337
518.272	228.13
1211.35	918.239
404.031	560.827
1416.3	281.16
847.204	1304.9
1405.32	703.523
1133.55	991.157
358.133	867.228
930.931	659.791
407.911	862.848
108.215	670.313
1134.49	650.03
347.141	1036.95
838.277	403.805
915.976	1385.8
426.573	931.967
935.993	939.403
761.139	282.522
1400.73	712.41
839.119	125.458
1407.81	665.376
1490	1490
640.945	1401.03
98.2175	670.529
279.989	104.513
783.751	525.477
715.609	694.323
1490	1490
588.979	992.13
1490	1490
1199.53	70.9962
1208.96	1360.72
295.388	740.347
321.31	417.318
1193.26	1025.3
274.267	1418.33
1374.28	1049.14
812.105	827.268
547.625	985.333
1490	1490
1348.79	1082.77
691.718	683.31
1377.41	1299.59
362.966	1179.63
915.998	1420.11
938.534	1418.87
178.433	399.563
1490	1490
1490	1490
572.977	721.108
1159.64	628.47
820.11	1093.49
1261.75	1398.88
107.427	862.971
657.14	552.967
1490	1490
1056.8	281.073
1490	1490
1490	1490
1379.5	563.975
1259.91	1074.91
234.448	552.276
1195.87	760.878
165.614	1113.5
1490	1490
108.728	1327.29
390.64	923.797
1351.16	647.032
347.522	259.734
1258.29	260.406
240.499	351.373
810.379	1091.19
1226.77	258.844
1230.28	1189.02
1490	1490
419.387	939.707
1422.28	673.436
993.672	951.154
1413.57	657.205
1490	1490
1213.42	1406.98
489.326	92.828
575.132	289.542
1255.13	1247.94
84.539	391.467
1384.19	1047.77
1393.05	1052.4
1268.29	555.557
703.92	141.398
1128.34	477.785
857.039	1306.71
1108.98	712.446
1427.96	1266.22
1034.55	408.181
114.608	373.089
563.886	725.275
89.454	675.346
1054.21	1147.77
1490	1490
895.542	191.662
1203.43	1406.82
686.722	691.973
662.201	1105.23
586.513	434.539
954.694	651.906
539.89	404.158
1207.33	64.7304
286.796	97.1862
498.457	96.905
1205.3	910.273
1308.81	382.089
1490	1490
1421.44	289.737
1101.88	499.629
196.574	1088.88
431.221	256.074
166.584	1151.29
118.383	850.073
1228.45	756.926
559.751	1367.23
375.829	885.897
713.518	917.12
964.397	649.485
475.69	83.3299
85.2931	666.253
777.915	517.357
1490	1490
91.0923	673.829
1490	1490
1490	1490
358.118	224.167
537.815	983.395
1490	1490
1238.04	754.068
1490	1490
295.466	92.2035
1130.14	467.948
1227.84	766.907
1490	1490
1490	1490
451.187	1231.71
772.664	508.846
824.206	1102.61
531.356	975.761
105.347	114.198
1468.36	1449.16
1490	1490
879.046	833.556
826.563	1295.79
862.409	1269.94
933.263	580.5
817.465	537.595
110.669	1337.1
889.042	833.811
1229.87	776.698
368.14	675.619
991.857	1026.52
1129.37	982.073
380.831	925.741
257.089	227.274
595.779	430.78
309.652	1410.38
751.149	923.999
1046.83	281.854
793.646	562.023
638.585	1410.75
849.688	385.769
115.512	677.152
849.321	388.083
770.311	523.851
1490	1490
1377.28	1246.28
468.095	76.8247
337.486	1034.34
595.488	759.379
636.977	1420.62
1391.8	685.288
237.399	922.495
469.033	1216.29
318.26	1415.47
183.112	868.74
1193.52	1408.15
1219.81	266.027
183.113	858.74
1191.43	1410.23
1250.08	1073.1
1080.03	769.056
91.9983	1141.87
113.537	108.461
503.986	95.6851
103.128	1108.56
1490	1490
87.339	168.718
475.565	1208.72
806.827	1400.84
1490	1490
516.674	1282.46
1490	1490
512.884	91.1211
175.569	1155.68
86.0339	1149.9
297.169	1426.27
285.945	1413.07
1364.52	556.544
597.366	769.201
1026.82	401.837
999.412	1033.07
517.943	99.7474
605.591	428.851
366.352	587.165
1490	1490
1372.5	99.5517
760.312	523.996
645.066	1345.94
914.026	1429.92
1258.01	380.609
609.403	1296.51
1137.58	481.613
1048.88	1282.45
909.44	648.466
1446.13	580.272
818.811	1074.49
785.117	549.855
1325.54	882.361
1490	1490
1490	1490
515.522	653.519
99.063	868.452
1490	1490
707.969	132.255
1371.18	135.726
1460.58	1455.45
1292.53	966.424
381.871	576.374
448.792	447.047
890.002	996.888
920.498	936.085
617.457	1290.58
579.653	1173.77
1326.81	872.443
1185.02	1417.9
523.805	107.848
175.311	1111.06
1363.19	1420.02
583.469	284.02
1120.44	986.59
703.914	123.114
106.494	1316.41
201.095	1079.96
858.971	390.705
903.113	640.722
845.175	117.5
545.938	632.966
109.964	1347.07
709.891	115.097
509.741	645.359
88.7189	685.319
1191.81	64.6409
119.751	686.209
117.16	363.42
1490	1490
1200.07	1356.15
1184.05	58.3416
1423.87	274.621
1236.7	231.436
1070.05	769.731
711.569	144.633
225.397	548.025
413.452	854.523
676.982	689.709
847.514	107.778
820.267	1111.81
377.897	567.197
1490	1490
286.139	390.735
122.414	198.428
1092.41	502.828
855.419	101.654
1169.97	1037.29
520.687	84.867
1490	1490
1342.4	1090.46
532.523	105.143
1377.46	445.602
319.912	1089.32
865.416	101.924
307.199	1404.22
86.055	694.957
1175.21	1415.93
96.4801	109.575
610.058	1404.24
247.401	940.92
1360.78	1405.63
767.827	921.657
1161.72	618.689
1239.31	779.988
1384.97	269.83
894.915	181.681
1490	1490
811.979	154.05
1433.36	271.48
1044.44	406.75
1195.38	731.172
285.126	389.095
1387.95	1399.49
982.991	946.033
1086.87	145.717
106.178	1146.86
297.503	1436.27
1369.35	1240.19
1490	1490
1490	1490
841.984	1083.4
97.5771	878.341
383.217	858.523
1452.09	1460.72
94.031	407.214
593.453	283.457
427.458	265.34
1031.14	1236.25
99.0511	415.863
800.395	1090.62
1427.05	298.014
1418.42	1229.43
556.015	1376.5
175.244	408.85
1490	1490
1490	1490
947.767	1422.71
812.383	1409.15
644.913	1426.7
1108.51	507.115
417.374	400.436
671.984	1103.16
907.028	672.554
848.999	93.9872
946.857	646.994
866.791	1308.92
1305.74	372.57
651.404	1434.31
1020.27	1263.11
1346.35	186.59
680.687	1108.09
1050.27	1138.58
664.901	546.661
867.841	386.088
1490	1490
557.643	290.521
114.518	840.85
184.443	391.571
102.882	1354.13
312.384	412.809
1248.9	782.846
1380.49	139.377
591.917	568.353
411.314	615.61
184.406	1160.36
1113.23	993.51
795.518	1099.35
377.754	672.868
1490	1490
1345.85	1099.85
1428.4	1228.82
1247.89	752.379
314.597	443.843
353.261	1177.22
1127.79	972.199
1124.49	650.166
755.126	274.532
1343.09	917.534
1490	1490
239.379	543.577
871.969	1267
1057.74	1287.1
536.085	224.801
816.78	1418.13
1398.71	1060.64
899.443	679.07
777.584	923.847
1397.99	722.026
777.4	933.845
343.325	1176.1
1490	1490
1490	1490
414.985	390.725
350.924	269.137
1099.07	713.801
1399.7	1044.93
101.145	1306.06
94.6965	887.917
605.812	1413.3
811.376	1067.8
1448.21	1469.94
901.487	174.144
814.188	817.487
873.882	378.119
916.057	1439.71
1490	1490
761.069	395.337
815.923	1428.1
1245.81	1082.14
1218.97	911.767
1408.58	1040.33
1069.45	123.634
455.424	110.301
1438.63	1362.1
623.811	1282.86
1431.4	677.546
1196.49	905.552
1490	1490
105.514	1363.78
1490	1490
1490	1490
1300.6	363.991
1490	1490
362.185	215.031
1175.61	52.9666
1287.86	957.582
1490	1490
105.314	836.941
387.613	671.192
761.84	267.121
777.961	913.854
600.748	1421.92
351.517	859.73
221.381	929.338
333.075	1025.37
1490	1490
1061.36	135.623
538.091	215.005
1125.07	166.084
82.376	387.583
1187.69	80.3142
442.941	455.156
1490	1490
973.263	1025.52
876.285	823.945
81.7156	1158.92
643.288	588.553
596.496	779.163
1442.42	275.713
103.416	587.381
1039.7	1168.15
114.925	353.673
1427.09	308.014
123.937	851.543
1226.39	1179.81
341.517	859.69
580.133	1183.76
375.912	934.448
598.672	1431.7
810.735	1436.65
1257.77	753.977
840.307	477.367
426.248	946.983
547.947	216.697
332.864	1085
1490	1490
133.101	852.394
131.425	1288.5
910.32	1377.56
1129.52	146.838
575.396	457.495
124.344	384.726
850.807	84.1519
1137.5	461.178
1138.21	640.745
1490	1490
595.9	984.912
612.618	755.622
224.09	705.445
903.661	213.774
556.006	731.43
244.415	950.464
434.672	926.101
99.05	1371.41
873.812	814.256
392.226	1380.67
514.133	663.422
360.501	266.258
89.7457	704.252
114.532	1322.48
952.509	1431.52
86.4875	109.959
529.992	405.588
553.994	741.226
528.533	78.6667
1490	1490
111.279	126.567
1252.56	576.205
1063.24	115.798
689.189	1102.83
276.449	1381.69
754.98	532.456
548.011	1382.5
1317.59	868.584
120.352	101.142
304.762	95.8882
367.041	929.831
1142.04	996.436
1191	1360.36
408.305	625.147
526.005	68.9914
977.954	1013.6
1490	1490
1356.79	1427.71
224.637	734.792
925.163	927.24
1379.62	278.278
1345.6	1109.84
1251.87	789.298
535.142	64.9265
1377.42	1032.53
1207.64	111.883
1056.8	108.148
1215.38	274.991
542.389	103.512
141.689	613.291
1490	1490
605.578	987.432
137.693	606.748
872.929	95.3246
661.31	1432.95
1030.14	1165.22
1490	1490
1490	1490
764.707	291.864
264.766	1421.45
752.708	389.852
1490	1490
551.018	108.566
457.406	452.127
554.23	118.036
1147.49	482.896
614.561	983.04
266.537	1380.37
589.463	1161.22
971.862	642.832
1015.36	1241.8
594.751	974.978
911.447	175.043
870.271	850.358
82.765	711.412
987.91	965.378
625.37	1296.7
1105.62	516.687
77.5559	1144.6
1350.13	117.683
912.581	1449.08
561.248	1114.55
521.484	977.357
413.396	557.321
1115.36	499.831
935.692	668.585
1490	1490
1027.32	1281.09
333.333	1176.51
984.063	936.09
723.655	688.386
1490	1490
908.52	222.515
583.968	1010.99
772.288	905.619
875.806	847.142
1311.76	400.154
716.76	907.66
260.157	1372.67
1054.25	404.792
1490	1490
358.784	935.472
850.303	477.661
774.199	288.718
805.926	162.009
1490	1490
544.545	61.5247
1231.99	123.519
322.793	449.573
91.5921	1378.07
1217.27	65.7788
543.628	51.5669
1490	1490
709.377	900.914
699.905	155.53
850.16	1077.64
308.246	86.5148
788.077	1106.03
1490	1490
539.174	1387.18
458.13	77.6616
702.78	893.4
421.256	614.534
1210.04	283.451
476.482	1198.76
356.185	1337.46
1490	1490
1387	442.61
76.9545	379.181
1053.5	1129.12
1490	1490
1164.77	1045.83
775.447	943.653
745.549	277.41
1437.88	1264.98
863.761	1279.84
112.109	1258.03
926.082	564.549
1336.53	870.056
696.625	885.518
95.0021	1387.47
1061.98	272.517
344.829	1037.96
1450.87	571.465
1368.63	450.296
336.448	851.07
449.232	1223.42
116.563	576.467
212.915	934.661
1217.21	1175.85
705.589	106.07
422.801	858.071
332.868	864.709
604.13	785.623
1490	1490
594.073	965.001
827.043	540.468
1490	1490
1069.51	779.717
1243.18	384.024
247.874	211.266
475.634	1188.8
1399.89	731.845
1017.35	398.608
424.251	274.811
1112.62	523.823
1243.99	238.28
1210.65	1183.4
905.437	164.957
695.658	104.891
519.85	671.627
1490	1490
187.327	388.25
1341.95	1119.15
400.297	921.202
1020.2	1164.16
1155.39	610.948
985.676	960.318
69.979	1138.07
1415.17	1032.81
524.459	413.917
601.237	795.195
397.568	670.248
283.902	400.481
666.387	1441.57
102.194	1098.6
897.45	828.396
85.8106	1391.41
613.835	423.189
103.204	1270.17
1490	1490
797.92	571.063
880.311	1261.49
688.422	891.237
151.651	614.163
1490	1490
523.508	1289.76
407.446	859.578
76.5889	111.379
344.302	250.266
890.733	674.159
254.18	233.133
194.354	1072.58
855.142	1263.07
209.755	1084.96
692.996	112.753
1490	1490
98.2929	829.82
1226.48	786.105
1162.45	1055.56
1490	1490
801.296	1439.95
542.349	394.466
465.74	1187.35
1165.72	54.4305
712.43	703.805
916.618	228.382
577.217	299.322
1361.65	1436.45
349.989	940.231
859.176	473.049
330.208	1186
878.278	369.137
1202.66	1177.39
132.232	196.528
1309.16	358.811
69.6893	372.309
516.642	986.106
1146.05	455.997
86.7927	720.565
1390.48	139.054
954.658	1416.74
1193.75	1181.93
121.443	669.1
719.849	116.022
1490	1490
871.467	395.408
1394.32	435.797
621.969	759.163
113.711	1248.16
1119.52	966.562
1403.55	741.148
234.535	359.401
291.745	1444.44
1156.36	50.9041
1068.09	789.615
778.024	556.904
602.936	805.05
1156.25	600.986
1490	1490
566.929	1106.32
843.952	76.8708
1200.49	1018.39
635.344	1295.97
1490	1490
1304.36	406.873
1264.17	1252.23
1064.18	1148.53
795.752	1448.27
1209.93	1193.37
485.546	1187.48
919.11	238.066
443.636	1215.13
141.108	1291
1267.65	752.452
87.3982	656.477
1399.28	134.293
139.558	189.721
786.062	1445.8
326.708	848.801
98.3891	1089.35
1198.08	108.943
1490	1490
355.121	876.764
119.322	1350.6
251.192	1368.24
829.594	128.501
987.693	926.773
575.41	467.495
1490	1490
1490	1490
304.729	743.917
623.481	420.555
1010.2	1163.93
511.392	1273.96
1371.38	89.6144
234.466	343.398
757.012	298.25
1065.05	1280.27
1490	1490
279.166	409.288
343.413	1179.67
109.479	569.408
79.459	1168.66
687.909	1092.91
116.124	561.935
1008.82	393.395
1442	566.847
547.782	125.68
120.004	104.243
1040.51	1140.76
1490	1490
424.566	387.86
1081.02	153.826
1056.43	264.197
1490	1490
1490	1490
1490	1490
1490	1490
1010.59	1265.61
1490	1490
1490	1490
1490	1490
1000.16	398.4
546.987	975.353
140.746	623.246
244.312	234.757
567.272	286.495
353.216	1029
1005.97	1025.52
241.245	203.779
96.7885	1116.29
382.421	848.555
328.99	839.065
213.477	1094.25
1409.26	134.928
334.705	253.076
1005.22	384.064
428.115	378.511
1003.33	374.245
1405.14	651.834
1202.29	1407.1
1404.48	1068.81
594.396	810.252
583.411	563.095
1432.61	570.274
398.97	1373.29
254.778	1421.92
1217.49	1355.5
1470.57	1439.41
1490	1490
943.048	578.438
1413.48	1022.95
1120.78	998.436
820.969	158.429
341.06	935.727
1070.04	278.436
1358.03	1445.77
1301.87	970.011
159.57	1144.16
1351.11	195.382
625.091	1306.69
348.475	1047.28
1060.06	769.378
1242.66	577.625
564.228	117.824
1315.2	350.844
1248.27	1063.27
1347.67	656.403
1355.54	638.843
119.696	344.885
903.605	1370.15
624.832	1316.69
257.254	939.21
633.462	419.934
1490	1490
838.808	68.2953
1337.41	860.095
111.587	553.023
996.293	921.669
1490	1490
1490	1490
787.513	925.034
239.785	560.733
960.966	1436.85
1269.7	1243.9
1063.25	400.444
691.155	160.372
967.655	1444.29
817.798	1290.98
598.52	1165.45
771.01	396.42
366.568	889.669
977.105	1447.56
549.756	402.532
263.829	1363.37
531.255	1381.07
389.364	681.038
114.185	1152.85
1490	1490
808.857	1286.5
445.747	460.3
95.7533	425.303
694.075	1085.04
710.432	97.321
1159.08	1064.98
567.494	1096.34
330.307	1166.97
88.0505	895.389
591.602	819.854
70.0162	1171.95
305.847	733.979
825.33	1412.95
590.923	1420.06
1490	1490
1490	1490
93.2525	1269.18
795.137	931.505
324.53	1194.24
315.384	1190.19
854.82	1263.81
1236.84	376.289
1410.88	747.958
227.297	930.725
1205.27	1202.22
1272.87	743.923
143.148	180.388
146.965	1282.89
557.764	214.796
1344.01	876.687
461.288	1178.39
879.877	88.1324
753.876	516.343
1389.27	1409.4
513.944	636.285
977.04	1034.78
1430.24	560.557
991.629	974.661
326.799	458.735
1490	1490
1490	1490
452.26	1210.07
728.919	111.811
1436.45	1222.89
582.59	824.189
1076.9	794.352
1147.36	46.5515
1458.31	564.784
1490	1490
418.711	260.494
573.916	829.164
411.613	605.615
602.323	278.84
1143.51	463.377
1213.36	1407.95
1002.76	408.055
1311.86	969.69
324.472	1407.63
1216.7	788.219
1471.64	1452.69
691.03	96.0259
68.7728	1181.88
928.899	240.11
75.3043	665.779
408.847	1374.86
797.102	581.03
818.155	1121.58
1209.5	54.9697
1471.15	1429.42
1185.73	1187.9
681.598	92.7054
1490	1490
1003.58	418.022
129.947	105.312
156.378	1279.52
806.104	1059.3
735.98	280.312
859.823	1075.07
705.438	923.011
1490	1490
123.63	91.6944
1318.8	382.42
1014.86	1020.94
876.782	403.878
522.272	1385.46
901.12	688.929
1036.83	1229.11
515.834	1265.01
994.54	911.824
132.046	391.104
1226.34	61.5579
332.64	1413.4
1216.84	290.783
522.893	1394.06
1141.51	447.091
1319.93	342.033
776.225	522.889
1419.93	1015.31
1373.56	458.996
299.51	752.447
1490	1490
351.95	1328.4
566.742	210.392
1352.94	1399.43
690.234	93.1375
577.438	1095.28
768.768	259.91
410.108	255.397
1455.4	584.036
66.4113	362.862
670.655	1429.39
97.6139	1079.38
787.12	580.43
1227.97	226.563
822.084	1130.78
796.05	163.584
234.814	237.884
569.246	838.007
784.854	547.24
754.418	294.875
561.502	1124.55
776.099	1444.94
138.428	204.377
1366.56	566.332
354.942	1019.15
966.42	1454.21
1130.24	658.348
1414.35	1070.42
331.015	262.37
90.2669	1400.36
1117.71	642.816
214.307	703.375
226.532	337.311
1028.96	1260.8
308.709	76.5255
435.967	372.318
879.317	78.1481
1443.59	1455.45
888.892	92.4591
84.4092	178.279
433.366	458.041
129.622	343.674
163.945	1286.05
682.915	166.037
545.005	745.608
1348.9	1449.83
1448.1	1358.88
601.736	958.577
1368.67	79.9891
938.745	241.857
1210.68	261.955
1354	876.125
1490	1490
1362.83	1232.61
1490	1490
1140.46	39.3183
82.6986	1373.5
1432.5	1213.7
705.758	933.006
1490	1490
1420.29	751.325
133.37	862.39
128.455	82.9355
65.3651	666.88
952.271	582.303
1228.53	908.825
1376.89	1022.54
532.463	1294.21
256.615	1412.09
1490	1490
1490	1490
187.953	849.989
1106.41	531.657
863.229	463.907
89.0331	1074.25
1054.97	1119.22
1157.49	482.852
1364.75	1453.18
782.585	294.165
1252.33	1054.13
205.983	941.869
1114.31	490.978
674.834	547.812
102.258	1340.7
769.202	561.613
1426.24	759.366
74.7104	180.715
1490	1490
1202.48	724.139
1490	1490
1195.2	717.286
1490	1490
1356.66	567.749
640.491	598.154
653.275	588.05
526.113	423.78
1217.46	1417.07
744.662	383.914
1490	1490
60.0348	1139.13
1255.41	1257.07
1490	1490
645.32	1295.28
100.297	399.42
868.005	1069.32
1253.71	774.078
986.099	1443.19
893.805	695.747
1424.35	1070.2
1053.95	98.5611
78.054	895.656
1001.7	904.846
1490	1490
1011.54	903.057
134.016	74.6247
1208.75	716.349
157.964	606.407
1490	1490
80.7369	1068.66
706.765	162.805
729.517	287.943
1000.52	1161.43
1004.03	928
398.646	931.065
686.241	175.468
1436.77	310.531
1490	1490
70.301	889.34
1490	1490
422.567	561.307
269.186	409.927
1465.31	585.335
696.624	1075.37
873.161	1077.89
890.263	1262.46
445.482	111.384
1490	1490
1490	1490
537.981	752.725
304.353	105.88
110.404	569.09
73.846	1061.42
1363.72	873.797
310.013	1087.89
580.865	449.123
714.134	88.0316
795.844	590.95
562.175	845.078
881.261	1083.75
1052.37	139.996
827.064	1403.1
882.476	412.099
1490	1490
50.4566	1136.25
1490	1490
1139.48	52.7099
1490	1490
382.613	838.556
1428.47	1204.55
1490	1490
539.751	42.3487
360.763	1170.61
1490	1490
1338.76	660.941
93.4164	587.433
155.471	1153.28
1490	1490
54.6634	1127.18
56.0226	663.314
681.096	884.431
1444.29	572.348
229.135	696.81
1198.3	1168.38
187.646	1065.16
1259.85	795.322
673.855	553.948
1192.44	1405.41
310.529	1198.93
103.922	891.777
881.805	1093.74
996.581	960.397
1433.26	766.491
676.434	84.142
257.589	213.637
1490	1490
452.821	1173.07
959.156	1407.81
1490	1490
100.113	565.906
1490	1490
435.721	113.557
1086.46	791.428
1242.16	1091.46
826.92	166.465
1075.77	286.627
1366.24	1397.25
726.746	678.876
916.137	565.596
642.871	423.322
371.696	211.945
1369.78	881.754
91.4502	434.33
747.935	374.464
677.858	74.2439
860.878	1254.87
241.668	1365.19
221.276	1100.51
899.711	1259.19
574.303	558.968
824.65	1423.61
820.654	821.944
616.573	1396.66
435.526	259.43
1122.72	175.805
126.155	68.4442
1058.61	1297.06
1490	1490
237.211	533.815
1282.25	740.468
169.204	1294.56
1443.34	1273.36
1490	1490
771.383	952.79
40.6168	1134.47
1092.98	706.635
99.2364	707.402
1236.03	59.1073
427.454	107.931
93.7342	1409.74
321.285	264.68
647.835	432.002
1434.08	1353.2
716.434	165.357
1490	1490
1490	1490
1247.21	1100.09
68.6052	1052.9
994.202	1437.33
764.56	570.47
752.515	506.436
1068.61	293.606
1364.25	556.604
523.217	993.641
859.472	380.615
533.495	234.46
578.018	1193.53
885.312	70.1449
1339.74	1445.82
906.786	1457.23
1370.3	1037.01
1236.04	1177.18
736.681	680.012
1436.53	1198.62
46.7925	659.466
143.593	77.5041
1352.74	920.161
591.888	578.353
1253.48	241.451
1372.63	1389.55
1064.84	390.57
98.5301	836.911
517.639	1001.94
672.958	97.7404
917.012	1370.13
1429.91	1014.69
63.7979	380.389
88.5466	837.486
1260.51	234.346
363.921	224.88
1073.99	160.941
261.733	948.151
1375.09	1044.48
705.824	101.988
1187.39	909.698
1160.86	492.266
1247.74	798.406
139.659	107.692
1490	1490
1340.2	118.905
1184.33	1411.26
1439.91	1015.08
429.04	553.685
1490	1490
1490	1490
1370.25	866.224
83.435	1271.09
61.0253	885.603
124.064	58.6652
121.011	1241.32
1072.95	803.539
695.496	924.088
1354.26	1227.45
817.996	1075.29
320.398	406.828
1490	1490
694.792	1111.11
117.655	134.271
744.325	686.46
686.211	927.803
1096.26	513.168
79.6223	1164.65
769.243	249.921
868.989	860.276
1174.33	1411.37
1125.59	958.61
1490	1490
1490	1490
1226.94	374.888
1209.53	44.9697
704.556	697.64
405.297	388.247
368.782	668.453
1313.34	334.51
1361.23	1242.48
442.094	364.415
1379.29	436.242
87.8435	595.736
432.789	858.569
1350.15	929.82
873.608	869.145
415.967	248.461
1373.51	71.2412
1339.9	850.411
1490	1490
1046.39	1232.01
903.334	820.311
336.513	456.362
1344.54	187.85
1347.63	572.036
99.606	416.075
197.295	853.558
1217.63	1345.5
1349.99	205.318
1371.23	1242.26
192.901	841.299
335.596	1041.68
771.515	1453.83
827.69	176.436
1331.27	1451.14
795.064	1113.18
1245.62	1180.03
610.644	284.387
548.668	386.715
82.5864	1281.05
405.269	676.628
584.826	305.811
837.258	467.843
515.253	680.508
882.546	60.535
311.392	266.137
967.792	1464.12
1453.72	593.895
753.886	683.529
992.872	409.519
1077.4	271.668
1490	1490
1165.78	1406.17
775.126	405.534
1490	1490
738.786	370.427
1357.5	549.222
228.016	529.883
1155.07	1074.14
672.314	1419.53
200.455	834.747
86.4242	646.524
1177.73	912.299
1490	1490
1490	1490
1204.44	1009.2
114.222	1368.7
587.395	1094.36
1208.46	1401.12
895.238	68.924
1363.02	632.215
193.526	396.097
100.472	1341.64
391.105	1367.12
1009.33	1034.94
959.373	575.262
1175.51	902.548
126.533	577.247
1357.67	936.412
1490	1490
1004.11	428.007
342.737	1086.59
912.38	243.619
564.303	559.1
1344.29	1404.44
1172.2	1057.77
249.763	560.058
698.575	876.991
1219.58	368.121
807.401	574.243
33.0905	1127.89
1334.58	186.884
921.811	1452.93
713.172	713.777
896.416	1249.75
313.987	747.697
548.604	37.6984
1044.34	101.297
825.484	119.636
1355.78	1217.56
846.483	1258.06
1490	1490
1218.39	1361.77
1490	1490
69.819	104.019
77.8617	595.133
1312.16	413.122
530.87	1000.08
946.255	235.254
1490	1490
1446.7	311.697
1337.95	569.503
1490	1490
301.088	1448.01
784.871	517.865
1490	1490
836.935	538.998
1490	1490
262.84	1417.69
563.269	549.154
1490	1490
1292.13	738.9
676.566	177.997
237.968	692.122
997.17	895.932
767.6	909.098
1490	1490
1376.55	566.753
769.435	283.132
1211.76	706.81
73.4419	1270.71
662.261	592.437
897.048	1454.96
229.41	1094.69
990.632	1159.91
276.912	393.33
583.331	583.529
234.679	196.236
440.898	852.717
1086.32	512.048
232.379	1368.89
1000.97	1262.88
1240.79	50.3107
78.9664	834.619
467.893	75.4976
1263.65	775.083
229.704	743.413
867.49	407.574
837.062	1403.3
70.5673	829.192
1435.87	1188.64
631.963	759.51
872.012	468.688
729.029	368.235
1238.72	586.817
427	450.33
1415.99	142.325
1382.6	67.0619
836.683	1260.05
1042.64	142.307
1490	1490
891.754	1094.75
342.6	1412.51
301.697	1457.99
66.8198	1278.21
1059.16	254.579
300.207	71.2606
520.554	1256.19
1375.61	857.778
975.762	941.667
1490	1490
1198.97	1158.41
300.543	1198.4
1031.45	1136.54
214.649	735.276
308.854	114.81
983.177	411.969
828.645	186.39
704.74	1112.12
114.127	57.5464
323.886	749.112
195.988	941.569
1490	1490
691.945	1066.53
1046.56	262.576
198.456	937.077
1435.03	1460.61
880.843	50.6812
952.145	227.173
242.901	683.424
782.422	293.519
369.883	1174.71
685.159	937.748
290.566	1199.08
421.447	99.9364
1243.51	567.661
1402.91	430.679
798.213	1457.96
380.255	828.839
1296.87	400.241
1102.84	708.29
250.342	1430.89
1490	1490
1380.42	426.307
1440	1005.08
621.96	989.768
724.339	669.17
361.233	661.894
1426.66	1224.92
1050.77	765.684
1490	1490
557.914	41.3496
362.65	1032.32
1490	1490
523.927	636.87
1382.61	416.549
1385.55	858.819
886.304	1075.12
1490	1490
695.428	867.499
258.14	957.483
799.04	1288.4
1394.32	863.618
1490	1490
519.132	967.638
1066.99	248.352
818.824	1397.43
1490	1490
760.359	579.545
186.639	378.274
1456.67	312.413
694.821	695.351
882.009	468.94
682.208	1068.81
121.348	550.85
1426.77	310.473
229.839	187.486
1490	1490
327.352	1047.34
668.01	75.9791
190.107	405.495
872.023	361.335
757.29	692.932
318.885	1400.39
58.5792	875.907
1490	1490
1417.24	1005.68
362.751	1160.81
236.8	231.248
78.7325	726.484
750.032	388.956
1490	1490
1490	1490
666.296	66.1271
776.498	961.383
1022.35	1289.76
1443.17	765.175
558.707	540.255
148.051	113.131
330.293	741.434
519.77	1403.56
1490	1490
209.139	694.814
652.305	1288.12
229.465	232.367
664.075	551.862
876.842	352.573
1107.71	642.835
329.242	1198.9
475.737	81.7008
1086.63	502.052
488.065	1177.8
1261.01	805.254
781.731	413.042
1117.84	952.282
714.239	938.306
1292.45	748.895
523.944	231.495
993.371	373.327
1336.52	1398.14
410.377	1384.74
283.487	1192.02
1148.14	439.609
868.15	864.094
908.775	1263.41
517.72	1413.35
1405.64	1016.74
234.554	1086.11
889.184	822.769
210.273	744.268
895.713	705.564
901.551	713.682
713.487	1116.97
516.295	408.144
1237.49	559.68
762.652	1458.46
590.839	556.4
994.655	1255.12
49.4703	1144.04
825.351	1140.23
1170.7	63.1022
82.8357	439.409
178.511	1290.9
99.3677	1418.01
631.88	988.51
346.585	1013.66
663.225	100.038
1403.04	858.719
196.653	392.548
529.885	40.7224
792.246	1295.74
1490	1490
412.71	104.801
568.096	1192.29
209.685	684.829
73.9802	904.789
1259.39	1047.05
1490	1490
571.232	124.962
978.357	1044.69
760.758	500.775
708.894	1125.85
566.368	1182.44
1428.09	1078.62
526.014	49.9428
1490	1490
405.037	264.016
1294.5	963.248
556.311	1127.42
672.017	1409.53
944.756	249.848
901.421	721.512
243.903	340.088
509.267	965.999
330.269	756.81
1200.76	105.553
1338.74	123.724
607.895	950.699
1397.03	1403.09
559.043	1175.63
1490	1490
545.297	377.3
1059.16	794.124
803.466	925.972
680.12	1432.62
655.707	438.169
1049.42	796.391
1490	1490
794.61	1279.43
1041.23	91.7932
1066.24	1270.35
1490	1490
1080.06	810.566
542.114	1291.59
675.989	1400.35
440.742	842.718
1036.21	149.969
546.483	1125.57
608.468	1166.48
188.301	1288.86
1490	1490
1165.05	1416.15
272.775	1416.55
71.0789	732.92
1107.91	951.172
1219.96	220.573
528.015	753.557
1376.91	888.767
765.559	303.441
334.46	1207.43
706.78	721.467
786.756	1273.24
846.92	539.545
1490	1490
518.408	750.784
794.456	515.013
718.558	125.938
773.305	970.17
390.732	662.95
666.577	177.526
96.1792	1427.48
1040.51	254.61
657.994	1296.35
449.061	858.493
1490	1490
1266.37	226.241
871.005	344.453
97.8205	819.831
1207.23	697.892
1241.42	67.5343
519.945	1423.1
567.786	39.7557
826.947	1257.77
501.768	1276.68
902.866	721.412
355.849	1319.19
1490	1490
66.5375	174.953
195.248	414.072
1421.32	1233.38
1098.47	639.02
1343.84	669.554
965.117	567.077
1145.43	1071.47
792.163	297.04
1140.2	1062.95
691.639	1056.53
268.867	419.922
508.361	1005.67
78.3801	605.12
308.009	1440.79
69.8713	610.373
318.794	854.913
181.993	1056.91
1209.77	283.712
1462.37	555.643
521.548	672.737
1188.93	725.074
1251.31	1041.15
1090.8	151.776
1075.17	282.681
671.307	882.39
105.478	1431.16
1490	1490
398.853	941.063
759.32	912.046
1188.52	106.008
817.364	573.385
524.096	626.871
456.051	1205.43
813.43	926.819
600.28	944.497
1412.83	429.402
1036.94	1219.11
616.248	1172.76
1248.04	590.449
840.47	1393.9
239.687	742.819
1350.2	1389.81
76.1461	446.841
1069.83	767.243
1161.35	1425.44
420.377	1384.8
1424.09	1353.66
1130.49	1065.33
95.9631	643.523
66.2833	1288.19
1140.26	62.3826
271.991	384.625
1249.51	600.34
1036.65	82.9023
1171.62	920.217
1324.3	1458.31
977.179	1024.78
1189.1	1160.03
899.933	1379.45
1384.34	425.269
579.91	592.925
1260.16	1247.82
1490	1490
917.018	1269.07
827.664	180.208
1043.62	758.691
192.433	423.668
722.018	281.327
246.201	673.984
557.585	288.976
129.474	333.675
829.224	65.4407
1155.87	1407.5
682.618	558.766
988.795	1247.02
198.151	1287.13
1490	1490
861.886	1062.91
1205.29	1173.86
558.676	1195.65
100.948	1119.63
1315.74	960.473
1228.2	1363.7
562.691	559.866
1421.89	433.627
618.878	999.281
1096.87	629.149
784.143	1301.6
1264.89	757.906
1245.38	55.3846
405.877	1374.8
1490	1490
1253.95	609.299
323.527	449.286
1157.88	437.345
60.5579	100.247
547.64	290.023
1490	1490
908.312	710.203
1311.29	423.083
338.639	735.924
1396.87	1075.29
1341.78	1401.62
1201.01	1148.62
169.002	1304.56
277.414	376.223
652.818	1278.13
1162.12	1077.55
769.846	979.553
829.259	196.371
1089.31	814.378
60.5718	1296.4
1346.61	214.731
966.568	1401.1
254.19	569.025
719.048	368.851
549.883	965.782
203.594	1095.77
1419.15	1362.35
1326.01	186.041
1490	1490
484.525	86.4718
1464.76	306.524
180.27	403.699
871.534	850.605
256.407	967.332
1328.77	124.436
1360.86	193.16
1453.16	1271.46
1427.91	300.538
1246.36	1261.32
1370.54	1461.34
1011.53	434.715
989.032	1169.78
701.241	170.946
1490	1490
420.53	610.14
124.905	857.065
197.845	1277.14
1034.38	1254.33
591.523	939.668
878.721	40.9089
1145.87	1407.51
1240.39	366.939
1257.06	1101.81
1093.55	823.433
205.3	731.726
446.603	355.489
1490	1490
953.647	217.286
1490	1490
1490	1490
578.885	840.669
1264.17	814.741
1372.76	629.938
208.295	686.281
346.626	1315.33
1013.56	417.553
1214.24	1007.25
1087.34	272.776
58.8593	1272.15
1194.05	100.989
819.089	1412.09
1185.61	734.508
999.151	886.131
562.48	1087.69
220.399	329.413
129.194	323.679
408.756	939.67
506.956	1015.57
712.274	283.573
1256.73	250.906
776.528	904.595
1407.41	850.953
757.275	304.488
760.211	982.231
692.08	555.531
1037.66	159.863
245.362	1439.56
119.918	319.943
777.009	527.996
275.524	427.385
1130.64	65.0947
361.446	1310.91
246.688	964.978
1418.09	298.628
770.406	498.144
61.107	832.433
802.142	296.394
301.095	1203.96
913.508	575.245
151.722	614.22
809.142	1394.93
853.172	1273.67
57.0889	178.227
254.906	929.49
1173.67	53.5528
341.43	465.07
271.302	951.056
917.102	714.972
1199.49	1210.38
482.433	1169.54
176.711	377.08
869.698	75.4149
283.688	1182.02
1055.14	1306.44
122.153	586.237
406.035	1364.8
54.1904	187.798
451.446	1220.04
109.668	402.91
367.922	1303.29
1490	1490
960.944	231.926
1331.6	561.782
79.1917	1382.86
173.594	367.578
315.39	864.316
1154.37	483.105
296.482	761.977
1041.02	749.034
266.643	935.769
1377.14	1397.74
1138.91	1400.33
1410.67	737.96
1274.69	759.905
506.394	409.55
1441.14	755.384
1222.27	1425.84
223.857	1363.66
1490	1490
814.184	1084.54
1490	1490
877.703	878.269
574.037	203.552
41.7757	650.816
1326.52	553.17
712.995	729.301
1490	1490
858.219	411.321
410.113	1394.74
1490	1490
588.578	843.126
1217.72	997.87
1079.74	765.936
1179.15	1160.98
585.035	458.212
40.7968	667.47
884.448	1065.29
167.889	607.629
719.612	271.621
705.427	1135.23
706.518	736.919
826.416	55.8432
54.066	1303.99
1490	1490
178.959	1070.12
455.217	463.512
67.4805	1042.96
1460.31	321.73
125.581	541.79
976.22	1398.48
1026.3	148.637
324.392	1056.89
315.508	122.275
491.888	1278.23
1490	1490
1490	1490
673.01	1064.88
884.922	1055.3
1490	1490
352.138	657.737
506.456	1025.56
60.7287	1035.59
420.537	457.961
709.189	367.179
190.26	1051.29
1086.87	629.341
1286.59	969.367
1490	1490
68.2583	165.102
1433.39	1272.43
910.08	827.693
986.913	1150.63
533.331	640.27
1490	1490
1417.27	852.609
105.911	644.546
1254.45	51.1725
687.968	1118.42
899.935	1100.5
818.095	829.613
190.154	949.691
1490	1490
925.509	562.107
1199.93	103.407
1251.44	791.962
1413.44	289.776
527.928	997.468
346.205	473.857
567.134	196.316
1179.17	722.896
1490	1490
1064	1123.53
521.43	617.233
1019.19	141.604
1467.08	569.584
1423.75	136.018
1490	1490
573.4	820.707
418.363	90.424
679.054	1113.89
1490	1490
987.557	1140.65
152.614	73.1886
569.827	1176.25
518.627	239.964
1217.03	1335.52
967.019	1413.99
1444.99	1184.55
38.6411	641.32
79.7614	175.349
1490	1490
977.13	1152.7
1306.28	327.425
519.642	222.468
1350.26	677.218
1426.48	126.399
1236.29	41.3803
526.687	31.2475
295.563	1465.89
881.516	850.005
1490	1490
1388.05	1080.01
1382.88	1030.55
177.879	607.174
519.956	960.18
1490	1490
1449.84	1006.87
124.213	1369.11
1366.12	1224.43
909.888	1099.53
148.204	202.272
1039.43	796.069
354.249	652.463
1229.26	553.999
681.742	540.581
848.621	408.513
1236.69	1358.42
831.708	1258.54
414.776	238.532
422.328	546.273
182.079	1287.2
763.859	991.542
783.427	571.137
70.5248	455.112
320.504	872.909
611.064	1405
1345.18	1231.63
1448.41	773.69
220.774	183.262
1490	1490
1088.99	832.33
160.087	1144.41
364.855	234.836
67.4194	742.226
498.165	403.868
49.134	172.168
817.771	50.8166
715.081	665.39
1490	1490
1490	1490
923.258	1276.89
905.694	1246.02
898.807	93.7647
1454.58	998.06
397.192	382.389
1490	1490
371.19	1184.63
297.071	771.96
1431.4	430.532
1043.1	88.455
1415.88	729.427
669.195	1115.56
561.668	1077.72
1023.93	1016.71
65.7994	113.176
1033.92	1016.47
186.947	611.388
27.1781	1135.95
159.163	1134.46
1440.44	426.264
572.267	454.23
1022.27	412.631
366.854	1293.34
1182.99	740.33
458.947	859.999
904.133	64.3564
1257.41	260.883
1490	1490
631.698	749.514
699.59	1050.47
131.788	533.95
1317.32	549.237
130.713	210.739
1179.29	109.846
303.319	272.039
1490	1490
641.767	990.012
1458.09	1358.41
1079.61	622.464
184.552	835.795
1435.14	293.633
101.321	435.932
700.593	1143.98
1088.65	842.324
424.594	619.277
1132.38	178.397
1244.98	375.821
262.821	975.004
1383.71	896.098
1459.93	989.616
612.758	1168.75
1041.57	74.1999
1016.59	443.337
620.317	281.852
1459.1	1010.63
1040.8	270.748
513.477	1395.79
1319.81	342.134
1153.93	1432.14
193.42	603.766
632.569	769.492
245.413	330.203
1490	1490
1013.69	1043.94
377.79	1304.91
1268.95	216.579
773.376	994.614
981.501	1054.19
557.702	1068.54
1409.62	303.949
907.225	583.024
1490	1490
1468.91	1008.68
877.007	1049.19
697.444	857.705
666.541	873.599
1490	1490
1240.4	32.2618
1490	1490
180.207	950.719
1443.74	594.536
713.277	263.884
484.117	1159.68
1038.44	64.7047
1224.43	1435.6
1490	1490
510.277	218.96
1371.9	442.985
667.684	1293.87
804.338	1086.29
354.301	227.611
1490	1490
1490	1490
906.765	730.62
256.044	919.555
588.544	942.216
58.1035	381.301
161.933	69.5638
1013.97	1053.94
199.909	1048.66
1366.89	201.141
1267.6	206.669
57.7367	834.815
1153.39	1442.12
1490	1490
743.154	502.92
417.22	228.835
125.346	202.301
296.813	61.8542
911.955	837.516
1490	1490
391.169	652.959
1244.89	1352.7
799.886	1391.15
316.718	1095.31
1277.48	965.249
1084.91	851.601
1452.51	1363.6
314.773	1448.16
263.706	982.697
1490	1490
1490	1490
1490	1490
280.753	954.323
1317.58	1450.9
976.533	1468.97
1204.4	1142.39
1070.72	1261.4
795.606	932.153
1355.78	1382.96
697.358	1153.44
1168.27	895.648
1344.21	581.433
981.093	1240.64
128.193	1359.93
518.37	1248.48
540.964	297.469
630.097	776.534
1490	1490
60.7435	749.671
685.983	1400.68
1490	1490
580.703	121.752
905.799	236.09
1379.1	903.91
1248.57	26.4993
598.572	842.772
1239.81	356.955
1490	1490
924.289	552.181
488.894	95.4672
709.029	746.599
656.268	1306.2
1274.03	813.047
530.421	1257.82
1490	1490
1490	1490
766.402	1467.73
836.78	164.794
1034.36	102.035
726.176	119.459
629.839	786.531
1400.72	736.888
1392.02	63.7285
905.837	1387.52
1338.12	1224.55
88.3351	1433.69
686.396	1390.69
1031.27	751.246
1399.63	872.096
636.053	1291.52
1490	1490
1074.76	391.771
915.951	587.91
1348.21	577.917
1421.55	1086.19
80.1171	1439.38
1490	1490
1105.29	508.876
105.567	1128.5
382.457	1362.09
1402.81	881.577
976.05	418.984
1083.54	144.904
887.291	1457.15
1490	1490
205.965	1293.37
1031.7	249.889
1085.04	700.559
292.089	1443.65
1490	1490
623.697	794.422
162.433	1287.2
1378.27	903.527
1079.44	400.609
1026.97	1219.88
765.509	1445.84
1248.79	352.557
1342.16	223.687
555.586	837.555
135.463	219.539
1319.91	969.565
1490	1490
1310.07	1457.5
1076.67	501.101
106.663	713.86
1480.07	1491.15
1230.48	544.074
825.297	205.553
479.677	99.3465
1490	1490
914.686	1108.31
660.601	57.9072
72.7083	1446.1
1371.99	1451.44
134.88	545.468
1176.7	748.106
1490	1490
971.11	427.679
1454.76	603.841
779.006	247.753
1075.92	696.444
1490	1490
587.808	599.059
587.232	555.263
569.94	592.152
1450.64	985.917
1145.71	44.8869
58.4356	90.4744
879.558	888.095
591.199	1091.53
717.976	1130.03
729.512	287.949
348.193	483.657
784.883	239.663
1393.97	1067.83
505.363	1389.94
1373.81	208.355
886.899	700.839
459.934	1225.32
1197.62	1001.89
291.208	53.5727
73.7222	819.702
1490	1490
51.725	83.0603
254.67	972.879
226.229	1376.78
1374.26	900.275
490.95	396.944
139.741	527.888
697.74	1040.64
324.504	846.703
1490	1490
1099.43	945.86
1120.61	1063.78
1392.44	742.486
811.687	1067.54
826.085	813.547
45.7185	1153.31
914.204	597.756
1382.99	745.758
881.82	897.836
1183.88	118.728
558.577	388.058
372.96	1358.96
253.869	340.904
1450.42	425.628
758.414	491.053
170.526	948.216
498.484	390.368
216.592	174.179
1078.47	859.245
1469.37	548.503
699.732	109.918
218.061	528.936
1009.2	142.064
130.849	1239.53
1490	1490
690.506	850.504
1490	1490
529.77	1424.96
223.6	1110.23
757.504	1472.3
770.475	283.824
1167.13	751.01
1075.35	265.949
111.491	1238.26
556.306	51.2195
1172.56	115.782
1020.72	1227.69
223.153	224.611
700.356	561.144
1221.6	560.423
809.612	45.0347
1042.24	55.4549
388.937	939.768
1154.98	1452
960.341	1393.27
529.962	678.141
63.3308	1025.93
1490	1490
1490	1490
239.679	666.403
195.188	373.086
1239.98	540.945
162.544	59.5825
626.132	1174.28
1441.03	1452.62
439.017	553.001
43.6236	88.9227
378.94	939.53
1265.19	1107.63
1227.35	227.307
1197.03	907.058
1490	1490
761.609	589.467
428.917	1390.01
109.866	1228.39
815.987	917.151
1489.44	1480.02
63.8082	462.521
1142.94	1075.06
1490	1490
193.487	593.766
109.939	319.295
1045.81	1214.49
62.9624	101.136
805.415	584.044
1490	1490
1409.74	1358.98
547.289	305.214
1084.96	821.465
120.667	1231.33
413.491	948.477
613.001	294.105
1079.45	755.941
87.859	1170.32
1490	1490
1411.71	886.13
1244.52	784.746
144.784	546.852
1490	1490
1490	1490
111.875	1438.85
262.502	992.624
689.367	1428.81
626.083	1290.74
173.355	410.923
128.741	1378.02
506.111	1379.97
1200.46	916.452
515.422	1376.32
1360.12	1375.53
1490	1490
69.7832	155.219
52.5573	73.095
1429.15	1092.68
1026.8	241.173
49.0254	377.107
1490	1490
322.938	1453.93
880.824	31.1325
883.867	907.624
494.081	83.5245
709.444	1052.17
109.601	309.301
856.049	535.464
1490	1490
507.518	1035.5
924.979	542.205
293.314	1179.31
380.858	818.857
628.729	1164.62
706.092	852.683
924.617	1109.48
242.742	1449.21
879.079	916.403
1069.17	1260.04
1114.85	635.831
1167.43	440.323
1278.77	218.429
434.153	622.215
208.374	828.64
1384.73	755.605
297.704	71.5852
1383.81	208.325
1111.1	1060.68
417.215	80.4901
1189.73	1008.04
589.269	545.473
622.347	745.969
860.111	421.14
104.032	1332.3
348.553	737.23
363.385	1356.08
115.38	203.122
390.784	817.643
1490	1490
1371.34	1252.26
66.4376	1453.89
787.453	1106.7
971.751	942.947
381.289	1314.27
585.438	608.774
824.382	920.123
1243.06	385.635
1311.86	1442.7
1128.96	1401.34
1433.65	1445.87
839.113	529.238
1402.32	727.015
930.119	1284.16
804.717	1110.57
1265.13	267.245
193.409	959.147
815.554	1058.31
793.919	306.885
559.3	1117.88
60.975	67.6965
220.622	234.816
598.954	1085.22
720.943	945.726
749.492	913.896
1490	1490
1214.03	292.759
71.3705	469.064
1490	1490
1242.73	1270.64
287.007	758.779
163.363	941.237
1159.64	1460.84
34.6967	1136.09
67.6451	60.2461
490.512	384.331
1427.05	1183.93
277.284	1199.86
1490	1490
1158.39	755.859
735.975	121.452
1465.8	539.161
43.6655	677.049
210.562	535.552
1031.7	802.411
896.12	1370.2
512.44	612.853
359.354	1328.56
50.1302	881.257
135.869	1230.88
779.088	421.723
1100.4	619.795
268.798	969.296
492.673	1288.2
560.365	589.266
1060.83	1114.04
698.574	1074.02
583.967	202.371
1148.44	754.781
499.679	963.158
518.237	25.8994
491.22	957.824
1233.48	1266.85
559.412	968.814
589.86	194.292
1490	1490
1170.7	1166.33
609.321	1002.22
866.86	428.52
120.117	1444.51
1206.42	903.613
999.548	144.667
508.107	1416.1
1078.97	854.875
1490	1490
620.362	774.247
539.937	678.858
885.574	347.698
790.82	1386.93
566.684	382.203
779.384	279.283
514.329	974.814
404.898	240.089
375.4	826.295
157.006	117.581
468.485	863.005
1241.57	19.3523
1490	1490
29.4538	1118.57
1464.55	605.879
425.271	536.716
1138.14	439.466
958.663	1468.2
287.944	1472.36
100.076	306.255
1172.31	44.5348
640.415	744.615
1069.75	620.812
1364.93	435.82
1385.97	1040.06
61.2866	605.245
1211.64	1327.1
1124.48	57.2112
170.079	1144.01
925.984	1119.38
1196.41	1211.59
231.532	520.522
1210.07	894.305
703.069	1078.7
1025.62	1144.66
320.257	882.906
309.765	74.1991
1301.44	424.826
17.6619	1132.88
326.319	1463.34
1330.95	1231.51
1064.6	1264.66
207.777	1086.69
66.3628	477.719
463.88	468.508
475.622	1154.41
65.6609	123.175
1053.64	262.762
1346.1	686.311
537.585	1300.5
534.289	304.915
187.795	585.543
1019.15	1299.24
244.679	196.211
776.896	1271.58
886.588	1373.22
1316.81	950.53
425.21	109.201
342.301	659.538
1297.6	434.06
357.113	1152.55
447.866	345.569
282.926	47.9685
424.031	242.321
529.598	59.2786
707.253	1087.78
1382.57	1088.38
62.8401	51.4762
54.6892	458.416
269.231	1407.2
290.669	1169.67
1026.07	759.79
1275.03	1105.84
395.078	808.612
968.133	238.877
275.341	437.383
591.609	465.748
1176.75	443.934
502.452	613.338
549.839	829.372
1490	1490
1490	1490
701.929	1162.34
298.857	115.029
861.176	80.6483
670.735	93.4349
508.692	748.417
481.223	958.044
1354.28	692.066
1490	1490
124.124	57.7853
1127.64	950.278
1401.26	59.8886
50.127	196.935
1021.8	1148.07
179.792	1146.39
695.74	1402.87
561.962	59.4667
1386.31	568.945
331.406	443.127
1176.77	37.8377
1037.53	166.06
861.074	345.629
722.657	369.419
107.049	723.853
1121.32	944.553
917.936	607.033
1248.6	74.4887
1489.86	1470.02
1191.27	1220.17
