Saved a vector of rrt <nodes> points.
X	Y
490	490
482.64	483.23
475.977	475.774
488.394	480.13
473.646	478.858
477.599	474.594
474.405	477.557
482.934	473.235
473.208	479.907
476.488	465.787
465.985	476.19
475.469	465.787
475.077	465.814
476.871	465.814
491.591	470.655
477.176	465.846
466.205	477.897
483.391	469.063
463.895	476.64
475.622	465.78
463.783	477.209
463.666	478.232
477.97	464.6
477.662	464.594
476.614	464.642
463.768	477.302
463.647	478.789
463.661	479.397
475.986	464.724
464.2	475.577
463.711	477.72
463.648	478.664
463.839	476.905
463.215	479.556
463.248	479.015
463.405	477.935
463.51	477.469
463.369	478.122
477.017	455.801
463.23	479.246
463.274	481.048
476.68	455.789
476.072	455.795
455.985	476.172
476.255	455.789
455.988	476.43
455.986	476.072
456.039	475.155
456.196	478.232
455.985	476.218
455.987	476.349
456.085	477.601
456.012	476.916
477.683	455.847
453.676	479.95
475.139	455.792
455.99	476.497
456.034	477.171
455.986	476.056
455.998	476.697
476.795	455.792
475.15	455.792
453.655	478.283
455.998	475.676
456.028	477.109
475.005	455.797
453.293	478.305
453.259	478.614
476.572	455.787
478.566	455.943
453.218	479.314
453.562	476.166
479.017	456.017
475.411	455.787
453.899	476.387
475.3	445.787
453.937	477.558
475.89	445.865
475.575	445.905
475.348	445.941
477.225	445.803
453.833	478.202
475.216	455.788
475.348	455.784
475.663	445.841
477.033	445.795
475.303	455.785
453.871	475.887
453.942	475.437
475.603	454.885
453.667	478.361
477.657	454.605
477.005	454.647
478.396	454.609
453.71	477.291
483.055	455.99
476.2	454.701
478.471	454.613
453.911	475.618
478.592	454.62
477.296	454.6
453.947	475.405
475.395	454.717
453.706	477.343
475.264	454.734
453.962	475.329
453.647	478.738
453.676	477.78
482.363	456.428
453.647	478.69
443.828	478.213
453.667	479.739
444.626	475.695
475.301	454.729
477.784	454.594
443.94	477.666
453.851	476.015
453.719	477.2
453.664	479.666
466.068	489.102
453.672	477.88
434.179	475.493
478.863	454.64
477.783	454.594
477.848	454.595
475.132	445.792
453.663	479.606
477.823	436.161
443.947	475.884
478.06	426.163
453.716	480.441
443.665	477.843
479.393	416.253
478.519	406.291
453.225	480.009
443.586	475.905
453.225	480.011
443.789	475.195
453.369	477.464
453.272	478.328
453.493	476.815
453.516	476.449
478.947	396.3
476.467	386.613
469.113	379.836
453.6	475.97
459.407	377.429
453.268	478.38
453.585	476.046
453.221	479.198
475.998	435.812
475.652	435.794
475.671	435.794
477.284	445.804
453.613	475.906
476.852	445.802
453.533	476.32
453.232	480.152
453.225	479.098
453.646	475.751
454.989	485.243
477.374	445.807
476.176	445.836
476.177	445.836
453.326	482.067
477.553	445.815
453.583	476.054
477.031	445.795
453.474	476.678
486.447	452.472
453.216	479.364
453.495	476.539
453.534	476.31
488.355	462.289
445.986	476.317
445.986	476.022
477.845	445.835
445.994	476.583
477.029	445.795
475.653	445.804
475.197	445.834
491.227	458.542
445.999	475.648
475.073	445.845
476.044	445.792
476.171	445.79
477.583	445.817
446.032	477.37
479.103	446.021
475.033	445.849
445.997	476.859
470.38	378.678
446.014	477.152
476.23	445.79
487.963	464.702
445.987	475.9
446	475.537
445.985	476.17
475.248	445.829
446.255	479.315
476.254	445.789
445.992	476.714
446.012	477.121
475.205	445.833
475.365	445.82
475.604	445.806
479.535	446.123
446.01	477.097
478.363	445.892
445.993	476.746
475.014	445.852
445.994	476.76
446.07	477.994
476.005	445.793
446.038	477.636
447.171	482.538
475.934	445.795
444.52	475.928
472.144	489.85
443.68	479.659
475.953	445.794
475.129	445.792
444.234	476.657
443.909	477.802
443.883	477.927
443.679	480.21
444.421	476.161
443.917	477.766
444.763	475.415
482.024	446.838
444.476	476.031
443.753	478.713
443.808	478.328
443.912	482.11
479.984	446.115
444.112	477.031
444.574	475.808
477.39	445.808
443.729	478.919
443.702	479.236
443.681	479.643
444.058	477.211
443.694	479.345
424.191	475.976
444.232	476.663
444.127	476.981
476.888	445.791
443.682	480.306
443.937	477.682
444.127	475.247
443.683	477.544
443.746	476.943
443.88	476.177
443.9	476.083
477.076	426.189
476.459	426.254
470.344	418.341
443.679	477.592
443.694	480.543
470.424	419.707
473.339	417.348
444.105	475.318
444.172	475.109
479.368	416.249
443.805	476.562
471.287	410.397
443.344	477.296
478.48	396.291
443.759	475.287
486.134	392.826
487.43	438.937
443.754	475.303
486.606	382.837
443.574	475.95
443.314	477.566
487.123	372.851
483.401	363.569
475.085	358.015
443.509	476.241
443.69	475.517
443.546	476.07
443.36	477.154
443.224	479.669
477.563	348.327
443.278	478.002
443.302	477.693
473.804	376.974
480.599	446.152
443.218	479.425
443.282	477.944
480.131	446.066
443.235	479.902
484.572	447.701
443.218	479.223
449.599	375.477
443.22	479.53
443.298	477.731
480.079	446.058
443.225	478.936
443.222	479.005
443.34	480.876
443.23	479.809
443.536	481.819
443.223	478.976
433.948	476.787
443.221	479.033
476.175	435.826
443.287	477.866
475.335	435.787
443.281	477.959
443.611	475.181
476.127	435.822
443.22	479.091
443.35	480.934
443.313	477.579
475.729	435.797
475.133	435.789
475.576	435.791
443.218	479.273
476.505	435.86
475.441	435.788
478.843	435.935
433.737	478.4
477.481	435.806
477.304	435.803
414.196	476.282
414.357	474.16
405.43	469.654
414.724	472.755
397.199	463.975
387.42	461.884
377.671	464.108
422.183	466.094
406.911	462.518
477.597	435.81
477.77	435.818
409.143	461.749
475.219	435.788
443.226	479.735
475.008	435.792
477.752	435.817
443.223	479.646
478.774	435.924
477.752	435.817
443.287	477.87
443.227	478.889
443.356	477.19
477.752	435.817
443.235	479.912
443.298	477.733
443.218	479.2
444.044	483.295
443.223	479.653
477.012	435.795
477.789	435.819
479.03	435.967
443.365	477.107
477.951	435.829
479.173	435.995
443.218	479.321
477.775	435.818
443.236	479.928
443.228	479.764
443.221	479.592
443.288	477.853
475.37	435.788
443.225	479.697
485.623	362.964
485.436	362.994
477.918	355.206
443.22	479.07
443.221	479.051
477.205	435.796
443.308	477.622
476.469	348.112
443.225	479.711
475.336	338.176
443.283	477.93
480.873	436.492
443.225	479.708
443.302	477.684
480.637	449.908
443.229	479.795
476.824	338.354
443.285	480.474
443.224	479.669
414.314	474.415
443.231	478.803
476.765	338.359
443.24	479.984
443.301	477.703
476.185	338.423
443.361	477.143
482.128	437.087
443.219	479.16
477.025	338.342
477.163	435.796
475.966	338.456
443.355	477.195
443.228	478.857
443.227	478.868
467.246	384.523
443.278	478.005
482.262	329.822
481.411	319.859
473.81	313.361
467.736	305.417
458.723	301.084
462.657	291.89
455.708	284.699
447.92	278.426
458.111	380.454
443.393	476.898
443.218	479.241
474.322	391.59
437.931	278.899
443.257	480.199
427.957	279.609
422.196	287.784
413.168	283.485
403.353	281.568
399.892	272.186
392.935	265.003
384.486	259.654
443.284	477.907
375.965	254.42
378.778	244.824
469.679	397.989
443.221	479.065
380.594	234.99
443.298	477.735
380.571	224.99
443.232	478.769
443.218	479.227
373.509	217.911
363.554	218.866
404.196	476.305
448.258	378.75
360.563	209.324
356.284	200.286
356.457	190.287
357.844	180.384
348.051	178.358
478.158	435.847
477.646	435.812
433.989	476.425
433.941	476.715
433.908	476.951
434.246	475.352
434.051	476.115
388.424	218.799
397.64	214.918
355.016	224.072
434.247	475.349
396.349	288.706
434.143	475.722
338.271	180.441
433.828	478.265
479.594	470.175
475.121	435.789
434.147	475.707
433.83	478.005
341.676	186.685
433.892	479.345
329.524	175.593
319.57	176.555
433.829	478.381
433.924	476.831
311.207	171.072
313.024	161.239
305.464	179.259
433.859	477.43
310.396	151.591
388.754	295.211
450.001	491.328
478.279	338.353
295.688	177.154
289.362	184.898
281.984	191.648
280.121	201.474
273.567	186.248
272.336	207.75
265.714	180.057
433.833	478.531
255.756	179.141
477.253	435.797
492.387	452.395
424.186	475.134
424.186	475.852
476.896	435.796
310.558	141.592
313.94	132.181
323.001	127.95
388.59	305.21
323.126	117.951
475.072	435.79
300.975	144.447
345.021	224.388
328.301	109.394
424.201	476.151
292.683	138.856
478.877	435.94
323.076	100.868
330.062	93.7122
479.185	435.997
476.117	328.206
284.628	132.931
329.329	83.739
339.216	82.2356
476.763	426.217
424.184	475.192
480.237	459.9
475.217	426.506
478.536	426.186
424.18	475.404
478.228	426.169
424.195	476.047
471.149	418.936
471.493	418.622
478.822	416.192
477.857	416.165
475.332	416.543
470.559	419.55
475.741	453.569
424.195	476.054
471.074	419.008
470.182	420.004
478.207	416.164
472.399	417.921
471.181	410.546
477.559	406.422
424.181	475.697
471.588	410.002
470.774	399.964
481.61	396.781
476.857	396.43
477.439	396.349
424.18	475.626
472.163	398.57
448.436	488.245
394.236	477.206
475.682	396.702
425.637	480.692
479.035	396.304
469.837	401.329
469.762	401.463
470.146	400.824
472.964	397.976
475.899	396.64
469.751	401.482
470.889	399.827
438.254	275.865
468.894	403.576
471.831	398.857
424.181	475.283
470.696	400.062
476.452	396.507
418.168	277.562
424.18	475.626
470.062	400.954
475.451	396.773
397.958	273.148
475.03	396.919
475.076	396.902
390.416	255.325
375.737	264.497
378.834	251.404
476.835	396.434
378.698	244.801
473.912	387.66
470.617	390.768
474.837	387.184
471.101	390.1
468.307	380.831
469.322	379.616
467.485	382.217
474.162	376.882
424.192	476.002
459.851	376.066
459.621	376.689
459.486	377.13
424.18	475.364
459.412	377.407
459.44	377.3
486.452	386.076
449.606	375.442
449.481	376.211
449.512	375.986
449.53	375.865
354.174	222.333
346.974	203.935
338.891	182.368
338.219	176.535
449.519	375.936
451.961	384.105
424.228	476.474
405.895	480.474
424.189	475.06
346.897	203.732
409.264	482.88
424.196	476.063
424.23	476.499
424.18	475.363
449.498	376.083
351.943	222.762
420.334	465.833
424.181	475.697
485.448	458.675
449.632	375.321
329.241	184.739
329.475	185.198
449.626	375.349
449.408	377.556
481.362	475.304
449.646	375.257
424.179	475.478
449.579	379.278
443.367	487.444
449.413	377.792
319.535	176.051
449.483	376.194
449.409	377.216
311.339	170.875
449.481	376.212
310.591	172.153
301.207	170.972
468.532	405.771
318.068	152.604
296.496	183.683
295.475	178.794
295.586	177.703
301.108	147.883
296.402	183.486
295.717	177.025
302.85	145.028
487.354	429.855
381.263	301.835
280.806	179.722
290.026	168.912
270.491	204.166
424.18	475.581
424.18	475.641
264.811	181.417
264.994	212.519
307.555	142.002
259.631	220.96
247.331	184.527
264.928	214.467
449.439	376.633
265.418	214.97
290.958	172.661
246.81	183.609
404.221	476.992
262.523	209.672
237.035	185.717
396.405	465.346
484.606	380.803
245.799	178.215
228.461	190.863
278.854	215.334
393.667	454.619
377.554	460.253
388.486	451.941
320.022	108.445
469.446	415.231
246.281	175.943
450.365	381.701
223.798	199.71
321.654	101.923
327.214	99.4534
288.85	215.038
285.381	132.024
378.597	304.832
339.913	91.9929
324.544	85.3726
214.577	195.841
275.409	129.057
340.052	94.1537
209.282	204.324
277.282	126.146
200.003	208.054
320.805	78.511
207.884	188.411
347.245	101.101
269.782	119.531
193.981	216.037
449.497	378.767
260.166	116.786
190.599	225.448
250.856	113.137
180.708	226.922
242.173	108.176
347.941	77.3497
288.891	225.038
209.555	178.552
177.804	236.491
202.591	171.376
233.244	103.673
182.527	245.305
280.113	229.827
175.327	252.245
244.137	98.3703
357.859	78.627
281.007	239.787
224.687	98.499
218.528	90.6206
208.989	93.6224
200.054	89.1329
449.484	376.186
465.217	415.486
475.722	453.486
179.9	261.138
175.913	218.147
175.021	269.867
201.741	79.2763
192.438	75.6104
190.669	65.768
166.365	215.174
156.465	216.586
366.685	83.3287
320.109	79.8688
384.61	479.913
150.755	208.377
385.304	472.709
180.696	66.5087
384.245	477.616
142.17	213.505
132.225	212.457
390.259	468.031
182.537	276.463
386.674	470.663
129.657	204.901
176.719	284.596
197.374	58.3487
174.379	294.319
393.172	467.263
385.723	471.959
375.39	83.7679
168.614	302.49
163.815	311.263
163.231	224.595
383.871	78.4708
119.679	205.562
109.896	203.489
157.725	317.783
391.284	71.759
147.955	319.915
102.089	209.737
392.732	61.8644
138.529	323.254
92.1413	208.713
402.716	62.43
82.1868	207.76
399.887	457.476
482.388	479.776
384.516	474.857
74.0416	213.561
384.381	478.901
152.52	198.534
112.001	193.712
480.952	358.497
77.2415	199.068
416.434	454.905
191.021	281.757
492.165	481.877
483.722	382.594
449.441	378.261
131.956	315.718
187.505	286.271
475.279	328.176
387.588	484.676
193.124	294.542
384.506	474.9
69.7365	222.587
449.424	376.846
123.576	310.26
198.181	303.169
475.976	328.196
476.814	393.031
205.82	309.622
449.407	377.391
116.89	317.696
439.463	378.916
475.089	328.179
79.4789	189.322
214.332	314.872
384.237	477.096
475.439	328.176
212.788	324.752
72.2664	182.395
217.924	333.332
385.844	471.768
80.0685	176.14
84.0603	166.971
420.681	445.852
152.363	188.535
389.04	468.662
117.176	319.075
449.576	375.597
80.4139	157.659
127.366	306.441
108.774	324.498
207.665	316.628
98.9794	322.483
81.7679	189.812
485.568	396.127
477.115	321.249
388.829	468.794
478.753	320.458
472.531	315.262
384.307	476.019
93.2004	330.644
466.868	306.163
384.332	478.589
449.937	296.309
456.524	291.329
386.148	471.325
110.428	334.36
460.629	275.994
446.625	280.517
446.127	281.834
438.126	276.409
220.868	342.889
438.463	275.175
90.3325	340.224
426.128	490.68
136.46	302.281
438.125	276.414
470.74	316.79
440.081	284.635
449.504	376.039
216.017	351.633
415.171	457.269
92.6138	314.771
107.154	343.809
419.867	273.73
418.086	278.006
412.497	285.35
405.241	277.388
211.907	360.75
405.459	277.115
399.538	272.324
393.195	264.76
389.934	271.274
217.271	369.19
384.531	259.583
397.15	289.412
424.191	475.001
375.367	255.55
378.63	251.548
86.406	349.421
109.38	353.559
213.036	378.248
457.036	380.063
109.953	363.542
380.178	234.922
107.142	373.139
375.18	309.772
112.693	381.457
378.664	225.178
257.399	219.025
387.129	227.421
116.376	390.754
367.334	315.973
424.334	477.247
375.867	216.166
119.34	400.305
371.975	219.881
237.677	187.134
121.505	380.771
357.336	316.153
355.368	213.124
354.148	222.26
373.209	207.915
114.662	409.143
401.006	265.691
381.74	202.697
386.815	208.449
350.614	192.049
475.617	452.564
347.312	195.87
346.331	201.248
348.157	177.902
348.682	176.378
346.358	201.501
105.549	413.26
221.47	198.014
459.769	399.33
338.438	175.605
380.753	318.075
338.472	181.228
217.213	207.235
213.8	199.493
488.309	375.933
397.818	289.896
100.001	421.58
441.04	385.313
373.486	313.427
218.92	208.439
338.719	181.951
384.252	327.443
366.619	175.589
208.947	187.576
484.35	484.847
355.181	186.965
205.996	190.706
200.835	198.971
96.1621	430.814
194.408	216.342
191.14	212.684
454.538	310.166
93.2172	440.37
356.451	97.1955
401.49	205.689
329.081	176.497
403.229	206.626
329.552	175.544
193.101	225.999
184.142	233.084
405.633	208.908
328.818	183.705
177.36	236.345
415.39	206.718
235.667	100.581
388.778	244.874
385.486	271.674
356.87	98.3876
329.434	175.76
385.55	442.381
319.551	174.864
402.283	223.775
188.683	253.186
408.662	473.836
183.941	255.205
460.785	276.084
310.641	172.053
309.571	176.656
376.829	437.489
301.493	173.446
302.304	175.627
302.007	174.991
489.276	439.953
295.472	178.874
453.437	317.855
469.161	421.603
303.295	144.549
323.451	178.064
302.315	145.699
397.863	296.886
302.527	145.42
312.269	141.768
456.526	420.433
178.062	279.393
322.234	140.93
310.906	141.604
381.346	301.927
280.787	190.043
366.736	175.807
274.27	209.583
270.479	204.126
179.409	278.853
392.352	435.051
349.648	207.766
264.042	183.205
315.777	143.162
443.471	318.686
255.721	180.441
263.829	213.005
262.66	210.273
449.399	297.469
376.597	82.0084
399.586	205.109
264.262	213.649
245.769	179.65
264.521	213.988
315.298	142.875
246.267	182.295
414.213	476.646
415.3	471.399
405.366	221.268
315.192	142.816
267.186	216.322
407.217	212.04
246.133	181.86
308.613	123.718
246.445	175.494
415.339	471.324
414.204	476.489
406.386	210.069
414.497	473.522
456.108	419.613
383.906	314.045
415.391	471.227
100.066	205.326
414.22	475.218
325.493	108.235
331.44	112.395
399.339	77.6856
414.199	475.573
128.548	322.628
319.979	103.85
484.503	431.166
420.45	466.702
414.23	475.095
414.676	472.9
315.08	94.8624
76.3486	199.641
314.752	97.7281
315.843	93.9624
77.1225	199.137
414.317	474.394
414.218	475.239
337.031	86.5405
414.74	472.709
378.969	307.938
414.255	474.844
276.207	127.537
67.6816	196.134
68.4547	194.294
414.202	475.5
414.353	474.185
275.712	128.402
414.293	474.551
276.317	127.369
349.051	80.4269
277.982	117.509
414.291	474.562
424.477	472.493
207.42	386.522
279.429	124.388
411.01	68.0167
332.637	81.0679
263.273	211.976
398.015	195.234
246.91	183.804
209.478	396.308
476.905	401.068
72.5061	190.26
111.32	183.736
415.69	470.71
416.375	295.914
349.215	82.0742
210.381	318.522
381.31	91.8269
414.897	472.285
274.483	217.517
277.077	126.374
490.63	441.745
414.191	475.896
266.056	215.532
414.198	475.61
414.208	475.386
338.294	109.014
223.916	312.017
406.955	211.28
247.066	184.089
214.18	342.605
320.393	151.363
59.9526	224.654
107.009	319.235
319.729	80.9419
222.838	309.614
418.678	467.633
115.395	304.51
218.596	343.309
276.931	126.546
110.549	326.564
275.982	127.905
88.8059	152.221
143.423	184.054
77.9572	147.966
106.294	334.186
349.194	81.579
468.915	412.092
268.267	216.885
314.059	72.7047
95.0982	331.699
418.202	467.968
320.662	78.7511
311.244	63.109
231.549	304.703
78.7942	138.001
95.4462	340.389
384.926	314.514
62.7805	179.23
90.6623	316.931
264.525	213.994
414.739	472.71
87.3391	150.445
448.317	488.961
320.387	79.2628
392.884	315.936
346.979	75.9323
414.804	472.528
458.307	488.51
80.2631	128.109
349.181	83.0662
275.624	128.58
105.333	336.639
83.3456	118.596
245.776	178.515
246.105	181.758
246.79	183.569
485.126	363.052
112.191	344.204
117.751	294.792
87.9833	109.737
449.41	377.674
80.5714	342.397
86.8794	349.609
380.14	310.558
207.939	357.528
72.5127	121.79
493.034	456.711
223.112	358.68
198.737	275.396
263.772	212.912
450.237	381.418
440.711	495.453
80.8686	314.911
449.498	378.779
84.2588	309.276
248.908	186.428
221.301	364.18
414.209	476.579
382.107	312.824
86.2893	349.371
214.015	378.644
213.729	378.541
203.249	365.753
97.831	107.998
461.526	497.978
414.203	475.491
429.516	379.949
449.229	386.579
84.2578	359.188
476.502	338.384
383.319	313.708
476.325	338.404
475.409	338.562
476.111	338.433
207.418	386.521
262.879	211
77.4422	353.854
98.836	378.708
373.564	319.641
365.504	312.296
478.081	338.341
218.334	386.729
246.179	182.018
115.389	400.705
92.9986	304.778
109.779	398.269
378.625	311.99
116.524	284.867
110.188	404.335
104.509	387.203
455.286	375.94
475.537	338.535
122.685	276.99
76.7595	352.057
415.015	472.001
415.033	471.959
479.454	338.507
202.13	362.848
218.877	377.344
104.942	406.791
477.371	338.329
381.92	203.004
455.932	478.796
81.6705	101.981
347.347	315.674
372.869	324.301
414.211	476.605
246.473	182.859
264.205	213.57
228.993	295.035
210.507	387.923
439.653	376.515
106.74	415.245
491.272	400.344
478.183	338.346
222.408	381.735
439.644	376.418
97.7022	419.459
109.318	422.523
121.433	416.502
213.909	388.21
460.353	418.766
477.12	338.337
422.511	485.834
93.2984	348.849
477.809	338.33
217.05	387.407
213.525	388.236
477.527	338.327
448.935	376.549
80.8391	357.728
477.203	338.334
475.352	358.098
476.069	338.439
477.052	338.34
231.555	385.775
239.949	391.212
476.602	338.374
479.043	338.437
414.336	477.673
121.571	416.373
213.077	388.248
476.851	338.353
414.505	473.488
477.381	338.329
90.0961	438.764
446.446	498.421
477.48	338.328
101.999	445.155
476.172	338.424
414.479	473.593
414.241	474.982
84.28	444.857
86.9256	448.143
414.926	479.739
491.94	358.365
497.551	366.643
97.527	407.29
414.677	472.897
88.2063	403.667
477.3	338.331
249.652	393.63
414.318	477.565
128.964	423.106
420.894	198.369
430.615	200.716
416.527	189.373
414.648	472.986
422.154	199.353
476.809	338.356
421.742	198.995
79.2508	399.217
414.681	472.885
435.619	485.961
242.622	194.206
414.94	472.179
85.0991	446.21
69.8305	395.862
100.849	446.832
61.5599	401.483
245.378	190.851
475.365	338.572
198.054	256.677
465.964	382.684
91.7074	441.361
476.566	338.377
52.6531	406.029
107.954	453.869
478.838	338.409
476.546	338.379
207.536	259.852
446.536	384.996
83.5863	443.062
414.327	474.331
86.0717	447.366
464.388	403.158
250.256	403.611
102.256	444.648
258.472	409.312
439.726	377.065
495.481	447.796
414.724	472.754
266.502	415.272
65.0185	387.096
475.66	338.51
440.179	378.834
439.715	376.997
92.3972	402.577
372.834	307.215
276.315	417.197
42.7611	407.495
275.756	427.181
491.063	434.579
414.405	473.918
393.286	436.044
475.827	338.479
477.591	338.327
477.191	338.334
261.62	208.782
257.481	219.119
280.117	436.18
414.557	478.656
87.797	448.774
90.2546	450.064
384.202	440.224
475.672	338.508
277.41	407.257
481.087	338.969
477.775	338.329
237.797	181.511
237.636	182.075
239.58	178.21
237.672	187.118
117.028	458.073
404.216	476.913
240.944	175.511
237.019	181.578
404.89	472.622
404.213	475.695
238.627	189.451
406.247	468.311
240.321	176.001
227.316	183.361
228.385	190.734
229.016	179.742
495.027	423.443
227.956	181.525
227.244	183.679
227.101	186.864
229.817	178.795
388.843	458.481
488.667	402.094
287.221	220.811
387.281	462.696
475.121	338.63
222.615	182.75
219.011	187.591
371.437	303.692
372.601	306.831
363.49	297.623
219.746	185.958
288.976	210.966
476.486	338.385
221.689	183.504
477.912	338.333
412.346	228.428
435.981	494.186
214.42	196.238
439.924	378.006
398.809	477.148
485.621	342.405
285.536	201.577
476.123	338.431
477.577	338.327
317.901	120.011
214.842	195.26
409.046	80.0881
284.978	191.592
233.716	179.027
280.048	123.565
468.771	383.128
214.183	196.963
318.722	77.2418
334.601	121.882
207.901	188.395
210.572	205.004
482.224	339.48
316.194	79.8698
210.625	205.027
207.151	189.143
206.002	190.696
199.433	202.588
419.031	79.5455
206.077	213.796
390.124	452.256
192.883	215.075
475.821	338.48
190.405	205.247
191.676	213.59
356.24	96.7313
190.033	208.825
224.585	187.377
261.749	113.576
259.18	202.237
356.945	98.6695
190.237	205.904
185.749	210.36
184.475	212.933
192.414	225.914
475.988	338.452
256.629	107.432
181.568	229.744
419.504	62.7383
185.337	211.009
323.318	68.8319
176.135	235.815
174.397	219.165
237	99.6175
201.565	402.422
173.049	220.493
263.297	107.289
281.863	232.152
487.805	426.415
292.551	234.345
475.398	338.564
237.005	99.6143
219.13	175.666
181.08	245.939
316.48	69.4944
286.174	234.662
176.888	253.563
277.636	239.515
476.661	338.368
368.611	305.373
197.903	189.04
214.544	205.096
476.887	448.574
178.784	261.628
367.681	80.5048
430.502	482.617
193.245	167.82
173.257	220.252
477.532	338.327
367.511	81.2415
283.849	128.919
278.21	249.388
315.766	69.8733
321.325	117.325
478.647	338.386
191.038	84.807
229.699	105.179
302.551	234.294
190.145	90.4844
193.055	168.366
310.808	78.7671
476.15	338.427
221.053	80.9447
176.761	270.632
207.753	103.546
475.977	338.454
193.992	81.1798
367.799	77.5352
478.898	338.417
185.059	68.8612
489.409	412.066
418.543	74.5938
180.815	67.4706
156.475	216.654
177.417	279.576
276.84	248.877
180.67	65.9361
312.134	237.151
439.752	377.217
274.658	110.801
180.852	63.8618
246.531	88.661
196.813	57.8783
483.572	344.599
142.063	203.432
180.672	66.0022
208.965	163.67
440.142	378.728
145.937	199.614
213.13	84.6008
176.045	57.6565
419.154	296.818
177.1	279.648
124.249	218.489
417.069	455.651
234.885	295.276
279.987	249.735
368.716	303.289
123.153	216.664
124.326	218.59
186.9	285.461
484.895	388.887
208.157	71.6052
181.18	286.371
239.495	298.631
276.138	138.566
122.831	215.885
376.685	83.2675
124.817	219.175
164.729	296.941
397.306	185.259
417.935	286.892
121.553	199.043
165.18	298.24
122.918	197.513
166.935	300.995
160.97	308.937
119.741	203.608
209.896	73.536
402.445	186.268
191.497	272.021
382.692	68.5406
198.931	230.977
475.365	338.572
393.828	79.4064
97.718	107.449
165.359	321.143
147.388	198.96
478.102	338.342
342.38	118.141
401.281	71.5027
374.827	481.988
122.866	286.199
315.229	85.6354
95.8521	103.566
175.092	58.2269
486.961	354.197
92.7163	213.224
129.803	318.369
93.661	204.354
97.9355	108.76
456.482	420.354
475.511	338.158
475.639	338.146
78.277	198.556
72.9825	211.669
73.0328	211.785
194.63	370.823
172.419	316.357
75.6634	215.339
82.3401	197.761
475.723	328.183
76.8549	199.3
381.659	308.924
133.983	314.347
476.272	328.22
70.6919	222.983
466.478	491.225
67.5626	221.178
66.9425	220.604
283	249.586
115.264	207.065
64.0484	213.929
132.944	314.959
130.329	317.53
193.289	167.706
476.014	328.199
109.972	183.92
448.387	478.961
128.617	324.581
128.538	322.826
78.9513	213.307
69.5941	192.625
475.569	328.179
476.273	328.22
420.102	376.578
70.6542	191.544
478.79	328.55
378.108	491.435
475.455	328.177
121.959	315.965
70.3113	191.859
483.322	330.753
197.376	303.593
171.618	317.516
72.7193	190.149
149.798	188.911
200.321	301.485
71.8714	190.632
72.0667	190.511
448.998	422.479
227.709	390.209
475.679	328.182
206.211	309.129
117.498	318.201
117.681	302.183
490.674	415.056
160.859	296.176
477.64	458.545
198.742	275.402
225.84	393.337
106.905	318.238
228.334	386.816
107.572	314.067
72.5899	190.216
113.351	317.168
339.626	322.029
487.903	404.043
478.632	407.793
223.085	319.707
212.975	324.779
116.613	327.693
81.6991	91.9813
74.6537	180.563
74.8773	84.6694
475.218	404.73
111.973	325.417
216.856	333.887
176.686	213.904
114.222	183.962
109.703	324.649
163.838	306.706
192.474	365.447
429.502	379.797
62.2667	182.316
212.507	341.738
451.854	385.887
392.874	461.451
182.6	367.032
146.955	180.124
475.151	328.178
463.146	379.907
134.603	317.752
85.6717	157.102
217.581	343.326
127.597	424.376
62.3119	183.347
114.858	328.803
369.247	491.291
125.555	204.213
59.7912	223.631
290.057	256.671
449.284	490.593
229.986	395.651
103.494	332.991
75.4594	148.973
338.398	311.212
76.9596	148.275
283.316	264.058
232.861	379.234
108.951	217.011
63.2281	186.674
481.32	319.867
93.274	330.696
474.815	323.149
477.353	321.111
475.289	311.952
90.001	326.887
154.959	288.103
445.244	304.219
466.396	306.65
419.811	435.89
473.016	303.392
465.788	307.39
462.276	297.039
130.258	411.42
343.239	324.791
431.451	384.9
457.379	409.567
449.423	297.408
448.731	301.479
460.188	291.192
91.2867	340.46
457.505	283.32
455.128	285.309
246.318	398.921
446.613	280.542
447.511	278.971
89.2829	339.845
208.824	337.478
483.08	392.324
438.142	276.329
367.055	486.83
437.923	278.19
437.93	278.881
178.902	357.741
467.621	305.191
475.716	413.25
221.917	352.834
219.97	352.848
437.98	277.335
439.152	283.235
411.144	467.363
216.783	352.016
438.912	282.769
80.9659	343.727
438.368	275.468
80.5086	338.356
438.339	275.562
368.222	490.18
427.934	278.674
428.264	276.34
428.533	275.482
84.9092	348.626
84.692	348.482
213.149	361.213
98.877	332.556
428.564	275.399
418	280.544
392.466	460.8
80.3405	339.824
419.523	274.236
420.793	272.631
412.247	286.779
420.173	273.331
412.219	288.459
404.835	277.955
403.681	280.323
403.239	282.297
403.169	283.31
254.837	402.181
394.571	276.786
396.674	274.125
394.511	276.896
392.45	265.507
392.548	265.399
392.304	265.673
390.395	269.055
389.463	255.625
389.623	255.567
383.974	260.565
387.118	256.868
378.536	251.617
390.655	251.784
376.986	253.04
212.556	378.008
378.905	251.356
396.965	289.261
375.567	264.177
375.617	255.034
210.374	376.43
379.366	245.016
113.211	362.796
382.671	247.002
377.711	234.881
383.693	236.115
396.004	288.349
213.722	388.224
400.193	291.056
103.478	371.163
378.667	234.825
110.139	373.541
384.195	236.418
379.731	234.87
398.608	290.371
208.496	387.158
208.08	386.934
208.664	387.242
205.853	385.206
400.82	291.242
107.012	389.686
384.286	225.697
275.735	416.546
376.163	226.025
371.307	221.225
287.064	404.648
376.689	215.775
112.865	400.117
370.734	223.194
371.481	220.822
204.24	383.006
376.363	215.919
430.17	382.61
357.536	489.897
116.485	409.888
372.223	219.485
124.759	464.415
106.377	390.635
369.712	208.66
214.679	388.112
355.676	212.707
355.119	213.495
354.912	213.835
354.84	213.96
353.655	220.28
353.682	220.461
356.97	211.34
435.192	387.958
444.923	388.178
354.029	215.823
482.071	409.63
98.9712	378.904
286.816	410.652
390.216	222.348
350.589	208.608
390.371	223
349.186	310.358
347.334	204.747
387.447	217.729
346.419	198.65
346.457	190.291
359.023	180.622
104.855	411.096
346.625	202.872
348.039	178.419
346.464	202.172
354.229	222.478
347.997	178.642
380.094	210.386
95.7768	415.382
367.381	177.377
338.053	178.17
472.249	289.062
417.75	296.741
338.32	180.66
366.451	189.92
338.058	177.985
76.8856	352.481
354.25	222.53
347.116	204.279
338.519	175.335
347.082	204.199
375.851	454.275
347.071	204.172
108.287	422.878
338.077	179.067
296.384	413.558
278.667	446.075
483.681	460.251
461.855	276.811
367.768	181.616
353.899	221.469
277.43	455.998
406.922	451.999
338.141	179.697
338.244	176.404
338.066	178.891
402.802	432.97
489.038	406.433
338.421	175.664
339.03	182.672
338.344	175.957
105.857	429.685
354.982	224.015
346.996	203.991
402.898	206.412
98.3353	431.44
476.638	300.863
406.936	218.605
342.636	186.765
391.263	252.301
102.218	431.331
90.8164	425.536
387.486	451.884
380.395	336.669
131.214	378.378
203.065	379.009
88.217	436.886
338.051	178.327
439.513	279.939
367.991	182.471
421.589	297.765
439.29	383.175
83.4631	438.167
328.307	179.585
378.464	467.414
328.298	179.703
86.8913	427.065
403.814	207.052
328.286	179.885
97.9786	449.164
438.7	375.809
328.731	177.442
212.975	388.248
86.9243	448.142
329.202	176.227
387.699	293.722
112.121	382.222
303.362	420.721
328.276	180.115
247.94	110.38
328.346	179.214
360.231	190.452
450.37	307.673
389.269	295.767
438.439	380.646
409.984	290.248
328.272	180.259
328.695	183.321
203.085	377.254
102.642	443.714
328.902	183.937
386.865	291.877
328.314	179.515
328.805	177.215
378.5	467.48
319.972	178.551
320.631	180.166
492.403	405.213
319.997	178.634
120.358	417.362
310.052	179.621
364.826	104.446
309.573	176.769
309.765	174.591
128.825	403.472
387.256	292.867
310.569	172.199
478.091	345.861
101.591	445.837
309.908	179.13
309.607	177.405
302.714	176.352
205.932	411.418
302.343	175.702
302.112	175.23
302.13	175.269
304.367	156.233
301.219	171.558
87.3089	426.164
295.764	181.69
335.3	194.389
295.489	179.957
406.774	218.989
457.502	390.435
295.502	178.391
198.586	418.203
295.475	178.786
309.164	141.667
286.657	253.546
301.621	146.795
219.15	386.161
438.529	376.436
407.353	212.538
296.091	182.744
300.656	149.325
313.403	142.054
295.72	177.011
94.1145	450.33
295.469	178.94
296.72	184.111
296.125	182.834
297.46	185.253
296.243	183.128
404.605	207.742
86.969	426.879
380.226	300.432
306.207	142.51
458.068	379.349
389.059	479.368
303.042	144.814
283.931	193.295
271.986	191.866
399.22	453.201
393.585	303.967
119.664	423.016
403.386	275.803
102.225	444.714
316.506	143.675
301.232	147.587
313.048	141.949
264.759	190.981
263.581	186.763
302.348	145.655
101.114	446.506
264.288	182.521
447.145	388.688
264.549	181.928
406.959	211.291
312.332	141.78
255.735	180.702
255.742	180.798
310.157	141.593
219.825	385.59
312.093	141.736
255.993	177.713
247.569	184.883
266.303	215.725
380.711	301.153
245.775	178.524
321.584	240.421
247.416	184.658
245.772	179.701
246.875	183.737
475.567	458.486
265.838	215.351
314.105	142.304
378.82	294.071
246.299	175.89
263.776	212.92
369.82	289.711
438.389	380.366
433.544	317.481
327.47	177.756
380.855	301.342
376.734	175.621
311.436	141.645
218.043	386.904
265.712	215.241
267.518	216.512
264.752	214.267
263.569	212.559
277.98	148.395
425.389	206.59
311.98	122.375
265.094	214.646
265.036	214.584
380.325	300.591
246.971	183.919
222.105	382.461
246.497	175.363
309.145	123.405
328.036	119.311
323.989	117.999
83.8603	443.899
387.148	478.258
315.138	111.936
329.499	110.245
151.378	311.763
265.991	215.478
246.582	183.12
246.397	182.662
245.775	179.759
264.129	213.463
314.827	112.372
264.932	214.471
246.794	183.576
432.066	199.146
339.328	216.167
323.945	107.985
245.825	177.972
245.904	177.428
218.821	386.405
336.822	104.161
220.73	384.635
318.732	118.391
385.475	314.712
412.98	278.206
121.632	416.314
264.969	214.511
376.601	427.491
407.649	83.248
213.876	388.213
332.033	100.117
264.593	214.077
264.716	214.225
338.291	108.944
270.31	217.542
245.803	180.105
267.105	216.272
263.741	212.86
264.324	213.733
263.856	213.05
199.726	412.252
246.388	175.641
337.668	87.2194
311.552	124.244
265.506	215.054
265.471	215.02
431.009	214.861
382.631	313.241
246.125	176.449
285.523	131.875
246.416	175.569
245.925	180.97
380.337	473.643
275.698	128.43
449.124	491.986
387.07	195.888
247.009	183.987
464.339	487.114
83.3605	438.683
263.871	213.073
263.711	212.81
389.479	315.17
202.77	427.285
264.19	213.55
319.582	81.5067
400.203	441.245
320.92	78.3285
264.822	214.347
245.936	181.029
211.427	432.29
441.517	386.138
477.293	318.272
404.061	207.252
322.899	68.5263
438.524	376.458
246.134	176.418
246.611	183.187
264.246	213.627
245.778	179.803
313.287	65.7658
379.492	309.362
380.074	310.452
383.047	313.533
246.672	183.322
401.669	87.4105
211.579	395.617
349.025	80.2889
71.8501	197.209
207.531	396.522
247.071	184.098
317.98	111.729
349.215	82.3688
348.439	78.3722
246.871	183.729
380.435	310.997
264.581	214.063
245.929	177.288
378.746	306.971
320.736	78.6253
185.728	161.16
245.773	178.553
245.84	177.851
349.175	81.334
100.192	447.536
430.871	292.758
211.877	406.016
246.474	182.861
265.785	215.305
178.914	153.842
379.254	266.574
348.405	86.1809
269.391	217.306
290.638	127.839
58.0818	193.333
447.616	381.967
483.98	442.501
405.997	209.426
206.41	405.826
86.3058	447.598
213.641	405.401
246.564	175.204
207.673	406.144
406.049	209.506
347.569	76.7381
199.565	316.601
204.201	307.741
348.687	79.0253
379.338	309.005
84.6401	180.041
263.527	212.482
280.44	123.85
490.424	335.6
267.09	216.263
279.258	124.495
79.8377	75.9864
321.047	78.1354
246.316	175.841
474.898	485.83
492.033	400.901
349.051	80.4263
67.1464	78.3265
245.795	178.256
276.786	184.896
214.172	405.138
87.5052	448.579
267.663	216.591
348.889	79.7005
229.347	303.621
246.349	175.749
230.835	303.61
307.622	189.024
423.889	448.338
246.835	183.658
265.412	214.964
207.817	406.169
52.4266	184.097
467.86	487.822
246.816	183.622
276.231	127.5
275.413	129.047
477.833	318.342
96.1796	438.735
277.889	125.542
487.224	388.523
419.269	451.494
306.716	125.266
264.554	214.029
215.987	343.065
214.88	404.724
246.315	175.844
233.655	309.75
399.66	272.756
213.291	405.553
265.213	214.769
320.338	79.3621
442.341	376.939
200.789	401.258
263.437	212.311
263.978	213.24
278.536	215.596
347.814	77.1294
322.516	76.4191
348.847	79.546
265.481	215.03
93.2689	450.37
246	181.335
335.031	224.848
407.664	466.508
349.169	83.1974
267.291	216.383
276.076	127.747
301.833	66.4901
475.227	293.64
405.286	85.725
417.77	366.854
263.623	212.658
349.058	80.4633
280.01	124.061
430.386	375.385
295.572	58.6931
245.832	177.908
246.563	183.076
97.7804	449.269
264.667	214.167
107.414	226.893
313.078	101.07
348.422	78.3308
399.208	185.305
212.492	405.843
246.009	181.373
411.311	374.488
455.259	286.474
313.756	53.4295
348.993	80.1356
402.821	175.981
349.174	81.3256
247.34	184.542
405.12	208.281
264.583	214.065
276.134	127.653
245.774	178.538
204.539	405.003
264.775	214.294
269.395	217.307
485.132	378.744
111.031	236.215
219.237	398.492
268.641	217.042
276.101	127.706
349.204	81.7406
82.0032	456.929
82.3838	108.643
266.482	215.857
265.997	215.484
266.262	215.694
357.274	488.912
381.549	216.444
347.417	490.597
304.887	76.6888
461.118	424.229
75.7332	464.719
264.55	214.024
264.865	214.397
96.9449	105.3
315.441	43.5726
89.3609	356.173
264.045	213.34
275.131	129.797
208.26	406.234
54.6309	185.025
246.978	183.931
324.398	39.1256
276.355	127.313
278.495	125.032
101.275	446.293
197.964	358.227
492.483	400.551
122.658	286.078
241.222	307.24
289.532	271.892
490.908	321.188
359.367	479.134
264.666	214.166
321.717	77.2548
405.581	208.84
297.421	151.939
272.505	217.748
53.5924	175.283
266.881	216.131
104.287	241.257
246.014	181.397
78.4407	474.346
276.192	127.561
97.9139	110.912
378.885	296.823
93.2333	101.226
293.465	151.734
72.1458	310.021
267.237	216.352
396.966	426.179
265.97	215.462
52.7813	179.105
408.587	302.188
115.024	285.171
390.568	311.187
249.689	301.92
301.262	63.7011
467.492	307.319
411.038	173.14
405.807	209.147
357.167	488.325
387.201	99.9079
105.028	101.056
346.8	75.7178
107.662	109.827
201.464	402.29
442.823	479.107
175.22	216.06
275.327	129.258
348.337	78.1359
230.277	294.784
410.05	280.39
70.9702	313.488
70.9261	313.84
493.273	376.905
279.528	124.329
397.514	427.486
102.688	443.58
185.184	215.215
446.999	300.779
62.519	121.434
113.367	95.5366
53.7839	183.596
444.502	388.018
265.748	215.272
113.732	295.087
357.88	482.852
63.6324	111.497
249.205	186.696
245.757	179.229
406.378	210.055
275.965	127.936
418.654	166.659
53.9479	183.919
122.05	90.575
64.447	303.639
476.167	396.345
246.431	175.529
469.956	289.05
100.393	447.335
265.171	214.725
199.392	265.418
264.888	214.423
54.9912	300.385
320.726	118.889
265	214.545
275.913	128.026
193.397	220.92
422.246	376.47
246.602	175.115
481.733	484.506
278.13	177.349
226.832	392
236.773	393.084
265.137	214.69
398.908	166.778
83.3708	100.864
295.928	400.019
265.143	214.696
335.181	222.605
383.031	313.523
285.817	209.693
348.599	78.7766
267.068	216.25
263.101	203.913
314.347	95.9885
322.123	76.8063
117.353	81.7463
189.49	216.164
266.521	215.885
348.95	79.9447
445.589	278.277
263.678	212.754
378.611	304.558
80.393	121.567
406.633	294.806
265.446	214.997
109.879	376.307
109.419	368.188
57.2036	290.633
256.681	294.771
395.56	213.896
264.879	214.413
246.096	176.556
349.157	81.1546
47.7564	287.354
75.7549	304.014
447.094	488.116
414.289	54.2059
265.749	215.273
406.971	218.515
275.929	127.998
460.672	311.649
458.907	404.088
177.947	225.681
72.3841	123.186
333.706	88.9229
240.777	383.92
264.59	214.074
398.889	227.248
348.883	484.884
115.353	304.955
108.816	278.497
309.893	152.643
378.82	307.345
241.183	307.385
117.139	71.7486
245.846	177.807
88.3013	472.682
231.299	386.312
245.799	178.216
276.216	127.524
475.523	468.318
215.197	404.512
423.661	57.6915
488.524	334.298
339.735	322.159
275.876	128.093
273.405	217.692
246.02	176.857
395.371	312.559
460.393	301.228
348.952	84.5162
112.377	62.9556
455.83	476.537
408.064	46.3792
40.9236	280.052
319.361	82.9481
118.979	55.4452
90.0855	415.786
245.781	179.852
398.066	46.5855
265.606	215.146
246.19	182.055
249.507	379.042
264.88	214.414
489.269	417.827
195.622	355.255
368.029	304.766
246.287	175.925
323.351	81.6883
393.547	276.745
485.841	450.762
90.7874	405.81
31.8024	284.151
246.208	176.167
106.895	103.775
245.768	179.637
236.371	377.011
123.772	267.049
109.675	313.187
199.655	398.182
127.753	424.251
76.1939	93.6142
105.872	389.183
96.4156	385.929
245.783	179.875
278.755	124.837
246.206	182.106
375.148	454.432
104.795	115.174
108.953	422.493
277.443	125.975
341.847	477.778
387.322	215.666
286.98	123.212
208.46	273.059
264.138	213.477
424.475	282.827
405.861	222.286
63.6497	117.159
246.315	182.437
268.28	182.368
480.879	369.694
269.722	217.402
129.308	422.708
413.874	491.754
348.709	79.0924
71.0223	316.658
423.451	62.8584
79.2428	454.544
111.454	358.397
245.874	180.674
92.6981	430.127
383.914	469.028
73.1212	96.7938
87.9601	110.985
439.843	284.486
74.0544	95.5009
64.1214	116.351
263.268	211.965
275.422	129.025
208.602	406.27
421.38	455.947
86.2394	93.086
331.93	479.065
277.27	126.158
87.3337	458.135
421.037	188.37
83.7512	92.2001
81.2298	299.746
125.141	302.909
376.882	346.032
121.395	357.312
264.162	213.51
107.827	108.283
248.546	186.07
275.086	129.937
345.497	307.518
103.851	413.892
416.758	179.376
76.9696	438.033
104.614	351.103
393.17	433.29
422.342	181.238
490.164	486.418
321.949	76.9918
349.098	80.7078
348.979	84.3972
269.817	119.491
245.88	177.574
124.626	47.1923
245.782	179.864
254.868	385.098
269.15	217.229
273.32	217.701
343.692	221.142
113.151	120.668
255.574	401.688
477.976	344.116
337.658	318.147
75.9602	303.696
348.764	85.2062
471.911	304.98
80.9374	86.2257
322.379	482.028
245.801	178.194
82.5917	420.527
266	215.486
378.8	307.251
337.838	301.088
27.0225	275.368
76.75	93.2755
349.065	80.5041
421.892	291.206
433.99	210.129
254.151	384.699
309.438	428.664
342.845	298.836
265.401	214.954
258.068	388.228
348.516	78.5612
75.4723	94.1338
72.8421	97.2844
349.112	83.673
445.467	391.709
346.039	89.5461
132.681	276.711
263.385	212.208
358.235	482.468
107.771	109.092
205.275	425.635
116.155	425.157
82.0064	91.9869
121.413	126.302
245.765	178.709
347.926	77.3231
349.177	83.1154
245.933	177.266
117.802	107.572
343.365	288.849
123.839	37.2234
487.544	428.122
338.302	197.242
79.7621	92.165
50.3227	396.305
193.407	357.958
188.588	366.72
246.04	181.506
323.896	159.036
265.178	214.733
78.2905	92.5698
270.036	217.482
100.071	98.2525
348.52	78.5714
346.552	191.59
349.215	82.076
183.212	375.151
108.303	279.174
371.933	305.434
391.591	489.042
391.063	231.713
349.203	82.7505
348.181	77.8053
371.352	300.508
269.239	217.258
404.161	219.075
264.627	214.12
261.973	113.288
403.725	206.983
275.519	171.234
419.833	179.936
193.265	426.67
413.369	275.462
436.961	192.987
323.076	75.936
77.2441	452.398
389.576	221.257
459.073	409.016
113.861	461.938
246.263	175.996
348.102	77.6482
105.594	463.586
245.789	179.952
256.161	217.209
251.699	416.668
300.455	182.487
245.764	179.537
244.747	423.857
254.043	119.38
219.054	399.192
443.89	185.777
108.202	473.24
237.381	183.527
119.823	28.065
254.307	185.802
414.55	179.571
415.917	206.846
286.043	123.031
323.615	75.5327
372.746	307.075
482.095	310.514
282.854	445.798
124.422	44.6119
237.842	187.685
420.221	376.263
436.111	209.07
348.62	78.8363
451.013	192.796
334.423	477.406
249.967	223.53
236.94	182.004
346.873	94.6744
236.828	183.007
498.87	445.978
236.827	184.188
406.508	446.412
100.629	476.38
283.754	399.527
90.1069	460.063
237.785	187.917
236.837	184.344
237.647	179.604
227.078	184.786
280.132	126.148
480.194	282.991
431.406	198.603
380.556	299.189
348.422	78.3302
348.26	77.9689
257.356	181.061
227.126	184.369
227.044	185.277
267.352	205.122
125.735	19.9992
398.843	423.787
229.406	179.251
378.18	165.726
284.623	400.331
353.029	217.562
436.085	285.671
221.08	197.61
220.856	184.37
348.899	84.7338
321.349	77.7131
221.034	184.167
135.547	18.0707
349.077	83.8984
218.66	188.875
219.638	195.57
322.91	76.0717
259.69	208.24
367.694	178.658
381.569	308.244
220.363	184.996
389.374	481.806
322.249	76.6775
457.553	395.776
402.272	206.056
437.829	190.973
372.76	307.098
284.385	445.224
231.313	197.997
122.765	466.263
218.785	188.338
245.405	114.341
118.786	467.917
218.628	189.044
218.631	192.703
220.008	196.206
381.66	307.969
326.771	491.012
218.506	191.816
488.299	489.789
288.591	441.489
320.698	78.6889
439.467	192.421
213.891	201.073
219.616	186.197
145.071	15.0222
316.915	492.698
439.989	193.045
449.909	177.792
216.36	206.394
445.16	391.436
385.906	442.279
487.412	276.07
362.33	185.61
320.63	172.365
218.533	208.211
218.222	208.01
463.415	396.811
336.897	203.662
216.352	206.384
213.802	199.429
426.371	323.324
214.155	202.358
214.049	197.484
217.594	207.552
151.83	22.3923
279.111	124.233
370.152	310.188
323.15	249.495
220.547	184.75
278.103	125.166
214.072	197.387
440.073	219.086
420.528	375.567
207.254	189.031
369.034	307.758
349.471	94.9319
206.191	190.393
207.572	202.978
368.646	303.842
209.506	204.46
423.518	490.465
161.562	24.6904
263.574	181.44
347.969	100.263
204.79	213.258
458.81	408.111
200.346	199.834
350.052	94.0819
199.298	204.892
199.282	204.258
201.997	211.174
453.403	479.61
81.0707	299.798
269.75	119.567
366.751	175.838
426.984	85.6086
190.552	211.321
356.69	290.29
193.065	215.255
375.081	268.134
311.976	73.8159
195.457	216.961
428.628	76.7345
192.28	214.406
197.924	187.51
380.578	484.206
198.44	185.122
190.003	208.01
190.012	208.459
124.03	465.213
200.733	181.42
419.236	386.214
184.838	220.086
416.63	237.465
486.884	290.424
376.713	292.93
183.983	216.239
189.335	224.892
491.911	458.746
211.473	179.078
384.409	442.81
416.922	179.381
183.998	216.621
199.988	182.275
186.95	234.758
199.254	183.358
375.96	314.478
419.489	179.822
356.365	105.203
198.566	184.781
402.12	450.334
185.928	234.29
356.896	103.719
322.812	116.528
181.594	236.883
241.802	108.89
235.156	101.051
289.619	225.009
385.238	442.483
232.47	105.757
378.76	165.828
253.335	122.774
382.583	443.869
177.647	236.442
232.755	104.814
281.934	133.319
368.597	304.802
232.333	106.394
311.409	81.9342
243.002	98.21
438.306	191.331
233.39	103.395
413.579	91.3
278.078	445.97
359.042	209.572
232.312	109.834
310.991	76.5923
280.506	446.173
357.909	76.5517
370.422	310.591
321.686	152.31
474.7	375.076
255.485	196.289
197.728	411.657
348.94	484.787
285.959	234.599
357.843	75.9516
357.842	75.9435
459.454	414.815
284.556	445.141
369.925	309.812
175.442	252.363
357.173	99.9019
233.939	93.6975
194.507	165.49
259.324	183.455
193.939	216.837
246.649	88.6909
383.203	443.45
369.901	309.769
172.619	221.043
122.448	466.476
223.782	100.436
208.472	441.843
367.09	82.4732
195.407	164.419
263.42	109.946
223.678	100.758
199.466	446.191
484.777	266.423
339.729	186.683
245.341	121.479
312.589	97.7018
191.463	249.794
289.631	244.849
209.351	86.6475
201.027	87.5719
171.61	222.772
172.925	220.643
221.697	81.1359
178.647	261.677
198.317	456.125
193.279	175.022
492.43	384.005
190.537	251.292
493.662	444.999
320.532	68.5147
418.154	179.507
426.097	194.64
372.922	313.065
370.819	311.116
275.538	199.378
204.429	102.522
190.1	90.0992
190.087	88.3159
252.854	178.127
379.184	314.814
378.209	173.24
373.094	313.182
194.489	177.237
371.365	311.738
167.653	212.51
250.301	90.4963
195.362	80.3015
410.136	390.36
190.06	89.4848
166.003	219.482
191.213	84.4583
395.733	268.905
432.901	189.181
181.247	277.693
441.639	196.253
488.21	469.166
367.246	82.0751
183.132	79.2707
404.349	292.276
196.901	466.024
183.073	79.1177
194.412	177.129
275.855	188.135
378.096	165.714
437.612	190.825
201.716	186.175
369.52	309.029
283.688	249.421
178.169	279.359
146.674	218.619
146.714	218.805
207.222	162.512
366.674	93.3287
247.793	97.8797
322.163	134.157
251.275	193.717
424.715	193.301
312.754	74.0496
281.487	249.775
148.224	210.922
366.531	288.097
176.653	279.733
279.862	249.721
177.613	279.525
384.267	442.874
179.977	278.552
492.894	380.286
376.475	85.3646
229.359	112.888
315.513	227.74
230.169	122.855
140.834	207.118
279.744	102.191
375.047	77.8449
393.161	443.101
439.261	204.646
372.338	75.0801
479.375	336.389
420.417	180.161
182.977	275.925
282.376	445.922
479.534	257.908
132.349	215.391
295.815	191.57
291.578	49.5252
492.449	436.568
331.485	96.6086
376.673	83.8048
322.119	68.5976
174.984	279.867
433.934	222.05
315.449	43.5739
381.584	473.991
283.998	121.449
185.717	285.944
148.993	198.533
125.186	205.354
185.017	286.151
451.466	379.469
391.927	314.636
176.125	210.429
484.729	406.522
122.648	204.009
181.408	293.429
174.807	221.177
169.343	291.349
169.293	291.293
190.963	93.2998
175.275	294.492
449.049	279.668
423.539	358.807
479.375	470.078
386.826	442.079
376.603	82.0516
375.132	77.977
189.891	260.723
119.905	207.116
422.822	349.71
369.485	308.952
164.464	295.619
173.06	304.231
441.799	196.849
172.49	304.139
440.998	214.402
280.358	446.177
441.992	200.364
331.949	187.239
175.138	310.069
193.129	96.3479
321.233	46.7893
315.36	43.5591
450.784	307.165
157.694	319.171
382.402	90.8972
417.784	484.463
163.093	321.236
164.901	321.203
286.129	444.171
383.155	90.0687
122.088	198.365
169.525	319.472
166.556	320.879
393.537	81.0351
339.545	484.43
154.825	315.643
393.86	78.9432
394.14	246.045
389.362	70.1132
225.788	83.7437
393.323	81.7373
393.871	78.4308
100.4	200.353
255.35	220.511
187.528	264
244.848	112.829
278.678	245.433
482.209	311.626
419.466	445.387
249.111	301.096
396.542	482.756
399.324	77.7063
138.626	316.312
251.103	305.705
292.443	281.459
376.025	471.091
275.265	444.924
234.922	99.4633
92.5268	212.665
182.357	300.349
285.853	56.3364
382.877	443.662
277.752	445.897
465.566	422.714
319.815	109.392
191.6	280.689
318.683	244.708
406.674	383.348
486.855	372.28
86.0284	200.799
302.424	282.071
85.4591	216.152
82.1666	209.424
106.53	194.072
410.301	169.343
376.962	93.6435
202.148	49.5623
295.551	80.2725
75.9992	215.615
297.803	83.7473
192.961	168.681
325.043	194.163
311.771	74.7801
401.313	224.22
394.478	487.203
339.267	181.757
72.2623	206.533
440.396	205.943
172.131	316.816
311.961	227.153
184.332	281.786
411.99	66.1723
481.432	292.406
489.951	396.371
419.013	440.638
168.756	223.69
318.785	244.619
416.069	306.845
412.669	63.4051
76.9275	199.254
107.575	193.762
207.2	60.204
379.026	183.206
232.181	284.967
412.101	163.197
323.693	29.1505
182.786	299.734
369.179	308.193
381.951	91.3144
206.894	466.371
282.613	236.818
70.5933	191.598
123.248	93.9998
389.221	86.9195
145.338	310.263
73.8405	189.664
380.192	265.152
437.233	186.702
310.428	112.838
428.731	206.465
365.748	211.281
440.427	202.647
72.4825	190.273
204.43	51.2634
400.126	246.378
406.39	53.1291
408.772	57.8734
381.93	444.389
390.679	314.989
331.393	106.608
378.654	314.832
108.653	184.289
411.338	57.3639
67.4097	221.046
402.811	418.065
270.279	207.576
129.599	84.0165
375.122	310.264
406.155	53.0397
65.3099	218.435
373.075	313.169
482.886	248.487
254.912	310.448
73.5768	223.55
268.728	198.802
204.713	51.5565
123.425	310.501
64.0759	212.734
67.728	195.987
387.487	53.3507
463.62	278.583
375.941	314.473
71.0329	191.229
108.559	184.323
323.423	32.0017
410.166	377.714
191.518	50.2427
312.41	106.723
408.033	53.9604
233.556	97.8541
365.003	483.853
194.459	230.863
249.638	220.596
296.367	390.029
192.912	96.1332
376.817	93.6655
410.877	68.2094
393.011	77.77
74.3028	189.51
409.978	69.3052
115.066	315.511
413.23	475.56
195.678	48.4936
396.927	432.02
404.93	250.559
458.44	278.795
125.279	75.6489
411.392	475.657
375.609	314.375
163.78	305.978
434.878	485.179
343.539	306.428
115.075	202.104
172.374	223.13
205.664	319.621
412.682	63.2539
487.311	317.654
69.5595	192.666
411.298	57.2953
208.302	277.387
399.658	256.427
119.39	71.9559
422.193	205.57
161.231	203.444
369.258	308.407
148.131	189.548
107.927	85.0858
114.005	327.271
407.222	71.3575
260.266	190.325
376.3	314.564
201.875	49.419
215.295	306.424
107.755	321.764
411.159	44.7082
145.254	189.366
302.413	169.789
204.114	50.9613
418.526	306.798
59.9657	224.715
173.573	313.448
327.769	193.483
111.453	326.089
267.796	121.935
112.171	326.513
418.815	45.2889
412.151	65.7449
272.006	109.782
232.042	197.647
420.056	267.742
279.859	217.739
82.6145	179.826
241.38	90.9414
111.035	325.803
411.062	56.9201
258.506	117.934
412.225	65.5277
206.117	53.4948
410.471	68.7434
337.434	490.009
313.936	71.2437
200.76	279.487
318.563	68.7655
252.903	93.5579
430.329	476.285
64.9476	83.4855
337.544	492.191
111.397	326.052
375.044	274.473
220.756	342.922
444.831	287.937
498.102	445.575
372.24	311.558
124.332	64.8012
210.742	43.4736
431.476	384.933
262.951	286.98
410.137	69.1331
402.712	449.867
422.377	159.322
75.6501	161.561
109.452	324.38
176.164	75.4224
416.384	487.025
316.567	69.4535
464.052	311.18
382.468	443.954
364.919	483.336
417.416	436.4
462.916	478.83
288.909	106.191
399.775	487.762
184.528	162.883
315.742	246.478
270.227	212.666
81.2355	147.693
220.233	343.062
375.034	314.175
109.066	324.925
246.295	177.922
350.984	187.364
380.43	255.155
202.844	325.813
320.292	68.5713
232.519	405.325
383.502	443.271
77.7389	148.024
248.505	122.857
219.526	179.312
214.33	473.058
89.1142	320.847
217.981	189.139
89.8899	318.314
192.761	95.975
292.185	268.679
97.1711	332.318
401.623	480.554
90.7442	328.156
407.113	211.714
253.256	94.2655
183.699	217.665
199.021	230.839
355.152	107.223
92.7983	330.344
452.431	308.857
200.987	280.932
333.655	302.408
112.203	48.0915
388.882	441.948
88.9849	322.15
316.709	246.043
90.9491	328.443
189.328	257.805
407.408	71.2612
81.7361	147.747
224.265	313.721
305.834	398.653
388.484	43.7242
412.343	59.7218
314.992	394.637
161.024	211.822
91.0709	340.415
217.913	36.504
412.705	61.9497
83.2475	329.675
84.3764	148.478
426.739	310.473
130.839	297.064
224.158	341.151
295.349	206.669
413.079	37.7273
83.2225	148.062
408.868	28.6569
171.749	317.349
87.4034	338.793
89.2167	339.817
255.391	95.4152
310.76	83.418
85.8148	149.243
247.241	88.8641
213.801	342.443
387.857	229.536
134.026	402.157
84.538	335.641
102.356	325.89
251.185	91.2762
115.577	342.933
98.1153	218.914
184.614	101.774
342.137	86.8754
83.5174	328.147
86.7996	338.328
207.36	58.8769
449.536	294.413
283.492	445.594
123.511	297.214
86.9178	322.864
287.668	178.773
458.527	288.445
450.009	207.954
355.349	194.361
380.542	92.3382
383.389	101.924
215.522	343.039
120.919	298.797
394.049	311.64
389.48	59.3057
252.461	90.4675
391.482	84.9578
91.1024	340.422
276.708	271.564
91.3175	340.466
412.539	358.331
90.1785	350.223
210.789	103.459
90.0861	155.12
314.564	70.6976
381.561	444.726
91.9297	350.096
86.9265	349.626
389.25	86.9009
402.549	357.887
92.5246	349.981
138.137	304.876
88.6732	350.086
315.89	246.419
81.4973	147.718
474.38	313.52
150.799	178.658
286.376	230.182
439.94	296.551
343.193	299.534
194.907	174.657
279.133	446.132
495.035	425.997
315.267	70.1846
119.699	300.022
181.323	233.41
210.774	74.9852
224.513	352.201
389.358	86.831
172.42	316.357
79.7219	147.683
320.843	68.511
117.044	40.6731
394.828	179.125
272.621	210.546
423.642	300.589
212.013	360.797
298.665	213.127
285.237	273.872
91.1257	350.193
84.9125	348.628
222.951	309.802
429.516	379.945
361.731	81.266
312.865	485.106
74.1513	194.188
192.367	243.998
85.5954	349.031
357.245	101.021
411.598	57.835
393.747	430.882
492.696	495.108
129.271	222.011
103.088	352.946
75.0836	149.198
213.556	361.326
245.548	88.4703
408.056	70.8849
213.025	361.175
139.44	311.433
82.6986	316.071
318.622	68.7522
409.328	469.934
303.297	482.197
206.83	369.365
142.39	187.808
88.3876	350.033
195.656	164.171
379.933	488.813
120.287	38.1828
219.982	366.649
386.742	53.857
195.587	164.238
480.524	296.786
458.391	321.386
357.133	192.725
208.252	370.058
456.37	477.605
425.064	87.521
311.701	100.952
249.97	90.248
422.573	264.103
108.423	225.316
219.342	378.973
309.448	170.721
113.848	36.7909
106.044	30.5381
393.006	51.8682
223.921	91.2468
104.441	353.434
494.744	446.207
76.8523	148.315
376.762	54.4761
431.724	177.779
200.636	279.009
415.363	217.365
287.145	161.517
313.302	71.9005
218.12	379.153
84.7892	348.547
350.637	110.508
234.764	107.286
394.38	230.803
62.5789	179.914
312.35	168.096
85.361	359.366
380.436	111.479
107.213	353.809
244.488	120.848
274.088	110.506
76.4063	349.347
203.462	366.105
212.092	341.346
388.275	495.666
76.4439	348.551
77.4724	353.915
77.7579	354.442
261.25	189.411
375.561	209.358
434.596	177.154
118.222	369.165
429.464	379.072
401.694	315.001
77.1923	345.534
115.529	232.352
327.994	315.577
374.281	476.161
267.191	104.758
98.7971	378.649
251.537	109.685
405.874	209.244
114.251	380.172
412.587	57.6025
417.115	264.116
389.511	86.7286
412.578	60.7732
175.14	304.945
393.054	51.8696
77.7016	201.738
306.078	472.592
214.948	388.064
75.2027	149.125
378.227	276.657
221.123	384.129
192.604	95.8039
108.071	390.324
470.621	276.38
389.383	52.4421
92.4333	161.503
409.728	69.56
79.1976	147.734
265.096	115.516
261.332	176.912
76.1962	148.592
406.706	177.222
78.9445	356.079
219.438	309.627
290.231	130.506
145.091	299.422
78.5631	147.832
77.6434	354.24
77.7838	354.486
246.47	214.743
451.394	179.166
382.045	444.291
120.538	399.847
113.125	400.211
405.552	52.8403
102.325	365.918
99.3854	353.901
299.345	475.539
86.2621	307.047
150.54	178.702
464.704	491.605
119.616	410.301
311.276	75.1809
429.941	476.792
218.395	160.341
459.679	197.786
63.5314	177.527
410.677	56.3771
404.519	52.5938
391.336	51.9624
77.2562	148.171
410.776	68.3499
320.521	184.428
343.458	117.469
413.503	189.858
241.502	177.313
199.801	276.971
397.07	228.503
480.69	336.938
225.75	83.7037
119.75	18.6714
276.239	236.36
418.418	263.835
194.141	176.723
155.344	324.339
443.394	303.871
116.573	409.914
76.9059	352.543
447.37	176.402
321.491	68.5345
199.331	298.209
98.7856	378.632
286.939	273.379
350.224	483.076
481.944	452.527
204.292	102.45
314.918	70.4277
461.884	423.953
397.883	79.2733
205.109	52.0112
215.602	387.913
352.007	182.579
418.897	255.851
386.27	193.782
253.316	220.878
287.635	273.078
183.503	271.176
296.431	133.49
75.1976	149.128
59.7369	222.667
352.059	324.647
385.78	84.1216
219.973	381.036
411.183	67.7513
144.839	14.376
406.894	211.127
403.908	235.898
192.916	173.904
313.117	485.797
150.337	178.742
144.716	22.0629
314.476	106.999
292.103	449.601
389.992	52.2472
348.176	318.906
220.892	384.435
218.029	386.912
97.2517	374.616
286.703	394.654
300.707	209.356
77.5857	344.709
89.171	152.831
158.628	180.74
95.5495	413.358
74.3883	182.312
322.031	238.581
398.022	79.1487
390.681	85.7945
402.512	52.4321
121.326	416.599
318.005	104.498
352.931	309.882
387.45	194.488
76.4264	350.06
166.78	283.492
479.454	298.211
411.236	488.546
62.275	182.809
95.5517	413.029
77.1016	353.086
495.379	398.062
285.352	169.416
277.265	391.349
318.396	184.069
266.567	188.076
109.824	28.1486
205.381	52.3581
78.8249	355.942
247.601	88.9894
110.785	23.7871
127.944	405.401
99.2887	421.058
155.058	14.505
248.901	213.755
153.034	21.0708
119.663	12.0537
270.649	206.656
222.07	308.538
131.444	379.676
294.278	433.263
429.524	377.813
404.417	52.5757
408.02	53.9524
310.199	78.527
267.761	388.237
347.599	318.433
122.488	297.712
410.596	68.5878
268.764	107.694
106.613	356.477
223.197	310.246
100.25	351.46
61.374	217.104
202.297	357.985
112.751	188.635
90.1297	419.979
217.06	318.064
115.331	419.121
90.7233	417.848
91.9704	427.539
131.504	380.733
220.346	385.072
76.7033	351.841
76.4823	348.188
391.805	51.9075
329.198	101.32
378.882	335.878
382.857	337.345
82.9793	312.092
82.9618	312.156
449.19	311.422
210.938	388.026
111.04	359.458
394.396	414.83
408.834	70.3401
109.96	26.4161
347.396	317.249
384.496	413.423
283.457	274.057
161.66	321.097
96.9549	146.553
387.952	194.86
386.197	54.2953
480.644	334.946
101.099	219.688
476.572	280.045
75.8491	148.762
380.259	336.611
169.819	205.79
412.711	62.0848
352.239	307.549
348.114	312.285
76.5152	350.895
104.708	152.869
350.304	309.043
105.449	219.156
314.271	70.9411
284.445	463.124
206.3	385.64
185.715	249.276
150.821	178.654
245.255	88.4329
110.432	24.6297
206.951	197.72
110.688	23.9963
79.7806	350.872
347.351	316.701
88.2292	151.421
224.207	313.298
52.2412	213.03
188.562	183.564
82.709	316.148
103.257	219.669
121.102	191.885
363.496	104.292
419.845	486.545
202.648	161.376
483.505	407.761
282.435	249.684
401.661	206.641
86.0525	198.354
481.432	285.105
100.523	447.198
298.971	193.372
389.974	86.3929
101.098	446.526
258.94	115.194
350.926	323.829
204.759	383.86
382.156	444.199
206.684	332.673
374.981	290.022
109.133	337.003
82.6758	313.659
374.545	414.418
460.929	375.882
310.757	76.3263
99.3126	379.36
381.652	248.848
387.968	53.0725
191.924	248.724
412.694	61.7588
386.791	403.69
403.844	297.877
76.6439	351.589
207.674	386.689
83.9556	444.142
388.84	336.328
247.427	218.288
472.677	485.569
212.482	388.233
351.193	324.044
353.125	307.083
210.984	309.676
76.6027	347.448
238.361	121.439
424.821	203.394
237.961	114.74
389.871	335.715
97.4098	449.449
110.214	183.873
321.176	68.5178
457.829	292.565
246.463	190.753
410.532	56.1911
387.004	337.057
416.829	450.576
315.02	70.3542
99.157	383.118
315.06	70.3257
393.915	330.018
410.811	56.5581
416.029	196.739
238.591	112.442
106.644	149.013
361.342	107.332
206.61	54.5154
275.145	465.733
401.015	250.089
72.7086	312.849
411.788	58.2214
385.882	337.309
215.527	387.933
229.306	92.9405
341.316	99.7082
168.757	17.7453
78.4936	147.846
282.558	249.666
74.7546	184.01
323.771	192.52
380.264	433.893
136.492	292.281
384.948	55.5878
85.2832	446.457
447.086	316.834
62.2668	182.477
370.958	112.345
102.124	444.916
377.997	435.828
141.221	297.831
318.738	68.727
232.618	83.7852
230.711	119.705
424.762	203.23
287.635	247.275
347.686	488.174
82.2804	358.531
290.467	123.413
337.521	94.7084
429.913	488.492
141.027	380.303
405.337	289.896
317.024	69.2533
199.216	233.622
286.995	458.913
52.5284	203.034
77.4073	353.783
311.596	179.062
423.516	200.89
199.983	323.029
79.5287	147.699
222.049	382.578
76.4867	148.463
128.401	221.697
77.6701	148.043
297.46	218.803
409.013	54.6609
349.748	483.625
70.8722	176.653
80.0243	419.313
76.408	349.224
221.31	383.863
205.97	421.418
477.132	340.669
266.394	112.869
107.025	411.885
204.143	426.516
87.0583	426.676
421.729	201.778
375.25	483.433
380.744	92.2139
429.499	379.766
145.878	311.51
191.487	90.5697
486.15	336.11
407.139	232.517
194.76	97.6171
220.823	384.521
350.374	482.918
89.7467	358.847
205.567	425.362
426.034	299.532
280.725	456.17
95.8436	450.019
350.593	482.7
393.29	331.722
97.3621	430.696
399.242	480.187
318.573	149.127
286.832	113.063
83.5856	437.681
216.112	387.763
189.546	78.3306
159.317	181.348
84.0014	436.488
390.634	198.126
75.4581	187.108
192.563	279.648
160.742	191.246
313.93	71.249
198.193	184.452
375.236	180.663
220.187	184.1
470.781	275.792
181.29	94.8305
156.842	223.493
349.087	484.548
244.821	78.8593
385.23	494.394
118.75	357.051
218.378	386.701
123.374	315.83
313.991	253.507
122.096	297.943
206.688	468.073
212.084	419.302
478.14	308.519
419.7	197.695
159.301	207.01
205.184	471.625
315.7	69.9123
390.332	438.645
326.7	199.492
191.373	94.0983
166.076	307.748
444.818	322.926
83.7232	437.23
406.218	53.063
171.337	22.5812
392.422	228.02
298.356	188.507
388.321	477.901
444.778	388.507
307.888	429.638
287.528	247.368
197.291	224.068
424.102	201.81
492.4	421.222
441.603	280.104
375.06	209.545
429.471	378.515
488.338	407.05
403.355	195.865
397.235	308.458
90.0003	305.119
351.849	324.513
281.128	249.786
393.183	492.964
416.706	306.686
362.501	477.927
97.7239	449.297
461.467	307.261
79.1117	180.699
62.4525	180.474
280.69	249.782
218.78	386.433
209.751	351.954
76.4454	350.308
181.25	21.265
62.2771	215.927
86.7607	427.406
391.084	202.946
139.459	309.545
348.131	312.246
423.661	201.098
216.695	387.555
358.845	177.114
66.2216	305.239
82.8082	316.733
232.53	204.776
439.735	381.417
56.5854	307.911
127.56	405.304
429.466	378.686
77.9067	344.152
78.3683	355.371
132.466	222.454
87.4978	425.821
427.499	276.438
349.279	310.229
318.689	112.154
412.087	65.9207
76.7172	351.896
195.565	98.069
440.845	395.312
483.359	248.669
131.403	382.19
83.5612	148.168
438.55	77.9856
101.669	445.715
446.231	403.737
346.491	111.073
161.446	209.62
322.645	68.6816
424.185	201.96
221.207	384.012
139.493	299.734
220.323	385.096
103.057	442.153
389.715	52.3306
199.76	276.896
67.7676	295.359
203.531	426.894
128.842	220.722
75.8783	148.747
59.9434	224.61
103.214	384.642
78.1242	355.026
219.334	386.016
491.261	254.797
496.86	434.034
287.167	247.664
403.104	226.07
308.168	248.33
42.8904	200.368
322.589	68.6714
400.912	260.351
423.747	201.226
32.8941	200.097
101.04	446.6
197.597	70.5545
425.353	205.864
47.9121	302.934
397.536	79.5644
120.974	416.899
448.549	77.9116
196.296	201.743
129.233	315.247
244.148	115.637
116.787	386.925
400.412	388.025
318.035	68.9023
176.527	57.4195
434.54	323.184
100.289	320.593
387.1	337.029
282.568	204.249
419.599	197.647
320.56	68.5139
186.995	90.3011
360.091	222.225
248.452	181.383
421.115	198.519
381.244	91.8754
254.116	81.2524
116.725	432.574
146.1	202.95
79.4141	147.71
343.228	102.568
92.7663	450.36
395.08	228.296
148.275	179.409
404.217	52.5432
264.097	81.8654
432.138	493.995
193.436	426.775
290.243	47.3953
186.173	431.548
70.3825	285.707
203.606	374.919
423.223	200.502
83.67	437.395
165.022	310.648
377.439	298.169
80.4275	147.659
25.6221	206.962
406.863	71.5299
313.818	217.884
183.613	244.975
312.498	72.943
334.233	97.4123
487.634	476.079
222.584	309.223
349.744	309.645
209.038	387.414
96.2488	297.311
131.275	382.904
384.152	337.442
349.421	322.265
220.177	123.237
384.996	55.5277
349.672	309.73
15.7552	205.336
182.106	97.9419
100.699	447.005
321.131	68.5163
206.097	300.997
405.042	85.8998
78.3334	147.878
101.812	445.481
491.638	456.297
39.3823	297.714
121.063	298.678
83.5384	437.856
123.615	299.589
97.8518	376.839
77.5571	148.076
383.877	347.086
292.231	452.093
148.662	179.245
83.2792	439.258
457.054	312.409
83.5112	437.963
393.922	324.896
81.9561	358.377
153.611	178.613
29.3824	297.671
361.449	284.24
401.418	203.61
408.715	81.1623
273.239	184.074
89.3396	297.36
176.439	429.255
191.218	294.438
287.287	457.681
405.834	52.9284
85.6119	149.116
78.6934	147.809
153.493	178.599
421.682	214.49
467.49	379.84
470.182	279.504
216.911	387.466
94.7666	222.411
213.793	116.173
411.736	58.1106
408.13	82.4528
351.046	323.927
87.1554	447.942
219.977	218.383
114.201	324.667
493.466	342.927
60.4709	218.826
320.431	84.8469
221.077	384.192
78.4823	355.522
418.34	197.163
407.726	83.1311
375.549	241.455
197.874	249.246
207.364	386.484
275.889	57.1848
302.943	253.96
331.826	209.932
296.151	154.927
321.669	250.421
351.981	281.023
357.517	293.434
349.244	322.028
492.488	461.876
388.108	52.9981
292.147	117.246
83.6292	443.211
390.729	52.0672
98.4186	448.911
200.286	323.377
436.084	189.988
198.098	319.539
384.917	55.6262
387.975	187.869
379.036	355.836
226.605	113.327
122.756	415.015
269.259	191.415
78.7495	147.799
139.156	321.025
151.695	216.802
249.077	224.57
91.8719	357.795
299.161	285.059
388.346	357.423
255.194	98.6764
192.877	262.264
291.106	452.845
213.986	321.523
408.713	81.1693
347.351	315.606
286.318	460.581
147.133	180.011
388.899	283.039
498.438	485.109
90.6915	332.745
184.261	81.0016
201.321	231.694
119.833	381.072
86.6861	149.871
79.1591	147.738
172.16	20.2444
86.6013	427.883
448.143	293.931
390.944	311.048
201.165	47.1026
420.033	197.861
300.879	454.733
429.916	381.893
108.834	370.597
436.72	389.062
96.4086	449.847
280.336	200.771
86.2924	149.57
96.9446	449.65
487.389	484.493
245.055	78.8188
201.914	361.107
406.078	85.0735
395.402	261.975
83.2229	440.707
435.634	189.804
60.662	203.256
207.92	124.267
206.058	396.429
408.541	199.5
388.954	230.03
98.6124	372.202
313.595	240.98
433.768	288.484
75.1637	149.149
59.3157	190.235
59.2404	190.408
494.267	352.895
393.441	425.11
213.368	294.131
209.747	396.248
404.298	187.454
84.7725	222.066
496.596	438.511
204.041	191.513
76.4213	348.868
237.375	105.227
484.179	346.874
319.333	31.71
484.157	410.295
131.197	378.308
78.542	147.836
176.308	57.5233
137.585	77.9987
310.827	156.891
491.115	242.805
418.609	74.5172
430.754	199.305
318.149	94.3552
155.248	190.73
375.756	484.561
476.879	376.397
151.127	178.611
110.743	191.07
211.12	406.173
317.167	154.927
89.2693	153.014
284.417	42.5448
440.897	194.453
215.402	404.365
197.739	389.029
276.405	220.492
290.905	230.312
91.7226	297.133
93.2851	450.37
271.625	122.128
297.399	450.838
436.588	494.842
195.224	282.461
176.435	100.052
248.45	84.313
77.3927	353.753
486.312	496.064
190.05	292.646
370.463	321.099
203.385	39.6391
325.592	23.9116
229.828	196.427
206.713	193.195
417.125	267.427
88.0208	448.914
439.181	192.119
380.225	94.8036
469.582	379.509
126.345	383.011
277.085	125.542
406.658	299.178
295.034	258.655
201.409	33.2994
126.974	216.509
175.748	57.819
299.641	380.58
190.79	66.2215
431.815	389.172
418.975	197.383
76.7848	278.025
101.498	181.861
438.238	394.913
113.157	173.906
208.903	152.655
57.8007	197.673
395.045	425.42
377.861	50.6416
420.775	498.96
58.0821	193.332
451.219	391.685
224.274	313.796
167.04	286.405
77.0883	353.052
119.666	361.167
344.697	108.176
288.141	251.46
489.001	460.014
85.1794	446.32
284.281	463.282
375.128	483.09
358.59	322.201
121.108	167.841
84.434	271.584
402.606	480.764
441.009	214.811
390.184	52.1947
460.507	323.992
321.686	250.421
412.593	228.179
206.974	24.9908
178.031	167.544
339.748	309.394
422.976	200.203
57.8539	194.286
217.942	218.391
89.2925	225.388
217.055	402.835
57.7296	76.5646
199.31	276.163
47.7296	76.576
282.956	50.2544
143.102	294.805
194.37	48.8106
412.707	416.629
83.3607	442.059
285.967	111.489
38.2788	79.8445
116.207	337.025
375.368	49.4176
224.889	216.462
331.096	108.457
384.675	274.231
379.709	92.1916
28.7483	82.8724
130.135	294.535
79.1245	356.275
260.154	97.9656
221.861	73.7953
219.229	398.527
321.514	97.8852
233.677	314.19
77.0679	345.844
153.238	180.95
233.83	310.711
229.912	302.546
348.529	320.891
114.781	294.529
119.696	295.482
415.567	270.229
228.955	189.504
440.568	211.925
102.125	444.915
102.125	219.737
154.609	293.921
216.294	403.626
352.271	324.775
324.294	161.941
102.544	219.727
87.4792	235.223
140.547	193.631
216.037	34.9904
42.8598	181.186
83.1219	143.994
89.4615	239.357
295.933	371.293
310.878	454.777
97.9097	376.981
85.6777	446.94
367.28	202.257
287.384	457.64
360.799	107.583
154.186	323.833
423.697	201.151
305.613	368.781
304.558	444.992
215.777	406.459
106.867	333.759
128.899	403.241
212.248	33.5877
204.736	405.113
278.664	34.3658
81.961	138.802
93.7708	450.311
401.794	185.976
476.289	346.46
421.656	280.787
385.998	337.289
485.221	370.882
94.484	431.326
431.368	387.853
386.353	439.264
329.937	310.768
256.149	201.967
303.016	374.738
326.864	117.867
191.071	290.412
199.569	380.328
97.3216	449.489
128.231	81.534
400.639	230.698
182.498	267.313
498.056	347.673
172.696	307.289
76.9615	346.135
239.4	310.897
333.494	100.426
414.223	225.91
322.748	134.523
325.48	103.425
92.97	354.314
121.926	416.016
490.667	385.36
376.226	485.364
455.569	310.85
422.812	200.017
218.856	399.782
82.79	312.902
190.439	309.499
329.714	213.416
83.3646	438.66
301.715	58.8721
49.9954	223.731
191.988	359.891
407.968	368.832
413.608	285.477
420.307	64.332
193.482	49.1368
416.829	196.822
366.665	100.398
419.599	62.895
81.4826	312.965
288.549	204.965
76.7291	451.667
86.4405	308.928
123.1	414.509
76.761	346.78
105.539	434.289
398.949	297.83
119.531	417.877
197.622	384.523
381.209	311.513
347.411	317.377
400.633	484.732
238.582	297.594
204.593	405.034
289.948	288.947
81.7324	454.744
107.7	190.466
285.99	55.8299
101.016	225.393
323.108	400.479
172.478	83.6984
291.776	49.4415
80.6712	317.353
77.4988	128.085
400.479	470.62
143.874	403.89
80.2746	128.111
161.878	196.125
433.08	302.741
53.5141	175.47
305.092	66.0901
206.733	174.765
392.883	332.494
197.814	162.59
420.077	72.2355
194.784	232.961
78.6285	118.244
282.063	242.04
420.438	64.6809
268.844	224.59
209.532	406.308
104.115	236.333
106.473	174.989
401.201	22.2372
400.176	496.236
117.216	382.31
224.709	29.1681
62.2083	218.428
322.632	390.49
205.541	238.421
420.694	65.5223
219.468	396.766
309.475	44.3922
306.488	358.819
80.672	316.492
449.452	385.767
187.095	351.17
396.529	464.879
86.1127	108.987
218.669	400.249
79.4914	109.369
200.096	277.556
209.676	102.516
