Saved a vector of rrt <nodes> points.
X	Y
250	250
255.61	258.278
254.849	268.249
241.999	244.002
243.016	253.95
250.245	260.859
251.756	250.974
259.861	245.116
269.307	248.397
252.2	238.689
277.34	242.44
281.885	233.533
249.574	248.338
282.543	250.98
245.672	239.131
289.098	258.532
295.652	266.084
295.828	276.082
303.54	259.936
303.853	282.049
309.764	252.11
304.073	292.047
309.986	300.112
316.594	307.617
303.853	244.045
299.506	235.039
291.114	229.6
317.443	317.581
305.401	226.961
324.517	324.649
286.158	220.915
278.108	214.981
331.25	332.043
269.794	220.537
259.841	221.511
250.136	223.922
245.752	232.91
277.104	205.032
338.338	339.096
243.275	216.647
234.85	211.26
278.24	195.096
281.085	185.509
226.214	206.22
249.482	242.188
278.737	175.789
243.017	249.817
274.699	166.64
345.427	346.15
277.005	156.91
352.516	353.203
235.095	255.921
216.249	205.384
238.059	265.472
207.268	200.986
354.588	362.986
351.918	372.623
364.288	360.554
370.853	368.097
222.036	213.539
197.393	202.562
279.17	175.585
377.843	375.248
384.832	382.4
391.798	375.225
286.612	154.133
283.068	184.794
296.346	151.841
194.391	193.024
290.208	191.795
184.973	189.661
181.556	180.263
187.107	171.945
178.939	166.176
391.822	389.551
398.812	396.703
397.792	367.22
363.075	374.381
221.8	223.536
214.649	230.526
221.07	238.192
293.845	142.159
177.441	156.288
173.336	147.17
214.72	245.917
164.813	141.94
168.761	132.752
212.411	255.647
297.792	198.314
206.527	263.732
178.975	197.662
405.802	403.854
170.614	203.149
209.014	273.418
302.157	136.599
312.061	137.976
412.791	411.005
404.732	360.021
405.411	350.044
160.929	200.661
419.781	418.157
306.078	203.912
221.728	259.278
426.771	425.308
433.761	432.46
207.261	283.263
404.354	340.1
161.221	126.184
400.406	342.391
206.597	293.241
443.723	431.59
169.698	150.665
411.685	333.298
396.656	407.899
151.622	128.986
141.751	130.586
205.606	303.191
207.767	312.955
417.505	325.167
198.531	316.79
449.933	439.428
190.59	322.868
132.427	126.97
315.691	206.667
181.237	326.407
456.143	447.266
462.353	455.105
387.053	410.687
423.405	322.526
324.14	201.318
194.022	332.261
391.622	337.61
377.06	410.303
198.013	279.457
171.884	329.944
130.282	117.203
309.743	214.706
164.529	116.747
121.76	111.972
381.638	337.053
171.71	339.943
174.513	117.301
468.563	462.943
180.822	109.542
450.007	423.811
123.788	132.007
322.775	191.412
177.881	144.918
377.472	420.294
433.166	324.7
474.773	470.781
379.328	327.324
437.27	315.581
448.861	454.121
201.837	270.217
332.032	187.629
334.475	177.932
124.197	141.999
441.071	330.825
309.1	224.685
119.655	150.908
376.354	430.232
339.221	169.13
163.858	323.979
181.651	99.5766
480.983	478.619
198.753	341.071
372.09	340.028
112.814	107.502
487.193	486.457
362.144	338.99
163.085	345.003
203.454	349.897
203.603	287.737
490	490
367.631	435.121
200.561	359.47
200.99	369.46
102.89	106.275
490	490
153.974	322.457
439.561	305.847
144.567	319.066
177.826	154.918
357.905	437.447
299.245	226.379
354.695	345.662
205.352	378.459
346.388	162.157
353.232	154.865
490	490
117.958	160.763
363.157	156.089
372.149	151.714
208.416	387.978
109.934	166.731
92.9001	105.824
377	160.459
490	490
339.669	194.084
212.507	292.289
490	490
381.576	169.35
490	490
490	490
217.552	392.043
448.083	337.955
135.137	322.396
187.765	153.817
340.728	160.287
220.953	401.447
156.654	352.661
126.154	326.789
347.905	437.411
221.795	395.483
374.335	141.956
175.035	92.0778
194.066	161.582
348.107	353.103
192.338	171.432
334.783	202.809
218.612	284.369
382.497	136.178
116.327	324.936
490	490
109.965	158.427
202.105	155.635
180.78	100.263
330.774	159.331
210.288	149.887
123.328	336.381
490	490
215.819	287.184
118.325	345.039
392.488	136.602
485.778	480.935
166.653	352.737
368.587	133.773
331.232	206
365.056	444.437
337.351	213.91
402.221	134.307
121.305	316.263
106.515	323.007
338.246	434.821
179.289	83.0277
130.39	319.422
390.533	173.797
452.863	346.738
453.301	329.425
101.361	171.878
395.077	182.705
91.7639	169.069
101.844	181.867
111.71	352.539
213.772	408.406
412.028	132.352
415.112	122.839
359.542	452.779
204.762	404.068
121.396	306.264
490	490
363.558	461.938
102.001	354.932
399.175	191.826
349.311	343.176
456.137	356.187
175.269	357.434
84.3818	175.814
125.793	297.282
178.1	73.0986
366.159	124.072
448.524	362.672
92.1196	353.396
438.166	339.244
228.527	285.666
101.776	364.93
212.203	296.508
196.239	409.299
74.7173	178.383
429.506	344.245
490	490
69.3221	169.963
187.968	71.4812
67.6327	185.44
337.035	223.905
457	320.134
490	490
490	490
476.64	476.872
65.8316	160.592
441.918	370.179
360.549	115.793
420.753	114.583
97.5144	373.976
490	490
490	490
82.335	355.46
222.608	403.723
168.1	73.1106
113.395	149.033
353.976	108.257
490	490
490	490
462.747	332.706
116.604	347.041
76.4411	363.539
358.151	338.501
355.19	351.266
238.398	287.267
66.5331	150.617
96.7317	320.936
228.637	275.667
339.561	345.397
235.432	268.331
193.843	63.389
183.438	351.665
124.617	287.352
123.257	150.691
203.642	65.3872
212.803	61.3789
330.233	440.803
93.9288	382.318
59.8032	143.22
406.815	198.279
185.234	69.8169
448.533	314.812
421.342	135.992
428.42	143.056
102.065	388.131
490	490
490	490
236.355	258.374
187.492	414.145
345.406	113.41
58.8139	133.269
356.32	98.536
341.655	232.773
448.989	304.822
124.201	353.543
182.44	344.907
450.353	294.916
202.204	296.602
364.376	330.674
336.353	117.659
329.503	430.83
413.932	193.635
460.187	293.103
130.885	279.56
57.696	184.317
490	490
67.048	360.108
54.8812	124.075
330.955	126.077
320.745	426.003
356.672	361.155
246.341	258.906
64.6234	369.81
58.588	114.787
112.064	388.299
249.572	249.442
371.108	132.761
74.4218	192.783
95.3169	395.511
220.468	54.9559
466.784	285.588
321.139	444.962
45.1322	121.848
436.935	137.812
490	490
484.261	470.398
369.704	322.212
339.286	428.757
160.187	66.9961
411.202	111.622
200.339	286.778
224.85	413.468
152.039	61.1981
87.6314	316.79
124.96	363.515
224.409	393.886
144.804	67.1681
196.025	277.756
490	490
91.5484	404.774
221.006	44.9704
446.892	136.889
77.7593	315.196
366.298	99.2023
129.83	158.226
71.653	202.392
115.251	283.848
134.136	352.404
349.272	429.285
316.965	416.745
148.926	51.6953
423.923	194.052
233.724	418.078
330.859	109.304
353.583	438.308
193.27	301.095
47.6493	126.285
370.425	312.238
63.1701	105.899
111.737	293.211
61.3203	351.911
307.405	413.811
363.409	339.812
363.582	438.251
217.141	409.917
330.422	136.062
88.1607	414.182
313.304	451.176
415.619	144.193
54.6863	100.605
245.884	240.147
485.579	460.485
372.637	343.666
411.441	101.625
490	490
465.765	275.64
438.629	313.435
413.15	91.7719
111.913	295.016
414.976	81.94
351.556	234.175
53.6502	345.495
51.1681	91.2443
233.725	390.253
41.696	88.0382
135.023	69.246
461.274	279.442
237.157	235.265
70.7573	308.057
334.193	226.116
353.418	340.25
65.3965	140.797
36.1096	79.7441
89.0811	424.14
304.036	454.932
66.9945	211.24
230.034	40.6703
320.714	457.891
467.879	265.866
321.139	106.953
311.217	108.203
122.049	388.841
329.973	454.115
351.875	419.63
209.267	416.081
183.27	300.992
134.474	270.226
362.005	90.1707
304.141	404.359
217.367	386.786
191.308	268.938
163.464	76.4438
65.4131	178.513
44.3537	341.81
322.999	142.762
490	490
401.542	100.211
80.3204	428.962
129.026	77.2483
307.854	98.7856
36.3382	69.7467
134.737	149.513
141.018	277.787
298.633	102.656
334.683	216.128
85.0723	437.761
144.736	149.599
94.9843	439.084
207.82	383.811
229.038	60.1084
143.43	275.455
69.1401	208.692
210.626	53.1847
296.071	410.264
148.805	140.464
399.403	90.4425
70.7275	426.138
78.0294	444.86
57.5383	214.493
129.747	395.225
484.61	450.532
74.8202	303.58
423.701	77.0531
133.801	404.366
158.804	140.347
430.215	130.407
447.03	318.859
49.691	220.691
75.3047	179.981
432.6	81.6144
475.816	462.65
86.605	405.515
306.203	88.9229
306.321	78.9236
209.386	291.037
414.331	154.109
156.683	147.171
68.6868	448.426
490	490
382.614	342.991
343.34	211.122
484.086	440.546
61.3768	422.593
486.604	480.594
64.1024	103.072
490	490
49.8309	123.587
490	490
199.194	378.752
490	490
166.09	150.563
54.7693	133.149
490	490
127.742	265.896
361.49	307.748
456.938	317.505
230.749	69.961
490	490
490	490
239.421	382.034
142.746	399.896
144.342	42.8076
135.876	37.4851
354.03	350.231
467.077	457.79
351.5	307.295
361.317	297.749
477.458	433.058
52.8617	357.245
68.5076	186.477
76.972	170.121
494.308	456.687
132.76	159.315
100.86	447.176
301.525	101.836
73.4044	218.916
36.1182	59.7492
442.522	82.8582
372.955	434.764
229.081	229.367
444.41	73.038
446.805	63.3292
84.1276	395.826
125.958	166.646
67.3037	458.329
213.491	300.156
418.555	68.4782
234.915	79.0518
106.009	286.945
198.468	385.9
402.253	110.186
244.914	78.9074
40.0468	50.5532
441.321	54.9674
422.42	159.989
477.08	261.948
126.348	40.5211
422.123	169.985
456.088	67.0484
120.107	174.755
436.85	46.0227
58.7687	336.904
322.795	152.76
132.479	28.0798
121.813	84.1747
490	490
239.013	36.2677
351.828	216.409
150.303	393.347
297.241	447.595
368.921	425.614
301.096	394.834
287.38	449.26
490	490
110.784	445.942
181.369	270.043
44.9112	229.475
222.75	33.8186
490	490
490	490
342.372	303.21
223.458	299.349
318.993	162.009
74.0926	102.629
322.928	171.202
479.919	252.36
490	490
175.475	154.016
323.888	462.05
490	490
430.879	82.7511
349.825	226.206
180.49	162.667
308.995	161.789
490	490
224.654	220.4
82.2377	223.603
490	490
471.423	247.086
462.649	325.714
212.453	395.495
235.743	89.0174
431.027	37.8924
175.686	171.438
299.156	163.575
84.3419	163.362
327.25	471.468
490	490
37.8695	40.7931
421.031	38.1663
110.838	455.942
461.834	249.921
235.404	42.3186
462.955	59.7792
286.274	459.199
193.892	370.274
51.4158	423.476
291.76	156.845
439.51	134.096
120.01	33.2051
132.804	173.935
68.9098	468.2
244.964	373.71
482.6	496.727
210.66	288.32
490	490
185.522	364.802
179.107	279.784
75.7897	158.18
490	490
412.712	173.364
471.214	59.9957
310.253	104.676
251.598	381.193
120.763	184.734
490	490
65.8083	157.569
406.917	147.399
150.823	50.4236
108.958	296.5
443.884	324.255
85.2603	412.556
411.332	152.236
468.757	263.77
490	490
293.448	107.732
215.215	405.106
460.81	465.582
428.41	121.951
490	490
248.893	69.7331
111.399	38.2908
285.285	469.15
482.818	270.138
39.6682	220.96
42.961	355.839
348.408	233.877
44.9711	212.482
490	490
51.4868	330.05
180.428	147.657
230.243	239.299
453.677	255.705
489.782	250.705
490	490
307.61	93.9001
35.8506	362.871
190.482	163.077
468.467	428.679
291.732	146.845
473.36	50.2289
103.248	437.465
332.516	301.519
490	490
275.493	471.179
350.381	311.379
477.883	41.3102
62.5881	359.568
336.89	468.812
58.5925	323.014
316.345	178.73
490	490
481.181	31.8697
64.7297	475.048
148.5	383.511
214.556	28.087
431.319	173.913
233.023	302.266
434.954	319.755
359.438	228.961
328.47	172.528
87.2972	155.632
27.7672	368.758
472.552	324.319
338.361	174.001
239.593	98.2464
490	490
123.866	46.1946
145.817	402.284
359.814	314.698
214.768	221.902
392.825	106.853
413.083	32.0974
316.973	97.9623
409.627	182.876
192.267	380.08
184.475	148.251
170.024	179.68
413.006	65.7369
189.841	139.812
215.961	386.131
490	490
172.366	265.692
490	490
253.597	83.8672
225.057	77.3706
319.948	188.058
344.42	475.392
212.32	414.678
218.055	18.719
307.655	161.87
490	490
198.172	134.281
369.712	316.119
356.034	323.957
324.974	452.109
38.6482	30.8235
340.43	461.131
204.907	223.567
174.464	139.63
490	490
112.482	190.339
439.085	167.612
333.962	292.068
270.977	480.101
81.5215	95.9352
233.588	215.908
406.959	192.514
19.2782	374.044
172.606	129.804
31.1343	226.173
247.542	385.631
402.435	104.09
249.115	364.612
358.576	333.628
407.111	73.8151
113.914	305.185
128.018	92.0171
224.739	408.153
377.848	421.107
478.107	22.3542
247.341	104.569
24.24	223.53
52.234	236.285
43.9393	323.49
48.1924	245.432
324.458	300.223
220.945	221.767
205.492	141.095
446.815	333.816
22.4937	360.261
320.016	88.4363
490	490
473.606	420.1
110.62	200.164
123.853	304.083
19.5885	232.383
116.888	207.956
349.838	338.49
222.325	36.2926
40.0196	251.194
164.068	130.349
169.475	132.155
99.6957	441.162
194.694	170.249
100.22	451.149
221.312	309.116
468.32	20.3014
490	490
240.165	208.375
241.677	297.255
12.1867	239.107
44.3349	421.661
34.3613	422.387
499.228	486.148
490	490
458.55	427.399
164.381	259.672
316.706	197.518
138.366	407.028
203.271	418.934
443.579	124.961
164.041	187.693
475.402	333.904
471.334	69.995
490	490
48.7401	429.808
112.869	465.734
490	490
261.342	482.779
67.9486	326.544
205.38	280.614
327.159	481.468
311.066	167.985
170.203	147.081
251.428	299.472
251.368	483.502
490	490
344.228	346.768
474.355	491.068
490	490
218.823	422.275
492.032	252.708
43.1981	39.7284
258.95	292.883
363.616	306.651
113.731	217.444
248.417	354.637
199.926	428.358
363.655	318.998
133.837	304.646
397.359	76.0249
342.05	451.263
317.594	307.496
236.605	212.962
482.375	341.071
124.593	101.412
453.44	126.623
482.392	322.538
344.49	224.677
136.204	314.362
490	490
411.951	101.016
331.233	162.917
255.275	391.972
110.292	286.59
161.568	120.666
138.923	386.386
196.336	284.88
201.309	214.237
408.61	24.8095
217.237	83.6025
209.49	412.391
326.632	488.562
113.543	277.133
121.634	460.92
325.084	103.811
253.922	109.822
478.39	411.318
81.4215	163.724
490	490
156.19	136.509
488.334	412.374
297.747	160.516
143.98	374.591
12.4291	249.104
490	490
462.506	65.2978
247.922	59.7803
453.599	326.469
265.258	392.548
130.497	413.199
461.177	72.3722
402.11	17.2104
106.311	224.149
55.7946	317.883
490	490
323.147	486.974
408.818	73.9914
366.06	340.261
255.871	53.7123
476.431	347.639
194.808	274.997
477.435	357.588
341.892	241.463
490	490
138.644	295.877
310.565	205.41
204.211	291.043
335.02	227.888
195.976	412.094
370.053	298.998
263.491	47.2369
160.206	250.585
393.579	11.9922
250.141	207.673
133.324	106.288
373.73	411.994
185.979	411.853
241.368	483.546
378.923	403.448
168.553	270.516
102.523	189.431
97.5092	219.403
35.8379	46.498
371.317	348.245
168.729	280.514
400.601	30.7974
96.1259	150.936
311.949	299.242
37.2405	218.253
52.777	36.857
238.313	57.0126
176.595	408.398
231.66	481.149
490	490
333.351	98.1848
388.636	71.1345
231.878	70.0576
490	490
7.22262	233.209
309.33	204.303
383.647	13.1588
265.848	285.643
212.538	92.4301
124.966	36.2553
383.188	104.181
261.766	37.3867
249.01	197.737
243.627	211.79
39.9142	314.336
196.914	216.936
177.194	181.81
33.9356	208.815
197.392	265.337
305.188	213.842
331.207	111.718
106.121	203.172
318.401	483.266
224.251	318.675
17.3895	351.662
288.435	156.871
470.445	405.246
309.274	289.606
449.06	430.554
129.902	322.126
435.883	166.094
63.5735	311.599
130.654	465.238
436.495	117.903
480.329	346.397
416.025	196.735
338.924	355.246
133.95	40.646
421.74	60.8665
143.926	39.949
463.842	22.6483
379.951	353.291
490	490
32.2815	55.8442
266.881	28.7938
337.038	282.552
225.553	230.642
377.912	100.052
47.5428	329.365
210.286	277.207
448.771	170.098
377.253	393.589
189.929	428.144
397.957	196.867
167.226	404.901
490.225	402.554
163.492	400.047
165.956	242.404
56.2259	436.438
226.621	319.883
259.326	22.2425
253.121	399.454
275.502	23.7264
490	490
87.0557	87.6061
249.342	22.8064
487.428	243.831
330.995	361.339
439.337	432.891
219.396	327.417
490	490
246.548	221.354
124.451	330.51
30.8709	310.067
76.2511	320.97
490	490
278.563	155.279
278.081	30.7336
332.795	447.475
315.853	107.656
147.508	141.47
146.03	312.507
103.677	275.504
273.572	386.991
377.468	112.383
461.418	120.594
467.86	483.464
321.424	364.236
336.246	111.118
151.959	33.993
94.3795	271.822
112.747	268.481
476.168	61.241
228.093	398.733
128.393	48.8787
426.361	163.038
313.61	80.7577
326.777	107.122
497.268	476.342
72.6884	158.852
212.326	36.4312
145.059	288.205
437.098	423.144
252.007	188.197
129.826	423.176
336.14	481.503
382.13	116.979
379.542	295.842
53.0784	445.93
151.067	31.7351
351.588	448.261
490	490
117.417	467.222
126.857	208.749
217.517	87.4224
122.035	26.6946
114.402	20.2342
401.051	67.5875
283.488	385.698
484.684	330.101
476.318	78.6644
424.166	161.705
235.018	292.446
62.2377	33.6173
26.4289	43.1111
490	490
443.64	327.37
38.2971	210.421
430.809	438.112
424.458	202.108
264.282	301.343
22.3786	57.2339
361.503	449.565
193.58	256.092
153.978	374.818
490	490
490	490
18.7015	66.5333
247.839	117.759
252.363	229.489
44.5358	434.25
314.519	357.003
23.3358	33.6015
283.829	38.9164
482.784	86.293
239.707	194.068
266.365	275.657
497.418	496.707
18.6789	76.5333
129.193	384.075
392.272	205.094
40.9335	227.546
227.054	490.025
388.051	290.59
344.909	458.421
308.941	312.508
80.6352	173.693
180.289	399.106
87.7972	145.401
490	490
109.975	473.902
339.797	168.08
209.414	328.014
490	490
490	490
41.451	424.738
490	490
345.89	483.727
218.331	237.559
490	490
490	490
108	12.5521
20.8541	361.043
490	490
156.863	111.843
130.795	289.682
455.476	438.224
238.088	77.8958
154.276	306.849
310.421	489.293
39.08	219.105
162.924	311.87
258.963	198.702
53.9118	44.1847
62.6995	158.381
321.445	74.5449
153.509	149.469
282.414	22.7934
490	490
22.2839	342.942
128.571	339.622
79.7883	330.324
225.752	473.081
490	490
157.498	24.0775
490	490
258.007	408.179
249.564	477.817
236.615	320.247
253.834	468.774
44.0174	237.059
388.195	347.632
486.904	422.271
414.277	16.5706
99.8875	195.376
386.694	390.293
129.595	199.131
306.607	111.466
367.913	99.8601
53.9776	153.49
164.481	271.116
490	490
192.965	268.374
218.929	281.579
191.358	208.621
363.822	413.355
382.743	126.96
456.392	316.867
65.1973	440.856
345.491	114.93
109.548	483.892
340.486	291.939
247.985	79.3268
435.333	321.802
169.92	252.958
490	490
349.795	168.281
490	490
220.839	288.389
298.054	112.357
20.9265	371.043
156.445	121.834
490	490
165.474	401.624
453.604	307.263
427.309	447.48
222.109	390.721
138.706	459.308
397.575	287.54
150.002	321.684
259.683	384.247
136.888	453.873
378.646	70.6995
75.165	441.659
494.673	330.552
10.9418	223.927
321.405	74.5235
484.565	253.412
75.9411	339.554
443.36	161.052
445.98	300.792
303.5	281.442
427.394	420.732
159.786	284.988
78.2938	432.161
93.7024	92.0405
488.802	233.926
78.5099	92.7992
204.99	91.0102
237.962	489.194
140.7	444.628
54.0141	237.316
477.618	241.891
30.9022	371.739
61.6693	301.782
229.842	192.433
362.036	439.579
203.021	32.7695
396.61	389.001
292.689	34.2787
143.145	461.857
399.97	277.831
301.021	492.704
308.198	72.3484
462.927	398.651
270.33	266.477
155.219	330.215
337.463	368.965
106.066	224.091
342.851	274.416
490	490
382.13	412.92
131.402	389.511
346.795	365.371
348.3	266.03
369.156	456.001
434.22	204.278
44.2853	155.951
36.7977	416.7
119.831	387.589
485.337	65.2326
392.634	8.77242
490	490
166.426	121.21
383.899	210.562
490	490
330.657	74.0546
487.504	55.4703
324.802	92.9971
96.9096	228.111
259.405	374.251
195.893	86.8587
208.81	45.7924
443.743	291.046
172.612	190.699
69.9739	167.789
490	490
384.53	304.509
382.367	218.42
197.994	216.527
336.055	121.116
173.937	236.378
490	490
85.5048	425.232
257.54	82.2759
296.499	483.785
383.43	281.722
158.853	102.043
396.738	352.83
467.619	242.002
299.949	27.4019
426.601	457.455
423.608	67.5739
438.72	419.531
44.6041	247.042
471.998	407.454
308.857	121.21
490	490
257.306	484.145
440.789	211.818
118.41	49.4503
110.394	29.3961
249.213	75.6483
126.135	56.8822
184.557	390.062
240.255	124.276
134.092	334.492
445.272	179.466
490	490
173.85	267.62
95.5534	151.713
333.117	377.971
261.219	417.649
301.065	127.478
469.652	408.783
350.33	178.267
433.774	290.257
48.0204	208.085
221.937	403.335
217.173	403.651
84.6482	344.472
107.459	188.844
105.722	464.851
260.704	364.335
490	490
490	490
184.161	381.809
15.3195	377.4
490	490
94.9885	138.452
142.755	132.672
347.886	298.665
94.2269	424.967
331.312	173.372
121.787	346.969
173.701	128.07
206.888	83.7933
48.3287	454.73
309.641	62.453
359.715	167.023
172.032	112.929
226.855	296.566
197.326	434.872
361.581	403.609
284.475	395.649
492.698	87.6025
26.882	415.404
409.829	279.505
429.627	59.5883
490	490
494.574	97.4248
478.391	337.873
492.376	241.452
50.4444	464.504
288.169	376.861
243.825	313.318
46.0158	38.0485
402.576	296.2
392.04	118.318
490	490
45.9696	463.738
68.5721	91.6852
296.951	102.418
237.33	306.998
496.702	51.5458
492.344	107.173
338.803	130.731
69.1302	437.25
270.809	308.919
103.424	471.335
380.596	228.262
50.5386	204.847
162.4	257.496
492.789	44.6036
134.748	377.659
242.509	227.787
301.303	17.494
410.897	291.079
299.286	290.51
356.502	420.167
141.223	280.169
490	490
461.172	388.806
491.83	55.4601
181.377	272.811
490	490
268.835	200.297
299.955	7.58532
345.621	267.422
265.296	81.5184
36.3066	461.164
353.86	306.684
186.586	396.421
222.151	34.5688
414.909	270.891
490	490
124.248	282.122
186.42	382.303
156.713	127.875
130.155	296.317
433.185	464.982
382.662	9.52181
16.9142	215.906
66.6795	30.9319
202.806	270.151
156.732	141.83
355.451	486.655
132.182	324.675
248.835	404.194
135.451	374.678
252.636	178.216
440.85	151.372
254.842	356.234
253.435	126.048
400.769	57.6598
438.476	473.467
490	490
42.2392	460.976
43.1676	473.338
45.0076	434.493
110.429	384.181
444.274	141.977
42.0796	256.718
370.609	227.764
336.372	276.216
252.894	317.531
270.451	83.3279
194.114	37.3152
458.809	389.51
33.9452	381.265
208.268	24.257
220.195	281.188
370.375	65.0781
466.943	82.1446
297.279	97.2378
51.7102	302.685
490	490
206.074	24.5094
59.1389	209.949
227.959	411.319
13.9605	75.0987
119.969	473.571
490	490
112.753	180.361
197.473	424.873
290.675	30.272
41.7477	303.55
252.895	460.687
286.52	483.129
99.5785	425.941
482.118	80.7105
62.7965	153.695
336.301	453.331
355.376	186.9
258.536	170.143
113.773	340.989
224.658	183.881
336.328	480.8
460.981	380.044
422.09	22.813
136.133	56.7155
321.517	175.386
489.578	223.956
29.0363	454.298
262.941	129.15
388.028	407.612
366.855	109.804
490	490
170.745	315.125
121.666	298.314
433.361	161.228
295.222	299.647
115.828	171.418
449.359	386.239
490	490
62.1843	169.903
25.707	333.818
353.265	263.255
297.323	273.578
406.037	355.307
253.68	312.674
490	490
116.011	223.048
328.048	381.518
144.759	154.31
54.8864	203.836
70.1436	296.472
342.484	158.448
364.165	191.671
269.795	201.915
440.818	188.078
216.55	81.2139
179.598	310.475
490	490
490	490
49.4372	195.719
291.282	44.1793
494.241	240.567
58.8695	94.1057
468.042	372.962
388.243	234.706
432.56	50.0282
66.135	179.09
266.273	71.5662
453.654	145.443
428.311	293.371
63.6563	143.732
490	490
141.28	461.652
336.734	150.267
488.526	214.011
406.895	49.756
490	490
13.5277	371.777
484.528	113.412
252.163	80.2944
490	490
166.902	251.207
495.346	86.6463
396.581	6.18301
250.558	187.998
90.3134	235.627
412.422	347.61
499.161	113.338
269.211	211.898
53.722	100.361
117.529	489.917
198.268	444.828
398.001	110.289
388.613	69.8957
125.797	342.084
311.891	172.677
153.065	460.598
315.971	80.5891
159.864	339.071
118.013	44.2986
425.553	199.291
144.91	61.5089
99.5491	190.868
293.79	306.651
45.3506	105.831
14.961	233.084
423.374	161.724
386.752	353.359
490	490
287.366	293.461
430.568	303.113
490	490
400.011	343.381
111.671	298.633
204.446	452.691
326.511	451.292
440.103	382.453
464.915	373.346
341.824	147.606
52.6234	45.5544
330.26	391.27
102.827	87.9491
453.573	173.89
255.616	196.625
249.058	326.766
460.157	181.418
327.062	400.745
293.59	19.779
490	490
265.075	61.6382
7.43816	382.918
497.367	63.7874
320.038	443.67
232.812	225.347
40.757	165.308
490	490
188.089	217.899
462.599	402.754
214.553	79.7711
483.636	40.5772
113.764	19.9812
475.778	62.2955
331.529	137.593
257.298	451.709
490	490
98.5711	129.116
35.6947	333.324
190.47	78.4568
72.4782	186.821
421.571	263.433
416.898	74.9882
363.265	263.169
277.424	76.1604
343.804	120.8
347.617	424.757
373.414	408.018
248.137	132.739
490	490
388.395	420.715
374.912	111.684
117.068	275.162
490	490
490	490
377.376	356.838
417.321	461.18
107.423	272.521
32.4711	299.815
149.226	104.747
121.16	185.777
99.0737	160.03
434.328	312.379
77.1092	419.8
19.8854	408.566
469.888	79.9949
442.698	470.47
21.7144	405.367
490	490
316.602	55.274
61.4387	201.758
342.415	184.379
490	490
484.273	481.803
233.123	490.854
137.501	128.479
429.587	321.184
60.9998	439.952
296.518	96.7316
383.174	243.326
52.238	104.455
201.01	462.082
13.4524	206.524
391.572	248.754
198.541	81.8798
99.2102	480.404
345.262	311.791
256.436	160.366
268.335	374.362
199.544	449.498
11.0355	403.91
206.706	22.967
477.924	374.491
490	490
450.39	464.081
364.09	458.108
467.032	174.155
201.207	207.057
97.1587	459.687
182.856	231.857
141.043	392.166
295.716	53.1421
56.4917	136.756
39.889	164.983
205.198	260.441
26.7044	374.818
321.016	408.711
249.337	364.582
490	490
490	490
292.373	264.889
486.988	332.764
115.324	22.4874
151.069	278.417
44.1925	240.424
162.658	348.673
67.6812	81.725
490	490
32.6759	158.057
476.974	175.225
274.492	395.08
474.7	249.063
490	490
3.72636	378.333
437.296	175.93
302.817	168.474
428.26	447.594
436.929	377.148
124.671	195.14
81.4426	410.787
243.85	237.697
183.151	124.798
424.815	50.3081
209.137	13.2671
277.435	217.586
255.683	58.2053
284.949	14.7468
403.253	4.40591
164.152	148.533
98.676	230.197
490	490
107.033	78.8764
490.791	83.7974
288.196	473.271
326.738	149.973
490	490
379.182	366.673
432.2	40.0347
490	490
111.345	56.528
490	490
407.945	109.233
148.311	122.453
23.4282	295.546
74.4137	287.43
230.005	283.128
431.962	21.2214
183.618	208.954
92.4791	183.795
19.1593	421.757
170.906	155.907
490	490
458.214	148.155
461.163	90.3052
156.269	470.071
490	490
380.928	3.86007
326.801	370.218
490	490
478.674	258.24
272.849	55.348
489.014	342.557
248.98	351.394
344.707	419.207
51.3486	87.5152
18.8959	227.883
106.07	375.182
10.3856	197.006
107.024	333.609
287.295	215.916
76.071	277.568
248.862	220.064
247.06	360.37
55.9275	203.1
490	490
125.185	24.15
490	490
120.397	12.4974
339.322	410.78
134.856	21.6064
101.874	296.627
339.019	319.603
66.4632	216.758
47.5413	78.2683
33.1252	252.266
490	490
278.065	78.1459
41.0151	374.193
490	490
373.133	187.246
97.0248	333.49
274.69	318.135
490	490
295.086	488.29
394.008	226.535
307.202	95.9993
458.068	99.8139
248.287	215.98
361.294	69.2656
458.875	458.787
420.307	324.908
223.888	420.453
490	490
309.949	7.94249
471.513	330.614
490	490
478.533	214.394
5.86157	228.936
436.697	391.856
364.369	181.673
136.096	364.699
490	490
267.586	402.313
264.916	445.231
454.312	83.0214
311.836	92.676
432.339	481.363
195.651	415.041
236.854	299.876
118.492	286.062
54.0591	242.052
89.8801	484.002
33.7172	476.607
66.1091	446.292
125.827	171.543
295.27	497.366
224.923	401.79
426.32	71.6396
489.068	66.1862
255.004	372.755
490	490
475.604	476.818
152.712	255.016
490	490
269.256	223.339
490	490
490	490
140.735	70.5957
23.8708	474.861
336.649	148.252
324.176	74.8733
260.867	227.611
108.379	308.076
405.038	272.495
336.692	192.58
38.5271	112.125
388.841	253.059
379.982	179.96
449.926	468.021
282.623	267.114
24.056	152.988
176.447	381.565
16.1234	431.285
436.859	367.148
490	490
58.4518	430.282
215.572	290.055
490	490
215.862	42.3431
441.656	188.254
362.024	232.894
45.3536	38.6879
18.2341	190.809
8.7703	394.328
406.243	99.3787
348.589	420.75
238.214	131.495
96.6907	378.65
124.754	278.787
490	490
345.599	320.401
272.203	392.229
411.249	118.671
385.617	19.0751
435.038	465.082
431.327	265.628
118.322	193.832
59.0282	194.68
63.9139	186.741
232.821	123.074
465.532	174.74
28.5529	112.843
37.9983	485.644
310.602	440.359
371.387	110.288
233.012	424.547
261.783	349.035
110.824	171.029
21.0785	465.259
468.065	146.435
171.798	165.868
22.396	343.254
345.254	457.786
92.4062	493.678
490	490
299.663	265.86
336.293	202.572
273.559	262.891
318.352	383.965
481.434	365.127
209.882	202.083
210.588	464.956
57.9026	37.0614
224.378	128.433
29.8167	383.328
341.347	456.97
421.15	120.074
399.878	243.186
323.025	47.6092
9.50892	185.924
144.461	254.998
426.572	440.636
105.489	25.5953
402.751	115.25
99.3581	435.938
422.748	285.061
140.848	471.029
70.5778	164.467
98.8209	311.017
67.5396	39.731
176.051	323.602
58.2515	53.8203
225.326	39.1138
490	490
44.9075	230.45
183.837	374.828
443.447	194.629
22.7867	344.27
356.958	455.791
134.726	467.584
307.738	259.96
164.441	241.514
355.236	311.068
490	490
39.8342	30.349
76.9642	401.846
238.588	219.712
98.2173	31.873
490	490
57.5825	439.535
434.677	434.778
196.227	264.86
453.638	108.779
330.341	193.364
19.8337	402.932
442.181	39.4255
475.351	222.12
405.913	345.681
327.899	38.8774
70.3536	394.343
105.511	277.777
296.54	14.912
436.364	168.141
151.755	450.684
257.789	323.137
33.08	259.45
342.49	302.183
71.368	306.397
252.842	306.587
494.676	96.6238
423.039	334.527
71.0261	49.1035
164.956	256.018
15.7944	332.498
209.314	251.328
245.108	219.768
245.012	335.712
490	490
21.8515	437.113
490	490
143.251	161.917
490	490
335.951	129.168
268.076	264.545
149.095	76.082
141.387	280.921
286.804	225.904
490	490
292.373	223.665
472.784	266.321
490	490
295.521	10.0852
158.652	143.009
153.348	440.812
3.45394	206.346
300.966	437.684
40.9003	170.568
481.001	168.128
487.669	31.4267
375.745	20.6699
328.554	199.465
26.78	308.038
490	490
40.6491	20.3823
121.03	270.555
238.047	433.187
55.4833	95.9734
145.699	361.909
303.034	310.465
89.2016	372.024
355.581	256.769
175.759	215.139
140.36	168.084
362.422	222.902
165.141	171.995
360.573	79.2396
494.68	217.549
490	490
184.78	74.2331
227.817	392.218
439.474	57.253
431.814	330.868
474.998	251.031
490	490
497.213	123.147
28.5407	444.547
485.012	485.528
249.952	339.521
9.89622	324.423
42.1092	10.4895
140.279	134.615
281	325.893
246.662	162.481
244.132	247.693
64.5995	305.605
160.804	133.244
204.199	245.865
80.4532	367.18
484.06	475.911
474.426	88.9061
70.5824	269.209
84.0043	357.831
490	490
236.622	224.108
118.026	280.316
18.5919	313.778
106.875	311.278
47.9644	484.822
139.686	153.622
238.217	482.249
29.9895	32.1045
490	490
154.859	62.5109
112.846	184.266
490	490
387.942	354.245
174.144	169.911
134.001	191.543
23.0241	104.51
427.644	343.404
236.283	340.592
25.6007	112.21
477.968	159.114
364.035	189.53
188.44	442.978
411.19	320.799
485.541	326.084
283.072	389.944
206.337	39.2969
358.734	78.2362
229.849	113.526
127.275	492.157
370.331	371.328
23.2585	261.33
108.833	166.732
301.445	227.872
112.752	157.532
377.159	398.745
297.309	292.398
490	490
79.7691	265.259
208.975	192.124
490	490
112.661	81.234
365.214	60.066
421.456	155.644
471.192	407.87
235.599	417.643
490	490
346.595	408.151
153.762	288.048
352.026	232.747
476.005	140.356
493.856	132.566
490	490
470.67	340.579
16.8289	117.012
480.407	411.754
300.224	434.436
490	490
200.156	47.1584
390.657	21.6917
400.34	341.595
408.87	455.834
108.528	228.482
199.217	12.0071
490	490
91.7579	226.618
294.794	473.717
384.697	347.434
132.713	279.683
478.87	372.209
209.223	269.595
352.696	446.745
188.376	120.789
168.3	328.884
191.886	466.174
14.9543	386.396
60.8362	179.364
154.566	295.917
61.3576	398.71
397.747	417.174
37.1442	383.571
244.716	221.071
131.066	138.503
333.966	72.8317
118.23	89.5403
59.4865	176.294
179.809	437.928
341.516	211.099
471.978	361.875
429.053	81.2591
497.775	227.058
471.012	370.828
437.285	437.26
284.792	82.1685
188.719	456.757
490.483	369.385
47.3885	91.9356
339.101	295.733
277.533	52.4779
132.143	275.094
364.323	377.522
237.287	362.489
433.154	401.207
117.65	6.18222
490.266	483.02
41.6522	368.322
293.57	444.414
334	463.754
60.4264	60.2281
470.311	485.302
490	490
402.055	455.993
354.336	377.006
306.883	159.338
36.2393	254.917
208.487	80.8469
24.9138	163.239
145.408	59.2424
124.455	261.16
107.69	5.28917
492.309	470.259
465.352	222.217
475.273	208.089
202.791	273.98
436.383	323.856
152.219	369.492
293.609	172.373
453.128	197.135
342.437	190.042
133.451	398.674
117.284	491.734
12.3387	229.928
253.819	250.174
218.727	388.05
10.0797	181.136
124.41	31.1768
257.897	404.786
431.079	25.2167
356.805	426.451
490	490
420.396	120.768
305.085	105.444
22.8588	155.724
236.874	160.432
471.507	328.322
304.792	149.559
107.382	35.8746
64.8936	290.491
354.331	87.2145
311.346	154.199
490	490
300.474	258.687
462.225	201.288
265.156	214.219
153.069	345.834
490	490
490	490
20.9202	195.886
287.362	293.429
351.972	371.089
216.715	399.414
214.124	418.292
151.634	139.968
107.046	40.5279
29.1152	28.4851
52.1053	10.7674
29.8506	40.2346
115.764	199.804
73.0597	31.3926
490	490
327.009	34.4628
490	490
131.745	178.424
405.049	98.4236
46.9005	207.402
216.765	14.6761
272.21	86.2528
29.1636	190.225
459.076	472.056
428.051	112.837
490	490
192.577	379.686
105.923	198.023
60.8762	87.251
43.707	98.1343
488.816	173.647
306.291	313.14
490.956	460.351
50.9527	364.648
218.164	83.3697
121.102	137.653
147.305	337.662
427.066	389.165
177.409	330.316
488.765	408.102
312.494	0.903107
494.268	339.629
210.479	298.661
9.49633	438.774
440.526	426.667
401.456	93.9342
76.5661	86.3139
248.356	328.387
275.776	42.6334
371.115	217.96
87.042	334.077
490	490
272.555	410.992
90.8598	329.541
479.78	199.162
247.916	133.918
37.9724	447.87
490	490
214.53	282.937
177.311	179.396
103.639	444.975
309.464	250.11
189.985	366.941
278.052	381.393
40.9573	265.61
264.377	80.0359
9.04615	339.878
278.979	33.16
58.2112	313.299
143.44	399.136
329.046	159.703
96.2376	364.918
46.9807	8.3891
334.44	82.8205
490	490
385.697	340.937
254.684	296.758
59.8981	44.6127
176.473	368.062
61.1857	14.9562
168.659	184.411
139.09	198.883
348.229	330.049
36.2923	304.953
191.369	215.273
189.38	121.534
201.896	88.367
363.087	317.262
278.75	80.8453
475.612	130.364
90.0415	474.003
295.984	109.588
197.681	19.5506
52.6578	64.6536
170.992	329.093
239.442	333.572
342.911	228.633
226.102	11.0963
384.524	262.079
317.515	388.086
295.117	316.573
461.716	490.414
78.375	255.357
291.165	182.07
421.328	265.772
452.12	38.3171
351.368	265.838
19.3324	483.772
490	490
219.697	203.998
142.887	328.691
247.865	153.883
490	490
490	490
411.294	113.323
45.5171	356.254
146.16	191.81
354.891	90.1213
408.33	128.236
188.665	23.8766
11.4558	125.446
47.1835	45.7106
396.089	216.754
225.804	380.991
135.586	57.369
186.742	357.481
158.041	279.01
315.908	242.464
403.197	342.911
12.5006	305.848
183.118	165.499
477.075	489.11
84.7859	92.0091
220.307	119.298
81.8965	26.7115
44.4182	161.207
314.177	74.7949
481.612	414.407
451.814	489.019
120.19	93.825
101.882	319.336
236.086	164.032
186.675	334.075
360.461	213.096
285.283	166.834
234.822	35.9795
389.838	364.064
367.489	50.3281
61.324	19.0218
172.405	163.536
401.646	208.439
191.305	25.5133
403.3	84.1058
129.118	366.732
468.801	262.173
111.51	134.826
195.624	475.449
490	490
224.839	3.51467
490	490
458.219	30.3924
490	490
309.575	322.585
422.075	255.8
297.041	427.653
466.761	231.738
17.5454	349.085
306.305	295.126
448.88	421.17
195.725	472.243
423.358	485.761
357.37	257.645
210.44	296.124
195.683	5.98086
490	490
433.947	364.749
256.327	440.11
215.062	303.88
83.1076	323.224
70.9359	386.005
197.135	7.37575
264.619	358.624
357.625	318.899
456.575	422.541
132.997	133.962
76.6897	172.382
490	490
367.369	257.667
417.904	335.032
233.872	365.016
498.361	234.022
365.752	21.02
458.054	46.3663
17.2686	96.3327
393.039	451.668
149.522	187.338
360.359	465.195
273.457	72.3609
137.997	341.32
178.974	26.3435
350.999	207.927
136.087	79.4499
282.996	335.692
490	490
490	490
198.26	441.089
50.7139	267.803
390.571	410.21
284.495	267.765
429.737	374.167
111.878	450.642
490	490
97.0934	426.198
407.991	262.941
479.209	273.984
124.816	21.7337
47.4626	151.682
102.798	357.371
435.258	404.966
147.569	436.703
457.031	428.073
27.8182	447.108
108.75	459.73
407.751	138.219
376.577	253.765
311.562	266.728
259.905	449.448
20.952	44.7969
216.489	459.501
400.937	346.929
177.345	391.524
41.682	118.273
200.308	461.648
314.776	53.2617
53.0304	404.247
294.657	452.616
366.853	86.9647
20.6337	195.498
374.907	92.8915
335.77	322.241
490	490
490	490
288.723	116.464
298.282	112.462
322.438	187.237
56.2034	263.879
498.145	453.399
305.128	70.5374
56.3803	433.596
448.908	495.451
257.38	303.181
479.182	345.829
490	490
140.876	208.722
83.9603	265.774
429.654	442.163
123.586	14.7615
114.242	236.689
473.057	281.867
33.8152	194.045
343.167	366.348
11.8475	87.9297
359.328	222.017
196.978	32.6774
322.088	191.493
5.49434	133.475
459.805	146.417
458.566	462.069
203.522	202.684
468.693	408.768
93.1701	261.878
95.5885	301.554
99.0412	457.334
174.694	17.3056
16.8907	53.9351
140.897	79.6734
377.63	10.849
22.2251	37.7861
258.205	212.424
254.012	409.745
490	490
281.911	178.282
490	490
16.6076	403.407
344.2	134.821
39.1227	475.708
47.1441	383.542
412.04	348.868
409.13	215.072
252.479	456.145
387.927	370.779
490	490
114.344	129.246
66.944	288.652
182.673	84.0086
122.837	181.767
33.5264	14.9299
272.713	411.105
279.928	255.182
144.44	156.071
204.086	6.50678
7.3967	297.248
289.107	126.456
357.396	260.712
10.0667	377.672
198.382	272.237
283.603	445.229
164.437	59.6361
5.72277	369.008
489.808	317.04
307.099	219.624
144.564	375.913
449.11	472.886
407.814	446.076
458.862	188.942
56.6381	205.127
29.1379	110.431
375.483	225.263
370.048	405.777
260.449	462.185
194.492	485.385
59.534	449.342
18.4766	222.033
92.0068	316.849
432.056	255.18
364.88	432.349
490	490
140.634	431.438
415.926	148.399
113.087	186.887
192.857	471.038
96.6558	29.5603
490	490
89.1429	34.9376
490	490
396.789	13.7923
131.025	458.864
193.783	375.326
276.777	161.576
423.816	19.0972
480.383	80.8743
425.093	333.674
348.945	90.1076
354.067	133.199
490	490
234.341	245.655
69.5081	448.623
426.452	9.45094
232.532	173.38
384.928	29.8875
131.319	8.42097
168.697	50.5887
490	490
490	490
466.248	431.95
101.461	417.202
481.742	243.648
443.235	198.598
80.6239	51.9112
267.219	363.666
490	490
282.844	255.295
490	490
490	490
164.355	69.6358
265.785	317.13
384.355	247.479
138.01	421.788
438.046	173.114
490	490
23.8194	474.835
179.249	381.707
270.677	251.387
406.981	272.889
472.092	75.2837
412.615	87.7442
396.017	22.5546
297.447	10.0161
458.684	470.414
490	490
12.7661	120.201
52.701	437.361
173.921	260.449
101.653	133.139
490	490
192.441	264.192
315.31	145.019
50.8281	395.453
468.69	417.209
426.778	274.156
385.66	393.479
413.053	251.488
207.055	96.9337
213.099	18.3676
7.13255	237.065
381.282	374.109
264.293	259.859
128.062	420.767
163.441	169.772
435.797	245.906
370.343	57.8515
335.102	40.3366
54.4093	404.476
490	490
184.745	270.577
214.25	23.4405
85.8802	234.709
73.1098	47.5048
244.426	437.96
299.981	75.2099
58.3349	254.108
89.1556	274.318
159.036	50.2773
158.39	361.623
468.053	46.4515
331.43	29.6187
490	490
421.246	379.45
227.304	344.993
360.776	12.3454
10.2465	109.484
356.391	274.485
26.1921	57.1511
11.3519	50.0388
201.226	431.539
392.225	361.826
186.535	440.174
358.028	474.919
376.454	35.1974
465.338	93.0782
372.05	254.205
490	490
474.308	54.2541
490	490
490	490
364.269	24.65
68.56	185.716
490	490
372.917	319.098
490	490
50.1884	277.789
281.396	132.823
285.499	289.426
490	490
490	490
184.705	483.331
334.828	301.881
428.409	71.2798
365.339	423.292
353.695	69.5988
307.798	46.0988
490	490
9.50812	481.906
355.667	412.358
398.341	128.688
362.748	4.08003
364.946	482.14
282.057	455.109
132.778	214.589
30.7035	384.73
85.0778	60.8645
389.043	331.513
361	140.406
29.1838	297.92
139.114	319.43
362.264	479.702
289.881	482.427
73.9339	291.14
321.898	201.491
227.682	339.112
320.939	6.25898
56.1671	356.115
185.728	5.03412
307.623	167.387
356.702	123.553
490	490
13.3445	394.854
124.332	5.56137
34.1579	245.136
6.58774	389.596
237.147	29.8477
423.564	31.8134
273.543	208.773
226.434	460.549
139.748	462.343
242.202	175.927
147.174	469.04
229.055	207.521
150.855	209.366
110.829	416.268
436.931	379.83
436.156	338.157
20.1365	380.703
286.405	274.893
343.519	78.629
49.3442	347.016
490	490
15.394	88.458
316.454	315.327
375.914	348.128
490	490
463.742	431.904
490	490
235.837	105.517
90.42	356.784
196.01	50.7649
362.824	262.781
299.999	218.231
45.9822	443.065
407.445	113.934
492.41	445.207
203.828	488.968
27.2625	96.6825
140.239	67.739
153.296	439.406
490	490
437.988	113.951
116.931	464.999
227.994	343.631
78.5652	287.058
234.509	255.654
136.613	309.748
87.506	56.1669
463.947	22.1955
128.397	169.001
279.591	418.364
45.1698	337.929
164.871	42.9404
70.2595	403.266
490	490
490	490
291.407	283.211
490.012	465.372
490	490
229.174	101.209
236.263	163.737
420.909	397.044
337.962	22.0466
356.416	55.3127
306.585	95.557
53.4373	143.663
22.8104	357.587
38.1862	444.641
115.869	97.447
37.8587	292.945
3.81039	347.126
414.215	158.251
71.4949	446.518
4.2537	287.755
412.185	358.863
55.9503	347.878
376.512	413.407
19.9963	235.805
444.406	386.473
224.614	82.592
176.454	276.169
418.35	273.251
70.6731	458.555
79.9607	56.9849
195.385	25.805
236.652	334.456
489.037	250.488
423.459	41.8129
478.999	249.279
104.719	23.6451
490	490
473.689	438.631
349.237	444.818
394.354	247.582
224.003	168.159
77.1347	323.02
351.811	253.73
52.3219	215.805
198.305	370.878
79.1148	284.417
152.579	477.453
225.699	399.083
161.196	33.6401
490	490
435.314	4.81823
109.373	96.9596
438.222	77.2673
23.3175	66.729
341.895	322.614
11.3887	399.688
490	490
336.292	286.135
396.121	324.449
313.02	379.153
23.4472	410.702
66.4324	195.264
200.716	293.792
448.217	77.5796
468.165	102.67
315.562	397.894
431.916	252.759
408.676	166.577
273.18	337.602
271.555	358.933
305.8	285.139
461.806	431.101
131.338	202.913
289.707	472.429
490	490
382.415	93.9725
439.541	475.788
30.7985	285.863
193.412	215.311
306.694	430.264
293.88	19.3586
256.267	440.282
413.999	38.7965
285.118	316.441
457.252	189.58
28.8337	86.8067
490	490
490	490
140.821	154.318
214.95	201.718
460.636	223.275
403.557	199.669
410.22	436.369
21.1655	104.162
312.023	332.281
293.496	319.169
172.677	319.236
474.35	140.284
312.179	48.9311
96.062	416.364
408.826	191.17
139.68	205.081
490	490
490	490
189.062	493.782
65.7646	266.808
43.692	53.2333
301.761	435.877
374.988	309.314
374.945	482.32
305.62	398.967
186.282	156.012
494.667	242.469
487.008	308.233
389.699	387.622
277.198	247.426
451.798	490.797
308.577	215.797
258.723	472.035
90.6846	347.552
245.317	338.902
330.624	193.539
490	490
393.165	137.244
399.607	366.871
253.688	312.461
328.026	75.1483
104.643	21.0155
175.55	401.362
398.611	140.911
310.859	113.608
62.8278	425.952
138.84	474.566
409.861	113.986
415.784	390.859
433.916	250.577
490	490
271.834	321.618
383.916	399.27
108.164	136.287
485.612	130.363
398.855	164.692
304.226	337.785
359.371	78.5773
350.557	463.216
347.485	437.374
490	490
487.328	342.047
404.641	74.196
5.17499	312.655
261.187	264.579
266.53	254.484
342.683	260.88
400.334	195.786
215.212	32.7071
75.7702	445.321
476.951	447.844
418.26	356.482
490	490
490	490
144.842	88.8622
82.8639	16.7584
208.414	404.989
1.99785	111.178
463.526	465.494
316.499	428.301
478.605	289.555
82.7067	480.801
457.822	440.273
212.839	82.8053
129.049	420.39
59.971	57.8332
312.72	184.88
490	490
269.191	246.089
185.062	435.933
440.326	329.067
398.501	174.685
218.134	344.375
342.245	331.503
101.672	373.312
299.703	472.173
92.2414	40.4698
465.589	288.517
159.56	447.201
490	490
450.267	446.825
490	490
490	490
327.838	180.536
490	490
180.133	374.611
213.283	492.224
255.948	254.349
490	490
464.716	51.1295
468.521	474.157
448.465	334.876
296.623	474.839
310.196	42.9023
144.374	181.961
244.23	411.084
59.2194	69.6461
490	490
338.305	82.5769
417.664	220.283
470.298	143.465
223.415	406.918
47.3477	122.569
317.774	219.724
490	490
122.26	123.137
353.203	82.1845
476.775	336.123
275.885	292.179
99.1459	273.879
62.9438	389.986
100.232	324.273
26.6314	99.2813
241.333	416.455
321.541	234.202
441.366	376.05
229.583	197.535
245.837	105.472
253.997	270.283
347.722	119.153
209.844	395.092
152.816	270.483
242.774	363.798
408.263	152.9
219.473	193.026
420.498	407.035
299.423	208.248
490	490
181.242	115.722
455.048	460.399
389.115	178.137
77.1616	229.811
399.949	221.025
195.074	60.7211
427.228	284.146
78.5555	397.683
146.675	278.376
490	490
292.723	295.893
220.801	115.602
450.886	372.989
315.8	313.787
465.826	60.6603
17.6368	466.975
401.182	315.824
27.562	489.453
178.873	482.993
101.967	407.215
463.546	42.693
308.735	79.682
315.941	252.464
422.405	393.703
126.644	308.963
220.722	158.713
453.132	370.002
409.758	91.6569
387.219	212.135
490	490
56.9602	119.813
33.2333	184.062
423.502	401.137
80.5869	163.173
209.445	394.092
460.285	19.0366
87.1264	70.6525
17.8995	445.835
479.808	317.087
272.659	62.3928
170.651	486.219
382.768	408.545
415.116	408.19
263.479	372.94
430.438	325.222
161.239	28.3144
490	490
190.087	172.671
140.677	127.558
27.954	455.594
423.936	160.593
314.298	99.7588
351.767	334.558
11.4051	490.751
196.973	432.616
198.025	267.831
82.2231	473.203
304.095	63.2387
448.224	442.428
163.564	18.5885
490	490
284.682	15.4357
492.875	343.205
26.9692	186.281
225.611	377.552
50.1539	374.006
490	490
490	490
224.462	149.439
486.031	89.1262
177.422	323.87
490	490
58.1926	261.504
385.325	103.54
164.642	320.859
159.894	213.644
235.784	423.298
178.926	149.238
450.928	151.02
350.309	481.276
445.251	411.852
39.9976	169.836
251.86	204.695
336.254	197.076
286.69	246.838
16.0586	487.515
131.294	481.128
337.817	179.887
201.637	95.8774
268.383	80.9781
172.681	84.4104
39.4617	348.544
230.274	120.116
384.417	22.3891
38.8327	86.9497
299.438	417.991
490	490
50.0641	355.657
105.102	281.912
149.814	384.424
7.84954	383.865
490	490
324.288	424.695
123.563	240.311
303.7	81.9997
193.649	151.196
400.397	434.498
294.509	253.071
73.8824	163.731
309.261	416.116
490	490
158.01	71.9632
377.492	21.4639
335.33	178.481
364.499	463.292
490	490
461.596	91.6147
157.759	371.603
151.619	149.11
135.462	468.884
353.662	206.296
410.115	65.8274
490	490
358.282	442.391
40.3841	470.305
234.581	454.749
40.2678	189.567
325.185	39.0496
490	490
293.69	491.673
444.702	323.462
89.2381	363.906
490.713	452.657
421.721	140.249
416.162	72.9358
369.316	321.289
490	490
273.171	375.399
231.048	25.3276
152.844	449.244
490	490
29.8834	43.0447
13.5998	224.673
449.389	412.295
14.1992	439.108
285.655	458.772
187.299	390.566
16.3282	488.565
368.728	270.852
344.665	37.4122
437.315	333.85
281.973	370.652
194.689	16.2971
430.459	40.6163
472.93	451.973
433.944	337.818
187.928	164.719
206.116	364.634
143.569	478.866
323.007	379.665
168.412	56.0573
169.284	251.589
382.543	353.142
212.902	72.8055
490	490
35.0187	92.9636
380	105.329
490	490
9.53906	128.874
331.053	417.33
398.583	359.807
179.593	427.561
253.181	112.259
329.358	288.42
137.931	283.228
50.5875	258.289
370.518	263.444
395.329	359.246
92.8801	411.35
103.069	462.702
463.562	71.8296
490	490
83.5264	6.78039
15.4735	105.613
339.259	341.047
387.43	239.349
460.02	12.2729
77.7843	17.1008
421.452	89.5655
251.974	331.44
188.348	462.112
129.863	335.503
6.87029	143.38
467.736	228.79
80.13	242.89
205.701	285.123
447.948	378.518
398.346	306.235
89.2054	166.721
298.015	409.792
490	490
326.236	430.286
29.2584	232.035
351.378	372.056
408.541	251.022
490	490
116.922	232.108
220.336	66.1175
92.1252	282.607
144.764	393.055
134.767	393.327
154.679	153.655
15.9684	457.115
278.609	417.218
92.2788	26.6206
84.513	250.446
490	490
278.839	63.2546
129.308	345.488
150.554	262.057
490	490
47.5777	62.4475
78.4705	187.051
197.577	456.088
111.157	289.87
179.229	331.37
144.962	387.134
382.213	170.902
242.511	242.892
31.3142	342.746
166.449	439.952
196.612	46.0355
378.579	207.101
51.0154	454.58
21.7417	409.419
198.373	303.513
64.6634	361.389
473.726	110.982
410.171	341.12
301.087	60.5781
323.684	230.524
308.66	419.942
23.3974	435.185
455.312	179.594
185.174	62.1313
490	490
253.925	221.462
255.845	265.586
344.587	365.592
43.0363	298.438
246.928	169.296
358.919	365.488
232.642	400.763
431.039	450.978
131.216	170.209
394.472	442.554
280.342	55.2709
362.447	201.519
125.867	123.44
490	490
161.083	329.613
2.84587	101.214
368.692	301.546
97.9255	132.151
490	490
291.527	213.511
85.0519	68.9045
224.554	202.762
68.3333	254.292
20.2411	381.377
495.38	352.887
343.612	306.66
381.798	376.691
118.813	166.149
478.66	344.385
191.318	29.8803
152.733	253.439
160.326	13.1055
233.999	152.065
100.996	122.634
260.91	248.064
317.259	176.763
490	490
225.639	367.552
268.914	401.854
227.605	421.938
115.789	474.934
463.397	287.927
310.073	305.589
490	490
490	490
378.368	349.556
344.016	19.0682
305.708	476.061
144.659	89.9266
464.992	177.085
195.944	281.559
7.53669	59.2824
288.04	409.089
490	490
66.6077	40.3022
347.198	213.926
374.704	359.35
133.912	354.365
468.855	188.568
496.688	236.707
445.655	120.371
495.909	458.459
256.364	379.967
16.3733	146.493
71.2502	384.418
490	490
87.6002	486.176
122.655	479.262
154.708	478.5
490	490
490	490
490	490
490	490
150.084	401.523
490	490
490	490
490	490
307.138	161.225
363.505	87.6825
274.682	15.4231
234.924	215.618
81.0557	475.711
262.535	108.723
401.724	164.347
184.524	429.166
80.9878	353.468
258.132	246.984
46.0126	330.878
349.122	70.2901
298.419	406.4
280.613	409.973
193.916	312.079
425.186	226.873
398.631	363.043
291.553	244.689
166.822	5.50264
244.705	308.067
205.921	197.42
405.637	411.375
494.628	489.038
173.74	242.637
189.165	381.317
489.006	470.924
202.374	67.2442
490	490
203.599	79.4392
375.411	409.128
214.686	123.515
179.18	285.79
18.9744	61.0593
174.947	87.5005
275.358	140.795
69.1694	235.821
484.678	88.5293
446.16	108.186
186.873	337.816
326.627	278.8
255.596	389.937
330.385	2.97558
470.973	333.614
484.233	55.4704
191.212	456.465
245.793	34.8722
137.383	349.436
172.332	54.2906
410.036	311.176
349.86	266.806
425.769	23.6461
278.126	384.086
490	490
108.968	86.9678
106.05	33.4467
41.8409	325.994
416.923	68.7201
490	490
490	490
444.215	313.474
1.2698	278.211
395.641	304.16
168.054	38.9836
24.4175	485.147
130.835	153.772
458.727	416.35
476.668	340.198
83.4215	174.878
40.9713	370.046
105.247	297.936
288.33	470.261
41.5553	375.686
378.728	270.829
266.08	438.36
374.875	269.2
418.118	222.714
490	490
102.463	15.2039
41.9881	161.403
83.6072	359.014
86.5851	192.895
231.827	155.972
267.415	254.238
25.948	242.529
344.946	47.4083
236.987	17.2826
42.1887	345.863
447.68	329.797
221.335	113.62
316.404	106.06
90.1321	354.788
490	490
490	490
50.7239	166.269
446.459	464.069
156.09	448.576
244.556	455.443
346.325	408.79
448.327	374.89
494.965	435.539
73.7378	324.932
288.182	451.786
289.983	75.0108
452.499	391.395
34.5865	164.283
355.283	273.918
428.34	111.323
195.872	268.169
473.846	23.6162
123.355	475.743
103.889	266.132
89.2705	22.2907
400.33	366.409
25.0951	141.601
78.8109	9.4889
13.9545	317.442
490	490
490	490
13.3088	144.736
371.901	207.339
244.516	341.466
288.117	384.51
99.7104	413.542
385.62	164.258
469.224	247.169
490	490
22.9543	93.4567
296.951	344.646
302.013	169.216
395.616	366.584
318.531	401.491
221.947	171.968
138.538	123.394
396.396	68.5372
92.8419	477.66
253.815	238.28
339.006	181.946
270.236	247.883
45.899	344.598
298.26	49.1029
297.546	455.297
405.862	229.089
408.66	122.633
377.931	423.306
472.85	86.4782
175.154	31.9417
14.4839	443.425
247.945	278.244
490	490
462.689	213.488
266.275	61.3598
448.525	390.932
276.441	275.746
84.4265	70.0566
169.314	19.6985
478.847	188.172
490	490
256.643	171.666
224.509	255.654
25.0548	280.6
463.099	369.186
221.401	396.382
247	312.935
399.848	90.3194
63.2784	78.7853
266.221	99.4268
217.014	78.7864
134.667	171.833
283.954	459.781
39.1495	290.051
329.172	286.655
387.222	222.135
34.4214	319.29
388.847	225.246
147.267	85.7702
37.0205	282.278
280.27	338.658
490	490
113.044	119.256
238.71	447.138
372.81	267.752
67.2516	156.245
28.7445	85.2307
492.649	350.749
191.371	429.659
468.002	412.612
372.24	2.55166
93.6026	78.2721
472.82	404.843
459.888	406.417
226.813	215.108
196.296	498.799
156.043	200.816
431.784	234.387
452.071	465.33
64.3434	30.562
425.385	154.007
169.575	60.8601
136.852	96.1753
315.074	326.224
320.629	397.955
388.119	23.3672
21.197	352.677
240.57	43.4002
257.555	450.198
107.385	331.262
314.288	37.9291
298.923	211.233
464.759	220.958
273.133	390.34
33.8686	250.418
453.771	9.13624
31.9665	388.908
156.34	330.728
425.279	385.715
431.017	218.749
266.641	171.438
151.225	271.118
234.71	308.392
197.141	141.825
254.237	286.016
262.243	258.235
8.50901	338.299
278.517	16.0175
480.665	254.622
363.585	369.988
71.1945	477.371
473.825	47.0034
72.1877	469.016
490	490
417.612	195.945
490	490
430.385	405.568
354.513	381.552
290.187	221.956
193.731	172.965
490	490
204.336	463.458
400.25	147.064
276.193	143.499
36.1923	445.495
183.008	281.794
456.781	325.653
258.192	321.389
256.121	101.693
428.328	393.367
490	490
490	490
186.308	48.3415
361.174	267.529
222.715	74.1112
125.574	329.494
96.0519	168.1
28.4994	33.1409
304.776	350.872
297.361	404.584
452.415	95.5787
255.785	34.4709
452.596	169.969
58.4483	135.009
131.062	275.961
163.84	157.664
435.496	67.6458
5.042	446.719
490	490
59.9341	268.227
490	490
445.883	145.486
490	490
175.473	109.018
27.1867	337.637
74.4609	270.3
333.974	303.994
329.595	269.25
10.9451	235.061
490	490
385.805	130.474
218.507	142.224
490	490
353.719	471.971
332.265	319.919
63.4612	370.91
425.821	28.5221
192.434	145.206
323.591	292.211
473.709	456.333
61.4264	383.661
342.766	364.877
359.249	94.8075
490	490
47.156	112.853
156.038	222.871
420.333	141.185
184.901	402.917
490	490
175.484	24.418
42.5423	59.6243
63.8344	440.09
394.147	108.248
224.975	451.97
464.466	379.092
89.413	21.4124
431.463	44.6499
490	490
2.95068	268.353
490	490
472.372	68.6778
114.643	21.0897
340.906	484.681
17.2229	188.519
410.883	303.153
442.841	246.066
91.9238	136.73
490	490
490	490
203.192	134.949
335.962	254.163
67.0751	270.949
73.453	371.316
53.4296	209.069
481.712	197.753
374.803	405.984
397.206	19.1928
481.079	485.481
15.1012	87.4761
333.214	478.291
5.06624	111.823
2.30802	131.561
454.881	71.8859
490	490
187.126	113.65
490	490
231.403	190.723
490	490
211.115	201.643
313.757	77.322
490	490
430.461	105.015
358.871	299.659
490	490
33.4662	238.585
13.5333	63.7498
168.387	408.34
490	490
272.232	111.166
108.629	226.522
129.023	248.688
139.712	95.5299
31.647	259.25
319.793	383.387
22.8772	24.871
10.1123	131.084
360.622	389.469
104.706	464.599
326.05	440.284
253.66	167.237
448.992	126.183
275.375	46.5918
88.1006	86.6225
457.336	491.391
141.435	95.5474
490	490
409.032	182.808
192.931	52.8295
490	490
54.9701	448.433
490	490
376.348	30.7285
488.731	120.862
229.44	399.977
219.654	88.3138
413.775	39.2795
455.508	180.977
82.0682	249.914
471.673	194.903
355.521	104.087
9.11953	244.893
179.226	246.44
107.122	112.836
392.475	20.946
23.5754	69.5782
361.593	361.753
120.465	415.261
467.917	284.427
382.371	24.1542
217.114	217.544
332.197	246.996
123.183	269.803
337.327	168.682
200.009	371.782
366.304	275.444
155.132	317.767
389.674	75.9412
490	490
297.444	482.104
49.6496	294.422
89.0594	37.5692
85.4382	290.042
490	490
299.701	436.127
479.237	478.829
332.416	235.398
358.779	78.9042
434.37	277.147
261.043	368.994
37.7073	246.179
31.5523	411.356
369.55	344.841
0.197049	284.077
443.922	65.0259
490	490
490	490
440.288	38.7754
333.471	253.729
238.262	275.747
355.435	412.914
81.8183	201.686
187.67	178.049
349.974	73.5798
418.441	116.551
87.2655	67.3628
217.196	366.078
153.628	178.171
162.945	474.533
303.194	164.887
278.79	426.092
206.975	399.476
370	105.404
255.686	336.608
322.461	390.499
45.2481	446.956
96.8488	64.5059
146.248	191.723
413.6	113.572
453.993	320.662
128.065	152.094
366.529	448.046
463.42	472.988
300.805	316.841
242.188	53.2686
480.667	178.339
39.5897	40.6387
445.592	165.03
19.9001	42.4685
199.742	357.208
234.383	239.765
368.258	383.012
154.376	62.647
217.021	334.437
316.372	119.165
51.8091	257.97
157.526	472.865
272.328	138.129
485.759	263.227
490	490
341.051	230.355
316.853	158.852
225.495	208.91
104.456	145.574
490	490
490	490
428.708	54.2629
480.309	316.373
167.42	163.226
345.508	493.559
102.125	397.216
466.023	15.2258
38.111	295.106
459.142	11.6579
404.023	37.0664
343.918	23.0327
490	490
385.853	342.924
483.092	168.638
361.442	301.771
155.356	319.558
28.5796	186.089
384.049	134.924
60.0354	239.892
249.395	356.303
326.999	215.864
184.834	410.74
490	490
490	490
201.931	125.028
338.734	25.2635
299.501	240.921
9.39708	287.996
406.278	301.025
36.3503	191.886
128.037	130.398
152.712	232.301
190.002	63.4176
263.547	410.292
395.143	431.233
149.934	469.437
198.709	310.405
461.459	276.792
21.6918	60.9073
275.54	96.1705
490	490
166.061	19.4949
322.891	126.748
205.797	470.015
5.49006	322.368
450.354	487.654
420.073	342.515
46.512	129.083
477.784	354.347
329.802	11.0861
387.713	370.342
112.356	22.8253
146.461	467.848
426.238	459.75
277.248	36.7688
293.097	42.3696
286.73	416.003
422.193	405.222
339.023	415.051
354.868	64.2153
3.6962	278.418
170.558	53.4011
277.039	288.607
165.226	7.03852
466.188	273.032
81.841	39.337
88.5493	127.321
143.302	291.663
271.01	432.891
208.73	401.412
338.113	368.989
55.6313	361.568
490	490
419.813	309.074
10.5898	429.782
490	490
106.775	228.935
126.327	261.812
395.001	452.54
86.3133	345.004
148.473	102.651
340.833	24.081
141.692	262.999
300.046	424.935
490	490
490	490
452.684	85.9708
230.234	158.652
473.433	96.4612
265.16	314.217
292.999	20.9876
210.674	276.447
233.603	19.3043
227.594	357.745
168.244	68.2907
349.229	234.668
293.072	71.3486
291.75	285.94
255.922	171.607
283.852	489.881
490	490
134.332	458.948
99.2312	23.6996
34.1599	496.967
216.105	387.172
330.787	75.9821
22.7494	487.55
413.122	259.911
138.769	363.106
462.605	336.405
37.2155	68.0875
45.0655	345.805
60.725	246.402
106.492	89.5967
393.278	369.676
343.461	86.2801
156.272	482.607
214.315	368.74
241.266	283.273
440.836	490.72
246.229	203.392
297.589	325.526
490	490
304.854	237.765
490	490
336.817	476.651
439.34	255.433
150.585	439.503
436.772	396.544
191.096	402.263
490	490
388.879	163.884
114.072	239.966
490	490
152.232	452.765
349.738	447.588
490	490
110.799	264.299
490	490
13.125	422.157
84.5458	198.409
490	490
41.9233	377.327
117.957	11.6549
152.007	490.363
377.867	111.813
12.3115	239.277
490	490
292.769	49.9394
9.43397	492.367
50.5343	321.052
279.833	67.5907
339.675	212.741
357.683	396.726
437.429	314.501
40.0284	334.995
96.4656	194.437
336.852	158.694
196.842	338.603
151.812	380.834
63.1306	73.5876
244.328	444.791
151.263	27.6201
117.461	3.62149
158.563	396.221
238.502	154.552
315.343	186.578
88.6543	26.5926
303.901	151.763
451.815	486.917
272.649	129.521
345.521	104.084
317.462	418.725
434.722	382.424
360.254	482.323
274.797	421.843
68.9976	7.56557
66.3278	11.6327
342.353	371.467
288.089	334.111
462.323	188.242
490	490
482.797	405.522
389.767	401.402
246.064	204.232
448.667	467.678
323.292	135.779
136.25	191.915
6.97326	126.981
131.824	300.41
98.1753	327.364
490	490
184.342	104.307
282.545	363.469
222.015	171.844
3.32574	420.163
399.337	398.502
203.93	365.952
150.555	336.565
168.246	324.666
453.532	289.562
369.379	402.986
428.918	383.487
490	490
351.802	330.646
57.5562	217.285
468.465	296.548
132.405	403.044
379.222	175.989
430.792	381.4
372.597	217.315
288.838	320.686
122.355	138.627
47.098	250.384
40.1593	394.642
281.843	222.665
371.555	356.165
445.133	421.851
208.459	409.298
364.012	434.196
97.1811	125.952
143.982	102.1
185.915	50.1408
490	490
471.949	174.365
66.2208	136.361
231.453	69.2487
367.827	74.6443
8.65887	373.897
219.557	128.811
475.935	288.838
490	490
454.918	449.857
450.042	472.11
490	490
314.373	305.625
412.264	85.6189
132.665	200.93
204.908	288.911
490	490
390.551	450.995
206.148	386.253
430.055	285.881
154.375	401.306
490	490
55.6024	324.184
485.905	408.334
365.599	79.9167
490	490
209.816	479.172
293.969	483.185
232.188	464.459
341.522	88.8593
46.6443	109.385
497.484	476.226
478.649	203.058
266.014	88.4867
22.3326	339.048
490	490
77.6964	315.749
19.2748	126.59
33.9042	192.998
442.698	85.4333
334.113	373.527
144.74	35.1997
216.316	133.171
490	490
359.61	70.6834
141.085	101.45
485.688	204.526
386.166	439.493
236.43	288.405
490	490
490	490
284.341	52.7306
489.711	95.043
99.092	14.261
225.269	340.092
1.14028	419.845
112.077	41.4263
328.844	441.26
146.554	336.829
490	490
320.077	280.122
302.997	20.7598
250.923	392.683
471.686	306.015
103.729	201.31
440.762	173.786
114.847	218.69
326.095	108.527
234.183	58.5118
41.637	365.266
320.885	236.546
394.023	37.1374
378.513	325.216
157.662	141.346
366.819	10.9543
260.537	243.814
215.793	227.457
447.576	142.879
56.379	361.622
98.226	108.268
191.737	11.9119
210.147	297.428
479.075	15.0927
142.285	117.444
399.166	45.641
97.0925	478.736
104.226	103.655
48.7901	44.5571
92.2999	26.4044
44.1198	138.792
417.741	317.7
221.631	28.6931
45.0076	298.613
287.552	404.017
436.987	347.344
344.782	113.926
90.5851	139.266
490.609	241.761
475.541	493.808
267.95	67.1286
479.936	466.916
259.681	345.776
100.057	356.011
36.0205	224.667
3.28765	368.149
255.435	340.053
480.341	403.689
419.105	157.34
4.77499	133.342
490	490
323.124	332.157
431.923	371.464
443.293	255.274
492.186	400.552
145.306	317.494
490	490
20.2945	477.944
346.154	224.053
235.507	428.066
36.2017	182.489
217.41	485.679
247.562	47.6484
88.2664	367.862
490	490
408.521	394.545
359.915	492.317
230.46	109.528
61.9626	147.759
63.2028	372.065
63.5819	88.7807
62.8557	430.138
116.343	334.256
215.192	292.115
459.857	488.061
470.255	380.357
90.8139	320.596
426.731	362.917
68.6467	389.311
490	490
99.517	397.991
477.994	444.505
57.3825	7.16264
201.19	343.988
275.838	215.511
238.8	171.097
490	490
91.4197	320.37
201.065	404.485
333.979	91.5438
490	490
345.985	448.149
71.4	307.98
80.6667	140.541
185.676	123.544
330.88	187.774
329.934	30.0131
316.082	339.257
104.502	319.62
490	490
47.5658	302.391
448.096	104.085
377.05	9.19857
390.516	22.7336
337.177	267.833
353.339	409.905
46.5129	69.9108
220.359	278.937
343.688	469.385
491.175	241.443
491.94	130.333
213.801	149.019
490	490
188.421	327.433
184.779	89.3258
462.416	16.258
27.1093	150.739
149.715	387.777
310.169	148.699
118.574	129.031
123.876	489.187
465.706	326.604
162.215	437.554
490	490
483.643	25.6197
99.6523	93.2728
215.279	105.662
13.9203	420.848
84.5964	173.276
12.7902	274.258
374.237	27.7546
293.213	29.9876
478.857	336.49
451.437	90.4742
332.665	78.0119
490	490
12.152	36.1465
16.0761	17.5399
385.604	455.366
98.7213	150.597
46.35	191.809
87.3352	257.324
239.655	171.174
208.554	454.391
51.2547	118.687
73.813	439.437
415.837	24.8146
320.385	3.09873
171.425	336.6
402.221	373.156
259.134	57.3397
413.715	318.269
271.347	13.8331
274.465	367.77
69.7098	428.979
454.765	69.612
48.5848	104.078
23.0407	388.061
256.717	451.479
38.4395	285.971
29.1641	421.067
77.428	193.243
490	490
478.335	48.9252
120.202	242.848
354.452	278.503
361.222	257.529
80.6135	121.236
183.955	312.961
19.8242	155.134
466.7	44.8773
48.3318	187.469
453.345	117.33
204.185	389.68
319.245	212.924
214.517	83.3332
260.385	216.585
16.074	64.3973
167.133	114.536
206.979	401.254
205.835	228.373
177.379	332.631
58.698	201.042
301.496	458.777
422.569	457.601
128.364	421.393
193.023	277.82
292.63	165.761
226.915	396.377
426.084	278.997
335.708	463.358
32.8472	290.448
376.581	141.574
361.87	360.942
373.657	111.28
291.538	496.278
17.9278	62.8711
190.917	261.614
490	490
113.806	95.0712
343.762	302.661
6.17943	138.326
316.237	242.317
82.5608	94.9478
135.838	196.02
150.161	496.977
454.246	498.444
486.537	418.314
300.917	145.532
57.3595	288.054
83.6102	68.5641
361.669	311.768
490	490
121.545	320.938
360.889	372.006
256.287	406.615
382.083	407.356
474.775	262.704
257.723	322.378
429.19	14.2495
85.3796	74.0703
379.058	380.898
217.935	356.457
282.097	342.337
118.888	30.3969
388.282	415.203
306.348	412.494
490	490
301.095	360.169
18.0581	22.0648
6.81605	282.792
357.005	396.603
133.208	422.01
490	490
412.648	115.14
225.153	240.777
380.321	201.944
197.937	179.97
54.2866	312.63
341.716	123.444
30.5307	18.4349
38.4066	24.2019
155.401	33.5191
486.124	172.381
154.24	447.488
445.275	427.72
82.3652	16.9119
76.4188	231.562
25.9438	197.904
183.54	389.585
290.959	75.7542
337.172	436.951
338.478	78.6147
128.302	100.123
326.48	472.713
402.78	291.656
490	490
298.616	223.693
110.288	28.7017
411.6	177.189
468.954	450.276
291.259	462.239
154.245	400.653
138.172	344.962
265.243	449.417
456.431	298.383
440.639	130.878
477.911	466.97
424.055	5.66842
459.659	359.796
348.819	31.7498
490	490
167.518	143.035
190.167	490.897
195.009	301.114
416.305	276.907
10.6365	367.728
404.036	69.534
161.554	453.254
462.82	114.131
57.1648	298.851
44.4184	383.493
163.391	216.094
46.7635	437.072
490	490
492.45	180.125
490	490
490	490
152.514	71.2317
299.055	292.769
385.981	436.531
178.862	385.772
17.2497	127.591
335.201	71.3312
307.661	233.215
250.955	97.7055
382.54	122.74
20.9776	67.2409
306.447	105.125
286.474	432.493
293.515	143.701
331.382	409.764
75.9905	286.765
434.362	97.4721
447.527	107.503
453.821	116.21
267.528	459.153
440.865	217.016
371.42	5.51676
263.041	391.652
468.392	221.063
123.559	17.9707
485.106	137.634
56.1984	149.858
84.3467	271.807
182.962	132.399
164.878	403.005
223.831	164.358
34.7395	455.388
398.353	379.053
281.841	77.4496
54.9301	188.941
201.472	206.375
473.175	481.485
6.9347	17.5587
493.632	25.1637
120.101	484.972
5.2565	89.2317
418.573	385.89
346.795	159.764
420.772	228.565
165.256	322.057
38.3094	498.179
325.49	120.069
272.93	360.902
437.732	483.012
140.136	384.906
139.004	384.105
51.5746	196.042
346.596	132.172
113.477	330.767
153.183	89.2661
135.006	137.57
411.67	143.45
286.854	439.216
290.141	78.5705
143.792	20.9728
167.801	144.392
490	490
315.298	1.78416
209.72	360.596
126.779	110.007
436.185	251.397
465.732	360.223
157.825	186.652
155.146	261.919
173.21	214.2
207.086	150.198
318.636	231.586
444.234	465.547
31.3398	201.037
270.379	151.635
446.799	168.974
121.415	12.3442
190.052	406.835
228.183	50.5117
490	490
96.8503	396.108
490	490
247.72	330.563
52.2246	305.134
20.2261	181.767
220.863	252.883
393.076	289.244
490	490
495.992	445.486
384.356	262.562
490	490
448.176	122.96
352.57	252.515
29.4818	473.995
142.981	486.057
234.331	206.116
194.38	464.394
132.829	172.489
156.55	43.453
21.5098	470.924
42.6695	451.581
491.488	255.943
485.587	286.221
432.694	496.527
490	490
158.371	313.466
384.206	205.588
426.258	22.0173
405.019	256.012
211.608	102.762
33.3564	192.84
124.234	124.967
201.407	385.664
374.894	96.6834
416.955	360.816
490	490
490	490
469.473	353.928
462.929	16.097
490	490
77.5768	326.344
465.564	185.342
434.219	63.0139
363.759	201.533
419.231	162.383
88.541	242.292
305.936	285.514
305.452	82.8914
490	490
199.559	45.3417
262.902	127.285
312.482	397.05
328.2	274.502
86.3918	94.4619
490	490
370.223	355.106
309.071	436.294
422.275	468.931
25.4847	103.131
112.758	326.269
342.106	139.433
459.49	91.348
490	490
76.8765	61.171
171.107	67.772
42.2768	179.382
45.9597	370.837
18.386	360.654
104.975	189.183
214.603	68.2629
285.276	163.254
490	490
172.665	377.923
333.013	205.284
92.5569	284.852
42.2324	42.3745
58.8688	65.2848
490	490
395.368	63.9486
258.332	418.824
5.94291	151.499
490	490
39.7148	383.336
434.525	268.172
383.597	292.432
158.859	36.966
66.1707	399
429.33	29.9834
414.48	2.78516
139.272	343.262
464.579	273.515
490	490
138.722	321.161
375.311	111.4
340.663	251.966
288.672	134.953
175.193	17.2445
160.875	152.725
496.384	416.573
44.9354	434.637
417.215	352.564
490	490
135.359	167.626
80.7592	463.865
97.6665	358.966
469.517	121.558
490	490
354.453	26.1513
472.852	363.276
390.638	149.82
427.929	372.876
64.0319	133.101
101.86	388.73
229.36	365.31
250.599	87.7118
73.7596	484.255
203.873	377.12
282.075	172.728
354.168	265.479
4.40555	318.076
144.404	61.9043
361.12	403.957
489.872	231.528
279.627	393.563
112.119	396.863
435.315	9.44931
318.701	46.9026
268.518	293.84
485.623	214.526
114.409	462.18
490	490
275.255	455.781
492.229	287.904
112.492	212.363
235.597	34.7245
322.909	275.295
271.577	123.91
228.858	300.786
166.367	181.454
490	490
490	490
77.0298	305.796
458.251	277.136
395.823	107.659
139.665	409.34
227.188	365.932
490	490
125.743	476.716
73.8709	265.241
360.156	192.205
208.438	160.106
310.679	32.6526
266.255	298.691
151.637	431.367
202.236	174.1
71.4199	376.075
436.335	208.459
7.75919	102.995
113.092	343.713
418.276	16.2582
345.41	19.3476
448.817	483.246
464.755	211.15
313.935	72.8935
308.339	326.414
268.232	87.7259
442.013	412.35
492.43	444.007
490	490
445.325	418.964
146.479	496.105
362.711	345.117
404.675	364.188
481.434	72.9067
331.523	366.546
54.2524	214.079
490	490
254.513	124.531
388.038	385.299
231.152	104.966
205.173	234.685
118.332	107.486
6.14276	425.713
168.917	368.652
147.577	422.228
293.769	281.957
107.174	79.62
264.6	207.517
64.5703	254.564
444.796	58.7699
207.415	62.4479
142.027	71.6179
239.912	210.94
180.726	171.364
74.381	97.0143
140.126	460.08
377.156	22.7695
7.60254	343.737
21.1719	385.092
332.91	399.882
351.201	392.449
349.674	327.826
118.973	408.547
490	490
277.171	487.348
407.326	250.87
279.339	446.729
191.584	116.798
328.575	63.8413
95.0416	475.442
350.2	97.3678
96.9832	460.518
490	490
167.558	35.7988
451.267	258.529
469.739	117.409
40.849	281.151
490	490
417.407	413.563
490	490
50.3032	121.684
156.618	164.581
211.638	406.618
350.29	190.577
413.801	328.268
122.151	347.948
490	490
134.859	108.619
183.731	178.819
30.6026	36.1466
138.535	392.448
450.806	460.324
490	490
490	490
14.7586	371.283
189.429	336.944
54.1517	159.646
53.1476	158.353
118.951	0.369986
179.85	272.306
53.5647	389.005
149.678	402.459
12.2613	369.342
283.113	232.584
49.0138	50.8692
490	490
42.8492	95.886
364.469	457.832
299.095	467.643
95.0334	128.406
51.5362	175.605
490	490
197.582	475.716
360.562	297.532
199.409	205.075
235.025	229.786
272.152	478.699
464.649	201.137
116.529	76.0884
58.6427	42.8468
453.746	458.559
490	490
490	490
490	490
454.976	213.242
125.017	150.793
454.506	260.579
184.864	278.344
228.254	421.182
164.419	469.664
261.143	253.796
162.085	269.12
406.729	274.024
7.51539	297.818
20.4332	330.388
426.649	205.973
137.141	319.367
95.2918	88.3245
4.72506	335.786
490	490
115.718	415.131
327.386	86.2434
490	490
339.11	178.522
452.578	243.789
371.772	150.342
421.931	304.638
409.445	311.582
145.164	472.294
490	490
95.1815	329.619
31.3241	44.0437
442.989	78.1795
110.334	43.9068
117.099	391.119
117.587	46.5642
490	490
490	490
257.556	260.901
133.041	197.4
488.063	10.7093
162.429	279.114
273.749	218.333
224.368	492.476
245.556	362.915
236.482	175.1
176.162	213.192
54.7358	424.302
6.1942	152.596
455.228	343.157
226.278	481.059
18.6006	435.768
490	490
472.904	410.375
466.047	386.248
311.835	443.141
26.0833	390.532
495.623	293.559
490	490
348.728	117.954
26.2338	420.839
143.81	97.0322
245.993	84.6708
199.176	335.986
76.5022	47.7926
488.872	321.538
490	490
26.0597	223.782
94.3382	104.311
179.019	8.0053
475.981	321.573
490	490
330.437	155.195
100.862	451.3
120.207	357.758
109.398	446.092
214.724	91.6239
423.043	336.664
385.203	84.8859
59.8043	81.6914
483.098	469.846
129.76	159.704
1.1008	103.35
490	490
368.94	293.284
126.265	73.8039
275.597	180.345
178.099	203.382
253.616	207.699
395.266	62.7146
297.094	353.497
490	490
82.3275	169.888
346.643	238.246
75.877	23.3195
34.4211	157.561
203.393	244.232
149.576	435.117
490	490
130.141	379.473
114.926	100.304
446.772	396.495
428.551	105.671
490	490
406.852	26.3072
229.178	48.7124
493.97	478.4
299.383	112.203
169.264	14.4079
124.258	335.262
483.602	436.226
353.804	385.259
199.403	147.861
66.1519	232
154.526	110.611
480.633	241.072
263.627	482.076
235.191	238.606
299.168	119.952
336.011	383.345
52.4283	386.209
87.854	196.052
308.894	125.804
374.406	326.2
490	490
206.18	54.8356
99.7641	110.043
279.361	349.821
265.262	69.6885
487.189	342.021
336.858	58.2386
111.901	313.571
331.207	275.507
490	490
423.614	461.757
374.776	142.083
208.611	292.339
382.678	434.317
240.757	239.229
314.317	343.583
425.978	276.27
24.1386	332.729
376.283	446.43
300.247	475.956
213.04	47.5593
437.673	44.0014
135.903	138.643
1.6637	409.859
193.383	21.7756
81.5144	57.6226
162.356	315.015
344.162	122.838
35.7741	449.61
283.851	83.5574
29.7236	179.665
415.468	88.2553
387.15	210.238
467.597	131.372
490	490
160.6	95.9741
490	490
32.2112	402.954
19.5285	415.493
126.102	405.055
55.3844	65.1652
180.854	110.442
237.565	450.557
433.266	410.44
113.485	388.416
92.4712	116.771
411.308	225.336
290.401	220.184
345.095	472.544
258.962	396.078
340.27	133.842
163.325	52.7348
243.788	280.842
311.299	190.516
358.852	94.0631
345.326	366.603
90.7196	150.698
490	490
490	490
9.37685	275.744
478.938	143.937
159.88	225.082
477.337	439.733
490.762	247.954
492.957	104.501
4.71504	307.418
164.501	54.1404
198.466	177.3
332.632	113.272
351.298	168.692
205.206	418.753
490	490
490.464	251.743
131.495	143.259
429.801	40.153
219.214	425.458
339.869	185.186
424.982	396.925
445.292	447.15
490	490
472.246	320.341
48.0646	189.206
26.732	173.738
185.035	60.614
170.7	196.656
490	490
357.926	229.733
438.718	324.332
475.881	493.983
24.5094	325.633
165.831	60.0817
462.405	63.1605
204.628	372.003
172.987	464.507
490	490
484.232	286.203
161.223	96.4685
297.756	213.409
490	490
490	490
319.372	265.941
79.2406	382.307
421.356	350.234
455.591	252.896
419.311	26.7586
451.32	365.314
269.787	258.824
149.906	241.9
385.984	413.582
468.258	440.297
490	490
25.7511	195.781
252.426	398.611
315.2	352.271
379.794	459.985
4.90222	281.26
490	490
268.121	186.988
419.032	118.555
70.5574	140.622
60.4575	248.54
436.774	132.523
149.045	312.108
195.105	478.79
490	490
110.833	409.375
26.6433	215.638
197.37	280.955
289.384	112.068
388.286	91.4463
402.129	311.673
217.219	168.097
350.826	180.61
35.8087	43.9033
43.3918	241.177
378.624	288.503
182.478	11.7925
340.21	202.618
380.899	421.882
370.607	324.235
330.164	19.5992
440.011	225.905
64.7367	194.484
173.115	146.43
351.964	54.646
102.501	283.8
43.8607	239.072
242.655	164.625
279.98	384.918
194.451	196.39
166.547	345.33
120.18	496.492
254.735	215.55
256.418	489.007
490	490
237.651	51.1352
495.423	216.516
139.885	426.502
171.964	439.78
182.617	143.312
79.7392	36.5478
10.6962	380.083
32.7436	221.6
124.535	170.66
123.619	490
38.0933	166.297
268.808	268.776
177.715	101.244
121.644	226.026
496.49	315.059
226.43	279.394
278.543	145.86
421.599	177.111
27.064	106.662
376.077	377.852
53.9081	341.136
314.158	143.405
392.241	208.904
117.314	173.092
242.407	178.754
490	490
491.384	464.247
332.962	330.368
490	490
403.809	327.872
178.479	196.084
294.353	409.483
181.899	438.641
137.99	155.246
388.674	282.639
26.9457	358.071
488.429	143.34
430.769	359.75
490	490
93.7813	268.492
19.6444	23.9478
97.0866	237.098
414.196	158.474
200.246	212.285
359.067	227.58
175.765	381.223
77.1121	493.676
73.2408	285.739
306.208	435.511
309.479	191.86
163.749	263.866
112.055	343.842
284.727	418.577
408.459	296.108
271.451	347.008
474.691	80.2915
495.58	411.998
492.933	221.818
4.45252	267.04
435.587	484.587
410.251	82.8569
141.776	89.3575
211.359	408.205
367.73	19.3928
273.278	137.856
490	490
413.176	473.078
450.923	71.4106
33.0311	366.404
472.151	277.687
52.3369	217.105
432.873	130.153
192.393	338.461
433.581	295.238
490	490
141.216	428.322
422.379	407.424
427.409	185.25
119.242	173.5
40.062	409.148
158.826	256.272
316.314	179.619
455.777	327.797
84.6413	376.886
128.534	394.174
28.5914	299.497
5.20229	283.48
490	490
406.234	267.19
470.185	278.132
310.155	183.855
364.085	457.894
465.065	136.099
483.067	229.224
348.745	103.553
247.867	258.425
146.676	356.984
51.5373	126.584
284.601	175.243
320.42	418.671
299.862	97.5995
177.33	75.6004
8.39768	289.248
22.7675	226.73
312.855	11.481
387.93	321.853
317.812	36.8742
135.975	302.001
126.338	431.185
420.373	478.172
275.933	287.13
56.1086	74.8715
19.6799	187.316
301.519	495.657
74.2981	146.415
262.932	201.266
183.813	405.745
351.476	474.11
437.024	408.836
334.741	148.082
374.111	66.8659
442.239	183.676
461.953	228.714
379.15	71.1608
485.041	230.713
282.064	462.262
491.073	307.222
36.2577	493.119
210.097	93.0956
192.069	472.403
209.527	269.757
267.327	307.008
77.0218	174.882
24.3214	93.1992
155.523	33.0865
64.2305	48.9791
351.598	90.8636
262.836	119.324
82.3799	186.25
327.562	37.4709
160.788	170.919
403.572	183.152
169.021	478.541
153.959	449.537
92.7195	475.874
84.216	112.385
432.127	482.036
238.401	148.979
166.604	392.589
343.952	254.713
224.877	114.664
60.5674	357.447
318.919	202.929
324.192	272.495
465.953	365.491
490	490
490	490
69.9994	99.4223
296.527	15.7091
321.234	137.952
41.2425	317.356
191.881	200.833
31.7968	279.008
259.154	136.556
490	490
275.285	345.796
121.971	422.806
488.199	395.269
100.153	337.781
328.704	419.426
306.52	174.539
0.175345	273.464
454.592	498.93
10.0969	97.6543
214.733	487.146
176.063	50.7421
364.786	438.918
82.537	324.982
489.239	300.423
254.604	347.039
495.046	387.981
424.334	97.359
480.788	3.84883
54.2039	84.9073
92.3371	166.945
