Saved a vector of rrt <nodes> points.
X	Y
25	475
33.2661	469.372
40.1628	462.131
42.3023	452.363
38.2697	443.212
37.9526	433.217
43.2378	424.728
51.6901	419.383
57.1465	411.003
52.736	402.028
67.0925	409.965
75.5038	404.557
85.4675	405.407
94.064	400.298
103.858	402.318
87.0859	415.275
94.1463	419.341
91.622	413.104
113.808	401.32
123.506	403.759
133.474	404.56
86.498	425.783
143.115	401.905
76.9992	422.657
153.059	402.966
162.983	401.74
96.4971	425.646
172.193	405.636
182.094	404.236
190.362	409.861
75.3181	412.799
196.479	401.95
206.477	401.73
74.0313	402.883
215.857	405.196
224.557	410.127
232.38	403.897
242.248	405.514
251.424	401.539
78.5307	422.269
260.874	404.809
68.5679	421.408
59.3333	417.571
268.964	410.687
277.274	405.124
211.201	414.046
58.462	407.609
286.128	409.773
293.704	403.246
303.398	405.701
312	400.602
312	390.602
312.68	380.625
312.971	370.63
314.995	360.837
220.463	417.817
315.761	350.866
321.991	401.044
65.5323	414.681
204.39	406.724
194.424	407.545
48.5405	408.859
69.4622	423.876
76.3934	431.085
184.63	405.527
331.668	403.565
226.063	409.532
338.447	410.916
216.705	427.084
38.5913	407.852
68.7023	405.197
341.004	420.583
177.153	412.168
86.1992	433.046
306.361	354.279
347.89	407.624
81.2682	441.746
71.6857	444.605
332.585	402.543
206.75	428.033
332.669	426.108
74.4607	454.212
357.401	404.535
223.108	434.765
357.562	394.537
230.669	441.31
33.0434	416.172
179.348	402.411
63.4183	413.687
196.789	428.913
81.1214	461.671
85.8352	470.49
364.779	387.615
94.502	465.502
31.5361	406.286
188.435	434.409
27.5928	424.556
67.5173	404.565
368.893	378.5
170.434	406.943
365.211	369.203
364.342	359.241
374.145	357.263
377.106	347.712
373.982	338.212
370.779	328.739
326.553	418.197
374.398	319.417
366.743	408.105
372.146	309.674
374.412	299.934
384.309	298.498
23.0246	401.037
84.9952	480.455
371.326	290.422
366.082	281.907
371.596	416.848
368.148	324.915
366.87	271.938
371.978	263.341
379.456	256.703
381.384	414.799
379.976	246.716
383.423	424.589
374.445	238.385
367.559	231.133
317.503	413.942
360.258	224.3
32.9396	402.338
351.864	218.866
355.48	209.543
389.426	255.931
177.763	413.746
175.86	403.928
357.541	199.757
399.282	254.237
348.745	195.001
94.8193	482.322
363.163	191.487
406.969	247.841
41.973	406.628
338.747	194.78
329.84	199.326
75.1174	482.013
324.685	190.757
320.406	181.718
317.185	172.251
367.818	188.419
314.212	162.703
304.422	160.668
294.546	159.096
358.899	328.715
187.519	411.55
285.592	154.642
375.263	181.743
193.17	419.801
104.819	482.274
322.799	157.578
312.956	422.848
314.763	404.325
197.287	428.914
277.539	160.57
376.85	171.87
268.034	157.462
259.613	162.855
114.269	479.002
250.212	166.263
412.414	239.454
331.668	196.759
379.345	162.186
65.8113	478.353
60.8665	469.661
420.323	233.335
194.708	404.599
380.416	152.244
322.745	424.889
241.883	160.729
236.851	152.087
325.661	434.455
226.946	153.465
275.191	170.291
324.004	400.502
335.55	435.939
304.835	403.126
124.235	479.821
288.537	159.862
178.005	408.471
56.1423	460.848
428.956	228.286
62.7488	453.341
216.968	152.808
209.176	159.076
201.091	153.191
388.95	164.969
168.581	411.814
367.422	333.945
46.4267	458.48
206.775	168.784
201.952	177.543
207.282	429.234
294.944	404.6
353.091	336.856
192.233	179.9
72.2402	450.192
333.998	400.829
237.456	166.757
376.676	337.735
126.471	489.568
182.359	178.319
41.2538	454.577
274.323	180.253
435.041	236.222
291.441	150.292
162.897	403.586
340.966	444.345
398.7	162.748
39.993	444.657
406.715	156.768
172.969	174.88
165.943	167.763
271.742	189.914
403.863	234.27
157.106	172.443
333.359	186.903
344.663	331.473
384.047	330.978
150.433	164.995
214.82	435.805
31.8494	457.977
350.39	447.691
421.861	231.071
143.76	157.547
137.086	150.099
391.465	337.684
129.83	156.98
357.463	454.76
154.732	409.359
212.258	155.897
130.413	142.651
38.4793	434.772
123.74	135.204
326.513	440.22
74.4651	440.443
327.989	408.823
335.859	326.732
117.067	127.756
211.419	420.13
110.394	120.308
331.403	177.096
110.047	110.314
116.83	102.966
169.803	400.023
110.002	95.6599
436.317	246.14
102.312	89.2674
152.512	181.325
206.632	186.381
35.8473	425.125
367.24	456.861
33.1125	415.506
121.408	162.371
210.667	444.902
399.555	343.562
440.277	255.322
375.302	450.945
102.384	79.2677
325.999	325.061
138.025	146.445
435.296	263.994
394.774	238.44
124.46	479.772
94.1966	73.526
245.407	160.693
176.983	406.983
248.679	151.243
86.0092	67.7844
385.302	450.851
152.715	191.323
320.225	402.52
316.805	321.13
77.8218	62.0427
79.4971	52.1841
151.803	201.281
275.292	199.263
383.034	334.1
310.276	401.508
70.5486	47.7204
342.63	341.264
440.425	272.578
340.581	317.917
61.6001	43.2567
311.895	312.418
339.323	170.99
343.16	161.756
428.294	223.414
428.944	213.436
348.43	153.257
201.623	449.169
114.252	169.356
334.419	156.899
100.555	122.096
433.798	204.693
302.859	308.134
145.505	139.808
335.446	415.485
207.961	196.292
350.34	461.778
408.403	348.222
388.778	230.437
331.277	161.983
445.336	241.821
31.7764	442.193
395.139	449.055
111.285	74.7105
35.9002	405.903
297.641	316.665
410.974	357.885
217.264	412.016
143.669	129.977
380.49	224.843
391.317	330.776
121.084	72.7146
132.721	485.408
191.94	446.67
27.5511	451.257
45.8583	406.818
330.754	187.075
66.8095	35.4928
119.547	73.9113
29.889	460.98
55.8001	407.895
115.849	474.688
405.135	449.323
107.053	176.297
40.0395	447.826
91.0103	125.078
217.922	195.411
288.311	313.066
343.175	468.754
97.113	177.392
390.702	247.574
205.138	205.885
343.922	420.793
435.267	194.801
96.8288	187.388
88.0655	192.205
350.44	316.246
443.69	203.227
453.163	248.044
110.979	465.954
420.513	360.887
222.523	403.511
112.723	184.534
35.84	469.016
71.6628	69.9211
426.68	269.07
415.037	450.72
114.276	159.356
426.227	190.525
103.792	166.844
123.166	483.625
388.449	257.317
430.445	359.725
48.5078	453.144
118.4	459.251
428.775	180.855
432.259	171.482
313.447	330.549
120.706	493.317
428.773	262.886
130.3	68.8332
345.156	475.094
78.3975	194.761
210.455	453.86
142.692	484.654
70.6522	201.086
423.209	185.234
342.532	469.089
423.792	278.644
321.592	309.975
434.158	161.664
370.51	225.485
78.1352	77.5439
208.88	406.565
279.069	309.246
81.1113	126.496
434.145	151.664
352.52	419.992
110.807	494.733
73.4967	210.673
105.306	66.6946
439.953	356.627
224.194	187.623
117.641	458.128
219.671	203.437
340.74	187.605
321.391	160.476
330.083	197.052
424.146	151.569
270.36	304.332
128.732	475.317
453.49	201.235
135.609	60.3589
324.096	150.848
151.784	488.819
207.965	215.477
39.8892	467.245
421.107	442.773
145.053	57.0718
101.01	466.736
32.8194	478.549
120.531	448.555
71.4142	124.053
232.515	403.928
82.0527	78.6487
63.2854	64.4605
123.863	162.202
398.157	240.909
414.18	435.561
401.836	458.762
107.515	56.9415
40.9618	484.354
154.793	54.8038
411.796	364.331
161.542	491.003
200.11	401.76
428.812	349.859
333.746	153.471
72.8996	220.655
420.173	344.822
353.489	480.623
136.816	469.43
462.221	206.11
118.88	192.414
63.6958	193.902
349.363	460.899
312.775	165.551
332.833	466.652
322.833	466.672
378.49	258.222
132.203	156.685
50.9583	484.617
40.7979	437.854
72.055	230.62
421.311	288.331
62.6443	234.001
419.962	427.402
122.642	201.68
443.556	365.956
60.4747	243.763
81.6028	233.593
444.128	152.253
132.611	202.465
435.292	371.586
53.1118	230.98
163.198	60.2216
65.2959	59.5072
429.065	351.657
303.237	162.547
69.3521	50.3668
173.192	59.8643
60.6716	45.402
360.827	227.984
422.271	171.985
224.171	177.623
358.812	457.626
58.3564	454.878
224.48	212.205
452.915	157.026
113.749	441.206
106.076	47.0455
472.217	206.395
78.8689	214.142
363.482	448.783
64.9707	447.378
64.2128	253.038
446.212	348.828
59.1638	184.988
205.298	225.115
214.989	462.773
182.315	63.9579
25.6035	485.472
231.88	171.253
102.945	37.5484
306.448	337.691
310.529	346.82
242.462	402.902
432.783	253.725
139.574	163.443
413.074	420.152
70.5464	260.777
415.542	335.959
206.238	235.071
435.278	367.401
68.5987	114.458
404.191	435.086
480.559	200.881
39.2531	427.974
322.927	462.55
422.724	167.095
427.896	378.317
435.399	384.929
452.893	369.536
75.6413	269.382
462.731	371.33
33.2993	419.94
351.911	232.512
406.629	340.493
435.171	394.926
43.4477	447.497
288.573	306.135
129.475	444.083
367.338	220.393
115.135	431.303
477.785	191.274
188.959	56.4839
16.6535	483.475
111.279	32.022
362.488	484.984
250.753	408.492
260.385	303.62
364.344	444.931
125.968	477.278
427.676	293.384
228.378	221.414
442.723	252.633
250.442	302.557
228.04	162.019
398.188	335.13
149.574	163.441
119.226	422.178
88.5434	216.673
196.765	411.185
44.4765	225.937
165.904	50.7873
457	197.581
205.008	462.149
105.273	463.988
170.531	486.843
440.488	161.567
119.117	25.8122
196.399	236.858
414.683	178.498
72.4564	278.861
96.958	222.076
63.2963	274.849
428.436	396.881
63.5418	190.599
248.38	294.742
462.858	158.095
304.837	160.561
372.419	453.271
112.392	414.878
60.2606	35.4105
258.952	414.218
409.79	373.619
236.877	157.338
231.999	183.781
156.847	156.578
70.2409	288.612
137.501	460.034
370.376	252.378
75.2186	121.953
186.846	409.914
472.056	374.941
72.8203	105.393
342.33	158.6
60.3198	289.866
53.2408	296.929
54.1386	176.343
318.681	453.496
110.018	56.2356
379.436	253.767
469.939	216.132
60.7413	52.0192
190.727	68.9619
111.238	19.6544
196.811	50.2909
237.646	217.659
372.459	485.746
381.521	267.752
408.745	186.544
82.4211	279.7
65.2458	98.8636
179.165	416.316
469.75	150.849
308.708	151.341
206.806	50.6128
91.6274	283.604
123.976	208.891
239.087	298.436
229.652	301.75
105.685	407.461
212.332	58.9467
412.046	336.215
177.694	426.207
189.453	229.663
352.062	156.296
476.898	223.313
399.004	188.803
37.3646	218.907
317.877	349.589
193.861	52.6299
33.0351	426.179
315.211	346.964
415.282	168.849
31.8373	477.653
166.592	40.811
40.2003	456.955
444.633	255.062
445.202	259.446
426.495	397.321
214.549	44.2848
437.455	395.571
231.66	205.245
353.135	242.436
380.074	446.837
101.97	473.426
94.7169	222.829
439.346	394.866
59.1977	244.387
247.173	310.722
420.78	426.525
410.004	160.355
171.967	409.374
118.327	12.601
180.527	486.582
48.1119	305.514
92.6176	469.885
310.419	447.863
62.2271	264.792
37.6696	233.262
294.957	159.014
53.4078	448.39
177.086	477.193
428.07	433.371
447.556	243.878
455.201	259.338
220.562	297.583
386.447	276.411
67.8922	293.3
268.319	410.717
47.3428	290.54
28.5786	411.124
305.975	335.085
63.5552	41.339
44.7822	212.2
310.99	168.444
219.483	35.5869
19.9936	405.996
131.83	485.379
433.927	441.476
478.09	156.367
411.009	424.397
213.675	467.138
100.931	463.836
379.076	283.168
457.098	242.34
201.884	402.594
119.745	53.915
133.79	206.972
241.965	182.965
50.6656	210.777
452.521	364.691
197.257	76.5358
297.989	309.502
399.79	373.576
369.556	280.108
38.7565	285.414
462.178	189.027
437.715	264.393
361.4	212.348
262.556	423.546
225.925	27.9384
390.602	377.523
15.128	473.592
386.519	368.394
397.105	325.189
187.178	487.185
219.3	217.219
440.648	448.881
235.748	29.8124
401.537	427.601
434.578	300.621
193.919	85.9623
430.262	423.345
408.57	150.459
32.4865	436.164
443.535	458.455
465.173	258.585
304.35	455.811
245.449	285.181
458.746	356.865
143.75	206.075
243.573	23.5855
196.214	466.91
437.862	466.69
389.885	387.497
49.6648	452.608
139.367	478.807
27.3596	413.132
206.253	238.559
253.531	22.6718
400.449	163.305
227.219	311.45
142.128	156.766
233.776	28.8201
371.396	212.62
218.044	315.427
289.272	304.601
136.23	216.67
27.8504	435.308
78.9251	293.571
388.137	248.838
101.144	280.534
111.348	5.439
429.204	471.694
27.7055	232.415
86.4428	270.544
284.72	313.504
249.587	410.711
186.591	225.174
85.5618	301.051
182.94	237.251
359.62	278.973
119.724	24.9444
395.481	242.051
472.097	190.295
263.445	23.9783
273.443	23.7797
196.059	40.3192
173.86	233.061
55.3138	97.6999
199.866	458.089
180.044	435.927
31.5399	210.778
381.356	392.718
138.719	147.365
109.82	466.374
52.6339	314.433
307.763	177.909
143.255	223.787
170.172	437.52
363.235	489.608
246.545	222.221
64.915	261.699
252.536	32.6222
45.1827	171.894
315.043	330.87
32.0411	278.004
241.417	172.98
46.5216	237.914
447.803	447.825
474.18	254.241
354.086	485.571
93.9209	306.54
251.44	179.766
162.866	430.691
394.482	420.514
216.412	325.293
43.8663	319.242
132.263	158.406
281.339	29.9163
221.165	63.6362
260.573	175.693
120.633	210.031
41.5283	246.578
277.606	407.008
291.242	31.3024
361.623	276.565
11.9682	464.104
238.174	163.52
193.068	95.9259
420.092	467.574
421.513	339.435
365.999	497.926
295.998	450.312
288.545	456.98
88.0035	215.417
398.899	420.546
33.1795	246.966
220.126	334.578
162.655	50.0035
307.943	438.174
393.521	394.987
7.57689	459.825
34.5615	322.906
300.375	27.228
290.856	41.295
391.064	166.756
284.344	310.418
457.5	450.271
168.965	31.0966
21.7722	462.541
279.339	321.933
223.068	304.471
437.402	385.057
238.417	228.046
298.193	48.0904
112.479	1.23101
22.0879	277.038
162.253	406.999
246.537	401.188
173.368	438.693
206.457	326.235
132.395	139.619
219.29	20.4569
91.6467	262.005
239.952	311.877
126.917	131.253
102.485	10.0716
432.145	272.698
320.305	339.374
36.6147	405.173
358.385	288.897
159.251	33.4712
55.5839	107.696
162.474	60.0018
479.782	262.525
183.926	86.3315
227.675	211.754
444.621	474.059
376.52	368.325
84.857	207.481
385.654	425.212
310.276	28.626
275.429	305.887
123.854	157.447
315.258	431.355
409.42	427.635
355.543	220.454
223.78	310.993
383.286	266.924
285.838	466.606
360.157	266.673
114.895	457.758
35.1963	171.373
210.828	222.532
113.962	62.0729
45.8323	94.5215
228.559	202.132
152.121	156.406
320.108	26.7971
219.984	319.212
112.272	204.544
436.184	290.75
46.132	300.466
38.9565	101.783
271.221	327.772
199.792	333.69
324.04	30.6897
106.037	475.631
318.056	421.754
325.991	347.6
303.379	161.958
401.603	437.601
460.334	370.933
350.019	476.435
334.038	30.5331
327.952	420.317
489.768	261.991
42.9619	84.9423
40.0915	75.3631
354.521	467.506
132.089	122.694
101.008	484.275
202.288	448.387
417.329	422.915
158.353	63.3621
12.824	280.803
430.81	447.088
170.878	448.378
26.5507	328.891
37.221	65.7839
95.0727	316.473
196.42	72.315
205.446	470.754
137.022	113.996
445.494	390.932
232.21	235.886
92.8441	326.222
29.526	105.109
91.1653	336.08
141.682	213.723
31.2524	114.959
343.86	28.6515
281.126	408.195
278.595	455.979
489.646	271.99
463.162	442.028
21.8365	213.196
454.582	347.773
336.146	426.05
372.759	387.61
443.091	283.518
356.902	457.794
147.021	113.866
152.866	430.718
176.431	24.4444
113.773	217.307
216.59	343.932
45.6807	329.076
35.982	201.819
264.141	185.034
225.65	348.165
117.015	34.5705
445.535	441.093
362.438	256.936
22.0594	404.652
405.242	239.876
179.413	432.817
113.504	447.855
109.887	71.205
79.5861	198.983
249.754	276.155
269.375	337.6
207.377	439.778
406.91	155.672
102.573	276.415
168.547	241.533
227.61	71.2819
293.398	162.582
65.1038	104.635
178.534	444.426
348.007	489.7
246.285	420.15
34.9035	101.567
344.053	419.928
111.773	280.335
238.612	309.791
74.9045	284.415
72.1642	205.685
294.183	301.001
169.491	56.1774
100.179	494.24
165.687	456.925
153.052	47.2146
270.92	462.389
29.219	462.461
154.891	406.688
113.136	80.6626
467.319	432.933
161.32	421.807
103.776	445.536
169.853	251.447
109.266	53.244
160.969	161.066
117.141	129.148
93.9246	443.821
466.614	247.703
117.236	29.5992
485.001	269.434
35.9221	226.716
85.7612	191.117
234.008	193.747
353.705	26.9019
240.958	271.396
225.098	28.5975
262.159	28.9074
110.332	225.422
296.185	19.1356
137.613	128.464
52.4897	81.9057
123.424	446.597
231.592	184.043
363.627	25.6483
232.549	159.725
450.79	369.974
163.039	258.766
92.6373	8.33548
338.44	486.791
416.895	155.13
276.627	459.744
382.427	360.256
364.582	35.6026
449.084	431.744
357.507	248.237
230.449	207.237
27.4578	63.6208
374.118	38.6139
23.067	54.6363
251.043	22.7344
285.97	319.504
224.224	241.905
235.303	244.237
274.104	346.412
282.687	345.718
23.7178	44.6575
24.3687	34.6787
488.756	281.95
392.95	176.577
152.749	71.6443
28.3081	111.674
234.635	279.143
264.96	470.419
25	25
236.89	319.234
310.32	154.76
51.9778	294.694
25	25
200.097	318.518
363.785	291.169
453.927	477.719
18.3071	323.23
157.757	267.257
162.362	462.429
146.323	204.865
265.279	38.4083
38.3064	415.029
426.864	155.918
351.525	479.222
248.295	226.486
36.0714	76.0391
470.266	369.767
373.132	294.724
421.581	348.482
25	25
436.325	152.679
168.236	160.312
218.592	201.314
283.452	163.613
25	25
432.128	263.434
469.776	238.216
25	25
119.757	274.314
25	25
427.575	280.264
54.5576	117.643
436.828	275.564
250.16	429.369
86.7346	310.953
32.2116	192.557
190.978	93.4215
164.759	153.794
156.829	277.214
25	25
420.631	287.461
300.309	29.6778
412.466	232.962
25	25
170.359	417.528
118.505	287.729
25	25
449.075	360.122
425.012	339.089
336.041	37.143
29.014	338.119
152.399	461.567
384.085	39.4251
18.9791	115.275
38.0405	457.752
229.061	150.353
418.01	331.949
452.569	357.271
19.8308	70.0884
164.385	472.222
260.693	479.463
25	25
495.041	273.252
25	25
271.564	46.1861
206.981	480.636
150.521	279.265
34.5431	22.0117
219.327	36.7644
334.959	47.0844
25	25
162.282	285.597
393.953	37.8095
25	25
123.272	456.636
274.326	55.7971
25	25
353.674	210.63
154	464.782
31.7924	347.535
155.486	200.861
379.603	302.348
260.183	194.217
360.384	483.861
25	25
172.083	16.3252
110.679	480.517
25	25
228.207	81.2641
161.639	467.821
99.9569	72.3848
419.562	225.916
365.484	16.3969
25	25
70.5398	215.552
93.6404	477.513
376.561	429.372
171.081	46.3047
477.275	433.871
278.535	64.8685
218.453	320.41
263.406	321.533
75.1037	104.673
79.9482	277.596
8.41085	289.777
31.0952	472.284
43.8787	322.002
25	25
87.9214	181.354
375.758	311.579
25	25
25	25
25	25
295.477	463.944
400.954	162.249
274.04	186.455
71.0687	278.916
14.3775	124.154
474.798	229.568
19.329	463.941
215.992	339.324
289.536	169.77
414.154	292.63
337.44	25.1176
62.8712	282.248
359.607	490.934
243.015	23.3679
120.489	87.4402
25	25
390.115	44.2375
216.549	477.731
25	25
353.787	291.372
160.831	235.173
199.966	452.564
30.3426	459.445
473.287	232.385
459.601	485.954
370.088	47.7662
25	25
315.991	347.641
146.491	401.262
363.546	477.879
72.1105	192.341
120.139	227.376
399.36	29.3974
177.095	155.673
360.048	464.905
303.615	39.1153
443.952	377.272
87.5899	284.047
181.406	25.3685
409.311	28.4081
406.257	225.123
303.605	154.186
133.292	137.482
353.044	260.364
366.377	315.042
305.389	462.622
46.8443	409.822
25	25
164.041	402.653
61.4647	211.352
429.436	165.582
156.238	190.889
276.408	196.171
477.474	376.698
361.66	323.86
419.218	27.0466
180.611	165.035
311.387	338.764
437.258	396.604
483.45	224.554
284.349	302.814
151.044	159.844
141.695	163.393
51.4965	127.163
267.72	486.579
207.851	348.792
58.2807	297.034
10.6888	280.04
435.586	442.107
461.031	340.13
139.779	401.361
429.145	449.756
25	25
396.296	224.239
475.802	225.287
425.042	324.839
25	25
279.172	161.672
127.929	145.923
10.1256	72.4986
25	25
421.32	36.8232
43.4802	125.657
178.739	59.981
51.3823	337.292
463.93	236.587
384.825	350.548
153.07	415.443
159.724	415.581
423.506	46.5813
285.464	327.468
17.8377	293.114
447.255	396.842
227.84	74.0984
386.384	431.242
288.083	157.41
454.324	494.448
439.136	359.023
113.185	126.23
71.883	268.949
119.479	68.3786
443.763	447.863
354.439	33.2636
132.63	167.614
120.155	483.713
25	25
330.905	480.216
25	25
392.784	214.876
25	25
444.31	398.795
287.517	69.2636
416.424	32.9393
65.1085	223.949
390.652	228.715
25	25
433.292	48.6384
25	25
127.263	292.556
395.911	153.614
395.086	20.3569
428.836	401.996
488.037	215.668
394.807	351.146
116.804	116.908
151.47	81.5622
175.523	455.125
308.473	453.109
25	25
23.0212	196.499
92.9015	292.519
469.294	483.493
244.525	26.7403
163.387	40.0082
127.331	302.556
387.538	32.1641
303.1	11.912
79.3298	220.32
106.702	133.844
1.63642	68.7152
25	25
37.0942	463.203
165.438	201.84
329.904	55.7129
260.082	493.034
25	25
294.751	34.6986
43.7513	312.003
428.743	23.9996
229.265	91.208
78.3507	95.2149
399.362	184.25
335.261	496.272
96.2197	434.088
100.075	285.552
42.0343	28.636
199.622	487.407
361.21	245.447
370.633	421.318
194.5	495.505
25	25
428.583	221.599
459.995	469.77
394.745	425.756
294.322	303.548
372.363	39.1399
485.023	206.133
421.897	394.796
25	25
359.879	300.375
235.745	325.531
25	25
438.469	21.6763
132.385	311.185
421.746	221.248
102.132	76.1733
271.523	341.129
387.194	441.209
292.234	306.032
30.3558	473.962
44.1928	70.2045
41.775	68.2548
356.505	313.448
446.02	150.228
484.012	196.184
55.1526	224.886
354.543	329.938
89.0171	303.397
104.937	429.188
372.642	482.035
166.627	275.215
154.453	166.072
25	25
297.376	67.5899
313.718	468.157
25	25
422.19	293.379
124.195	314.563
435.582	279.205
494.008	196.477
282.998	170.09
25	25
368.161	496.115
352.193	339.658
160.094	481.255
243.805	421.648
25	25
441.002	287.609
233.028	23.8781
383.23	174.228
25	25
61.044	130.138
442.534	44.8171
224.61	483.649
404.445	22.7653
36.5048	481.848
25	25
89.1468	320.657
51.6801	25.9979
488.493	280.811
346.524	312.818
121.745	58.6386
276.034	152.178
489.606	232.435
450.599	38.9056
83.6617	476.86
327.538	23.7212
257.591	422.676
264.326	55.8195
38.0048	311.054
352.132	241.253
46.5291	452.466
272.07	72.4975
395.533	415.787
421.656	456.382
181.15	463.392
113.894	283.699
460.472	40.4932
230.801	160.2
133.014	317.488
239.339	165.406
36.0501	132.35
228.552	202.208
477.812	488.732
140.652	130.712
17.9805	205.135
4.03129	80.4269
130.46	88.198
350.939	318.406
116.704	217.985
32.5748	15.9665
39.908	477.737
486.906	436.562
101.548	419.78
332.617	65.3379
422.19	41.8795
360.903	208.702
157.258	89.7174
25	25
361.343	417.619
380.895	183.951
429.697	299.985
336.679	311.066
274.497	179.309
423.733	24.2481
190.232	20.6671
209.948	344.572
36.8908	408.859
97.7497	62.6315
223.645	316.579
485.131	370.266
219.511	153.32
33.855	8.55781
127.574	490.417
78.6565	103.245
484.903	360.268
282.431	61.1635
55.831	346.248
336.557	15.1566
292.385	77.9988
46.7328	116.201
412.813	302.54
25	25
52.2419	234.453
104.709	68.4116
364.713	236.081
297.023	176.398
105.6	410.638
73.0875	205.882
25	25
285.456	307.615
234.493	93.4922
450.728	473.53
491.103	264.06
25	25
25	25
245.651	26.7743
475.165	204.458
265.678	416.794
194.081	29.8967
55.5771	456.724
132.337	327.465
173.55	36.6143
361.532	45.8728
67.9892	218.877
25.481	286.666
390.68	54.2216
25	25
451.304	393.065
25	25
438.262	57.3161
409.212	185.975
398.772	216.578
358.601	408.002
388.808	167.468
259.791	312.209
135.412	410.357
25	25
428.168	162.184
114.248	471.176
461.159	394.767
220.305	346.885
294.136	16.0935
37.2475	329.487
408.662	13.6978
112.564	233.905
82.6334	328.245
478.514	280.161
382.362	484.382
27.0907	410.849
325.573	493.796
465.593	201.563
23.3381	476.951
328.563	45.8032
86.4693	270.015
14.093	302.386
85.8056	184.731
429.275	357.36
335.279	74.977
480.335	384.165
38.0089	142.156
87.9526	64.6358
164.075	284.884
25	25
67.6074	185.03
54.9477	403.963
194.432	484.714
63.2811	450.348
25	25
184.609	496.978
463.929	245.361
183.771	15.4354
274.501	421.501
238.264	204.59
483.085	186.227
50.1875	229.868
382.918	474.397
227.911	479.384
463.223	255.336
367.398	324.12
52.6342	320.474
360.906	398.271
25	25
234.082	419.31
278.75	61.0941
189.354	496.293
176.392	273.056
219.701	94.1294
227.046	152.104
484.559	176.337
122.68	209.967
19.1672	404.748
38.3353	313.214
95.8272	52.818
130.386	63.6717
183.89	279.672
403.963	347.867
180.165	488.02
61.513	227.657
118.44	216.254
89.163	218.501
12.3812	412.093
209.864	451.137
159.094	491.205
354.369	201.131
124.391	214.356
170.813	235.776
436.647	227.513
94.9839	42.8536
405.711	28.0197
19.8563	187.013
25	25
144.05	83.8119
355.019	337.964
126.786	174.746
25	25
25	25
63.5008	263.496
134.446	420.31
439.224	452.218
224.883	415.389
322.659	66.2539
295.924	154.108
121.021	74.8525
128.107	477.65
59.6296	405.468
332.252	84.5079
264.781	45.8299
232.4	65.1987
430.887	435.135
66.7758	192.814
499.043	199.067
480.581	351.251
29.7273	147.761
399.175	59.4978
366.098	456.943
480.492	192.326
56.9699	118.794
17.534	185.866
366.237	213.286
361.783	388.31
355.373	270.089
58.9267	19.1068
104.969	78.3149
67.86	297.707
149.953	198.667
347.329	340.057
428.662	430.705
239.459	410.878
175.167	42.4797
14.1521	63.345
470.08	399.284
64.9954	289.865
54.0409	461.078
465.677	461.542
150.763	182.521
25	25
210.004	150.219
25	25
469.265	276.36
25	25
326.679	310.991
341.483	88.3551
71.3715	88.0531
361.941	194.6
435.991	427.632
351.783	388.374
460.763	227.102
353.962	311.182
324.743	485.721
341.724	98.3522
222.649	306.629
25	25
16.5556	469.602
55.4123	454.085
112.686	54.4027
315.023	488.07
286.052	77.8501
299.143	30.555
468.379	34.3704
317.192	448.213
25	25
49.3892	106.56
299.651	457.817
489.94	386.946
78.0908	66.2924
472.301	409.034
52.7144	64.9716
157.134	196.5
323.753	301.429
22.0377	141.368
322.395	86.1935
473.587	25.834
115.736	44.8792
224.812	211.483
164.321	167.696
25	25
25	25
193.465	276.787
215.954	206.842
142.06	93.6119
439.474	302.086
453.979	244.365
232.379	304.321
25	25
56.0325	19.0971
399.747	17.3009
175.151	20.5052
475.991	289.837
32.5727	72.1686
325.054	454.393
103.29	237.645
156.748	273.666
130.848	468.033
34.6594	468.152
178.677	468.069
27.4076	276.853
353.663	188.989
217.132	202.382
171.158	450.762
370.942	182.987
339.422	5.57577
124.701	296.3
145.322	199.842
17.5093	53.9254
174.607	28.0127
198.96	15.7853
125.776	300.379
292.95	87.9828
25	25
25	25
470.201	16.4248
26.6497	266.882
184.209	491.034
267.576	157.513
430.62	39.007
128.535	221.179
293.774	21.4604
16.5139	25.5322
112.712	79.2683
485.764	342.699
25	25
321.318	319.432
160.702	294.298
233.959	294.446
126.665	92.1479
144.302	405.778
95.5211	187.1
142.663	314.864
17.6836	134.506
114.431	432.33
477.171	438.849
470.748	353.069
418.299	163.8
175.039	19.2533
150.219	413.839
200.341	347.348
345.792	18.3187
122.43	462.635
267.371	486.188
163.176	471.742
484.135	276.726
211.388	88.5711
455.698	200.114
312.256	318.723
138.157	204.084
231.4	471.871
437.009	159.938
25	25
60.9479	177.57
25	25
278.876	347.906
320.475	438.767
128.335	403.292
102.403	281.192
449.607	400.926
15.365	144.673
25	25
120.579	239.884
61.0131	211.867
239.068	194.623
39.1547	71.128
247.565	200.916
160.144	412.62
166.868	92.4828
164.184	403.473
147.233	186.682
454.989	203.08
180.778	236.609
292.047	97.9419
331.848	70.8771
131.809	305.583
47.3653	126.136
75.9462	483.222
111.437	441.702
389.721	158.409
38.215	63.8716
174.912	26.0146
214.319	320.189
233.565	186.273
36.0576	271.835
100.617	87.3185
413.048	390.137
7.53401	185.87
175.177	17.282
245.436	36.772
444.402	65.2094
352.096	179.113
123.519	475.827
464.771	254.954
25	25
217.735	408.396
202.277	84.4494
240.256	286.678
119.259	435.424
25	25
25	25
401.214	69.2878
275.283	491.465
14.9988	128.168
123.75	38.8982
5.45154	145.986
25	25
479.435	299.226
120.498	100.02
126.331	426.154
171.188	93.8552
31.8515	469.375
398.166	47.7046
163.983	421.854
25	25
25	25
370.388	383.215
161.097	275.939
25	25
284.832	488.497
25	25
25	25
183.128	27.3948
473.251	43.1034
416.57	285.107
40.2004	230.376
433.874	221.735
25	25
402.86	301.569
246.985	16.8637
467.969	442.764
391.5	469.264
420.488	46.8331
349.32	310.303
426.589	14.6646
255.408	36.0211
25	25
129.928	243.434
258.381	419.164
401.167	471.822
25	25
87.102	71.7053
413.655	275.542
20.945	475.615
203.644	486.218
398.965	7.33155
196.002	92.2352
338.013	343.693
394.881	470.569
475.528	463.261
245.249	402.725
452.353	71.2745
68.7044	17.0099
405.606	223.878
10.0862	17.8716
58.2347	167.945
25	25
355.8	47.4849
418.401	310.833
480.993	404.091
73.165	451.868
456.569	49.6998
245.736	411.878
129.12	77.2815
235.614	38.6503
388.157	190.826
410.234	316.604
25	25
236.273	417.912
82.1274	456.304
31.2026	124.235
6.06782	303.858
288.492	20.8737
461.214	51.8901
364.577	51.7504
218.152	320.566
27.5403	331.889
9.22006	48.3318
30.6714	1.89722
25	25
28.3072	460.024
25	25
25	25
220.007	302.821
176.45	461.819
25	25
333.901	459.054
25	25
64.9175	124.863
434.075	150.378
464.58	385.37
25	25
25	25
14.729	214.592
29.1962	420.625
134.371	168.229
227.589	185.196
223.298	474.355
25	25
195.116	77.47
440.768	474.422
59.8262	440.964
444.391	385.84
175.366	453.572
127.131	161.33
393.897	459.555
378.926	388.422
130.663	467.285
449.138	453.529
390.087	19.8843
222.998	61.7921
444.99	165.963
163.215	287.468
173.614	419.164
86.9876	174.801
102.027	291.185
68.9807	120.571
328.02	343.312
28.3801	314.16
25	25
319.51	435.234
203.125	279.373
70.0518	255.94
421.397	274.844
34.8078	290.273
170.901	51.524
210.38	272.491
351.69	97.5254
91.8807	166.08
475.233	368.845
291.945	58.0838
273.962	343.272
361.276	47.2145
447.816	156.37
110.253	480.343
25	25
103.022	285.831
254.154	193.394
25	25
373.148	488.267
25	25
216.135	297.895
268.018	407.072
319.081	42.6272
123.099	67.3982
335.517	492.741
350.306	266.408
106.229	489.497
62.2498	85.0607
173.11	93.5073
122.634	209.036
369.645	447.593
325.89	328.326
25	25
60.8936	177.224
3.32855	18.2928
327.178	338.706
203.253	287.031
214.96	339.213
338.031	49.0217
281.668	316.87
121.534	179.651
36.8065	289.236
199.689	38.1767
20.5107	141.489
25	25
25	25
282.656	306.919
229.158	183.678
25	25
481.301	195.022
372.631	388.694
496.169	193.3
131.562	328.963
158.911	267.24
440.058	213.876
181.735	465.433
219.344	447.954
210.994	415.782
170.279	90.0707
180.547	226.612
314.02	36.9132
143.013	79.1552
121.331	153.184
428.848	233.772
263.624	166.699
390.6	464.569
395.011	208.443
288.978	48.6597
201.629	419.288
356.773	210.562
356.363	258.451
325.298	427.079
479.776	411.145
173.946	164.985
25	25
446.037	153.914
303.152	17.5285
495.455	203.885
446.329	294.804
118.432	404.687
340.014	451.14
124.818	28.9554
399.713	158.811
399.28	231.622
229.676	93.414
372.482	183.075
265.235	160.891
25	25
129.166	414.113
125.805	234.328
374.864	374.273
300.309	7.94116
317.182	338.986
134.594	31.0603
25	25
287.024	342.11
317.309	88.3034
50.0932	465.6
226.531	442.998
45.5828	274.88
11.066	295.197
239.588	276.7
298.346	163.811
450.728	253.821
60.068	327.162
439.631	379.777
61.7844	224.024
208.55	160.113
25	25
237.256	99.9365
25.0668	454.485
13.469	195.003
483.251	43.1014
137.45	236.844
463.862	8.69045
214.711	56.1956
175.601	174.847
236.706	267.125
485.522	332.701
25	25
25	25
129.097	253.4
350.392	83.8143
437.026	204.346
219.314	219.835
445.548	152.405
489.279	297.467
323.499	91.5269
386.961	214.375
403.646	78.9874
165.248	420.258
19.9953	259.417
49.0844	135.987
25	25
25	25
184.373	179.65
90.6589	88.2285
216.03	222.833
409.152	13.9028
361.865	197.029
444.667	240.872
31.2799	411.828
89.2078	449.978
469.474	40.6213
397.756	450.619
426.133	421.03
48.0287	125.705
401.68	212.171
462.197	347.885
268.642	476.269
25	25
134.284	215.655
382.877	368.29
390.233	364.546
444.236	261.427
71.7688	223.466
71.8926	306.858
240.926	293.085
325.329	344.57
147.058	419.328
447.937	80.247
382.957	395.908
394.542	441.149
60.6941	337.143
25	25
493.25	43.0069
169.093	415.993
70.6539	338.039
163.814	303.801
465.465	368.586
210.055	444.249
432.499	372.768
25	25
88.2492	456.556
201.1	428.304
206.138	221.369
203.863	231.106
438.08	173.191
301.704	173.23
140.208	471.553
331.152	418.972
460.746	224.502
362.147	306.5
25	25
25	25
490.38	407.537
19.4398	52.7678
334.905	429.853
285.145	89.3395
391.371	401.312
130.738	288.328
329.76	8.15151
246.847	210.89
455.743	86.4975
34.9936	24.643
324.66	81.5467
323.859	349.165
25	25
148.536	70.8193
290.775	41.0997
440.731	173.048
165.9	313.581
160.901	51.5678
432.595	431.923
333.142	315.069
447.016	457.311
17.0943	72.9024
143.121	25.8352
363.161	222.801
25	25
399.31	87.9985
25	25
25	25
407.321	157.613
25	25
65.6201	186.411
292.021	464.281
141.428	79.6557
25	25
425.558	55.4528
470.289	48.8992
238.095	287.468
62.7309	161.507
212.527	267.221
190.792	344.379
139.694	66.1489
401.155	38.162
25	25
165.186	23.6886
60.0203	158.661
405.717	72.281
401.792	38.656
353.973	12.5673
25	25
208.209	495.115
80.63	338.73
400.127	366
347.956	41.282
125.581	336.977
452.596	266.914
167.117	195.908
71.1757	132.663
242.314	91.3101
447.645	275.602
146.819	102.407
81.9864	61.6384
192.838	183.404
261.038	162.835
484.282	289.342
52.4782	434.286
446.225	482.802
244.832	261.297
470.694	223.476
249.198	98.5631
150.788	295.599
209.595	82.6987
25	25
72.2007	187.995
364.48	264.292
114.819	28.9061
384.566	441.837
431.357	477.804
192.653	414.878
441.92	279.376
398.353	97.9525
25	25
237.23	19.0646
474.093	473.158
309.743	345.669
474.498	252.634
145.778	87.1439
441.092	260.759
60.1478	93.0058
203.145	415.643
353.009	171.568
334.669	409.611
383.621	27.5131
409.622	380.743
64.2898	346.474
48.6522	12.3494
158.425	480.541
370.266	398.41
315.156	446.004
25	25
74.2121	297.13
330.676	18.1095
52.9405	123.291
170.671	80.0784
401.506	306.983
364.443	456.133
38.8976	75.9365
129.437	74.3946
432.411	6.53406
275.372	88.5602
68.8721	21.9501
304.978	325.581
36.8076	115.954
441.208	303.394
25	25
68.0938	87.1082
15.9322	476.849
462.206	94.1283
472.163	292.406
266.656	336.444
193.38	280.107
395.981	460.069
12.5601	252.73
309.54	309.099
320.585	52.5133
25	25
115.87	301.745
440.426	86.8484
20.0237	267.89
250.298	33.8296
328.334	306.471
25	25
25	25
150.602	208.001
114.245	172.805
25	25
59.2594	166.07
359.046	21.1851
476.599	328.186
81.1739	132.473
40.7504	408.617
337.807	318.541
398.104	292.772
55.5719	342.987
10.1256	266.466
304.781	156.156
223.372	344.62
137.717	247.493
352.718	161.573
340.393	407.335
431.468	258.042
300.473	469.008
310.095	178.67
10.8127	242.884
66.7269	479.349
178.336	81.6863
87.6198	55.4271
25	25
26.9207	149.164
25	25
79.4292	229.894
378.403	481.423
408.634	360.744
400.935	223.329
207.111	302.204
19.0746	33.0554
490.728	331.633
25	25
226.667	420.69
282.884	26.4257
126.692	156.718
227.448	37.6141
25	25
426.986	227.148
115.513	187.635
365.636	370.419
6.74513	480.799
318.091	344.591
25	25
116.284	197.605
73.0489	454.9
423.719	484.258
155.335	257.901
62.2139	261.602
25	25
467.256	18.0971
211.672	280.335
113.019	482.49
146.725	256.131
396.385	241.194
227.978	476.31
478.148	243.324
25	25
57.7452	482.75
71.2687	492.061
72.398	64.4779
25	25
109.591	400.015
322.418	38.8906
29.748	309.522
128.713	47.5799
429.439	178.225
380.584	154.345
121.383	197.739
128.445	346.558
47.9799	412.393
236.06	446.031
236.997	209.162
137.517	345.033
312.421	188.396
299.879	3.05825
480.807	289.453
320.031	62.498
355.355	229.051
454.002	251.667
63.2475	25.5766
94.5945	65.0825
25	25
74.4306	8.81171
25	25
183.526	170.621
34.841	265.21
30.8237	134.007
148.621	185.704
202.475	497.358
43.6949	405.706
395.102	410.59
421.696	260.164
27.0217	402.78
52.8763	223.539
25	25
147.794	423.32
487.922	280.028
106.306	196.954
175.577	49.6258
241.564	290.526
468.65	86.4812
120.833	259.031
305.346	444.062
147.363	433.311
322.393	76.1646
54.6783	279.036
344.778	54.2596
361.371	37.215
346.036	324.224
415.676	323.708
480.685	223.063
57.1015	191.649
494.391	183.46
25	25
48.1933	336.237
375.862	151.334
357.071	210.543
25	25
264.844	39.3322
310.302	64.8073
7.68418	490.755
351.763	270.135
235.277	401.977
372.522	258.349
140.145	236.616
68.3528	347.76
25	25
288.159	324.477
193.974	347.718
465.485	389.116
25	25
241.402	303.074
51.4536	97.9466
173.902	219.458
264.951	466.975
454.647	262.326
134.202	75.6226
277.939	408.323
125.784	303.052
4.75992	215.378
456.119	372.143
18.4909	336.145
430.017	279.546
74.9965	219.328
13.2801	344.68
238.541	219.042
303.321	163.05
21.7673	189.423
296.54	467.032
355.381	327.782
344.369	92.9883
157.952	319.649
296.964	343.202
25	25
295.357	443.597
386.397	241.698
181.19	341.586
219.044	79.4255
363.336	365.302
357.917	192.952
435.128	19.8702
82.539	291.593
11.8022	8.01991
29.074	122.814
147.482	344.192
25	25
339.788	425.733
389.172	376.06
150.901	51.4696
95.327	298.609
25	25
208.912	150.119
99.5219	276.463
93.0995	47.0622
45.8347	293.536
478.174	421.016
246.846	86.9853
4.78983	43.2384
254.006	155.725
82.1412	281.601
147.746	409.352
85.2874	141.588
17.8364	447.577
58.4692	318.367
249.374	278.76
464.401	90.4901
57.976	412.116
25	25
122.008	143.207
186.794	71.9253
149.54	325.056
39.3175	257.924
25	25
25	25
99.0629	93.6481
196.249	219.879
392.946	39.0212
79.6458	302.714
128.519	135.617
318.062	323.571
25	25
229.693	268.995
359.472	30.5553
66.0643	262.828
175.186	23.6705
108.712	166.975
432.455	413.282
214.188	270.912
85.9237	237.498
17.5717	186.463
129.489	477.012
25	25
205.65	499.918
347.945	192.215
56.8455	229.647
25	25
25	25
25	25
25	25
25	25
25	25
25	25
477.139	81.1955
157.116	435.52
488.899	209.797
119.36	131.602
469.084	25.8273
353.927	248.753
136.333	235.475
246.503	222.77
47.6885	5.84059
386.111	355.435
308.057	44.9403
24.5643	66.2541
410.886	64.7861
437.362	194.352
167.8	293.491
487.692	225.76
201.249	496.091
488.169	182.012
7.92133	446.277
19.5699	417.916
439.167	251.802
72.2696	280.003
106.026	175.958
447.439	213.998
25	25
45.0242	129.557
11.4513	452.385
469.067	464.512
424.86	327.665
9.56192	224.15
161.87	53.3054
233.003	347.312
280.87	18.4354
266.963	151.042
230.201	274.356
488.068	178.534
149.299	69.4759
64.891	57.8714
470.304	99.9952
359.401	372.118
466.081	459.628
267.947	343.191
324.844	407.75
74.3797	345.91
59.1587	198.647
25	25
77.0577	344.796
50.3172	213.872
245.502	84.8503
352.484	29.9734
25	25
25	25
89.9983	150.409
472.15	346.918
132.548	322.434
218.742	340.279
442.354	492.023
366.452	154.719
75.3074	306.131
466.139	398.758
287.938	408.49
53.0225	152.785
123.843	58.8756
306.751	196.633
424.037	325.84
25	25
47.8586	195.466
70.7409	234.845
9.58554	418.475
400.018	88.0153
429.088	403.866
130.179	84.7778
346.902	153.438
481.95	288.853
77.4573	449.999
332.822	483.111
18.6177	236.632
332.855	27.869
69.6283	54.3335
25	25
25	25
471.362	292.821
67.9712	485.203
132.929	57.6951
11.5141	30.6713
245.183	441.936
485.169	428.163
29.1763	50.4874
214.742	88.7311
220.336	418.879
229.814	12.3558
211.498	257.274
202.433	186.223
114.687	291.815
12.8075	233.146
69.1479	142.455
161.408	80.6587
49.3675	202.797
115.362	53.5763
121.154	247.324
25	25
25	25
184.076	54.8942
15.2871	467.41
487.058	79.9266
388.168	293.896
337.675	474.368
376.985	238.321
83.5439	214.138
25	25
97.1186	86.7956
156.635	247.986
348.803	41.9418
296.753	196.802
289.243	14.2688
237.788	28.4423
323.105	14.7856
354.617	313.081
470.596	482.526
473.708	302.542
57.256	138.309
32.9412	81.8166
137.227	206.098
154.74	238.167
327.93	2.55158
407.512	361.097
211.699	333.18
11.9916	81.5025
53.5589	163.85
25	25
285.572	441.533
398.161	316.407
153.446	273.656
379.564	185.241
272.751	45.4538
300.152	316.823
25	25
175.206	309.92
182.639	189.498
310.483	342.521
457.146	339.254
64.8929	404.894
246.427	15.1388
36.2764	70.475
102.499	305.578
91.2252	220.54
115.296	18.9175
212.179	183.985
97.6782	444.662
51.8213	131.934
254.256	8.91663
43.4617	340.822
156.112	421.438
25	25
371.15	39.3076
206.738	157.607
318.082	29.8792
278.53	98.0486
18.443	276.843
254.955	467.257
52.7178	288.093
303.696	474.815
463.144	489.194
140.544	440.625
194.215	210.088
362.251	6.95731
444.606	248.968
123.534	40.8225
190.599	423.199
147.667	464.892
466.465	58.1393
176.693	13.7848
433.993	230.399
255.856	82.6477
463.028	64.0015
52.6219	344.387
182.763	13.7842
339.843	160.522
82.8866	64.4202
22.8903	329.581
354.219	94.7123
27.1807	421.295
357.816	356.963
467.054	354.699
258.294	46.8886
208.382	48.4533
118.097	237.803
418.214	482.442
78.5303	182.76
39.1073	129.853
213.985	156.492
67.547	244.321
246.625	83.1752
324.9	78.1165
25	25
70.4232	20.9761
25	25
466.936	396.571
301.011	68.5052
22.8306	302.301
25	25
386.184	481.495
472.988	98.7296
224.422	332.048
370.461	487.5
73.8605	475.408
203.72	282.813
123.365	176.166
25	25
25	25
389.45	86.3349
352.636	229.455
86.8369	229.773
115.863	281.885
204.676	294.486
13.4969	305.89
414.423	77.2014
493.162	434.173
402.612	249.018
271.232	400.906
199.83	163.944
260.814	328.328
100.413	175.154
25	25
49.8067	480.63
25	25
94.6144	435.143
25	25
208.852	312.051
255.791	171.348
359.362	334.059
25	25
25	25
472.548	455.915
324.463	403.403
123.504	165.64
23.418	61.4533
291.157	16.1751
446.591	269.974
471.363	323.683
386.63	192.318
25	25
189.391	334.478
211.514	415.348
393.935	303.239
483.635	470.166
25	25
321.095	31.8933
485.208	70.0992
125.265	19.7103
192.787	404.879
117.657	42.787
454.993	374.855
152.945	53.3633
25	25
236.494	342.928
25	25
398.29	97.0619
379.574	87.9081
185.341	4.12211
431.322	335.297
43.4905	63.55
191.257	409.166
78.249	486.005
25	25
25	25
172.984	78.3429
312.033	21.9163
482.793	96.7631
461.832	364.292
439.008	412.836
334.079	24.4432
136.912	101.043
339.005	85.9332
231.34	46.8253
357.196	155.449
119.206	402.761
83.9988	11.7187
386.633	76.7398
25	25
49.605	190.129
25	25
353.765	279.933
25	25
434.773	52.4699
494.281	284.69
25	25
87.6902	308.654
481.084	252.416
25	25
478.67	488.426
122.104	49.4165
371.459	34.745
25	25
180.279	91.4955
248.499	48.9044
105.567	16.6057
402.689	452.653
206.35	40.9064
138.491	134.87
423.288	435.582
216.929	349.746
397.584	379.908
166.22	474.277
267.02	84.3906
94.4549	77.5064
298.163	322.92
56.2345	309.093
175.438	470.401
135.403	68.6919
25	25
151.609	83.395
439.646	61.2022
25	25
212.652	33.142
25	25
123.244	309.873
400.934	68.8761
363.131	94.4562
21.9322	338.3
398.562	357.058
348.995	98.7645
3.43739	273.9
212.212	247.3
481.972	452.569
134.344	448.472
131.69	228.585
381.907	449.493
445.638	95.3827
359.772	447.291
179.042	13.2644
133.08	18.6725
376.319	267.6
466.584	258.472
487.172	168.574
154.852	402.316
289.591	321.56
53.2266	273.975
384.903	377.369
25	25
232.388	90.0967
181.977	217.026
2.62411	11.9901
354.926	458.251
25	25
335.35	97.3087
164.925	434.083
386.318	267.781
55.4551	273.269
38.2066	2.66349
422.572	8.32033
455.525	281.759
25	25
25	25
65.9844	83.6709
23.1312	64.3336
295.943	481.131
400.465	445.098
46.1926	112.501
257.411	72.7693
40.3256	213.463
20.9919	135.833
422.055	445.506
367.754	5.42735
349.611	403.458
433.887	280.125
377.024	163.69
26.0935	186.715
461.573	49.418
64.439	8.40279
219.416	428.837
423.156	269.521
239.159	84.0986
87.1123	274.13
363.124	277.131
452.609	206.282
77.2495	58.849
463.291	80.1497
428.844	168.242
476.935	396.697
31.7083	150.391
242.558	251.559
133.688	215.451
190.262	433.193
125.41	82.2645
154.827	271.125
231.185	4.9965
10.5037	187.16
304.261	434.121
333.379	23.9859
25	25
42.9252	196.929
129.865	345.606
224.057	95.6286
386.717	178.252
25	25
25	25
231.357	98.222
419.44	178.296
440.03	408.25
103.078	185.372
43.3743	9.56318
381.761	301.574
474.542	11.2479
25	25
486.478	158.598
458.959	466.648
248.45	217.456
160.488	209.504
228.574	466.328
379.864	395.603
151.314	283.426
356.685	352.511
482.127	71.0144
25	25
25	25
275.041	55.188
364.485	466.133
24.0725	114.155
478.254	29.8152
477.11	155.101
73.4821	30.8241
127.188	316.723
360.033	328.704
131.506	300.762
360.306	319.868
114.48	492.383
210.303	265.3
321.327	438.135
25	25
131.14	300.022
70.3812	261.911
178.441	178.412
202.981	243.454
402.891	37.9771
82.8269	34.3842
467.529	4.11915
424.394	159.287
169.576	183.039
291.501	21.7285
14.1879	463.888
359.372	288.213
470.123	426.947
352.892	60.1041
474.521	486.308
373.043	296.677
261.197	170.699
330.177	422.97
146.224	104.687
466.101	31.7885
35.4698	346.832
73.9555	440.633
163.053	214.213
240.391	410.571
385.924	304.798
29.7259	259.509
139.117	14.2097
60.5925	489.368
25	25
118.494	347.55
182.658	439.688
25	25
313.839	180.351
366.208	274.41
79.7738	258.479
190.792	420.817
492.234	271.005
470.867	162.913
140.203	410.229
25	25
25	25
274.002	406.678
271.41	411.978
398.272	365.039
407.815	329.889
33.8012	111.841
127.179	476.807
396.256	268.89
145.533	176.193
176.599	0.172485
66.5159	337.93
25	25
419.227	493.193
50.1951	16.876
159.202	298.598
481.047	342.352
188.036	84.1145
228.481	41.8658
91.3675	270.321
247.754	221.94
424.317	315.844
96.9874	143.256
231.674	440.88
103.33	315.543
330.193	157.898
402.426	408.623
25	25
238.556	283.438
25	25
101.598	103.321
102.961	183.379
183.503	349.335
435.668	256.401
25	25
225.536	448.775
198.311	405.001
25	25
8.00094	235.033
358.934	315.289
25	25
270.356	166.684
25	25
114.186	411.409
196.066	237.381
25	25
6.11205	427.852
468.041	60.5542
107.748	270.777
364.151	457.385
370.957	493.086
25	25
127.662	46.8298
430.214	393.93
258.129	43.3743
466.141	7.23258
107.242	441.741
422.251	254.661
455.361	208.146
350.315	376.293
495.846	193.353
176.668	292.63
487.521	26.8429
250.703	66.5921
165.644	308.628
471.128	471.626
173.817	33.5685
488.619	182.447
472.902	382.408
102.733	49.7433
486.669	415.741
99.1438	164.068
61.3624	304.861
197.045	37.2441
47.6194	88.7108
210.917	239.477
142.961	125.925
296.515	324.659
473.556	73.0612
25	25
158.056	477.124
33.9471	160.137
375.224	374.856
299.924	467.276
372.29	178.379
348.302	66.2609
399.55	76.4766
297.201	162.567
25	25
9.06449	459.687
76.6629	25.4813
450.959	201.296
37.3363	248.83
461.221	407.465
125.63	169.624
171.694	461.128
309.593	425.661
16.3695	12.842
25	25
70.82	19.8833
165.318	417.534
104.972	108.402
116.178	78.4197
470.648	40.695
23.5124	460.275
90.2721	82.4303
427.47	195.817
263.47	12.8021
250.291	409.161
298.734	306.924
209.179	413.284
40.8179	248.75
419.495	493.587
64.0219	441.783
174.412	229.445
460.411	216.777
25	25
403.817	301.708
483.461	446.206
413.984	273.505
25	25
225.986	440.25
91.2318	133.546
25	25
470.374	287.617
69.7239	404.674
193.147	59.1039
25	25
7.47476	40.9251
282.947	400.931
197.107	159.93
25	25
230.634	280.788
189.74	446.749
25	25
481.999	441.195
426.597	58.2284
461.726	321.01
456.69	57.1091
256.56	477.127
182.389	316.878
136.113	227.097
435.769	70.42
451.542	216.67
25	25
383.857	295.055
432.672	79.9283
494.043	34.4238
129.246	157.452
481.626	383.07
25	25
71.5633	234.024
151.606	432.085
443.99	76.1144
41.5413	99.2678
224.174	345.248
25	25
25	25
360.016	87.3663
330.57	441.953
376.867	440.856
300.536	490.014
244.997	42.7015
8.16638	486.945
483.072	430.807
25	25
414.763	266.335
375.048	35.7087
147.01	106.103
107.926	115.583
117.339	112.208
278.445	448.548
404.272	364.386
208.931	186.251
311.34	317.41
1.92342	192.296
106.945	275.993
15.1178	267.412
129.705	199.509
246.326	277.888
141.742	125.887
105.59	406.301
58.5452	420.927
372.397	34.094
92.1374	106.56
461.795	485.809
61.2798	99.8027
469.429	89.6209
95.7156	145.171
396.989	278.863
333.791	451.42
161.375	62.2124
214.626	194.471
385.745	444.608
208.194	418.869
281.152	316.195
175.154	28.3801
359.04	257.105
154.411	256.295
257.394	92.5288
87.9973	483.775
64.0212	277.548
323.216	438.395
99.7233	8.49104
356.275	191.612
403.689	338.999
344.683	48.239
25	25
111.4	450.836
405.991	283.217
25	25
196.174	299.751
403.493	435.567
153.447	324.95
245.439	347.034
185.625	99.9469
340.086	190.4
25	25
79.1427	432.083
392.065	95.1141
472.756	462.747
377.745	456.212
16.4854	14.3012
456.144	7.45227
354.857	357.662
395.772	270.971
123.268	175.528
318.84	310.795
187.378	157.618
396.428	194.315
128.905	9.58617
25	25
321.968	152.211
435.93	326.422
450.223	497.121
72.0132	256.419
463.075	32.7288
25	25
381.158	462.203
18.6451	181.608
25	25
159.613	209.068
107.69	459.249
57.0234	24.1818
49.0306	347.839
84.9269	242.422
84.6507	58.3466
262.804	177.357
25	25
334.644	88.9256
40.0205	160.256
33.857	207.587
337.282	492.062
221.711	244.173
62.6542	442.027
434.665	43.1319
354.182	164.985
313.115	348.636
112.08	138.205
424.602	226.962
25	25
27.3368	272.271
91.5732	249.894
381.302	269.276
467.203	482.732
100.279	194.972
408.983	35.9294
420.975	174.02
51.8803	313.052
62.2459	27.9605
25	25
396.999	313.505
224.227	197.266
198.654	438.631
359.355	342.076
122.269	25.5236
433.02	384.331
207.814	259.001
210.275	348.222
436.51	200.331
197.287	87.9131
1.58032	41.3039
25	25
307.501	302.114
155.004	476.085
384.3	314.113
455.272	32.7287
127.489	296.382
416.056	366.294
118.976	48.6905
48.9283	418.186
11.8861	449.939
252.948	161.76
449.198	405.874
455.541	398.143
107.035	88.0844
198.47	274.302
249.764	98.9939
82.6041	439.839
324.052	75.3821
470.073	298.492
436.1	286.785
494.042	65.4128
197.051	264.403
355.343	188.941
478.713	413.307
25	25
347.272	319.867
8.19124	408.573
428.581	277.995
13.4257	61.0598
385.695	360.691
480.891	28.1236
332.166	12.5541
176.843	282.631
465.475	308.219
429.564	150.727
94.4141	447.576
428.645	1.64349
155.89	237.631
144.2	22.8213
23.584	186.434
357.509	188.094
380.743	474.995
395.514	307.821
482.707	298.17
42.6317	258.584
112.323	40.6391
38.7243	119.704
154.522	334.892
338.321	499.018
219.08	25.4819
240.511	52.4832
211.664	18.7734
17.4285	476.072
239.848	89.3949
364.67	16.6603
16.4105	126.945
25	25
402.525	298.127
318.186	33.1562
383.175	433.097
135.924	221.251
463.733	449.907
80.3556	56.3026
470.904	321.147
283.034	431.861
85.6277	40.0277
461.612	92.8999
202.408	62.7616
79.3052	12.5268
25	25
199.525	61.659
10.2827	446.353
253.183	168.196
416.573	86.9675
319.374	86.4506
84.1541	112.582
118.721	420.322
153.783	431.543
101.581	25.777
181.052	471.436
25	25
1.46011	47.8721
422.698	92.917
294.434	76.0387
234.198	39.1988
25	25
158.576	54.5257
200.326	68.2344
451.044	191.297
489.946	388.619
356.315	78.1891
185.837	181.041
112.403	442.783
129.577	225.798
496.332	442.615
77.7625	334.82
438.538	165.789
167.589	318.437
140.473	407.818
435.85	323.308
96.0345	409.25
342.69	53.3406
28.0791	176.914
425.156	182.169
434.472	59.1862
25	25
490.974	250.935
42.482	222.007
116.113	8.95095
34.5103	2.40995
262.859	181.598
216.934	453.875
443.271	72.0365
367.859	318.385
361.513	195.248
63.5015	94.3636
203.442	190.702
204.137	446.994
253.703	90.3056
25	25
118.904	302.544
252.999	183.263
391.425	428.6
336.002	426.387
222.768	332.279
423.975	360.186
294.198	483.11
67.0164	263.273
247.874	207.473
40.7471	484.864
25	25
13.1062	327.515
25	25
25	25
408.964	460.439
281.104	20.0777
257.765	458.445
65.8542	45.073
121.431	273.578
234.488	402.498
119.555	231.143
221.426	258.471
97.9956	483.593
27.8818	323.162
94.0489	67.6566
269.291	189.256
204.665	156.468
417.682	163.483
457.906	26.9907
146.112	227.226
303.231	71.5636
103.605	75.407
209.499	460.562
101.837	315.457
9.26069	119.953
188.282	301.802
60.606	127.156
352.95	10.5996
271.406	318.433
410.457	445.48
375.32	269.931
447.876	392.067
261.828	400.402
259.012	91.0246
241.543	48.1875
407.573	379.455
404.558	415.866
49.9524	321.425
317.628	70.166
67.2918	347.9
92.5828	211.877
154.283	412.917
9.7929	124.832
11.8227	461.578
437.196	2.92367
444.681	495.306
184.047	349.715
127.909	80.4462
210.994	319.254
408.991	247.794
481.532	497.621
359.163	371.634
42.2451	92.6595
119.788	43.7869
389.64	436.927
207.016	278.995
64.5851	489.853
25	25
84.902	48.2617
378.965	153.88
239.065	293.425
245.062	256.259
194.498	256.286
446.242	392.241
396.254	241.3
247.449	243.039
487.311	193.434
267.374	319.732
49.0489	311.374
98.7055	155.106
383.81	67.1466
32.621	214.363
458.263	221.671
25	25
356.685	278.45
25	25
398.01	342.815
238.607	263.897
322.82	184.747
421.653	261.017
25	25
416.764	60.0491
249.302	262.588
25	25
334.951	446.922
437.906	50.78
222.932	422.731
155.109	213.427
125.249	450.941
471.103	38.8312
473.113	160.72
2.75328	488.649
261.347	455.311
362.136	341.311
82.2908	8.90336
443.444	157.075
25	25
477.155	21.0067
323.022	347.277
375.522	312.446
441.255	229.6
447.876	251.864
373.901	188.249
376.388	10.4731
83.314	189.032
25	25
25	25
412.316	384.389
4.79451	423.482
25	25
139.257	349.039
475.754	330.203
103.647	285.433
94.3777	416.312
498.241	448.647
419.969	198.386
226.753	426.808
263.838	337.86
25	25
213.301	154.171
324.194	63.3771
107.952	482.657
44.0469	277.941
4.29565	456.807
25	25
223.368	19.8443
432.008	446.478
412.111	277.623
350.372	233.894
406.284	388.963
14.6779	400.962
25	25
328.322	499.086
237.803	220.945
261.521	170.131
53.2579	61.4056
150.54	344.026
475.189	385.283
337.538	459.856
63.9545	451.942
25	25
277.128	433.205
89.8332	298.886
223.555	49.3379
25	25
388.037	343.55
162.967	294.817
25	25
253.859	193.226
96.1528	406.756
83.1176	208.651
492.895	191.303
157.373	409.091
138.949	236.687
235.419	302.737
25	25
378.237	424.402
154.572	92.5637
416.713	172.504
133.527	94.5878
406.877	385.061
95.305	300.243
147.119	180.216
303.194	349.888
25	25
317.11	39.7825
260.798	179.173
171.094	439.034
129.385	272.228
25	25
13.4675	142.42
256.83	6.20002
116.297	231.345
79.7859	344.614
67.9575	120.377
389.639	455.222
253.184	151.763
238.089	90.5576
363.729	259.542
141.807	430.094
152.726	314.976
297.604	477.414
68.5401	400.662
299.951	333.726
51.4213	338.129
175.36	476.385
45.0731	64.2884
25	25
378.348	20.2791
365.671	356.897
370.598	463.508
444.473	3.21761
372.249	255.958
370.09	465.727
428.386	58.923
360.108	236.177
25	25
25	25
27.4092	476.695
376.096	67.2215
25	25
471.679	151.316
187.327	261.878
126.028	117.157
264.691	178.929
47.2236	483.006
455.009	328.417
322.017	154.269
83.6601	338.29
46.0133	287.746
40.3888	170.249
149.147	118.068
190.394	69.3941
18.9403	105.572
44.7009	255.398
191.492	447.941
212.2	447.94
25	25
33.5001	459.778
238.877	411.429
139.533	197.665
362.396	466.186
424.452	152.579
229.802	205.568
25	25
73.3037	237.873
294.585	152.915
17.8936	439.866
178.797	258.717
50.1757	276.847
109.413	486.154
471.61	12.9124
232.919	469.291
136.87	104.401
201.334	343.744
34.0725	166.632
54.1617	497.026
332.633	413.276
321.819	75.4923
427.022	385.823
317.559	349.42
454.815	336.345
187.146	190.955
42.7348	262.212
165.992	439.248
326.065	317.709
25	25
300.837	318.93
46.3652	240.43
119.728	198.822
138.474	274.373
457.415	415.856
154.933	483.849
389.79	418.734
25	25
249.932	203.799
385.626	483.722
237.482	219.077
344.679	90.6377
25	25
124.144	115.776
25	25
234.354	460.432
429.213	403.88
164.647	400.302
359.828	346.938
25	25
332.874	348.996
27.1886	55.1937
61.1931	315.121
212.631	39.3216
25	25
25	25
132.994	235.897
371	390.975
210.404	9.23874
74.0527	89.5787
40.1772	180.247
207.195	343.546
308.901	490.729
474.408	11.6195
100.881	423.909
203.531	468.586
25	25
165.339	474.047
17.5497	485.524
158.752	430
298.426	473.548
175.873	434.137
25	25
1.39054	264.112
327.108	39.5645
461.748	200.451
246.218	222.836
9.56157	409.981
60.2293	341.065
431.335	93.8426
25	25
25	25
25	25
323.775	194.701
315.96	493.966
397.65	301.458
38.5296	182.924
84.3826	416.626
119.323	106.899
184.024	153.973
144.108	5.5444
475.154	170.948
479.849	444.778
107.548	88.2667
54.0899	65.9687
25	25
146.684	74.692
54.213	99.4042
25	25
487.722	203.425
92.5696	129.407
245.419	302.751
199.716	409.549
213.848	254.99
409.193	88.5414
25	25
433.567	456.356
93.732	108.545
73.4388	206.137
356.702	410.509
93.1383	236.715
25	25
25	25
346.677	51.4428
105.936	24.8223
324.034	344.031
116.535	25.8965
471.302	340.106
81.7993	62.085
387.09	392.26
418.585	463.167
327.911	167.093
237.42	12.6579
437.625	190.393
470.949	80.5182
451.713	62.9818
25	25
268.958	89.9848
305.395	333.906
81.4338	279.675
25	25
212.74	25.5185
221.272	444.119
148.291	441.52
180.745	484.811
47.595	235.936
13.2796	226.54
25	25
178.759	447.041
336.099	170.074
272.171	156.85
449.623	273.686
25	25
188.872	490.638
446.826	64.5998
446.185	254.266
240.763	67.6883
87.6725	486.01
52.6547	442.125
259.56	464.182
254.103	413.852
309.814	429.644
25	25
460.569	196.236
178.332	459.44
381.822	420.194
67.1347	257.214
25	25
33.9665	127.53
455.65	231.324
420.262	268.871
72.3426	211.298
25	25
342.47	434.014
189.142	306.601
410.046	372.758
275.703	169.517
25	25
37.02	137.052
486.585	350.678
450.978	460.624
160.639	466.876
129.592	472.076
83.6776	425.446
201.981	457.401
489.012	490.984
272.801	445.522
82.1709	82.822
201.165	403.738
319.583	96.4484
132.393	19.3635
143.853	26.5844
450.321	80.1401
289.83	302.371
25	25
35.5543	145.635
14.053	96.8479
361.988	488.665
29.2856	260.914
105.516	125.288
464.56	235.863
396.181	429.271
25	25
294.553	12.2054
17.4905	412.7
377.889	9.62493
271.871	343.815
469.668	206.555
145.322	185.53
218.342	319.7
470.367	66.0741
201.497	279.208
300.46	17.6294
105.272	50.4514
8.59694	30.9882
128.714	326.606
209.666	71.8082
327.434	320.513
99.6919	193.708
411.122	368.344
142.277	404.643
369.183	231.977
387.756	58.7038
23.9593	159.643
387.821	8.45553
25	25
25	25
20.9645	459.598
224.861	33.156
143.572	65.8571
418.649	1.36583
341.404	460.193
440.25	4.39133
152.307	261.853
66.898	483.015
443.962	13.6769
450.801	194.934
225.129	214.408
145.332	312.873
276.249	196.438
25	25
25	25
272.895	168.32
108.315	237.368
276.186	96.8956
416.005	186.201
105.396	227.804
32.5428	490.581
451.112	265.952
249.949	86.9366
434.728	494.346
357.326	155.492
25	25
276.213	83.1024
368.047	202.818
290.237	30.0756
121.486	24.8414
100.839	243.671
25	25
451.738	387.67
184.401	228.982
484.688	167.933
201.904	282.605
25	25
41.6247	68.2402
492.279	481.533
284.265	481.949
258.696	194.234
297.615	344.944
336.532	36.22
25	25
106.147	51.7671
25	25
25	25
111.101	14.5606
52.4161	316.333
392.186	490.139
253.664	182.75
305.887	67.5696
469.164	204.725
181.523	20.6707
461.722	292.334
25	25
480.301	484.133
183.351	219.037
248.61	283.161
108.709	310.215
126.189	483.944
25	25
293.74	6.55335
353.289	385.841
243.096	160.045
114.778	25.0454
50.1266	477.49
333.993	403.369
25	25
260.174	312.792
376.591	15.7596
145.759	260.652
413.606	303.751
433.16	436.544
74.0652	34.8963
382.038	410.196
369.021	434.656
149.49	310.249
434.978	407.409
192.385	73.8661
289.259	320.514
485.623	178.788
354.465	202.341
153.033	171.243
175.233	273.418
491.289	17.5801
474.272	25.2805
231.731	292.948
435.954	88.9623
59.2835	122.162
252.184	305.926
280.588	95.3841
7.62431	150.535
415.516	222.787
480.824	352.411
7.77179	483.447
25	25
154.436	446.063
237.494	448.237
71.92	474.367
313.6	188.619
269.187	339.613
483.152	449.534
128.157	328.994
267.857	312.416
2.66605	146.302
24.8131	496.926
208.007	347.357
491.116	428.096
455.335	92.6256
315.973	153.15
388.859	368.409
464.532	422.881
111.896	205.04
169.697	484.627
353.223	48.0519
372.125	223.225
212.158	473.644
25	25
58.3691	450.197
25	25
141.019	186.776
14.4087	257.437
375.223	493.577
90.0632	345.972
481.228	373.078
297.871	332.945
25	25
459.847	266.424
411.206	8.04456
41.7999	454.2
303.291	163.256
15.255	337.281
428.857	375.578
364.972	171.563
84.9019	450.661
113.634	435.581
159.501	72.0353
38.0138	135.225
114.647	494.675
189.998	475.905
147.536	449.522
167.391	22.0758
416.382	472.921
46.424	497.263
476.646	55.459
297.576	163.436
490.378	7.62173
25	25
273.376	435.003
287.548	12.1454
430.298	180.265
249.919	156.21
102.472	105.14
476.046	55.7176
25	25
33.4042	19.5806
493.912	448.494
439.345	435.43
268.859	403.427
364.317	380.203
206.012	301.547
162.031	468.035
398.716	204.05
366.656	206.429
71.5947	474.724
207.734	293.865
25	25
65.8815	199.588
41.0826	192.592
208.33	476.52
60.2054	405.077
327.812	41.8463
148.278	184.442
69.9989	250.176
171.933	39.5917
247.374	406.525
484.361	184.295
403.653	427.074
217.031	410.889
161.942	40.015
357.897	411.077
446.95	38.2733
100.535	268.317
309.954	83.0925
480.317	453.629
404.618	450.016
48.7674	461.373
442.628	50.7369
360.703	41.8406
151.644	20.0264
100.13	456.465
328.707	349.525
245.904	91.5234
445.817	10.1434
264.899	404.448
349.843	461.45
285.353	38.8018
149.703	300.251
319.525	41.1921
14.5331	218.998
162.142	479.065
192.232	265.964
42.6467	16.4154
80.5576	201.991
45.3004	11.7669
13.9145	215.435
379.265	431.342
37.9289	292.606
165.149	477.023
455.3	43.775
401.923	417.844
247.88	53.8675
141.27	135.838
267.937	302.417
176.431	184.436
147.742	418.817
108.917	262.863
344.148	447.529
138.532	180.557
25	25
25	25
406.895	58.4379
382.09	222.395
441.863	188.101
212.44	459.748
243.117	465.249
31.9659	15.8347
25	25
215.98	253.305
318.088	343.659
79.9158	121.639
299.442	463.6
342.973	28.5707
42.0657	264.465
75.043	204.799
152.19	486.874
323.991	60
73.8843	235.383
459.835	34.3124
82.6123	218.638
276.817	94.3582
284.312	81.8745
109.743	432.581
436.554	44.3111
