Saved a vector of rrt <nodes> points.
X	Y
490	490
489.713	480.004
483.176	472.437
478.431	463.635
480.519	453.855
479.534	443.904
475.514	434.747
475.754	424.75
471.792	415.568
465.572	407.738
457.305	402.111
449.018	396.515
439.132	395.01
432.596	387.442
422.705	388.919
435.136	377.77
414.506	383.195
406.337	377.427
396.518	375.532
389.34	368.569
382.416	361.354
380.779	351.489
382.162	341.586
375.231	334.378
376.678	324.483
369.82	317.205
372.622	307.606
474.289	477.022
360.144	314.68
376.314	298.313
378.271	288.506
371.633	281.027
350.26	316.202
388.263	288.116
342.825	322.889
334.767	316.967
488.912	440.432
325.456	320.615
315.534	319.363
309.673	311.261
394.669	280.436
403.953	276.722
300.528	315.306
403.542	266.73
292.727	321.563
286.228	313.963
471.042	399.367
290.836	331.383
276.418	315.9
282.17	336.371
409.96	284.716
402.216	256.818
405.308	247.308
273.239	306.418
263.46	308.507
399.959	238.859
402.684	229.237
415.165	245.625
253.797	311.082
247.455	303.35
418.567	279.625
407.398	220.418
283.298	315.549
281.513	346.35
274.432	296.49
465.097	480.959
401.771	212.152
363.653	275
407.872	204.228
407.299	194.245
275.306	286.528
237.473	302.75
455.104	481.348
398.226	190.041
270.984	277.51
227.563	301.412
276.089	354.751
389.792	184.667
220.68	308.666
212.576	314.525
428.548	279.015
202.747	312.682
381.695	178.799
446.919	487.093
192.977	310.553
398.554	285.579
186.522	302.915
185.566	317.267
177.792	298.038
436.975	486.032
177.045	322.502
371.879	176.891
171.833	290.008
171.072	280.037
416.804	191.137
315.251	302.961
161.924	291.35
426.599	189.121
382.7	376.047
175.651	332.404
376.749	333.505
427.472	482.919
152.554	287.857
429.347	179.506
418.782	477.972
439.306	180.413
147.8	279.059
419.16	467.979
454.832	486.254
216.049	299.803
485.243	464.777
410.755	483.936
382.019	311.026
296.701	306.067
476.51	390.994
418.059	458.04
214.137	289.987
188.387	300.371
431.176	401.027
380.515	385.805
408.954	453.906
422.749	383.596
362.037	175.118
359.54	323.595
371.798	390.705
137.98	280.948
372.992	324.888
352.241	177.127
363.891	384.582
400.762	484.32
366.811	298.006
393.884	175.542
418.051	474.84
393.228	165.564
278.931	364.338
387.087	157.672
395.661	152.527
223.882	287.742
401.643	144.513
128.297	283.446
476.702	459.642
342.359	175.596
400.288	448.915
118.313	282.881
430.159	187.533
108.932	279.418
176.363	342.378
107.508	269.52
98.9591	264.331
105.325	288.745
431.473	411.023
410.216	139.366
96.2895	293.029
416.961	131.982
95.271	255.036
374.294	309.946
93.3145	302.576
438.637	418
390.765	484.539
276.171	373.95
365.984	398.842
424.938	247.741
90.3807	312.136
380.776	485.019
87.6724	248.536
486.854	439.721
82.6992	239.86
275.079	383.89
176.537	352.377
402.602	444.133
445.03	376.315
83.1798	229.871
85.6677	220.186
89.342	224.904
424.155	125.036
77.6261	214.242
438.547	278.847
77.423	204.244
447.833	175.19
89.1749	322.063
68.1505	217.437
431.47	118.218
316.645	293.059
89.2092	332.063
69.4306	198.233
214.305	324.374
180.276	361.652
85.6346	198.537
180.459	371.65
85.6336	188.537
80.9203	179.717
85.1047	170.635
391.407	488.608
288.46	367.372
80.77	309.373
181.847	381.553
277.18	276.425
80.0322	162.017
409.214	490.264
271.372	296.26
176.302	389.875
168.6	396.253
185.141	335.555
396.816	223.985
417.681	117.415
417.202	107.426
296.762	361.797
162.072	403.828
376.221	476.117
210.217	283.862
211.834	273.994
276.929	308.729
330.552	313.199
411.56	99.1699
402.98	434.14
83.6374	152.689
215.337	264.628
155.793	411.611
403.091	93.8526
81.5046	142.919
340.487	185.42
275.423	393.884
418.967	92.4511
419.762	82.4828
147.651	417.417
137.773	418.976
101.929	307.655
129.765	424.965
424.188	73.5157
89.7721	285.444
333.684	192.749
440.4	113.717
99.1364	222.886
87.6954	135.066
394.33	89.0306
96.1403	129.71
336.075	304.862
274.464	403.838
95.092	171.139
323.601	330.441
445.572	285.964
454.16	280.84
92.5266	120.386
417.63	65.9665
83.3034	116.522
449.266	109.091
448.461	295.537
279.176	391.866
95.9351	290.412
370.862	407.571
457.556	299.695
70.8711	310.791
119.765	424.964
104.547	135.126
418.932	379.205
325.121	187.583
113.38	130.438
312.474	283.97
80.8964	337.622
394.548	365.166
366.23	476.546
119.921	122.874
411.888	57.7799
384.465	87.3957
409.929	250.946
270.352	412.953
129.755	124.69
214.09	334.372
222.153	257.311
374.478	86.8913
369.087	95.3138
410.699	50.2349
279.846	266.787
108.015	218.286
359.429	92.7217
58.1591	217.022
328.43	201.257
78.3787	107.818
117.186	214.299
169.781	304.024
69.4808	103.255
288.953	393.968
80.0221	198.098
360.961	485.045
132.597	115.103
353.719	315.891
202.001	275.814
218.141	343.515
398.559	144.658
316.468	297.865
455.712	392.54
266.679	422.254
187.591	341.572
71.3356	220.729
413.04	380.254
349.634	90.7055
142.597	115.167
378.317	414.237
126.664	211.11
339.638	91.0028
434.185	382.538
110.865	429.525
152.557	116.066
72.4842	93.7165
78.9148	86.0583
63.6316	89.0655
371.228	77.434
94.7356	304.586
61.6699	314.708
401.298	233.462
155.178	106.416
412.602	436.863
162.022	119.293
84.5779	77.8163
62.3566	110.272
332.066	84.4713
407.942	231.696
375.028	414.209
414.176	226.656
354.617	388.323
104.708	168.395
161.096	98.355
53.3381	320.238
135.545	276.021
275.648	257.711
445.69	277.133
202.236	289.889
475.622	460.4
48.1752	217.589
354.029	277.717
59.6074	196.362
122.977	415.494
171.578	299.016
358.207	102.647
385.182	169.675
466.812	303.48
361.933	183.794
377.301	474.021
455.992	116.491
121.974	202.278
101.097	431.666
342.435	197.588
93.9989	438.71
375.575	464.171
265.442	393.27
130.933	105.242
166.222	89.7689
279.382	417.25
154.618	404.883
475.224	298.073
153.835	91.4786
163.941	417.408
351.857	480.907
340.753	296.024
190.606	325.513
323.301	89.2854
391.442	444.251
419.835	251.895
448.132	99.1559
61.3394	120.22
336.451	100.481
214.513	250.859
285.034	425.499
406.507	41.1563
43.9726	316.732
360.88	106.076
418.084	439.733
463.963	110.452
368.445	112.615
161.902	388.827
382.14	347.167
293.101	419.589
328.21	211.255
444.539	494.668
251.664	305.222
315.312	185.638
396.405	365.749
414.19	34.7556
38.4412	215.298
344.795	386.449
171.917	120.736
200.284	325.569
286.094	435.443
286.401	280.295
125.222	292.961
387.235	221.124
178.279	128.451
465.835	423.521
86.0206	432.681
76.5023	429.615
176.363	393.632
126.389	218.212
382.073	364.424
194.151	299.09
401.089	227.609
413.073	124.361
422.28	28.8777
309.08	193.458
445.631	188.158
186.49	134.16
171.01	80.9894
454.144	91.1646
41.4705	307.05
494	469.607
118.557	406.524
406.463	116.857
83.6989	347.221
388.441	182.878
316.049	274.63
285.794	445.438
298.264	369.343
317.751	80.9669
303.101	419.637
314.393	71.5475
170.493	101.439
93.9191	74.2469
397.639	36.5335
315.189	72.9611
75.4829	439.563
32.7993	223.554
462.786	275.782
172.466	422.636
125.151	399.006
422.413	288.856
183.408	143.673
202.76	290.389
316.497	175.708
455.408	190.26
54.1377	187.99
461.971	84.941
412.657	483.833
60.2364	79.6595
309.239	86.215
395.091	147.098
281.075	450.355
309.503	411.955
191.403	384.499
468.917	77.7468
135.953	221.132
457.242	200.09
180.836	79.1342
61.3777	181.092
429.41	417.554
123.592	389.128
99.7515	66.1239
343.466	475.468
99.1113	320.937
92.837	448.642
321.943	307.854
51.4296	118.881
79.3585	69.2865
161.34	417.201
116.812	381.777
394.659	372.615
119.8	285.78
106.277	58.5464
463.326	184.152
113.224	173.638
98.9544	456.553
459.06	412.007
379.674	227.668
200.531	388.585
472.529	105.292
451.577	307.71
98.3946	169.853
427.206	98.1177
327.109	184.771
78.2842	89.3729
433.636	419.908
189.821	74.7442
178.884	152.591
313.509	61.5867
113.926	52.1044
153.056	384.163
485.046	385.786
129.407	195.588
293.983	286.816
437.745	498.013
117.957	42.9532
74.0755	205.786
98.7848	218.14
317.214	52.2981
464.768	121.286
395.297	484.993
45.687	182.644
282.074	460.305
375.495	220.61
396.825	114.193
361.898	412.004
422.797	465.517
288.465	377.082
320.981	43.0349
465.485	205.752
492.055	435.825
294.636	316.126
102.92	465.733
214.941	240.868
378.586	184.223
176.714	162.353
319.27	98.4371
188.279	156.017
314.726	403.428
199.783	73.8743
98.454	335.875
485.088	296.428
303.562	60.5594
388.065	392.363
144.082	215.307
104.213	430.072
386.456	288.411
352.175	414.342
222.676	352.427
475.153	203.198
300.666	198.862
94.9982	84.1885
390.698	315.992
110.072	401.232
314.767	409.087
54.186	92.3489
159.826	304.971
82.8363	338.884
445.633	85.9142
455.62	392.209
131.61	403.658
486.737	289.497
126.281	96.3901
325.148	188.258
181.478	171.145
194.733	393.562
347.1	314.143
381.57	445.844
341.812	392.745
202.129	293.815
470.289	212.56
107.019	379.753
154.583	313.486
455.556	123.909
86.8777	142.77
375.833	192.716
307.653	171.041
76.5148	354.177
34.6364	320.315
118.39	371.902
318.471	315.841
37.756	176.553
416.61	228.192
209.16	393.639
132.511	186.082
396.697	323.994
206.591	66.5498
394.057	367.841
205.225	82.264
133.519	387.925
181.316	145.063
380.448	398.842
130.671	423.473
87.7563	252.005
222.945	234.873
102.52	260.872
467.188	313.473
47.5553	207.608
478.896	77.1021
152.119	88.731
185.683	177.024
50.2366	79.5905
215.62	62.2508
159.079	280.324
472.704	180.681
392.98	434.196
134.972	176.389
295.684	54.4004
497.885	434.033
355.274	114.357
197.983	158.432
407.097	288.658
122.126	296.013
39.8774	303.52
387.356	291.196
323.281	168.361
125.492	118.766
286.721	58.8343
107.45	474.648
98.8493	226.478
37.8858	223.164
110.119	36.7428
480.593	111.206
448.74	283.085
428.858	296.502
40.2502	79.0699
223.659	68.1986
488.878	489.969
293.079	192.347
33.7239	295.637
103.3	29.4293
312.453	293.571
434.357	301.886
419.806	269.702
187.421	318.545
116.838	478.093
178.208	183.667
439.302	281.798
279.879	51.5411
277.228	41.8989
413.025	215.919
184.672	191.297
284.324	297.956
207.413	155.103
489.192	106.101
286.201	37.4853
295.802	34.6881
296.713	24.7297
310.141	318.097
347.63	114.772
411.514	149.281
102.67	74.1544
125.108	397.432
107.305	375.797
445.871	424.904
307.706	366.049
77.8601	253.442
396.36	220.093
387.379	290.545
93.7914	86.9248
210.365	53.7428
295.364	448.339
390.865	37.0446
125.332	483.37
103.42	483.8
65.2099	311.688
419.918	380.831
400.145	209.539
480.314	174.194
417.66	149.166
283.333	190.108
415.988	42.077
425.519	422.393
217.066	157.713
321.504	33.0486
189.167	132.621
224.928	151.534
384.252	91.2699
425.783	19.5114
382.59	31.4301
384.326	171.867
103.212	225.336
475.527	415.906
409.402	106.111
435.776	19.893
499.247	434.361
103.69	123.152
196.773	64.338
401.441	113.167
81.3604	242.158
450.927	103.361
153.885	213.331
133.361	489.332
42.221	114.982
143.323	488.467
278.544	64.5907
99.2302	75.4206
204.707	45.4977
246.112	317.48
25.2012	300.868
299.247	86.6134
141.336	190.785
111.344	23.4889
63.0612	95.8265
277.749	301.355
335.345	481.303
194.402	124.101
289.248	86.4645
207.334	35.849
106.629	181.155
342.864	183.583
110.148	217.529
37.8047	186.458
294.132	380.688
320.321	23.1188
194.78	44.2907
388.337	108.906
405.77	319.791
354.369	285.541
401.891	253.387
180.923	390.429
303.714	296.961
483.103	68.0299
131.812	475.754
118.499	409.339
483.836	58.0568
81.0832	112.406
117.62	409.591
139.701	220.984
256.11	316.148
314.858	414.226
375.682	24.1993
445.548	17.7706
374.416	14.2797
207.651	240.638
271.788	401.713
20.7097	291.934
32.8529	85.7989
475.599	318.881
219.482	144.646
474.089	414.056
124.912	181.228
478.211	164.418
31.7352	211.201
365.751	222.857
60.7625	94.1181
187.388	37.555
479.709	215.915
152.827	390.979
199.632	59.7852
385.532	186.935
408.782	315.985
176.865	93.7326
464.05	210.035
411.284	77.18
475.433	52.6351
279.827	470.049
155.665	112.645
190.911	83.423
121.271	24.6911
102.822	344.273
415.422	78.3098
22.146	208.364
111.291	482.545
205.349	230.907
273.476	191.791
465.078	300.368
159.741	316.32
420.702	199.754
39.2489	124.53
63.7174	106.054
300.571	456.877
133.945	214.875
385.646	496.782
493.717	465.422
115.461	17.6011
405.86	64.3468
198.924	297.576
404.975	375.801
343.747	289.499
429.263	197.43
301.227	366.159
258.48	386.091
454.722	13.7905
315.819	107.823
474.917	95.5816
145.593	192.073
324.407	340.408
117.368	37.3611
26.6636	210.643
23.6508	81.8847
163.242	216.858
99.758	247.782
76.9477	364.168
331.696	490.613
201.09	147.356
94.3487	488.009
344.077	306.097
316.215	161.285
310.556	20.9658
285.519	256.108
220.286	355.939
26.5137	319.781
473.731	486.383
393.971	430.848
286.739	459.472
115.356	263.323
137.394	221.701
352.33	320.612
233.41	297.586
410.824	159.257
198.846	245.379
140.306	392.561
321.995	493.041
82.1281	423.47
41.2479	318.484
217.817	149.265
280.868	180.416
153.214	489.942
82.3026	413.471
29.586	121.956
98.1178	112.095
80.0968	299.819
349.584	121.616
461.119	20.9193
287.656	185.62
407.301	459.476
301.864	96.2649
204.497	156.934
299.904	69.8661
417.373	270.136
84.3712	488.679
152.249	286.667
426.208	107.145
72.768	189.743
87.0095	353.685
379.681	346.542
424.417	9.60512
380.304	310.317
222.992	135.282
183.206	28.4716
15.8947	216.17
289.396	17.9131
9.55666	208.435
296.884	410.332
170.663	90.3375
97.8841	53.1096
385.575	345.498
133.505	390.262
157.011	480.691
351.475	480.782
487.862	376.19
122.25	256.079
16.6211	318.319
398.531	158.104
219.401	57.944
123.58	227.81
189.952	314.722
74.6819	486.205
214.555	51.2834
215.761	37.3871
288.718	446.678
424.519	286.934
92.1614	411.797
488.814	279.715
97.325	375.17
73.6009	408.544
264.22	289.271
75.594	330.503
40.7808	90.6324
417.057	206.569
476.732	205.412
445.589	485.92
64.0433	405.602
89.2019	220.025
405.079	193.038
12.3633	204.869
344.897	480.765
56.328	316.323
54.0965	406.633
424.952	450.85
9.92615	195.171
338.964	182.108
34.9159	96.9046
271.108	324.374
195.107	92.5
181.555	423.961
444.875	198.13
222.609	224.879
352.739	424.327
367.755	278.734
288.692	386.345
186.888	303.606
118.454	61.02
471.557	188.796
403.709	358.919
6.56285	219.764
108.563	13.7874
331.261	295.652
456.418	216.496
194.099	349.164
309.589	153.796
196.995	302.241
461.65	321.8
327.038	475.735
79.8623	242.741
43.9616	177.228
180.564	315.794
298.971	208.717
187.944	129.636
412.721	354.585
214.013	353.396
389.67	211.425
304.189	418.459
90.93	233.714
301.736	456.119
282.529	10.6443
76.8301	412.454
79.9194	327.331
116.9	211.195
123.327	203.047
99.1105	187.748
472.18	381.981
147.495	79.864
473.92	189.036
407.844	221.217
427.869	398.902
482.788	325.833
79.41	400.404
465.37	400.62
44.1048	407.04
22.3709	321.013
188.93	430.714
194.332	254.302
104.596	454.011
108.529	317.574
391.939	254.366
51.4004	305.868
380.807	420.922
13.2044	195.098
114.319	469.539
381.223	446.76
273.924	478.121
446.249	75.9331
364.925	292.628
306.244	148.021
327.231	286.5
270.538	400.732
369.055	93.0153
494.196	114.144
79.909	164.994
318.772	19.1474
425.561	408.158
268.045	387.029
99.8751	371.725
290.508	214.045
272.851	13.1642
214.518	85.957
76.1033	396.193
119.427	70.5559
268.556	486.558
136.524	112.186
141.29	87.7062
41.3813	300.826
296.245	147.869
223.736	270.056
203.96	251.615
403.515	87.1151
109.255	392.051
287.701	94.9692
409.744	351.162
218.152	398.013
314.472	339.277
182.948	392.217
489.03	52.1144
381.484	455.706
285.08	104.62
476.369	333.501
404.287	134.919
276.822	367.617
83.4694	150.01
382.06	255.919
113.599	363.125
361.433	398.115
418.998	463.275
93.3751	30.6565
150.367	322.555
56.9426	184.549
423.656	271.434
265.332	197.594
355.389	398.592
200.461	75.8597
273.747	275.725
140.438	321.368
219.455	38.183
199.059	351.966
38.0603	415.006
278.191	33.5448
285.603	290.443
51.4025	415.173
424.966	296.788
177.853	20.0251
401.747	229.211
286.984	144.098
491.542	494.911
277.448	257.668
449.469	295.109
280.233	414.147
342.201	415.055
153.237	92.1179
324.46	71.0628
278.487	112.139
421.862	402.75
175.424	195.101
151.808	223.113
338.822	486.281
184.55	12.5991
278.401	185.868
340.041	119.731
216.147	401.78
410.931	306.218
266.143	308.337
411.987	401.173
209.067	340.909
490.552	329.541
281.608	384.671
223.99	214.974
385.454	463.069
180.906	281.851
279.606	447.973
277.898	148.276
303.14	466.541
160.61	421.537
495.736	109.795
127.561	222.329
189.194	431.449
462.287	81.5306
93.64	161.056
75.2488	207.393
267.37	322.366
300.269	427.603
305.443	343.577
409.904	488.202
120.317	424.597
276.625	386.762
489.54	214.084
366.23	319.132
54.8729	296.491
194.322	10.4751
464.77	422.904
440.213	409.892
309.368	267.19
121.661	387.772
196.351	59.0456
280.526	214.641
220.841	410.61
83.6227	28.4451
455.011	375.704
115.577	51.0937
362.711	423.578
52.4444	188.906
391.147	119.773
66.7467	87.2754
290.692	112.896
106.517	485.751
161.889	278.313
405.439	424.447
19.6722	123.266
214.754	167.443
378.002	174.154
384.871	127.559
424.192	30.2283
400.97	313.094
327.068	89.3118
200.136	222.373
321.694	297.735
169.893	197.937
118.964	111.19
317.535	364.208
420.461	266.139
208.038	407.631
276.738	201.243
102.423	332.935
121.792	479.907
311.475	147.428
409.609	298.318
154.098	197.333
119.458	138.379
166.069	476.454
214.714	385.323
357.249	494.33
327.109	94.303
421.782	77.7185
472.086	397.206
175.633	376.317
281.838	310.202
131.023	214.664
456.38	390.983
222.804	288.501
275.908	145.589
308.97	464.238
377.266	335.822
358.71	215.755
424.314	58.5281
263.753	9.01505
87.8629	37.0765
81.125	241.038
329.451	221.177
386.471	33.7574
458.126	483.525
294.25	31.2612
37.2543	399.755
118.003	70.1207
288.127	415.214
395.226	102.376
484.366	459.949
107.358	245.117
64.6911	486.634
368.09	21.9307
91.3414	75.317
377.921	479.222
98.2804	316.565
445.715	315.812
310.467	294.232
280.702	248.912
411.912	122.034
486.711	269.938
77.3993	252.906
267.177	198.934
375.884	12.0443
194.667	439.818
28.6388	394.678
152.694	299.581
359.776	386.255
316.373	406.41
383.93	154.025
168.341	83.5385
304.577	138.16
151.727	421.325
55.9545	481.768
42.6563	405.403
289.487	137.047
313.317	298.607
42.7549	103.113
6.74645	204.816
298.066	352.689
384.602	397.176
63.2372	107.991
226.141	286.851
166.106	86.5906
41.4617	413.488
414.792	181.341
186.229	179.196
13.8447	194.769
316.923	297.818
412.639	374.073
292.818	93.9275
494.893	320.533
32.7152	106.659
57.3329	315.91
114.45	452.309
196.746	249.636
152.337	300.376
12.3723	327.371
299.892	280.812
395.246	357.595
190.105	101.159
149.593	398.527
440.751	499.978
224.611	278.089
197.051	212.86
76.3605	35.3198
402.177	399.231
151.854	321.201
43.1227	391.658
400.365	261.845
405.095	313.315
437.661	423.85
371.033	3.30007
277.846	93.2716
204.159	442.965
248.61	387.699
22.3718	282.073
404.652	60.8027
445.075	496.987
123.545	456.466
169.475	224.678
475.818	96.3812
442.843	82.0058
491.529	42.4319
89.446	81.878
204.561	233.094
393.819	176.178
112.775	343.303
277.866	490.208
131.162	23.2156
340.311	377.511
330.792	291.114
86.7306	342.511
45.9586	482.055
278.093	176.867
130.443	321.052
20.404	389.005
273.273	221.525
184.145	290.199
98.8884	72.3663
360.827	104.836
66.7281	185.731
71.1508	200.418
144.864	87.8523
246.749	397.524
317.24	458.616
89.8468	328.863
97.21	30.1145
66.4195	184.842
497.903	475.026
112.622	250.863
201.065	447.786
384.569	153.072
417.799	193.059
216.025	157.666
378.909	193.103
409.257	62.3105
270.837	280.413
419.471	234.029
155.011	295.763
418.742	359.933
146.584	483.455
185.772	197.865
355.868	101.538
411.07	311.228
467.296	488.554
101.67	69.9974
397.433	403.374
193.27	439.071
324.438	155.593
187.065	438.068
397.341	69.5826
418.712	172.142
79.7239	176.827
107.539	458.174
492.344	292.091
22.2588	189.365
476.518	168.35
130.571	18.5114
479.548	154.507
393.035	261.355
353.018	121.753
179.458	224.09
267.883	282.99
131.593	121.323
471.914	104.474
84.9176	361.5
287.3	364.635
406.145	79.9089
295.22	414.645
381.799	89.9844
188.002	170.885
354.602	88.5322
113.751	43.9218
306.119	327.252
432.982	308.405
342.802	421.74
108.403	279.973
89.6489	381.504
188.006	57.333
445.1	191.984
8.6778	336.664
84.4715	454.121
452.511	8.34378
183.865	335.999
197.472	107.921
425.393	289.695
21.6411	133.07
320.228	337.941
400.929	256.569
106.843	135.4
404.151	240.987
222.533	279.944
413.095	219.981
289.585	212.059
303.469	259.115
89.0304	251.329
419.646	472.794
442.137	316.403
89.6498	404.972
89.3469	77.2111
213.663	245.368
216.573	95.7435
293.363	360.471
391.926	31.364
31.6932	422.717
187.603	288.57
259.306	189.614
278.475	413.097
304.435	451.123
303.152	41.4685
102.928	186.548
497.185	207.639
293.676	74.322
204.053	155.73
490.424	260.653
281.688	279.913
493.372	198.394
118.256	136.893
15.7257	87.9832
492.88	188.406
13.5996	381.677
393.407	132.662
261.189	410.637
493.727	32.6764
228.238	315.214
381.675	427.287
384.718	469.703
255.256	14.2891
204.215	100.536
479.78	415.416
320.344	322.967
23.0584	104.062
102.08	344.987
423.583	308.616
289.753	299.03
64.4966	293.773
61.0015	287.08
374.404	223.264
76.9851	218.41
121.115	348.821
446.925	213.351
299.752	117.131
366.589	277.468
214.758	57.0873
479.701	292.212
382.785	256.973
204.808	303.036
378.615	176.311
46.1944	480.436
395.406	188.214
438.291	487.04
205.514	405.979
411.077	416.188
89.4309	398.525
496.693	207.851
99.7132	434.691
14.652	109.478
227.4	403.476
203.229	207.97
299.402	358.53
433.026	406.225
75.4044	434.12
311.853	444.417
187.299	210.647
262.323	207.677
18.0387	273.06
185.289	447.909
187.025	397.391
434.298	288.936
224.623	40.45
477.422	42.8349
199.697	324.69
379.443	214.175
465.505	410.289
423.843	127.041
477.86	341.297
404.443	63.0988
446.271	311.761
349.936	420.566
223.492	399.368
497.512	327.725
486.845	147.67
398.607	349.417
110.822	355.377
109.473	143.273
465.207	199.267
107.135	357.538
136.277	317.895
119.639	74.0661
291.425	462.625
480.837	293.125
205.748	311.677
75.5861	93.024
375.948	401.374
204.711	218.95
375.386	442.217
117.182	40.2749
78.9337	59.5982
495.945	185.878
73.7935	478.323
489.37	413.05
381.218	109.035
195.505	279.246
486.751	345.873
157.464	187.917
467.049	190.959
75.9592	187.395
394.167	456.823
477.112	83.0138
99.5264	341.106
36.4937	286.028
447.649	411.202
224.432	397.9
24.3834	223.001
271.955	4.92986
102.742	10.9284
218.258	347.155
318.284	374.18
117.102	141.864
42.4215	201.333
148.153	201.169
178.221	90.1641
304.277	320.198
375.028	149.47
494.621	22.7164
260.138	280.096
112.934	209.819
464.236	207.485
188.861	436.225
444.375	87.5983
375.89	81.8552
72.1804	311.569
85.5532	241.968
233.03	411.74
43.6116	303.034
317.45	9.2351
259.874	481.595
366.619	299.217
89.3699	198.334
188.056	305.245
83.9388	134.438
76.3515	422.732
422.919	208.722
466.14	12.2714
192.96	207.251
407.51	403.91
55.6386	323.538
391.332	427.415
451.203	112.542
400.321	370.139
115.73	410.244
391.306	437.241
79.7823	131.006
253.673	479.275
413.742	300.503
312.846	459.941
120.25	305.836
167.87	19.4385
497.512	267.532
223.676	29.1171
167.024	22.8927
64.0876	215.219
392.552	417.49
296.047	413.272
489.32	203.688
98.4983	16.1541
321.253	441.005
306.668	249.64
229.821	421.211
496.285	320.141
243.68	479.647
330.554	300.311
61.1632	407.881
85.4797	426.469
407.933	266.231
293.879	318.135
254.21	24.2342
85.0143	487.58
398.624	186.593
214.677	91.5936
21.8327	322.378
298.432	397.153
434.95	313.724
66.4804	301.476
413.329	408.66
79.9068	330.902
176.059	476.898
416.534	299.28
24.7055	134.021
384.088	89.7945
179.159	316.377
258.625	276.619
252.041	475.809
394.562	416.977
122.892	248.429
56.6533	303.635
271.5	101
32.8805	216.526
44.0511	92.8351
209.356	310.468
114.207	129.453
310.991	173.515
383.525	104.545
20.4396	114.654
42.4153	381.683
380.553	136.578
320.987	464.874
186.807	396.157
263.255	95.3408
202.132	338.396
346.252	122.156
181.445	421.341
205.178	405.688
118.403	241.928
69.0668	183.495
287.059	417.474
325.726	322.723
110.548	193.023
98.3321	414.823
398.051	343.591
88.1435	282.845
394.838	282.318
75.4722	224.992
22.4004	232.803
353.467	112.177
104.465	238.714
473.236	185.975
120.426	218.614
374.816	96.5585
370.043	107.86
102.673	232.423
192.807	163.297
379.732	466.93
81.6401	203.923
492.568	483.993
322.1	310.84
383.585	159.276
252.686	396.952
461.154	214.851
406.089	82.6226
377.503	184.094
82.8328	60.0121
65.3778	206.233
79.4569	112.138
143.484	393.979
93.0857	77.3686
148.208	205.009
488.93	43.0898
378.928	188.262
402.404	468.195
206.137	234.082
332.531	417.605
350.382	311.857
51	198.392
43.6667	96.3897
93.7514	450.316
312.103	282.017
313.255	18.1147
277.067	410.001
204.337	110.294
334.636	105.846
219.215	146.641
55.0158	187.358
114.01	226.727
167.402	98.6437
180.459	125.662
202.547	104.673
166.689	486.434
464.943	398.022
376.188	181.641
379.495	10.1567
114.547	212.042
485.398	204.932
322.879	113.573
96.1098	146.613
270.321	87.7746
330.155	24.9322
450.003	88.7351
151.061	116.151
452.629	383.595
319.455	221.469
238.198	288.807
484.314	204.069
361.042	3.73378
16.0545	75.3812
181.683	290.549
187.57	229.938
209.16	255.378
11.2544	221.919
186.56	51.4259
336.756	182.615
454.418	295.456
456.266	6.99806
452.572	490.345
46.2062	285.327
378.845	287.319
90.1163	281.092
301.296	127.011
409.954	310.553
118.267	44.5156
218.702	298.953
215.259	128.941
320.708	340.531
193.602	84.7292
74.6395	315.49
123.276	274.2
151.5	193.044
56.8896	423.533
392.887	359.548
482.981	195.907
110.365	80.4415
230.615	411.814
188.306	116.174
338.278	294.224
144.165	76.2403
367.505	307.143
316.409	424.105
93.0954	29.8953
321.458	231.266
79.4592	391.73
120.656	145.106
293.912	407.156
206.012	453.523
309.495	20.5581
6.38335	388.6
322.756	332.936
295.294	122.291
422.931	350.853
269.689	220.003
399.494	75.0217
281.146	455.376
94.5159	89.7377
345.963	178.207
342.203	100.911
399.034	419.544
127.42	10.0033
487.4	185.628
403.593	173.15
177.221	323.604
428.888	276.14
244.384	378.636
138.162	287.859
331.989	15.1018
192.744	156.902
398.859	252.328
339.256	19.3181
490.231	355.248
487.557	406.733
303.279	437.14
44.8361	79.382
470.552	6.65816
485.099	154.157
48.9067	308.187
30.0561	317.036
287.57	487.793
16.2297	305.285
220.846	19.5257
320.801	123.355
35.6435	385.671
81.4473	352.077
191.397	309.985
417.079	129.286
115.186	478.176
357.106	205.885
178.787	385.073
194.528	375
338.121	486.68
12.4545	66.0517
80.5968	93.8274
460.08	17.3952
12.0921	125.489
348.824	311.602
466.922	297.809
456.456	203.306
223.714	380.964
415.436	296.323
334.374	417.96
307.507	51.346
22.9337	191.642
275.125	135.619
285.132	241.164
153.266	387.416
354.414	290.201
215.418	456.919
55.4117	197.811
192.4	341.619
419.239	286.219
212.183	456.626
292.079	245.439
316.017	18.7256
9.54579	398.086
11.2834	56.1205
81.3046	487.077
85.3265	427.196
287.927	53.1935
475.673	104.559
416.524	300.44
118.554	6.23188
381.958	237.404
211.46	298.441
152.163	476.118
136.223	390.815
430.936	280.839
286.863	346.095
161.735	11.5421
385.463	388.671
77.2469	477.368
471.289	319.113
234.827	484.297
94.73	180.98
227.741	221.659
208.102	154.583
180.734	485.737
10.0747	338.109
483.417	253.519
119.789	43.7891
307.445	307.975
80.7354	18.871
348.191	299.781
491.643	253.955
309.152	16.9421
5.51683	347.01
117.151	446.191
120.581	25.1251
395.241	409.044
90.9312	337.957
336.465	216.15
80.3508	138.021
49.2383	383.209
381.914	427.928
396.504	325.875
370.263	321.982
61.2611	489.089
382.737	423.661
394.276	259.897
83.2118	199.71
146.301	101.812
203.409	59.4503
24.3327	265.289
419.266	53.0642
420.183	465.671
39.3824	405.422
223.357	123.073
176.257	494.679
410.089	154.452
8.28966	231.47
10.2654	185.177
41.9276	388.109
312.872	76.5401
309.263	138.822
438.725	416.097
173.251	292.975
84.6667	420.956
390.878	463.21
302.58	284.625
496.368	150.721
472.591	191.177
495.147	340.44
395.064	377.302
151.5	224.982
84.6301	497.846
431.53	178.461
187.386	30.9878
38.0741	307.275
309.358	334.548
237.928	493.804
124.803	28.7908
481.648	470.291
408.554	322.01
105.287	257.421
42.4687	377.659
254.594	90.3429
424.3	163.849
93.326	278.319
94.8158	292.849
191.823	131.069
110.43	250.734
114.071	146.146
480.546	293.311
314.425	96.1809
421.696	467.063
329.698	415.497
349.688	278.345
223.493	330.967
20.5316	52.3163
81.0759	183.589
47.9497	275.48
438.996	285.913
289.633	458.132
46.2321	408.743
390.629	201.471
36.7161	181.181
376.18	326.13
167.416	186.939
230.735	116.323
384.645	469.48
201.077	97.7463
128.523	286.958
203.306	12.4399
283.454	115.293
23.7991	143.98
406.848	74.3591
291.292	381.64
100.049	57.5851
5.52604	348.304
26.8877	321.894
112.535	108.37
29.8631	394.425
258.777	376.096
253.041	416.435
223.151	83.7152
91.1988	9.31905
245.904	320.005
299.598	288.745
105.527	130.488
181.271	205.843
161.625	189.81
24.339	43.0695
411.248	138.28
124.373	382.568
73.0701	79.7153
469.739	294.711
199.314	437.419
308.873	293.933
313.045	236.671
359.916	107.252
158.078	288.163
395.317	41.3764
212.479	120.176
363.794	305.282
325.045	87.0968
121.564	107.864
421.064	127.241
288.65	458.17
81.8333	71.2895
383.97	89.4991
323.272	356.018
221.325	448.85
77.7557	212.005
391.616	238.805
187.915	478.777
102.589	479.111
461.117	419.516
151.707	278.86
117.747	144.519
199.66	457.619
113.918	59.6694
317.8	412.162
358.157	180.227
299.227	303.955
362.869	11.1556
212.762	270.397
50.8427	104.721
269.474	116.471
495.486	244.723
429.485	116.708
251.838	297.885
345.548	87.4205
494.388	114.284
236.478	121.052
346.116	375.447
492.861	96.7981
320.469	42.7403
181.917	54.4794
87.9294	251.409
491.8	411.417
376.994	493.44
400.621	96.2583
365.64	2.78809
181.447	347.789
147.619	205.894
391.078	156.196
101.459	342.513
446.3	304.795
75.5352	490.799
291.712	57.0477
117.282	474.188
135.046	310.778
307.757	303.678
6.85006	374.298
499.417	288.192
298.868	59.2426
298.476	438.323
124.089	272.392
319.204	417.758
215.867	333.916
208.503	346.549
300.094	12.7044
486.179	328.444
321.441	438.623
88.8453	405.516
41.0466	118.13
314.943	164.527
417.58	407.126
196.032	20.3278
80.9619	306.685
243.053	113.518
392.067	378.97
270.322	395.69
163.571	177.708
282.621	475.159
277.51	475.449
487.201	318.688
148.843	486.682
54.9582	176.157
90.4183	250.13
262.334	494.387
344.136	491.534
488.605	414.382
288.295	173.72
440.624	197.132
288.293	364.759
411.112	274.229
394.324	184.376
393.083	158.179
468.444	93.1521
442.419	288.283
482.013	319.692
419.128	292.276
245.941	397.071
30.4011	397.625
34.0289	387.858
395.474	296.344
266.115	476.801
318.793	244.853
287.558	53.0017
115.358	215.463
306.446	337.16
304.974	399.799
39.0661	489.3
124.419	145.435
415.426	257.642
161.712	305.147
176.744	194.581
269.169	308.842
208.956	322.18
164.47	218.961
204.912	114.715
316.37	473.744
31.0139	483.37
304.924	213.253
396.682	115.215
291.963	125.436
496.592	349.732
486.066	144.522
415.747	279.609
448.286	375.507
88.9784	447.749
81.7109	78.2046
318.774	58.3852
290.394	204.361
434.365	293.521
3.45329	70.408
39.2017	404.743
382.249	187.727
350.484	190.058
336.539	212.497
101.114	40.2978
454.87	13.0308
415.395	350.679
178.544	315.626
179.177	455.824
398.438	169.829
247.282	8.25484
368.659	380.058
296.976	59.0223
54.0244	310.378
74.4048	298.856
389.146	154.424
93.3298	74.5354
174.293	204.594
463.241	412.339
405.833	308.066
434.128	415.281
84.6387	375.893
419.263	477.059
224.549	152.66
306.521	19.7023
5.34225	178.816
151.213	194.147
284.941	299.497
255.762	408.403
216.217	271.112
260.995	224.943
483.702	65.0743
374.331	400.278
424.883	62.6085
22.1045	420.579
321.931	320.43
237.741	303.205
249.306	189.683
178.653	420.818
390.233	197.952
257.002	482.722
80.8004	397.185
122.821	359.258
296.833	221.791
307.757	84.3598
386.698	336.972
370.332	80.2688
365.759	293.633
51.0198	386.061
206.429	21.1918
477.253	32.8363
87.723	365.571
371.244	104.646
75.8695	459.221
280.905	477.794
86.3463	71.331
276.845	464.188
176.225	148.563
430.442	282.599
136.42	201.344
269.286	212.035
347.695	104.115
118.974	278.958
47.6563	107.512
160.419	403.051
475.103	465.657
93.0056	467.036
152.513	215.254
194.501	85.3554
176.286	231.769
182.783	399.422
297.906	475.062
493.622	124.254
417.54	326.398
191.5	356.896
375.951	125.289
171.52	209.525
200.68	128.053
5.90874	86.0785
170.919	212.784
377.637	40.1176
11.5047	47.2368
387.569	308.241
198.277	71.9451
108.2	318.597
240.89	7.31809
320.299	254.739
392.696	243.133
152.036	195.867
399.829	130.052
198.161	230.919
354.616	489.456
395.412	320.99
373.93	411.89
367.289	395.289
184.378	253.341
82.5851	274.513
388.372	83.4395
211.614	466.61
247.284	3.29875
98.8019	347.961
122.853	302.199
485.215	409.197
222.969	228.035
77.7801	9.31767
414.487	8.43037
345.259	21.7544
284.472	476.845
401.802	465.147
288.512	316.522
195.019	223.484
253.593	218.218
68.7961	414.651
20.0979	112.072
304.753	237.047
364.678	75.2505
216.897	357.29
24.721	142.241
19.302	87.0315
225.016	377.783
198.58	36.5903
330.601	285.791
312.383	10.5309
268.225	400.621
125.517	375.33
405.94	120.721
10.5486	217.36
257.971	179.704
204.126	113.592
49.1997	276.376
284.865	350.349
404.471	387.252
340.092	180.656
359.987	2.25692
480.757	210.571
14.2982	367.625
155.54	388.992
433.983	424.073
49.5957	93.0158
473.112	397.979
488.027	430.16
386.898	22.4057
271.034	184.629
365.617	118.495
80.7971	166.686
432.649	480.556
336.478	176.572
22.2206	478.608
412.289	417.737
302.267	399.003
27.2329	80.3609
140.036	104.068
497.426	175.989
195.467	362.993
223.838	398.494
94.5337	130.574
375.955	352.716
83.9017	308.357
179.521	479.904
82.9175	296.105
181.794	263.001
321.411	357.395
85.1344	277.762
20.7263	430.483
276.963	300.417
3.82861	388.996
319.505	424.822
193.545	362.231
381.558	296.908
248.14	312.583
178.949	92.6604
145.145	102.296
169.709	311.362
52.2839	386.952
8.94515	85.7935
284.436	236.962
480.24	4.18061
285.493	34.4646
169.888	193.346
460.065	288.538
367.596	296.808
267.755	401.397
254.993	217.765
107.565	62.8086
24.2133	124.028
260.369	291.397
404.034	256.009
321.125	356.562
238.036	489.385
316.409	126.195
56.1528	84.5547
191.425	401.77
298.718	137.503
311.74	343.69
336.337	75.4295
497.283	220.412
70.2707	321.648
396.518	160.331
95.1929	375.325
83.0041	129.18
483.628	88.5699
209.087	412.511
192.632	157.462
296.793	58.8144
480.625	13.1041
299.118	78.7014
103.843	476.229
350.124	3.90987
239.332	190.399
309.3	403.052
378.197	385.64
17.7986	358.258
492.668	302.842
208.578	473.583
176.778	301.787
126.766	300.174
279.551	272.883
461.886	379.825
489.201	292.251
317.244	173.214
395.933	333.861
323.724	175.24
87.691	186.031
457.687	283.99
389.384	112.796
79.107	314.617
335.091	377.164
361.23	111.786
402.115	108.377
171.264	485.415
118.813	18.8859
387.702	493.642
395.074	264.54
387.414	248.516
135.595	184.686
81.082	364.362
135.832	91.9246
476.398	141.967
215.149	231.326
294.372	315.192
435.094	491.406
164.231	208.724
349.285	417.478
418.177	494.7
296.185	41.6155
76.2407	106.268
200.751	143.827
52.9704	494.68
359.218	275.282
114.673	287.337
182.791	424.887
98.7932	319.304
291.901	377.995
23.4802	68.6835
117.974	409.854
276.896	397.171
195.434	296.39
377.106	215.443
376.379	391.025
5.43214	105.606
427.033	119.058
124.211	55.506
216.429	125.656
181.623	30.919
229.549	318.315
385.147	85.0876
494.082	180.173
280.788	74.3357
157.076	23.9052
393.95	485.899
416.83	202.556
255.055	80.3535
16.5093	240.883
305.399	421.903
152.19	399.152
246.846	318.428
62.4028	406.285
338.194	384.349
433.636	408.226
229.413	106.411
100.59	29.6002
403.883	464.031
193.925	153.994
20.3945	89.5107
471.763	177.249
75.1167	107.7
223.743	128.48
213.452	101.446
215.779	480.522
48.4808	495.494
117.126	361.224
412.638	304.212
212.843	366.431
199.917	242.322
96.1289	279.71
87.7333	459.31
210.63	214.401
499.684	432.924
303.636	249.689
277.368	483.445
91.8529	243.864
298.64	38.2366
173.494	176.288
186.186	243.767
400.114	108.637
196.634	75.2139
282.009	40.0471
361.456	18.9622
497.212	223.002
437.979	217.821
392.279	429.912
334.442	208.546
353.251	16.8512
14.48	147.607
205.974	461.959
82.3785	436.115
19.5432	341.326
327.88	195.638
393.117	439.346
281.988	165.96
404.739	6.19611
4.60788	146.013
2.10581	126.013
213.954	368.345
142.009	93.8698
88.0439	352.7
19.6847	256.435
409.78	487.359
124.302	255.35
43.7116	384.51
55.9182	393.524
240.186	310.852
493.603	29.1792
12.6712	37.7501
283.443	377.786
367.43	417.353
62.6423	198.87
344.768	495.309
41.6676	386.149
361.19	424.014
374.387	214.035
160.622	175.555
212.212	209.015
455.722	400.871
67.9155	10.9576
23.4077	468.679
170.792	7.30328
91.937	369.382
402.945	436.384
12.9988	27.7555
50.0528	398.503
64.1915	487.99
194.597	190.075
22.671	25.2162
407.197	290.807
68.4418	76.7945
316.031	317.272
333.547	14.8789
252.388	85.4602
385.857	90.6013
336.513	493.333
475.576	318.578
407.708	0.502169
284.093	313.6
297.116	53.0742
213.175	290.576
447.087	98.0721
306.774	333.822
303.661	233.493
320.157	90.4534
437.973	315.759
217.642	223.537
417.534	68.6193
105.493	89.1748
385.873	385.727
89.0442	285.189
320.118	143.209
493.436	231.426
271.204	88.3708
208.244	487.097
375.994	491.846
283.761	323.023
495.573	455.596
151.29	179.15
412.238	408.586
112.332	203.942
337.239	278.311
176.038	117.21
65.1549	281.055
280.193	476.118
12.6828	475.603
206.099	323.696
300.97	67.4259
3.27456	97.6696
299.377	321.176
499.013	425.431
69.7532	205.925
107.842	423.317
176.46	447.409
80.4908	220.85
487.779	361.825
84.8612	64.9358
283.123	484.61
466.715	98.9122
483.641	233.439
339.569	402.491
248.837	216.981
23.2519	140.723
312.298	328.5
285.312	276.014
40.7203	286.566
390.582	165.094
310.78	158.303
62.1583	2.78106
213.995	390.671
365.68	96.4621
470.309	321.145
257.286	407.683
83.2455	278.496
30.8761	179.619
233.969	196.387
251.014	305.976
167.822	16.3956
19.5342	314.202
191.123	72.5658
401.171	275.105
241.055	318.253
421.082	456.887
201.344	278.446
390.476	300.427
384.252	348.444
378.033	378.501
495.816	182.324
327.252	175.795
235.906	216.747
277.259	209.809
493.73	228.992
271.446	183.175
187.472	74.2695
278.636	66.3341
447.796	304.159
331.536	289.97
87.5939	151.838
119.145	477.937
338.295	282.631
138.273	277.068
312.058	494.16
321.612	479.641
411.216	461.446
404.712	146.632
236.306	421.352
282.582	45.989
19.3902	123.374
94.8104	225.853
219.04	176.477
220.107	9.55306
400.727	296.345
294.712	461.754
377.267	275.209
490.27	469.118
278.872	15.4434
32.6271	402.409
287.173	276.475
311.034	55.0387
176.978	300.116
484.148	307.465
177.74	136.591
29.4675	17.8808
451.701	94.9117
377.928	423.835
269.2	482.357
115.341	448.405
380.273	380.788
246.711	311.826
11.6161	310.538
407.738	342.364
476.923	28.271
320	87.9579
423.574	397.436
113.491	418.424
117.789	292.801
23.1192	462.201
318.128	299.733
399.962	25.9209
210.107	91.0241
436.265	380.768
222.955	54.4408
331.973	197.463
325.017	493.726
483.074	334.725
179.239	491.14
307.517	292.277
208.418	209.703
388.172	264.351
498.937	330.087
453.283	298.678
398.153	190.828
384.228	105.612
381.332	109.289
440.402	321.17
219.272	92.4193
205.752	113.318
265.391	310.169
348.135	482.127
349.411	85.9764
103.473	433.602
384.438	153.556
377.786	492.954
375.218	441.922
177.805	140.516
30.8445	405.526
377.731	418.405
297.96	475.82
145.34	116.388
41.2258	377.869
23.3822	434.818
320.356	129.141
316.14	344.345
196.381	447.872
85.6129	498.236
308.081	169.675
16.4452	383.48
94.767	39.3153
200.775	131.181
358.159	302.726
348.238	117.312
45.1117	286.463
227.237	283.435
219.455	181.293
262.759	190.313
74.1898	213.236
320.126	219.5
99.098	9.98582
309.209	53.8813
183.719	417.02
204.306	192.468
431.838	288.123
388.606	64.7143
234.42	99.8451
17.7669	321.669
189.907	155.027
185.025	250.566
341.132	114.323
11.4268	288.215
224.898	34.4871
279.216	314.096
196.99	175.269
412.641	223.23
166.115	177.238
486.152	340.15
483.269	217.824
155.879	311.109
246.348	92.5659
311.603	311.944
474.783	78.5985
200.174	312.821
297.841	228.113
451.379	418.472
391.671	486.395
205.591	200.719
371.303	492.557
99.4162	121.503
479.395	256.667
307.914	408.574
215.393	198.739
477.172	83.2526
7.52781	194.929
19.0063	89.0896
168.832	112.286
167.494	418.669
401.76	359.207
145.76	202.156
399.175	292.4
280.699	46.428
407.338	470.268
177.097	273.732
299.766	360.409
345.949	381.22
98.463	325.112
308.957	326.667
56.2623	217.358
380.905	304.919
438.21	18.5212
221.056	440.415
9.49171	479.667
185.713	232.177
74.1749	491.4
407.438	389.252
4.70128	168.837
382.198	287.412
8.94556	142.962
18.509	221.889
56.8111	306.484
287.432	183.605
153.028	116.626
13.1467	84.609
11.4929	192.535
363.597	77.0979
249.714	314.119
317.123	57.3399
105.399	219.29
280.179	212.701
400.638	353.332
469.049	179.819
220.28	436.416
15.1131	31.2679
396.593	24.7542
225.401	89.2751
498.801	495.946
475.95	482.686
18.9818	223.466
325.273	410.118
248.218	297.609
372.403	81.0746
380.9	65.9149
281.863	62.5323
189.473	357.419
290.274	163.074
9.2174	84.9675
218.189	24.5239
119.017	194.376
186.848	232.163
479.789	395.146
294.173	250.644
346.832	303.736
279.139	300.097
379.129	77.1113
108.011	133.946
404.512	318.838
299.493	447.222
108.735	178.301
147.127	110.175
353.544	224.318
214.475	170.621
390.416	183.925
91.8218	406.181
319.61	49.292
75.4211	263.14
415.22	239.512
159.066	294.37
411.413	155.815
19.4133	372.595
304.097	330.422
255.802	498.601
105.348	330.444
169.016	123.973
220.526	397.678
210.771	167.687
105.333	429.759
318.826	470.989
384.184	414.989
21.7511	11.5203
404.903	138.914
387.576	100.372
213.469	317.7
470.065	384.858
71.3138	281.709
176.137	161.65
186.455	300.212
373.066	290.544
456.617	188.487
417.878	468.59
291.41	346.35
11.8131	435.017
390.039	148.715
293.001	5.65512
481.795	483.627
417.902	257.399
37.4401	284.216
408.702	232.713
425.27	388.925
86.2039	267.345
422.887	56.8394
110.533	127.376
101.434	236.361
463.051	376.957
308.959	165.866
62.4975	482.166
256.707	91.7495
147.418	213.989
402.925	436.971
406.826	440.17
273.231	220.65
18.5	37.4856
189.307	58.185
437.865	196.973
350.629	492.169
118.195	218.28
94.6419	408.738
170.415	382.517
2.49249	89.848
188.034	81.802
96.2011	19.2582
113.697	344.268
300.752	427.354
421.508	22.5636
288.584	21.0938
246.13	301.389
364.39	418.955
320.297	147.798
296.648	263.547
194.629	83.6897
434.729	417.562
193.102	481.248
11.9155	445.016
378.246	297.315
260.425	487.647
402.976	210.077
319.654	163.643
420.875	9.29617
248.297	292.44
113.132	65.4348
89.3323	252.46
50.4125	309.507
176.828	292.445
136.756	190.477
391.384	48.1804
365.808	398.15
195.539	310.152
92.9436	123.004
289.88	84.5233
300.855	450.757
477.323	327.674
376.237	466.995
395.238	3.73141
401.06	331.692
313.553	330.734
278.321	244.142
496.789	472.771
486.048	415.982
188.638	6.08031
210.401	241.601
396.016	336.511
492.553	259.999
371.679	86.3583
166.753	208.697
312.551	152.832
496.486	281.09
12.6321	242.417
60.6734	84.6025
325.647	204.043
315.652	96.1243
472.539	98.6952
80.1311	209.929
97.1465	203.588
62.832	489.198
188.678	63.3971
80.8904	108.55
351.787	77.8088
476.516	109.239
420.067	86.13
286.089	488.104
56.1715	378.311
393.07	75.7742
252.158	23.234
383.654	174.752
112.449	308.382
388.568	486.115
287.873	93.1668
445.311	402.143
102.186	155.863
86.1519	286.161
10.0666	148.21
125.609	315.134
104.931	284.36
479.348	339.264
250.263	6.38724
243.075	285.22
30.4011	121.644
301.079	453.367
253.311	497.052
347.557	76.941
123.99	425.756
83.4718	212.445
412.929	225.508
76.0648	411.519
11.9367	485.703
336.164	282.94
264.005	111.146
120.786	284.767
336.318	121.534
170.685	282.339
165.702	409.812
229.325	179.686
16.9044	340.352
474.525	183.541
13.3188	427.693
288.065	233.826
488.223	26.3352
405.593	11.3605
385.437	195.252
420.697	401.163
489.204	461.518
16.8911	293.832
60.7066	3.6959
318.315	51.8672
108.684	198.81
485.477	115.153
102.319	417.418
232.563	402.688
95.1933	403.794
19.5097	72.7846
138.622	379.325
330.226	223.648
29.4544	307.089
92.892	96.3524
484.257	243.646
209.169	100.467
491.258	277.207
261.883	176.471
401.967	52.3697
398.697	54.4328
323.922	476.414
373.652	107.05
430.214	380.619
475.852	104.095
376.169	439.244
20.413	155.657
468.472	407.854
285.556	54.7926
183.185	233.765
81.2245	112.248
378.726	246.388
301.879	178.427
477.851	234.823
140.087	15.4363
205.192	95.0193
301.018	271.558
199.113	77.2916
417.832	310.332
116.285	449.641
153.662	384.118
211.147	180.093
402.41	384.62
249.169	281.939
67.0699	121.339
1.31139	56.8679
218.141	135.596
397.211	182.58
163.214	177.502
355.507	112.375
26.127	197.825
46.9661	203.605
378.382	301.528
298.152	474.09
61.6008	207.158
158.652	184.995
455.099	307.668
214.267	159.945
419.612	115.798
241.04	379.993
305.564	265.686
77.9407	142.931
268.6	315.921
272.699	482.629
195.201	316.964
241.689	393.132
246.589	278.514
195.644	447.81
488.78	367.573
400.307	221.996
411.678	76.2998
82.5238	9.95863
307.61	59.7537
408.978	357.274
397.324	223.353
260.602	303.416
161.957	84.5289
42.1033	375.683
405.51	209.203
220.875	289.689
441.394	24.88
40.7612	292.124
160.684	101.254
63.3067	285.354
464.74	281.172
481.252	428.258
133.08	421.008
320.196	444.644
254.539	290.939
104.459	486.213
496.902	115.792
348.805	219.664
260.493	422.964
180.584	255.017
162.138	203.7
113.453	303.522
228.682	318.254
384.106	481.425
262.419	286.95
347.027	105.009
175.067	419.486
4.74446	213.699
409.033	21.9489
372.058	198.57
392.086	60.6467
408.7	464.074
470.141	475.646
194.384	11.9133
187.78	140.521
328.935	82.1987
208.078	240.145
151.862	389.549
341.229	222.006
462.975	181.934
235.258	287.079
190.174	423.961
383.886	313.975
314.709	284.646
64.9443	15.7997
318.777	51.6696
206.886	217.213
424.283	458.673
305.21	34.259
410.686	204.961
8.24461	383.809
259.047	212.375
327.484	90.2609
134.698	393.684
218.28	207.527
499.742	117.056
278.608	270.299
177.617	47.9717
218.071	396.83
181.272	249.642
386.083	297.628
67.6559	194.734
9.7892	474.376
250.303	385.68
343.537	4.51912
246.633	410.364
92.9455	177.977
94.3709	79.8411
15.6843	23.1616
79.2002	166.164
467.847	282.406
95.7659	16.1424
421.918	438.247
115.155	80.0362
99.7383	150.269
32.6921	120.654
110.303	453.534
189.087	180.596
391.657	152.65
219.441	86.6115
141.845	411.354
399.357	419.519
476.977	214.914
110.342	406.312
5.13378	348.88
214.498	237.88
465.07	387.267
83.3526	160.914
401.254	37.5116
22.2479	163.296
91.4632	443.439
296.529	73.6629
6.19246	282.231
220.775	344.527
310.431	90.1022
119.783	202.215
223.348	25.8175
300.561	293.552
265.437	414.92
268.778	219.404
88.7099	274.721
422.587	237.433
303.904	287.435
460.31	177.454
43.8173	382.401
196.555	359.78
113.963	346.53
213.302	123.318
164.579	389.459
46.0272	405.473
384.02	132.698
394.617	360.911
332.396	475.325
479.635	179.381
429.172	103.943
31.4807	120.43
100.502	364.91
378.057	178.522
161.73	392.254
278.564	317.02
6.01926	302.251
149.169	89.5862
17.1385	465.934
217.264	403.053
108.024	90.5363
334.201	96.5203
398.485	150.547
394.564	411.755
313.716	280.998
14.926	206.426
98.8151	190.903
11.4372	357.31
420.08	109.959
402.237	386.387
87.467	350.205
87.5081	397.122
22.5288	6.56905
26.2866	1.40511
342.004	185.544
393.909	233.075
121.921	7.2001
477.558	174.099
210.816	266.714
384.531	283.105
331.244	112.624
357.425	183.641
250.956	498.285
128.718	398.045
295.991	84.9859
419.521	90.983
72.0025	195.778
356.519	177.654
421.68	381.382
418.408	150.423
25.7384	491.865
6.21658	227.762
204.334	185.367
462.125	276.137
483.297	97.9239
151.46	177.124
293.457	351.407
143.441	214.556
169.126	423.309
280.103	209.506
399.285	9.14333
284.428	339.771
215.585	167.608
305.642	364.543
485.309	253.322
114.975	81.7801
304.72	19.4186
315.682	199.082
214.166	411.618
75.4187	22.7016
56.1321	177.891
288.968	111.221
441.572	178.691
328.367	110.952
169.433	384.274
469.761	487.542
195.137	53.8266
58.9415	418.632
394.815	348.013
433.001	206.705
341.995	281.987
325.267	2.99779
304.706	16.6788
204.687	157.326
202.451	41.3345
71.449	105.089
224.033	364.327
281.95	136.719
309.558	255.761
213.685	186.053
136.081	313.623
113.342	429.691
384.301	217.957
132.001	394.073
426.259	391.484
445.432	304.731
453.109	95.1438
483.611	175.852
246.401	75.3431
221.823	402.84
383.225	267.93
366.284	294.043
374.437	398.172
489.122	16.2154
453.404	176.055
319.776	78.4385
433.67	375.321
306.351	297.496
322.135	470.738
8.51769	16.1874
251.056	197.399
460.303	284.661
215.697	133.063
300.887	256.063
264.464	82.6222
477.791	362.31
122.654	341.364
285.548	363.025
187.397	496.923
397.168	1.51271
195.407	245.318
440.617	314.083
214.435	82.3795
402.312	268.032
75.6536	447.989
317.043	37.4289
16.6556	381.963
344.374	477.32
324.532	202.59
148.08	17.7241
464.688	114.781
222.439	259.618
249.912	410.126
124.065	310.333
149.621	18.007
97.333	376.9
17.7831	274.958
468.385	23.0051
396.146	162.407
243.641	310.024
112.505	375.589
411.917	36.9129
175.096	471.729
47.0895	124.515
18.4301	241.372
189.288	337.115
107.782	476.724
326.49	79.67
440.948	498.739
495.684	40.7315
279.449	444.254
409.707	448.181
460.276	224.375
493.112	441.801
46.0322	384.488
482.594	114.12
15.0502	240.112
429.188	294.84
286.817	276.662
336.586	407.529
24.5362	240.313
393.533	288.763
463.652	386.854
486.365	266.1
415.516	374.885
475.53	313.076
354.492	384.157
481.221	479.865
498.932	115.113
415.79	126.957
379.74	146.632
385.025	494.23
95.1681	337.561
347.928	201.621
81.6498	462.866
281.64	313.494
487.343	277.095
316.3	165.268
41.8052	184.258
345.658	276.393
392.158	448.797
37.6132	122.759
86.5771	274.795
188.118	182.099
224.615	227.724
301.227	242.706
102.142	189.194
290.938	273.275
346.121	199.484
497.726	480.991
282.13	237.593
447.901	121.551
282.969	481.816
264.718	304.378
100.039	345.294
75.5729	330.031
74.1588	218.988
187.373	448.285
8.11905	324.649
27.7267	117.829
293.745	33.5067
485.453	217.958
302.99	38.2286
452.486	278.907
351.498	192.778
201.249	336.521
380.502	142.029
69.7662	289.215
479.344	191.136
5.53917	196.968
392.124	447.139
124.656	467.433
200.63	434.305
390.271	295.02
444.853	89.161
1.11578	210.373
339.085	78.7952
87.9737	135.401
170.162	305.645
134.714	385.236
287.335	159.99
309.905	326.09
169.535	302.426
214.176	284.177
320.2	150.09
283.802	423.626
389.825	212.414
21.8605	423.235
434.763	281.401
176.821	87.1753
470.988	313.33
66.2099	486.266
47.6331	300.561
334.213	189.216
403.103	313.538
138.734	317.363
364.391	389.534
295.941	124.649
84.6684	127.641
215.983	34.4933
373.807	403.44
287.896	138.083
81.3202	155.385
432.594	411.905
146.976	282.379
414.931	197.988
264.235	2.29651
404.645	145.974
10.3544	353.636
403.779	51.4834
302.484	375.776
26.0292	483.701
99.637	87.4039
71.0092	3.54242
332.308	288.548
378.937	318.941
295.11	486.187
20.4703	225.623
59.3637	123.406
220.408	82.4077
283.25	447.654
222.244	487.567
100.865	329.036
123.327	290.412
37.9418	176.961
215.41	292.35
298.504	494.127
199.716	91.2
376.47	149.978
204.636	154.419
392.946	93.3807
152.627	105.456
171.319	117.401
230.22	85.0552
202.701	56.391
196.792	288.061
349.815	301.452
123.179	219.496
467.165	1.55721
258.565	76.8017
289.005	77.7945
284.677	44.2854
146.981	205.506
331.988	497.518
444.662	422.075
395.913	26.8803
215.924	273.714
174.745	12.3153
116.145	30.4139
308.854	167.225
92.5111	67.3952
320.934	214.801
72.8905	284.137
440.15	300.376
33.1757	184.135
389.187	432.323
75.3284	336.426
75.9484	397.932
79.4277	280.053
389.149	155.645
461.301	321.375
424.808	191.281
65.6429	195.459
394.68	172.237
332.303	317.533
188.03	270.818
120.211	61.5807
182.669	221.308
218.056	69.3696
324.801	273.443
112.185	424.046
306.139	423.108
143.774	97.0181
405.506	28.1424
285.588	419.82
395.43	332.365
301.397	313.369
392.086	25.2175
299.413	332.367
433.281	484.061
380.509	268.543
478.97	313.638
41.3957	210.529
15.6337	330.469
142.879	208.043
429.598	213.333
348.862	406.88
8.02738	334.175
15.2285	68.9438
338.337	190.991
290.521	246.227
411.625	478.604
115.02	169.236
301.745	452.006
230.615	111.933
37.7612	23.4678
77.8592	387.948
391.03	317.231
362.348	75.8451
192.745	240.715
385.465	115.006
1.46917	21.8384
276.86	194.492
384.27	355.989
156.926	180.618
428.795	89.1096
176.717	350.41
280.131	272.957
92.5417	455.461
86.4209	340.805
477.387	251.58
312.884	371.492
382.347	191.411
403.003	253.328
288.921	414.845
382.37	81.6669
209.649	154.831
27.9642	387.471
320.564	224.857
423.133	233.976
431.406	188.91
57.7184	8.89798
448.004	293.303
41.9453	279.379
399.125	117.269
159.534	377.952
386.621	168.309
85.7921	471.399
65.0366	189.187
27.4939	197.13
175.115	61.8102
177.935	388.414
424.299	30.5236
421.198	334.779
110.975	235.503
112.184	248.365
462.552	76.153
351.308	189.423
327.223	24.9856
148.971	280.923
382.96	289.415
399.431	360.033
314.878	421.17
385.288	213.276
92.8997	489.326
31.5826	214.846
474.412	208.782
318.329	418.936
127.084	192.658
3.05628	351.896
448.941	78.8688
87.2507	432.006
178.474	321.711
246.629	94.406
8.95599	368.476
269.792	222.761
20.9901	182.854
398.359	295.806
324.676	306.447
184.64	266.759
148.473	87.1006
108.583	435.047
475.873	93.7568
400.183	186.754
370.74	419.775
425.59	308.206
349.743	209.683
3.77196	116.795
357.217	403.191
494.974	447.232
416.844	375.134
84.2273	123.433
232.125	318.558
330.755	308.339
169.967	290.207
318.495	108.917
112.228	140.772
400.641	137.881
297.316	492.592
242.865	212.359
319.247	486.259
386.995	388.218
17.6267	175.946
275.285	472.524
483.843	240.423
14.6425	361.766
317.606	487.211
177.846	71.0244
265.399	292.07
306.369	312.264
128.456	100.055
319.162	299.318
389.997	387.381
382.901	29.9697
42.597	87.0727
10.6021	260.619
490.085	162.825
40.7229	294.931
188.4	54.8921
302.273	277.629
407.521	123.915
410.991	434.05
420.823	348.931
192.117	432.22
216.68	264
111.062	131.12
213.818	248.599
303.793	8.88182
179.904	345.695
300.502	261.102
169.83	277.83
176.817	432.907
1.44297	102.311
4.40838	112.1
187.39	109.342
314.898	152.941
76.8233	446.441
109.322	421.674
20.589	372.291
490.6	232.533
215.478	339.14
2.87092	78.5998
270.193	313.033
259.817	288.479
267.972	280.648
456.517	211.44
158.793	9.24617
375.379	273.389
397.902	88.7485
1.44388	209.16
98.5597	239.54
413.579	55.6582
50.8314	83.3981
292.911	476.653
55.5831	198.005
139.647	78.3055
379.875	177.515
31.9206	97.1536
157.39	285.389
392.867	220.656
201.143	298.879
179.817	405.328
65.4356	419.282
131.548	203.677
318.763	238.047
375.024	439.939
401.111	394.156
7.5473	202.79
103.386	37.4198
185.449	201.278
393.833	449.047
227.425	88.3528
60.6813	289.9
248.655	115.795
183.997	334.626
481.283	314.395
423.24	133.368
255.359	299.175
66.9739	85.7823
446.672	319.936
114.369	442.617
488.413	257.038
396.891	70.2263
155.863	377.942
309.284	86.0569
310.616	250.048
153.081	279.539
396.199	170.078
491.267	128.314
176.429	136.14
286.722	10.793
492.897	70.0456
175.802	438.595
309.678	154.531
476.966	76.282
499.285	478.307
215.654	478.831
279.56	281.715
355.027	95.9313
251.593	77.5894
208.153	304.179
188.945	201.547
301.011	98.9048
31.752	114.541
214.558	433.355
87.5398	392.97
90.9231	349.009
202.358	258.482
150.716	320.949
151.912	80.6073
387.615	25.0816
169.534	220.118
359.13	415.677
171.045	79.4963
42.3572	378.332
296.548	185.97
195.357	242.681
17.2378	470.321
10.0177	136.614
219.117	30.9442
98.2782	88.6694
223.322	403.942
404.621	76.9048
81.537	483.684
80.2871	371.186
97.2693	420.729
299.286	152.094
497.887	295.83
214.155	471.404
101.255	493.959
253.151	84.2518
256.312	379.186
269.571	389.865
229.392	85.1601
311.393	212.18
210.359	469.431
200.524	126.845
411.939	492.682
400.274	279.12
376.69	245.053
466.534	110.919
165.153	98.9233
431.732	400.001
415.711	298.873
446.97	19.7579
218.589	291.111
328.682	21.7691
252.004	211.286
202.535	165.621
210.384	78.4488
287.228	127.371
441.599	476.095
282.412	365.71
265.995	89.7423
142.807	281.11
258.113	297.331
293.566	476.739
495.596	415.326
315.431	253.864
311.437	407.139
76.9706	466.733
21.8332	414.138
137.084	306.821
314.791	239.795
12.9004	472.57
250.068	310.86
448.988	84.6155
310.412	396.363
99.3034	199.166
219.772	356.434
485.753	56.5691
477.933	115.943
311.149	236.072
493.428	162.339
397.853	244.621
313.589	334.814
20.9343	474.125
403.214	124.094
295.713	213.173
178.248	487.461
133.983	395.449
422.651	475.594
101.408	452.76
11.4524	445.01
37.4421	93.3055
478.759	228.802
148.199	92.9176
343.355	301.433
47.3053	493.056
306.13	234.321
415.927	203.095
447.549	220.091
276.33	128.579
352.057	105.753
365.955	190.03
319.786	130.42
486.292	273.229
356.124	105.276
65.1666	209.241
296.055	28.7179
299.554	256.559
46.5284	109.213
243.13	305.375
92.9056	127.806
345.23	318.659
483.144	183.968
382.025	182.125
386.332	217.348
38.7915	298.284
442.148	324.379
472.465	299.522
210.833	406.538
180.07	116.896
134.974	298.361
452.702	409.774
341.86	476.348
373.625	200.896
201.039	187.916
484.847	202.725
157.757	2.83289
235.229	188.153
8.81803	57.8478
474.974	117.538
398.308	407.385
85.8433	492.395
7.89145	229.248
159.362	401.837
307.959	69.869
492.453	217.644
5.57352	71.9807
181.214	272.848
104.053	138.412
91.871	252.911
210.501	265.187
176.635	249.868
442.383	207.341
273.866	86.4104
322.674	334.092
368.85	202.314
332.656	276.976
74.3869	192.979
484.381	328.452
209.326	184.093
34.3502	481.66
175.679	263.749
391.885	16.0133
288.847	378.148
145.332	84.1554
290.54	52.3483
293.453	266.224
434.589	213.853
117.751	425.984
17.7006	439.627
313.281	336.72
40.6669	86.9998
194.19	283.884
498.436	134.697
427.733	14.7166
20.4133	132.556
277.007	256.144
411.527	477.805
46.5162	292.628
18.0844	54.9265
96.8542	456.289
388.047	33.3526
119.041	491.144
119.182	281.227
117.024	69.5183
241.281	498.352
475.534	265.892
391.884	133.294
69.2211	390.067
361.322	76.5574
382.56	157.859
173.299	109.998
275.773	448.172
397.523	60.325
305.484	193.994
397.337	289.824
496.518	250.53
13.7294	277.324
327.669	376.65
426.797	314.242
495.324	222.173
163.537	376.211
400.718	348.845
431.487	283.586
197.488	124.486
262.682	424.052
85.4352	421.668
28.9063	204.129
288.027	270.511
28.9655	13.2473
375.989	403.728
174.142	299.452
389.489	341.991
468.481	322.652
186.284	240.465
497.835	476.13
195.441	199.131
476.338	268.776
375.215	495.304
293.464	139.993
235.849	280.731
480.747	408.825
293.145	180.894
316.293	212.436
399.736	42.6216
100.736	410.092
132.353	478.653
281.493	337.822
214.799	400.097
379.111	441.63
245.369	19.2567
19.4918	319.67
204.921	220.476
415.743	261.544
155.101	94.2727
291.047	344.173
265.447	387.1
39.6725	319.994
175.783	420.791
197.699	149.341
272.82	180.652
293.104	416.398
222.974	270.568
114.14	461.03
70.1465	490.53
120.348	421.304
498.859	421.71
196.458	190.352
130.437	190.656
270.885	117.611
289.354	127.762
155.074	194.83
24.2134	300.355
165.454	382.835
418.56	302.955
121.701	48.1419
55.0167	322.303
197.045	61.4007
259.491	394.301
127.767	212.174
492.678	342.559
340.928	290.918
475.635	242.638
473.596	19.5592
293.799	52.4893
4.55256	58.3298
115.807	325.089
121.516	391.112
12.1994	173.459
301.903	10.7164
485.01	201.956
125.584	311.076
185.542	444.066
50.6394	410.116
380.103	371.866
220.005	118.408
468.882	403.648
19.8515	319.514
333.774	111.975
30.6243	98.0814
411.03	467.87
195.389	263.169
276.431	310.556
13.8213	203.356
423.699	345.074
463.382	7.23617
321.369	417.739
117.575	304.193
405.625	26.0157
315.821	42.0882
477.661	154.265
367.656	314.961
40.2034	379.748
395.896	254.322
227.435	279.582
494.916	154.941
418.31	328.26
285.714	143.036
355.992	185.564
115.887	145.433
82.6533	381.735
271.687	86.0522
334.346	14.6453
79.6059	463.991
91.7784	231.882
445.702	404.162
34.3967	102.745
361.542	106.511
315.768	372.814
122.046	220.953
111.169	422.696
204.63	468.132
277.913	139.273
207.516	330.499
92.8412	252.341
432.055	319.42
136.921	377.471
255.799	83.1451
478.789	109.228
309.659	471.928
195.013	376.264
476.662	459.649
352.507	481.139
396.932	277.921
130.938	221.638
96.4112	111.043
164.524	187.183
329.957	482.243
378.767	331.645
141.24	217.549
309.279	301.379
76.4932	341.715
78.1266	245.24
435.591	94.6861
122.84	381.015
408.892	432.85
7.35544	70.6166
375.68	176.738
81.3017	384.12
153.729	290.765
215.795	333.264
455.287	77.8515
417.01	480.103
221.778	328.315
189.095	272.094
458.228	402.541
391.443	212.351
400.421	217.127
77.2249	66.1937
179.839	400.253
495.379	379.385
19.6246	101.145
84.2294	283.369
422.938	86.4326
244.509	317.692
490.947	421.07
335.405	117.102
115.096	101.689
362.234	413.499
193.812	175.532
326.012	96.4821
213.647	487.418
387.766	337.772
203.352	343.654
362.27	492.958
93.8593	0.397621
211.818	135.938
282.975	129.834
332.314	201.795
57.0427	206.441
389.072	404.237
70.3711	403.957
303.763	48.7404
272.934	178.226
166.918	275.875
107.102	496.302
1.46735	21.9729
99.5665	167.644
414.502	178.936
59.7136	224.564
483.53	386.302
128.201	491.109
80.2061	116.131
26.3024	417.886
59.3253	175.286
294.31	208.991
373.067	1.8903
