Saved a vector of rrt <nodes> points.
X	Y
25	475
34.7595	472.82
41.9606	465.881
43.163	455.954
46.2774	446.451
45.7732	436.464
55.6666	449.893
48.772	426.924
48.8756	416.925
65.4225	447.697
56.1294	410.041
61.6833	401.725
71.6591	401.03
75.3992	448.38
85.3657	447.562
91.8758	455.153
101.621	452.909
110.073	447.565
119.541	444.347
129.54	444.49
139.522	443.884
147.475	449.946
155.895	444.551
161.092	436.007
164.032	426.449
173.921	424.959
183.68	422.777
193.055	419.298
191.118	409.488
196.793	401.254
206.532	403.522
215.93	400.104
221.627	408.322
225.633	417.485
230.921	404.63
38.9629	418.243
240.907	404.107
248.115	411.038
224.072	427.362
258.115	410.966
261.563	401.579
70.9354	453.96
267.55	414.278
276.891	417.848
286.108	413.969
292.048	405.924
223.251	437.329
264.612	423.836
282.103	425.428
105.958	461.919
290.534	430.806
301.436	402.48
35.8417	437.633
34.6173	465.969
35.2113	408.973
310.851	405.85
284.52	438.796
108.92	471.47
256.267	429.346
320.851	405.791
181.94	405.516
25.9082	412.641
22.4546	403.256
76.6686	409.685
22.1634	484.589
330.825	405.066
340.818	405.429
349.452	400.383
357.723	394.763
356.735	384.812
357.971	374.888
344.338	414.789
353.51	365.939
352.449	355.995
292.357	445.007
216.665	444.854
353.638	346.066
40.865	442.45
357.634	336.899
353.62	327.74
347.694	319.685
337.695	319.515
332.935	310.721
353.103	347.348
336.296	301.303
362.91	324.039
275.962	407.891
302.017	447.595
160.649	453.348
323.893	306.451
154.179	424.745
119.411	434.348
353.835	311.794
315.236	301.445
41.6909	440.341
146.003	459.837
168.901	458.996
366.334	399.847
359.429	303.504
367.334	297.38
371.019	288.084
371.495	408.412
256.109	439.345
379.386	414.555
381.019	288.024
383.865	278.437
383.088	268.467
367.315	339.403
377.187	260.394
288.447	454.211
361.284	285.799
116.243	478.28
387.762	420.018
350.808	388.446
373.803	250.984
367.186	243.486
358.451	238.62
377.283	340.199
358.525	228.62
356.092	377.696
391.714	263.408
394.556	417.988
211.074	439.606
359.038	218.633
398.235	255.827
215.113	422.92
353.908	210.05
406.521	261.424
125.356	482.396
80.8159	418.785
415.645	257.329
285.796	463.853
424.165	252.094
403.704	413.947
359.629	201.848
354.106	193.512
345.205	188.954
362.162	187.587
339.005	181.109
88.6479	412.567
68.8086	458.55
432	245.881
307.516	455.947
329.017	180.615
430.264	260.019
319.32	178.169
310.45	173.552
31.3169	488.616
300.886	170.632
368.813	180.12
437.72	237.678
360.25	235.359
291.658	166.779
398.96	426.966
293.05	156.877
93.7146	403.946
413.18	417.141
370.485	170.26
284.581	151.559
394.286	258.414
440.045	262.102
282.585	170.984
443.463	229.492
412.585	427.124
312.314	448.044
306.211	305.753
302.25	314.935
386.097	335.475
449.691	259.464
316.312	187.706
274.682	150.139
353.92	306.476
147.888	416.972
371.576	160.32
280.309	180.722
243.906	417.092
292.382	313.316
278.161	470.311
375.472	151.11
205.165	447.674
87.5617	456.363
422.001	430.493
381.262	349.373
278.587	480.302
350.037	414.858
268.694	481.759
174.559	463.616
109.053	472.64
72.1303	467.982
73.9858	459.375
179.785	457.807
311.371	465.174
260.347	448.402
265.155	153.177
255.761	156.607
431.241	434.317
283.219	309.313
280.222	190.721
313.294	309.445
298.48	168.349
315.628	474.223
304.643	324.645
247.752	150.619
454.509	250.701
272.474	491.017
237.779	151.353
396.097	335.536
438.31	441.389
463.481	246.284
412.76	250.163
228.052	153.674
450.195	222.097
473.45	247.064
286.933	171.861
148.26	406.979
483.166	244.696
218.239	151.748
455.647	267.497
203.434	433.17
250.45	449.838
393.184	282.064
38.2505	434.976
314.634	324.219
324.675	478.484
59.6088	462.47
401.657	343.848
318.537	333.426
14.8841	409.79
373.631	263.182
437.404	451.348
407.624	404.748
334.117	481.777
301.428	334.114
447.484	437.41
226.8	437.576
407.037	352.277
261.798	474.517
208.109	457.23
17.1355	408.064
210.582	158.18
450.596	212.105
121.643	454.124
350.216	372.903
203.844	150.791
326.122	316.034
171.742	465.923
178.672	457.018
459.867	276.563
249.655	152.536
352.567	424.532
273.533	306.824
127.496	486.092
405.526	332.205
313.459	197.29
443.783	459.05
268.36	473.035
193.868	150.102
207.484	167.687
106.04	452.457
206.764	177.661
355.418	183.969
370.252	336.578
449.495	427.614
457.029	421.038
198.047	182.562
231.357	418.045
378.687	181.703
410.212	242.412
374.75	236.944
260.455	487.427
485.905	235.078
281.659	494.97
317.878	447.002
29.5696	403.314
48.9694	473.014
454.699	202.986
184.011	151.792
460.223	286.556
360.691	315.039
395.836	436.465
264.654	418.898
174.138	150.207
465.889	425.674
341.488	475.018
215.267	460.049
254.654	449.463
192.523	190.897
115.115	425.317
405.6	237.255
183.3	194.763
137.377	487.628
436.183	268.171
437.749	467.025
472.663	418.318
174.473	199.461
211.756	186.326
431.037	431.418
393.855	439.34
436.544	476.952
407.677	322.623
329.756	170.642
457.282	193.325
304.524	470.653
216.815	469.929
350.634	182.482
426.749	478.967
367.67	219.401
190.241	176.312
453.417	461.728
465.79	294.863
213.185	196.224
379.576	178.294
302.507	452.822
71.0607	420.984
164.772	201.889
177.829	208.88
458.342	183.382
459.535	173.453
369.966	251.832
275.433	439.083
472.422	408.321
157.025	208.212
399.757	229.14
182.855	217.526
256.613	411.394
381.048	241.283
151.253	216.378
337.029	171.324
461.522	163.652
467.14	155.38
417.222	401.94
317.747	485.696
143.345	210.257
160.911	463.654
136.11	203.354
244.424	411.331
469.068	405.291
416.75	479.076
257.182	471.593
186.859	226.689
145.098	224.26
417.643	323.446
440.753	213.873
210.096	205.735
126.157	204.322
426.424	328.232
215.576	209.177
468.34	183.559
103.145	480.709
27.9839	411.938
185.891	236.642
380.752	278.615
493.803	232.674
300.393	150.089
117.15	199.978
153.767	198.758
387.285	291.423
113.257	190.767
107.347	182.7
263.541	306.44
102.718	173.836
401.464	219.287
137.267	230.479
98.0897	164.971
353.843	434.451
269.605	491.428
412.819	264.668
200.149	206.76
377.292	216.679
93.461	156.107
449.726	171.508
471.393	186.605
88.8323	147.243
253.56	305.826
426.419	267.763
469.837	277.329
194.072	242.393
342.166	415.117
478.267	426.601
188.475	250.68
192.524	259.823
194.562	171.968
347.583	482.946
30.6389	479.565
306.861	155.14
84.2036	138.379
450.157	215.022
141.389	218.145
439.747	172.156
298.172	180.257
196.964	415.441
158.524	441.017
92.214	132.393
101.308	128.234
80.1924	152.278
253.925	315.819
371.154	306.241
25.9996	439.403
398.307	319.129
86.9087	123.916
298.49	343.672
431.05	471.875
70.4913	149.851
195.912	269.232
81.6034	115.439
395.672	246.161
252.326	325.691
414.622	393.09
340.463	161.932
76.2981	106.963
191.768	278.334
62.9906	156.465
77.6408	97.0532
425.722	396.673
470.847	303.49
357.433	481.219
292.891	318.405
71.7416	88.9786
469.115	291.316
415.607	357.431
436.049	431.481
294.357	402.636
241.461	159.176
16.1361	470.371
54.114	161.07
475.94	312.096
73.5066	409.935
457.588	198.374
86.6104	92.6321
44.2113	159.678
89.9948	455.551
255.419	421.601
468.812	319.11
340.984	315.153
67.3079	80.0152
133.808	239.861
254.197	445.32
61.2118	72.0881
66.3856	108.282
67.5814	64.3792
472.909	163.548
60.2397	57.5896
197.933	286.208
421.066	483.336
173.056	448.744
242.794	402.482
125.632	245.62
365.53	487.087
122.783	255.205
209.665	193.543
291.295	162.284
66.6113	469.307
365.819	412.637
303.949	480.636
83.1141	438.802
482.514	166.331
338.221	487.655
464.435	328.101
342.336	152.109
115.178	261.698
433.331	209.26
220.488	200.537
110.502	124.299
251.85	459.74
45.7652	446.087
94.8262	86.9312
157.451	189.461
253.701	460.178
288.854	172.726
118.799	271.02
121.735	185.464
105.186	262.087
246.224	437.831
89.1311	442.045
199.817	272.158
95.1922	261.724
140.581	247.217
300.22	433.294
311.74	474.198
258.337	333.682
190.107	292.433
41.0489	169.165
350.298	438.482
89.5665	269.991
22.2811	466.488
117.612	280.949
435.281	163.208
198.087	211.479
195.981	233.937
103.712	82.3434
57.9715	113.686
131.734	185.633
109.918	82.1913
42.527	179.055
62.8269	65.8672
381.94	177.528
62.9199	143.319
305.731	349.723
221.61	217.15
81.695	442.566
492.273	164.15
373.088	277.835
436.134	460.647
465.34	265.037
82.4061	276.972
40.4259	481.601
