Saved a vector of rrt <nodes> points.
X	Y
250	250
250.99	240.049
259.35	253.547
241.154	238.247
266.879	260.128
274.885	266.12
284.342	262.87
231.182	237.49
224.302	244.747
293.959	260.131
301.342	253.385
311.316	252.668
297.836	269.349
216.147	250.534
225.122	229.535
312.814	242.78
305.147	276.171
322.024	238.884
327.759	230.692
218.802	221.786
337.752	230.307
206.857	254.235
343.984	222.487
196.879	254.892
188.915	248.844
341.527	212.793
181.999	256.068
311.718	283.709
181.545	266.057
171.739	268.019
172.013	278.016
319.569	289.903
221.727	212.223
322.532	299.454
164.731	284.869
225.565	202.989
221.783	193.731
156.547	290.615
345.377	203.565
331.16	304.51
160.874	299.631
327.897	313.962
231.829	233.019
152.367	304.887
223.354	183.856
143.482	309.476
337.344	317.244
144.627	319.41
343.038	193.842
352.719	191.337
333.989	189.587
339.548	299.065
224.343	173.905
148.504	284.673
344.147	324.573
137.107	326.001
323.995	189.243
353.654	225.036
174.965	248.959
349.503	298.114
266.338	246.393
334.7	179.612
338.746	170.467
188.125	238.876
362.271	188.378
343.202	334.529
129.016	331.878
363.435	198.31
128.173	341.843
272.655	275.868
216.95	167.171
138.763	282.413
352.452	338.327
119.044	345.925
211.912	192.131
233.084	186.166
337.168	342.503
320.392	292.137
207.798	163.141
372.082	186.439
230.893	166.349
270.819	285.698
197.855	162.076
131.615	275.42
235.524	157.485
194.497	152.657
382.062	185.814
136.26	347.725
391.184	189.913
188.418	273.321
187.047	145.986
395.95	198.704
206.66	153.206
319.197	318.892
267.231	246.378
139.817	357.071
121.837	277.515
360.395	344.403
112.085	275.303
358.429	293.606
102.553	272.278
130.42	268.629
323.754	247.089
362.041	302.931
140.692	367.033
372.013	303.678
109.053	345.502
141.992	309.195
379.436	296.977
405.202	194.909
184.315	136.366
229.994	151.72
147.143	374.673
340.488	160.62
153.563	382.34
174.766	133.399
167.117	126.958
157.836	130.681
359.231	295.727
387.776	302.494
345.653	152.057
415.082	196.45
160.636	389.41
368.082	350.799
394.862	295.438
340.594	143.432
160.24	399.402
403.546	300.398
101.508	352.065
411.571	306.363
344.271	236.787
172.224	118.36
371.689	360.125
91.5548	351.1
424.107	200.758
314.474	192.304
335.876	134.615
337.273	210.539
170.577	388.331
361.311	222.189
338.98	125.109
195.72	280.153
190.432	168.776
208.739	254.367
421.023	303.099
326.26	131.869
196.87	248.277
229.533	141.731
147.904	129.511
427.254	310.921
99.5098	262.752
311.321	325.054
140.402	136.122
266.03	283.993
263.462	260.01
94.0481	341.416
331.844	350.968
428.282	209.844
150.341	397.983
245.482	156.574
179.434	392.974
425.994	294.422
131.294	140.25
346.137	118.125
230.604	131.788
140.487	396.278
81.696	352.774
380.64	292.066
430.681	320.316
121.48	138.328
181.52	402.754
243.786	228.6
191.468	401.741
224.787	150.435
353.554	111.418
375.529	369.359
435.908	295.733
75.1655	360.347
194.89	290.119
175.059	108.77
356.106	234.185
433.112	196.41
351.771	101.578
269.275	295.578
166.923	102.956
320.312	139.908
65.9842	364.31
60.6458	355.854
242.788	188.579
329.582	360.709
252.525	186.301
246.912	148.903
353.254	91.6884
229.843	163.816
345.563	306.259
343.716	246.771
199.315	407.94
262.52	185.972
161.319	288.253
209.516	218.074
185.426	252.897
190.363	178.776
444.61	290.808
257.584	278.639
248.356	282.49
350.776	217.367
242.275	236.54
62.2432	373.584
253.175	141.108
207.019	414.315
369.049	376.974
114.586	131.085
230.134	173.001
372.868	386.216
57.8228	382.554
433.698	329.85
371.623	396.138
54.2965	391.912
326.624	370.261
108.802	122.927
92.6494	255.477
111.259	113.233
99.0536	120.699
216.395	410.837
85.7761	248.213
100.413	249.174
378.23	403.644
349.633	82.3669
344.526	323.236
180.657	166.665
221.768	419.271
115.008	103.963
397.616	285.824
182.816	185.337
430.525	219.589
348.54	195.627
358.288	77.3586
58.048	401.181
164.389	93.2823
60.9044	368.776
210.227	211.377
361.766	101.892
75.8244	247.231
323.546	379.776
367.636	73.8073
98.3675	281.36
59.5944	411.061
387.696	406.871
267.336	266.682
69.0112	254.551
59.0408	253.782
328.484	388.472
396.858	410.877
139.005	406.167
130.743	394.032
190.089	155.746
51.7466	351.293
330.544	335.727
404.735	417.038
182.772	195.337
94.1048	331.416
222.934	429.203
88.8904	284.551
356.053	67.6116
418.222	197.74
435.232	186.637
106.199	99.2301
377.476	72.0218
387.443	72.8279
318.182	243.374
234.55	184.644
404.131	185.374
160.667	84.001
103.128	89.7135
437.196	227.04
232.892	428.281
95.1815	83.6425
319.208	124.778
356.336	57.6156
446.149	222.585
337.728	392.285
441.093	336.582
413.772	412.755
135.958	415.692
263.174	140.938
444.097	346.12
110.59	83.056
41.8586	352.786
397.387	71.774
401.645	62.7257
68.7841	415.004
340.553	78.1755
143.184	381.675
409.821	56.968
165.279	75.128
393.198	398.521
242.829	256.97
370.194	226.781
359.851	212.296
419.583	54.7993
418.991	421.285
293.426	257.766
89.0469	75.7453
442.09	179.36
137.09	425.627
349.912	49.9521
187.343	204.232
139.749	357.907
89.348	123.107
428.572	59.1819
335.042	401.917
397.533	423.975
451.549	214.168
78.6404	416.694
219.855	401.455
162.467	116.172
174.81	78.1545
55.1881	420.038
391.922	286.511
81.6872	68.9752
241.517	289.786
369.602	108.104
441.141	349.16
447.714	329.088
351.06	50.3403
444.177	301.356
173.032	187.405
163.46	190.298
79.3523	122.814
237.804	299.072
48.0287	427.019
422.774	303.628
191.491	229.459
354.506	156.306
116.88	147.207
314.268	376.045
88.3552	337.826
186.549	385.947
438.066	207.779
195.457	381.403
205.629	281.499
138.08	435.578
303.456	331.23
341.09	45.2437
39.7225	343.017
375.319	116.309
406.832	75.0602
305.852	381.445
169.902	105.433
449.103	172.231
343.781	384.325
309.866	121.212
390.318	430.9
340.31	374.947
89.5365	133.105
222.033	439.162
370.338	96.7422
69.6384	120.439
75.3386	422.636
163.021	65.3862
184.042	74.3126
407.899	315.665
190.694	372.61
167.798	190.047
428.991	421.231
330.78	80.2912
191.232	67.3622
238.75	309.027
72.8415	64.3111
296.713	385.505
370.647	81.8177
117.957	157.149
162.998	180.308
185.025	107.944
324.822	250.222
321.36	76.9352
436.173	428.188
143.275	444.123
380.191	226.516
212.094	440.265
91.566	361.1
333.864	411.848
424.756	417.661
93.1175	370.979
335.189	221.302
330.633	421.311
327.609	430.843
52.3112	436.056
314.374	147.954
431.581	437.072
173.027	82.4354
64.7755	260.212
70.3878	238.838
242.887	428.57
329.72	440.618
194.406	363.324
453.916	303.624
311.522	78.7274
82.7273	429.374
54.9837	445.692
65.2527	115.403
369.083	176.899
153.467	190.669
220.606	131.615
57.9799	108.54
448.35	356.09
109.863	163.022
386.066	439.95
105.75	254.447
309.885	85.1821
280.204	289.154
382.282	364.189
62.7699	263.103
50.0715	249.36
44.0422	241.382
327.43	450.352
376.774	67.963
420.392	44.8321
148.399	452.71
227.495	447.539
189.883	354.405
203.187	444.81
314.482	182.64
417.709	408.369
201.227	67.6909
449.333	312.512
124.959	104.956
86.4106	60.161
297.467	323.221
29.7226	342.968
327.177	460.349
416.372	207.568
306.473	141.825
204.047	226.446
305.388	70.8291
309.273	261.357
331.751	417.552
219.529	406.771
173.077	143.255
61.8952	452.919
443.811	421.734
215.487	207.906
304.364	60.8816
49.2972	113.501
326.734	334.726
311.195	314.863
453.615	163.307
182.255	412.727
331.852	155.577
392.034	361.977
287.32	382.072
316.046	202.18
418.782	48.2325
312.742	301.492
401.289	276.523
459.637	155.323
436.106	236.98
212.263	277.112
102.302	332.816
402.37	394.538
298.94	243.678
194.438	149.426
429.065	69.1697
137.11	368.382
408.682	201.136
378.607	125.753
382.868	386.29
366.005	221.385
66.5308	56.5538
462.539	298.56
384.172	134.061
166.873	147.123
453.523	419.35
360.84	236.631
386.2	234.509
199.369	396.053
338.813	221.616
301.455	115.804
331.827	48.5524
114.318	73.7771
389.375	449.387
154.667	368.086
56.8666	53.9842
262.558	302.987
395.971	236.634
143.47	190.912
72.4669	405.707
102.433	156.329
237.215	165.593
85.9564	50.1713
343.847	412.444
203.605	359.404
400.995	62.0296
55.3034	44.1071
404.275	183.604
231.519	289.982
38.0301	427.183
429.117	428.22
437.509	74.5272
294.439	62.1045
83.841	141.325
336.533	250.543
306.732	66.7413
29.3018	432.063
239.727	284.451
43.9616	105.043
45.9977	40.446
44.6055	33.6762
38.9851	232.755
307.785	259.514
308.549	339.835
433.815	209.443
439.234	360.2
414.662	313.919
57.5612	398.213
408.965	193.097
454.099	146.996
294.769	336.183
470.115	292.033
231.127	456.856
340.381	146.641
438.543	444.25
309.045	52.0447
303.943	43.4442
318.635	226.6
463.516	418.977
235.225	122.92
458.152	358.07
143.65	333.563
89.9992	41.025
201.93	191.537
195.67	268.68
106.112	360.684
333.749	421.694
165.141	177.624
236.482	274.992
381.049	454.926
141.241	200.661
282.504	390.836
174.179	412.03
472.446	423.478
44.1883	257.447
81.66	113.084
444.295	81.8722
210.671	443.342
162.433	55.4035
185.913	58.8939
41.0431	362.753
355.309	237.694
86.736	410.823
225.674	206.942
32.9422	418.574
50.3198	25.4697
380.505	409.312
39.1369	47.7212
164.261	123.106
240.951	186.895
401.133	366.126
115.035	131.021
183.84	80.9103
401.059	83.2258
341.772	101.418
266.077	132.849
199.915	454.26
372.931	391.044
42.32	120.664
400.925	384.643
186.911	62.3731
458.321	176.108
183.555	248.767
170.118	243.219
56.7542	63.9836
335.563	442.606
189.957	49.7482
182.997	75.3572
285.824	57.027
233.72	466.514
326.402	142.715
142.183	121.309
276.538	60.7362
172.744	290.852
349.903	420.402
34.2219	114.797
78.5208	149.792
439.085	370.199
372.128	200.331
32.633	225.032
173.544	167.764
318.059	433.808
66.278	461.908
219.887	420.938
209.994	62.8818
297.458	35.8322
339.882	35.3168
58.5154	452.751
417.033	186.642
194.652	40.9188
206.748	215.473
104.606	240.096
146.961	202.419
297.045	378.128
336.369	181.543
344.724	145.927
58.1532	271.973
367.345	69.1602
62.1043	36.7759
371.982	403.359
269.89	309.788
213.218	356.648
194.681	105.344
276.16	275.275
157.122	447.822
187.277	344.751
165.185	168.272
180.739	275.477
267.688	65.3925
24.0517	440.574
481.665	419.603
400.581	411.707
437.428	54.5383
50.0667	277.856
449.774	73.5068
328.102	455.185
311.482	134.661
32.2773	54.9976
468.665	152.46
350.182	59.3284
241.036	455.508
328.109	359.353
198.328	228.234
218.758	364.973
107.82	267.108
19.7253	449.59
101.518	168.531
139.602	424.557
466.887	181.267
352.975	305.782
94.0365	417.657
114.17	243.017
131.993	309.054
479.21	293.415
233.629	316.408
169.767	106.434
442.622	241.996
451.195	247.144
290.855	28.3224
139.439	452.343
337.41	92.4194
401.742	244.801
215.762	260.172
201.224	33.3817
490.723	417.464
95.0854	176.188
350.279	391.249
165.159	303.249
22.2974	349.666
444.336	144.831
441.243	453.878
111.443	241.889
248.617	448.986
393.817	89.313
49.4597	96.69
451.479	88.8287
69.5461	452.872
235.616	476.332
303.814	296.987
122.21	324.552
447.159	371.601
137.413	462.135
397.958	454.517
192.304	148.026
137.069	183.229
233.099	254.663
95.5809	115.019
95.3935	157.772
325.137	403.294
485.201	428.958
306.049	128.314
159.008	76.5959
158.417	457.737
210.737	175.006
410.505	249.619
121.968	236.757
336.678	463.466
375.504	463.248
393.216	208.323
187.102	85.4897
193.926	414.896
438.285	89.8646
327.154	283.387
174.163	307.601
197.307	181.992
27.1086	109.399
105.891	170.839
258.469	287.312
333.509	30.0479
358.541	219.753
466.981	353.375
466.225	282.82
304.1	84.4888
149.109	139.807
288.614	18.5767
335.031	195.847
197.545	460.229
70.5856	397.161
402.374	234.859
297.545	313.222
32.2735	215.038
294.386	243.133
192.299	107.402
355.593	103.832
273.319	238.445
311.081	210.86
185.358	158.722
428.762	92.918
395.83	464.091
332.356	20.1145
449.265	381.377
453.169	239.74
27.0294	410.51
85.7853	142.154
79.4455	392.524
245.553	475.211
194.616	25.8766
33.4189	111.024
19.7967	403.604
377.11	435.501
444.657	254.711
302.409	385.304
203.016	36.7769
335.607	385.226
335.077	17.1785
343.892	12.4576
228.502	367.224
219.817	64.7584
323.541	415.449
83.1713	292.754
149.561	212.075
258.567	447.989
347.758	59.2731
46.1489	365.227
475.28	347.795
187.979	349.882
136.077	351.575
81.3596	53.3998
452.058	302.888
440.754	261.491
191.7	385.039
422.171	100.438
356.23	96.6776
79.6661	280.69
357.573	283.643
477.454	157.231
314.279	214.924
443.546	46.6282
32.566	54.6262
415.173	423.802
476.544	183.861
190.003	379.871
310.28	140.001
466.268	306.467
25.0842	47.9913
332.165	220.216
434.887	97.6916
326.78	173.506
40.4558	280.618
334.29	324.432
461.127	91.4594
51.9664	15.6062
191.804	352.027
94.3894	44.2942
373.998	342.736
155.668	183.023
43.6988	130.569
42.8278	11.5458
440.304	213.81
59.4507	96.265
233.392	224.77
198.796	299.325
406.626	449.531
369.356	129.549
428.295	242.336
15.8511	44.1508
80.8099	396.817
392.184	409.783
271.986	74.4216
159.561	212.053
194.496	36.4478
358.985	237.294
434.037	107.655
104.373	44.8652
116.956	274.759
283.981	379.133
304.723	135.541
130.737	299.133
441.516	170
25.427	333.938
98.2818	134.794
277.36	229.298
306.502	176.613
159.646	186.306
95.2922	77.2948
193.117	469.195
386.927	280.049
223.63	316.518
251.165	483.488
232.608	284.741
486.353	300.414
313.571	414.672
359.045	44.3204
216.541	309.465
183.928	237.528
278.363	399.938
48.8019	455.128
136.951	459.9
352.145	216.601
325.23	417.165
278.663	19.5669
49.1507	86.6948
157.223	313.628
367.1	38.3941
122.261	247.837
459.542	252.651
435.621	348.468
169.472	118.14
45.1657	140.461
233.083	362.899
382.448	378.15
111.363	37.7135
59.1407	464.311
394.288	473.972
312.325	39.3016
56.2807	285.691
90.8045	396.488
254.534	235.199
451.166	260.284
282.86	369.197
436.383	462.618
68.1949	59.3268
437.519	117.029
204.012	108.941
393.156	478.196
346.736	62.1824
416.609	35.5752
156.705	467.59
211.749	41.6489
406.848	234.783
308.141	432.529
11.7095	397.722
324.241	249.02
216.277	400.416
170.717	191.845
150.169	374.183
178.297	347.087
49.1763	349.431
209.292	316.354
308.851	228.666
120.965	151.305
299.576	437.69
276.943	9.71597
163.865	440.437
457.695	94.2862
236.894	134.18
375.818	139.557
30.514	279.541
195.423	154.443
454.325	64.6025
61.4871	35.5654
436.409	93.2665
196.677	170.222
463.423	249.929
436.909	204.79
203.71	103.448
85.46	277.232
438.949	85.1299
425.217	284.452
152.816	131.484
260.919	481.28
20.5209	279.913
295.456	17.8165
448.819	460.406
438.992	472.272
162.513	372.427
117.752	96.1389
429.544	355.079
33.5353	409.855
307.354	382.533
27.0344	324.068
113.394	49.1797
41.8356	212.111
479.857	193.296
65.3518	289.9
423.544	39.4264
106.597	323.785
246.107	419.103
131.959	245.398
369.168	393.952
158.942	291.273
348.071	137.715
64.0805	251.11
341.316	354.177
159.89	477.069
50.5452	148.89
209.554	210.996
459.184	138.385
24.9887	114.182
456.825	361.434
387.025	447.756
239.32	355.083
489.536	407.535
350.667	386.127
79.3248	396.985
483.803	342.995
448.065	37.7076
294.948	88.5172
129.308	467.993
216.007	347.044
199.534	201.246
69.7794	123.047
191.252	390.121
110.665	92.0853
455.511	389.187
239.426	185.073
130.979	102.422
92.7972	183.704
364.9	124.182
269.279	148.857
73.8827	107.147
187.989	80.4802
337.216	65.2452
218.033	353.143
484.052	304.602
148.366	458.248
400.245	225.088
32.1919	399.946
228.45	69.8053
427.907	315.045
131.27	467.846
48.0809	442.197
161.959	322.436
158.76	362.14
158.222	46.3331
196.107	437.748
79.3325	454.928
446.945	188.102
98.3569	262.609
165.761	100.14
18.1611	459.467
429.801	123.389
274.744	251.182
400.816	266.534
428.942	31.0084
212.36	34.0773
278.067	380.759
121.358	38.0202
299.4	369.489
318.183	296.801
432.789	174.679
141.651	218.193
135.135	132.396
99.5687	127.177
113.259	320.534
270.847	84.3565
226.128	479.491
492.293	397.923
367.795	226.674
312.303	127.504
473.138	247.56
445.721	302.441
398.271	383.997
194.516	449.994
75.973	384.787
241.918	270.554
169.557	211.748
295.706	97.8539
369.636	231.178
163.015	236.179
244.673	198.4
245.345	177.013
230.634	121.035
401.5	287.075
383.391	244.107
376.958	243.484
21.5348	315.716
269.73	394.891
220.167	358.935
122.784	387.978
212.521	394.824
161.711	36.9614
338.947	146.939
437.473	96.9104
250.687	185.319
309.272	156.554
470.85	93.7972
292.501	97.6287
69.4247	145.638
267.326	319.453
68.8786	367.404
70.6075	470.922
334.34	62.431
447.027	73.4588
376.268	57.9758
87.4546	31.3541
376.148	47.9765
231.189	146.097
85.7506	366.029
12.4949	387.753
89.5833	273.434
250.245	224.46
169.578	158.584
346.586	464.826
30.5935	121.185
192.152	16.1848
124.675	320.148
49.5958	267.423
444.47	44.699
66.8509	50.7801
230.976	355.63
455.754	467.611
339.435	417.87
211.683	300.934
177.048	59.6629
455.73	154.787
305.043	14.9734
179.065	116.742
304.053	171.425
417.879	312.584
201.299	12.143
207.482	4.28387
473.472	200.992
301.742	168.417
67.0977	400.977
50.1456	245.034
26.2119	410.9
412.512	210.484
286.596	330.419
248.248	359.589
318.114	359.655
168.022	245.414
75.5692	367.305
89.8567	84.2611
430.804	375.805
205.616	30.7915
200.02	109.349
15.902	288.782
194.198	86.8798
118.036	396.78
119.908	471.404
225.641	353.329
234.708	360.687
462.828	474.678
448.82	27.7361
217.522	25.5126
91.8822	297.34
427.583	123.793
389.653	250.083
293.133	169.255
234.668	448.315
386.291	308.15
167.962	471.167
353.641	429.677
365.297	104.701
217.028	285.904
305.171	394.915
326.671	165.268
426.389	215.361
362.932	278.431
202.969	150.724
262.375	442.539
305.094	218.876
261.007	176.087
227.431	26.8603
259.409	59.7841
279.965	9.80377
235.332	242.885
470.935	103.797
36.0473	222.316
246.853	220.629
52.8248	472.064
247.892	183.168
25.9518	347.234
50.7514	294.024
257.042	50.0682
99.6133	409.357
210.003	116.948
434.703	147.513
448.771	391.785
311.643	409.453
406.569	195.029
258.084	126.84
255.614	416.002
204.505	65.4698
464.636	484.513
30.1004	342.917
359.975	31.3776
252.292	454.602
303.971	446.672
310.889	407.791
153.114	237.581
48.6891	424.83
399.98	355.905
367.58	130.591
337.695	175.439
355.176	89.2407
424.281	22.1614
302.577	272.569
194.065	66.9755
337.083	284.575
334.017	464.807
215.802	0.159729
457.944	23.6443
375.338	144.849
201.532	68.2754
88.7059	458.412
105.018	400.943
262.917	41.9763
304.45	184.663
76.9463	44.4263
366.531	359.379
122.483	481.066
159.264	483.909
171.56	325.233
41.4027	297.573
379.704	148.564
426.728	465.221
450.451	25.6052
373.217	334.851
235.344	374.516
418.82	118.975
386.46	368.132
330.71	69.9495
211.852	277.312
400.261	232.149
181.145	387.595
262.497	49.3329
467.817	22.0568
223.431	411.208
335.538	417.175
44.019	456.521
317.068	306.91
185.077	33.0876
238.715	379.612
81.9089	157.273
358.276	330.198
432.401	411.215
303.22	150.248
112.376	27.765
150.878	394.79
221.145	342.628
84.9588	21.6706
290.703	19.8337
471.577	189.153
101.778	188.103
16.3681	378.533
391.406	360.314
448.433	15.8109
402.461	82.6513
127.297	370.311
68.4467	480.686
195.535	420.341
201.485	237.641
92.2379	467.767
227.595	140.897
205.79	369.163
328.115	472.88
369.013	49.3108
244.038	281.824
320.283	145.642
354.677	42.0906
127.005	277.419
479.856	291.633
429.405	109.565
251.3	410.013
314.162	396.207
463.876	254.001
268.592	487.692
316.658	335.296
119.374	401.857
464.929	263.945
128.297	433.507
473.067	113.05
439.782	464.595
327.783	482.874
275.912	234.053
322.459	18.6867
63.0845	473.002
143.784	354.791
461.087	71.9695
115.447	466.946
469.315	363.098
157.825	27.747
136.244	367.923
16.0879	434.526
23.0992	468.163
55.8871	481.584
89.6495	116.468
293.012	274.446
94.7121	54.5233
20.4943	407.056
136.72	390.793
365.902	394.581
108.59	360.251
473.097	210.985
364.443	364.875
77.1258	124.938
32.6504	339.62
93.5546	307.199
159.052	233.889
353.98	116.476
207.714	252.616
184.244	10.0644
448.162	296.333
418.158	14.2546
187.647	367.561
210.709	227.183
240.974	451.555
170.242	266.565
42.199	154.398
22.3806	213.578
53.3824	158.479
289.296	91.7831
158.426	110.801
240.477	244.129
484.511	333.02
186.19	462.801
188.735	278.64
433.851	480.849
389.089	152.018
470.181	67.8099
378.48	314.393
218.682	486.166
279.754	308.143
299.099	70.8776
257.021	230.115
350.233	358.599
453.076	455.215
169.673	461.638
153.102	307.943
438.326	232.295
449.08	398.069
206.626	370.083
128.47	31.9646
471.081	304.552
166.145	382.166
80.9774	425.474
87.1669	179.139
312.396	300.731
435.166	286.028
160.492	264.341
434.907	131.987
363.956	69.2036
292.254	25.4648
86.0782	191.111
442.983	295.092
170.795	153.888
344.623	240.648
386.496	290.619
116.948	46.561
46.9848	466.371
304.882	158.224
408.066	30.3783
217.871	386.376
142.405	177.982
42.1791	163.5
434.094	52.1844
199.338	317.309
409.115	18.5224
95.7518	313.888
324.93	403.92
385.682	228.352
40.7627	345.242
83.8718	357.494
143.676	290.037
382.574	60.1314
341.177	2.8332
274.31	219.774
7.19235	283.869
59.8561	482.155
244.719	137.58
85.2414	306.741
244.489	257.851
282.911	408.844
399.22	97.7283
91.3408	477.727
383.754	474.792
249.288	232.382
374.927	430.519
333.258	259.991
387.848	486.671
253.951	288.848
278.637	336.473
260.986	171.224
18.7346	388.895
259.93	117.012
294.359	11.3719
183.558	55.3881
449.417	14.9706
71.0321	369.188
65.5874	484.323
158.281	378.322
371.314	29.3253
311.936	334.705
59.9424	22.7483
237.238	24.9045
479.067	147.362
417.147	468.084
79.5097	198.651
49.4812	478.15
302.502	413.509
240.117	449.107
362.39	406.187
289.471	339.715
302.687	405.611
277.864	491.436
150.686	84.6198
231.863	405.831
455.421	445.494
290.451	42.9673
133.051	273.394
158.695	193.399
473.08	344.957
296.153	214.396
103.129	95.0691
308.982	7.19851
201.054	218.231
284.766	245.865
33.3974	149.652
235.669	76.7253
224.279	494.453
234.438	369.853
12.6156	215.733
14.5676	290.258
262.866	164.512
198.885	308.436
455.184	131.993
58.6141	160.76
6.12914	435.434
392.008	58.1029
465.99	185.559
493.212	308.613
368.479	399.007
369.89	432.894
52.6807	479.974
321.262	20.8805
194.678	400.015
302.574	126.448
461.779	446.373
3.08803	212.696
92.1084	73.2833
106.413	327.004
466.538	31.9746
83.0013	91.5414
363.737	108.46
18.6923	395.193
390.372	473.476
109.112	268.729
81.6907	355.336
226.919	22.02
248.099	305.48
337.313	104.461
256.341	128.533
140.395	471.937
392.929	315.629
79.4874	235.83
434.456	227.03
101.351	471.885
437.129	381.944
232.461	348.814
85.0139	349.547
412.17	226.318
62.3931	129.788
41.7354	374.2
441.166	8.94083
488.909	149.132
353.289	197.96
478.088	61.6872
435.607	176.278
443.895	131.523
100.257	94.5756
221.526	58.5186
287.151	296.346
203.1	112.558
57.1472	270.465
480.934	241.296
194.547	158.273
228.572	36.795
324.757	372.451
461.544	107.233
248.636	55.4853
463.945	394.56
42.0503	484.842
431.217	79.0826
252.435	462.762
84.0893	183.895
65.4418	168.066
150.834	266.933
490.875	242.377
264.957	165.628
451.575	409.542
460.425	397.651
297.697	454.459
475.904	370.621
158.041	17.7494
177.325	456.029
124.226	75.1334
113.035	323.226
62.2012	437.535
47.665	343.811
330.573	273.99
423.242	400.195
86.5048	50.6865
298.562	103.397
67.0789	35.7098
11.5795	35.109
465.062	430.221
455.138	30.2846
166.533	168.419
472.64	472.745
404.454	175.707
379.294	86.8139
261.403	148.897
472.72	220.978
328.028	301.117
236.562	42.8078
17.7614	476.619
404.565	251.333
223.146	69.9594
341.935	371.166
384.507	401.627
376.982	138.74
411.234	65.3986
162.222	352.758
107.964	477.158
356.099	151.992
327.672	101.806
436.458	433.865
397.634	211.996
127.534	280.747
477.821	86.6281
383.802	146.693
83.2684	387.231
470.776	13.1051
446.283	85.9792
293.103	100.685
438.641	371.089
333.954	139.732
110.791	192.435
16.1924	26.2365
55.9515	302.565
403.599	324.693
493.83	157.838
90.4751	61.0802
43.93	478.714
50.9613	397.717
450.888	246.174
66.7875	229.508
163.909	352.186
450.61	325.874
9.06375	455.315
301.645	178.988
311.732	412.184
486.812	91.0049
226.523	275.899
335.888	405.541
389.52	100.16
263.913	388.059
411.865	448.505
25.637	471.217
332.899	411.005
307.935	303.7
124.871	325.939
367.335	269.452
431.659	214.188
19.2338	335.56
12.0289	312.611
32.9061	64.9778
456.799	80.7844
290.508	433.473
114.761	258.344
262.447	80.5185
67.7443	348.946
354.335	337.873
402.878	255.407
195.513	248.86
159.402	131.393
211.379	109.122
410.527	362.697
24.4151	434.89
58.7097	441.722
352.854	16.8947
246.232	260.457
65.9406	362.187
234.078	388.471
21.2782	203.639
127.079	415.264
455.742	105.314
368.544	302.957
237.758	86.5046
274.955	165.856
181.33	391.021
290.474	424.735
19.2729	112.234
186.338	424.269
493.78	232.808
156.42	440.427
445.09	268.687
150.257	368.325
16.73	289.83
79.2804	193.929
465.647	442.698
462.224	7.9226
96.9185	317.476
457.374	316.54
283.056	166.673
423.898	473.608
293.807	404.215
88.7989	433.582
139.594	129.746
41.0678	461.01
186.469	7.83278
250.809	216.257
480.319	479.15
300.941	442.674
481.105	231.298
126.678	320.564
189.496	304.995
61.4258	130.506
412.717	66.7038
400.62	473.141
444.149	47.3722
2.31956	310.218
173.054	339.801
12.1167	328.535
256.332	182.234
357.59	8.0876
391.174	292.176
220.108	40.0689
98.0588	401.245
130.437	265.28
275.63	129.894
60.6176	90.5797
200.298	398.841
47.998	81.3829
103.571	71.6853
307.209	89.238
387.771	189.107
496.101	318.187
445.81	341.083
391.696	432.496
145.876	297.069
471.53	428.459
88.1767	72.205
382.762	413.157
296.486	103.226
197.998	76.0916
472.702	162.282
442.151	137.042
73.1294	253.743
159.99	276.065
120.95	131.645
209.188	303.591
168.998	133.615
430.136	433.097
182.986	457.66
101.576	424.226
17.4064	345.616
481.151	205.623
157.195	166.511
14.7394	375.714
4.5326	221.011
61.1259	442.389
30.2498	237.623
318.494	80.334
199.525	59.8281
495.009	86.3024
11.8324	328.208
478.644	464.748
244.768	351.307
48.8043	367.005
35.1616	379.295
481.479	281.766
51.5982	435.824
285.211	428.585
354.987	393.447
379.084	395.662
71.91	487.632
481.893	117.752
70.8824	438.806
481.445	281.149
94.6097	304.759
12.6077	322.496
90.0819	483.646
154.308	216.071
17.2371	322.927
467.718	404.493
106.555	340.21
314.715	52.7225
241.558	430.33
351.064	58.9637
226.854	228.126
316.885	434.536
309.425	339.263
118.116	247.964
261.592	135.01
111.294	72.3564
323.909	344.883
484.485	365.487
35.7798	167.789
341.881	387.657
350.474	356.248
123.244	80.2028
137.309	422.986
444.29	213.396
399.079	251.37
369.637	86.4812
268.405	190.038
85.0179	192.693
213.192	263.765
160.759	262.804
420.535	350.738
444.055	86.6557
372.457	231.571
300.826	9.10352
175.798	35.4468
174.38	93.7085
273.162	401.704
471.76	314.824
474.737	446.865
493.324	346.054
123.596	320.834
232.349	118.702
428.175	38.2452
427.401	298.304
437.962	489.965
81.0682	121.211
338.604	215.814
261.682	443.037
321.52	207.024
37.995	331.168
387.558	447.174
276.872	82.907
202.087	140.763
269.611	306.575
77.1171	478.979
269.912	218.225
29.1409	414.986
475.432	403.899
167.709	314.534
292.049	79.5598
91.8981	493.48
170.495	169.223
80.6161	153.874
123.162	132.613
72.5636	477.672
434.866	302.545
205.494	159.183
230.648	253.267
176.132	68.1149
169.389	286.733
391.053	268.7
153.743	61.656
448.874	461.708
166.939	104.083
226.251	298.482
94.236	17.938
257.953	474.659
234.086	69.3857
333.983	361.518
67.9998	89.4065
364.735	278.29
39.6281	395.364
259.778	187.824
92.5279	199.296
386.062	282.281
341.661	354.559
297.708	38.3796
45.7713	441.118
460.346	193.814
67.9667	49.9823
396.083	378.492
191.717	241.639
162.633	286.168
383.453	138.695
177.463	296.477
13.7286	16.5448
90.2236	298.432
295.046	129.361
352.46	157.216
295.223	87.2433
30.3475	74.645
401.642	232.414
260.29	90.2164
233.489	63.3174
409.324	16.0664
23.4008	149.393
449.043	38.8504
260.02	138.788
348.276	255.672
313.887	17.4996
4.68979	386.125
320.789	94.5518
200.726	183.107
438.914	167.666
260.74	223.946
41.3468	457.547
142.966	353.636
245.588	160.593
383.762	243.228
177.972	309.758
60.1182	176.532
244.063	341.332
390.76	490.841
223.909	486.53
375.559	224.171
359.203	19.8426
303.532	59.5778
395.257	53.4298
113.017	385.829
157.664	194.755
241.823	471.957
37.6888	105.22
296.822	100.08
51.6429	97.2605
274.299	479.481
259.417	235.223
42.4491	466.832
298.666	1.35834
158.115	470.742
104.887	241.227
442.26	277.327
379.977	330.42
38.577	74.5248
87.9385	455.48
6.58848	461.973
487.506	460.114
198.28	227.057
122.111	441.364
205.133	395.816
128.405	298.567
372.312	199.821
476.067	408.38
220.283	195.525
256.547	474.118
315.941	97.1441
494.615	146.746
215.31	292.764
476.868	356.446
228.074	335.417
19.3358	158.53
287.919	443.131
53.1104	239.057
398.239	359.167
425.417	318.085
321.802	287.104
419.759	482.711
345.123	471.171
120.977	143.32
262.51	175.83
131.651	218.236
393.581	411.766
184.334	409.504
147.783	302.24
376.913	137.31
145.263	176.802
158.429	152.48
45.7942	339.694
192.536	155.508
484.02	488.44
325.709	169.633
72.7452	123.873
274.647	209.417
329.873	171.671
351.049	276.065
435.513	313.496
182.348	291.294
139.147	238.445
446.986	494.273
294.49	80.8865
301.674	91.4777
93.6419	493.483
436.195	307.08
488.862	465.791
459.959	186.814
284.702	273.854
126.981	143.087
7.53047	347.186
420.271	313.906
300.457	438.91
422.405	492.354
248.496	377.533
14.5007	424.653
39.1147	472.347
157.938	240.234
11.4308	306.974
27.0937	247.112
311.621	453.113
157.191	363.032
477.666	298.814
136.988	126.209
354.536	90.9088
377.936	214.458
20.3581	75.1057
35.0147	331.684
181.593	44.6784
419.685	231.192
251.845	129.559
126.389	33.4474
296.807	340.735
198.97	463.374
392.641	361.712
144.211	179.939
58.6012	266.215
436.752	3.14676
197.715	327.177
454.938	465.67
256.828	252.312
428.733	30.2045
62.6208	130.322
439.185	158.1
393.535	383.049
191.012	478.971
56.8952	73.9826
212.846	478.045
5.05578	373.218
349.423	302.675
259.594	223.283
26.8014	308.851
257.744	322.316
312.322	337.686
333.706	97.0456
396.931	148.32
49.4852	239.544
340.635	365.876
413.734	14.676
256.539	191.861
325.397	151.333
306.335	106.691
458.843	457.387
474.124	448.863
301.698	411.375
411.506	454.347
99.4951	189.104
184.379	373.559
398.975	453.636
474.654	172.089
269.318	182.645
11.2988	356.449
13.661	30.5517
417.996	450.116
287.445	494.302
147.938	26.2522
39.6513	123.976
434.51	170.813
439.715	414.941
237.513	251.503
375.436	307.663
357.787	72.8412
232.533	494.305
435.77	125.92
431.625	296.495
38.2768	264.919
365.587	90.0369
423.036	405.751
158.991	372.124
276.258	424.129
364.187	158.813
322.178	284.627
457.779	476.023
81.3827	12.3319
432.119	236.75
247.504	59.1397
252.454	128.019
10.4688	76.5894
231.23	445.363
182.253	177.184
351.814	58.5228
391.553	245.474
17.064	48.7715
213.323	480.138
469.314	193.952
137.388	148.178
103.235	13.5768
425.591	166.291
244.455	131.555
370.052	349.857
93.1153	376.086
478.677	462.871
281.811	246.254
472.861	295.37
299.412	398.934
163.095	442.528
75.9717	125.607
205.794	463.417
84.3308	378.011
411.925	330.233
38.6398	249.776
319.652	167.993
398.821	222.089
489.623	124.096
438.653	416.954
159.373	291.997
317.862	481.626
310.379	488.26
261.009	286.159
247.728	486.124
126.517	37.3767
119.895	428.083
306.688	8.35474
498.482	421.838
111.397	336.68
68.8172	339.004
461.26	276.599
421.512	75.0956
108.771	282.535
249.433	137.619
159.663	441.004
54.0466	276.538
493.813	388.039
274.271	236.84
410.033	43.3895
304.624	489.172
18.4911	252.21
13.675	166.773
457.016	312.898
35.4887	235.151
406.482	97.2159
302.161	239.378
174.161	406.289
137.266	199.798
397.936	153.489
391.665	244.114
144.472	137.698
179.916	420.015
173.015	444.204
439.601	269.771
445.513	426.823
347.502	478.194
35.5995	329.587
153.985	144.998
496.065	467.776
317.048	27.5743
436.025	23.3616
287.77	455.669
60.1277	391.486
293.502	147.89
250.988	453.447
402.587	8.67644
244.613	31.6579
250.107	432.442
432.418	161.69
488.866	110.585
399.619	273.78
477.336	171.118
120.419	195.136
27.6985	81.8401
372.483	65.0487
296.001	484.323
55.014	350.636
324.337	142.265
155.127	34.6895
93.2383	308.692
118.604	490.283
4.4578	431.749
135.713	417.489
93.0885	179.832
157.254	25.294
202.891	64.6223
350.499	210.682
68.0435	243.81
68.6613	72.2862
51.4857	41.7277
275.472	326.987
475.819	380.62
78.6121	148.294
281.463	202.1
473.894	9.7035
228.558	173.979
337.695	56.0217
438.762	333.707
485.149	349.327
141.177	418.935
116.655	204.4
150.249	414.73
3.02867	388.492
213.611	130.863
314.862	116.629
487.303	170.31
214.868	75.5689
343.321	259.907
60.1717	179.15
243.384	138.104
426.031	81.1308
275.394	149.329
179.636	446.982
68.0319	101.293
42.0547	442.601
311.765	49.3101
322.937	308.043
405.074	386.393
384.642	413.553
440.021	304.347
365.912	239.133
492.252	404.706
267.523	61.5924
215.448	256.549
470.585	218.428
36.2215	479.201
71.1844	250.393
94.3991	490.949
340.724	261.611
203.559	385.068
5.37532	374.14
45.7883	306.418
476.667	150.75
264.125	107.934
81.8858	434.749
466.62	100.525
48.3086	341.767
363.465	360.261
471.923	417.906
416.033	338.082
430.958	139.992
155.028	57.473
92.7995	302.951
482.661	14.5131
200.585	422.534
180.765	379.448
292.061	369.918
177.931	365.195
327.371	30.387
475.83	304.738
486.162	425.386
486.99	495.873
455.839	152.261
476.948	415.262
365.983	442.099
248.03	38.2026
20.7283	449.539
126.492	401.78
200.377	390.069
18.2909	175.644
342.922	100.294
411.95	302.467
73.5852	396.532
336.978	356.348
9.29521	180.012
407.581	78.8848
375.957	95.983
70.7421	402.932
347.63	225.962
124.06	114.62
366.968	142.304
400.399	488.176
386.11	428.105
211.725	97.4677
437.853	10.7162
63.2736	102.598
79.9594	362.69
188.559	427.642
23.4874	484.817
307.832	387.921
151.736	17.2392
1.64891	380.393
197.825	298.686
474.441	38.1024
340.379	8.69848
21.1692	476.114
345.811	337.847
383.084	424.622
392.445	279.499
296.815	296.003
211.256	486.937
311.887	111.496
485.794	55.314
235.201	315.645
389.099	274.384
35.1428	123.163
262.301	56.6029
227.827	337.653
451.706	40.2833
291.188	465.066
401.976	258.534
0.373187	280.398
401.955	400.452
421.926	332.824
76.9627	486.668
307.837	86.105
186.224	29.7027
64.1952	241.318
105.118	138.657
143.688	229.536
472.731	57.0424
179.868	337.354
487.765	133.922
363.131	193.892
215.009	88.0224
252.22	111.457
270.72	25.2112
418.303	314.277
38.7623	243.669
57.0351	436.278
401.995	329.35
38.4294	342.66
409.348	122.181
17.8643	249.298
140.544	344.181
458.689	154.507
7.2717	159.092
127.052	213.686
29.3404	433.184
281.289	286.682
124.862	427.25
190.748	299.955
440.571	151.623
157.15	367.874
450.749	74.7626
435.21	368.761
60.603	189.141
53.9862	419.651
388.172	65.9681
288.063	242.079
484.636	221.942
273.85	126.694
54.4152	288.873
45.5557	352.055
85.02	171.906
387.571	68.1318
441.16	393.178
6.46917	418.695
304.257	62.7224
381.294	196.001
193.801	245.727
179.853	242.968
114.977	376.023
333.111	341.476
76.4394	47.1934
419.499	158.361
134.931	242.737
273.057	164.965
383.768	478.541
84.4882	23.9464
478.711	319.324
405.097	199.009
51.4417	31.0133
297.476	84.0452
140.668	192.734
409.74	210.181
297.351	438.069
451.428	96.1678
84.6491	203.053
479.979	346.737
81.6411	409.516
333.157	3.74704
192.661	89.476
225.595	397.336
171.259	321.583
377.734	446.19
373.266	87.4887
163.798	492.507
173.542	494.755
322.978	429.257
132.962	344.873
24.1022	128.792
476.972	158.426
429.483	362.374
105.323	35.1259
281.217	123.238
473.351	226.881
491.662	398.831
346.366	181.306
371.644	80.8582
26.5801	134.9
43.7782	365.036
343.322	351.657
408.91	343.982
2.45082	378.184
113.137	12.1841
9.38394	482.079
118.019	388.179
110.348	371.378
59.2046	30.2187
199.595	43.2703
141.456	430.958
35.3475	177.779
53.4366	453.74
16.7316	411.801
347.041	135.602
360.372	400.479
264.012	186.289
114.411	236.856
156.001	84.5108
420.003	40.937
458.467	206.947
11.9824	105.389
162.776	134.371
7.95239	247.974
425.235	465.532
433.562	146.639
445.956	200.528
444.06	100.581
339.988	315.964
106.681	137.801
89.0207	69.538
57.2012	112.152
335.565	394.384
319.392	474.126
142.051	477.205
211.979	412.738
448.972	322.482
374.523	336.399
248.014	33.9988
181.19	248.363
234.958	303.215
422.039	288.336
401.866	56.8979
143.761	61.0492
382.537	128.724
326.903	451.45
256.089	276.535
194.784	250.001
164.511	212.795
431.919	388.502
364.324	397.344
76.2936	471.986
14.3744	445.4
385.05	479.856
179.696	499.544
21.5102	319.008
392.779	6.72486
497.19	382.505
124.598	439.346
264.754	157.839
454.372	175.329
284.192	348.208
350.698	413.741
63.3632	152.368
86.53	59.0302
351.568	329.786
185.007	49.5592
241.925	497.738
323.889	32.5694
255.509	256.555
23.4459	323.633
493.723	49.2209
75.3639	195.595
481.402	478.146
154.083	385.516
378.786	373.721
262.157	488.623
12.303	423.283
253.417	191.232
444.725	346.546
34.274	184.744
480.591	55.3187
491.461	282.363
441.13	9.50473
195.57	36.4048
420.886	377.08
330.815	461.994
242.159	175.594
20.8855	257.732
167.627	332.214
192.751	65.6197
338.32	282.599
321.579	154.48
466.261	193.499
298.428	344.278
304.203	179.045
229.982	478.04
204.687	470.294
354.714	302.642
199.369	18.9765
182.231	170.579
484.264	455.862
443.883	143.023
491.992	99.2237
292.784	183.623
221.988	211.605
273.723	7.30981
100.247	368.231
166.004	83.8733
491.284	123.522
475.832	137.9
249.621	483.128
415.541	220.388
203.73	23.8819
463.435	195.859
290.331	246.082
212.307	117.243
446.574	349.76
333.261	164.916
328.597	78.1339
174.889	6.53099
222.318	288.636
492.662	450.432
15.639	402.075
341.046	165.914
467.396	492.653
208.078	193.642
361.778	451.172
445.377	370.464
182.778	470.547
242.06	271.971
253.071	460.913
243.161	375.745
240.732	18.5837
447.313	54.6032
45.545	26.2409
350.045	136.109
203.775	418.848
388.13	383.567
98.044	368.263
176.749	358.09
54.57	441.011
296.146	266.047
272.034	164.863
273.275	70.1125
146.267	197.168
281.912	425.609
2.67136	30.5653
163.171	430.461
119.741	249.981
479.803	330.525
491.943	12.385
133.804	74.3317
11.9915	327.939
170.772	15.6445
191.772	152.904
326.38	396.647
405.151	96.9287
77.701	313.309
217.736	123.478
375.317	315.5
214.831	387.659
298.7	115.874
50.138	152.514
309.367	42.4081
108.57	168.911
141.907	304.927
115.72	315.409
122.509	162.4
242.849	8.81037
91.5316	260.963
482.57	245.591
314.615	28.9278
144.033	179.082
309.023	122.906
51.7665	238.043
7.53598	490.911
260.065	160.845
442.376	200.506
213.169	475.502
361.944	119.491
89.1323	309.237
284.264	77.9141
179.32	283.149
112.472	444.027
137.113	380.209
19.1874	108.462
378.297	489.636
436.719	158.982
310.463	198.959
55.1979	356.757
216.38	64.1095
263.709	447.194
160.05	63.0962
50.9375	105.122
374.902	262.915
125.51	51.7279
450.361	111.735
317.328	438.535
366.371	314.15
193.578	95.1229
195.196	404.974
452.265	78.5004
257.68	58.4134
129.123	102.16
370.107	405.076
69.4143	318.907
344.326	447.424
250.574	400.039
47.47	365.515
421.075	378.714
404.167	248.83
2.84165	394.324
338.968	141.814
314.543	366.328
449.702	226.873
273.656	280.778
168.271	47.2848
491.387	498.762
415.765	238.974
82.5372	288.451
339.773	457.311
76.4342	428.27
81.0861	455.07
330.124	178.031
65.5635	98.4287
13.0231	279.63
285.618	232.911
473.712	1.88717
469.082	418.49
97.35	438.156
256.299	198.493
331.848	65.1844
227.114	231.346
443.382	348.142
41.3215	5.56036
482.057	212.503
86.6394	12.0746
441.552	365.252
239.705	160.77
278.007	222.836
138.097	107.577
42.3683	344.779
3.07009	304.486
147.771	8.05893
412.821	41.8875
309.367	56.7711
402.749	237.433
59.9629	492.591
245.673	214.507
60.5265	268.304
9.0413	286.147
4.84329	149.391
165.943	437.096
150.953	12.8125
348.504	11.8326
96.4364	362.507
263.059	170.722
458.682	30.1213
375.795	50.1943
116.33	149.156
262.538	79.7646
283.361	181.301
148.659	482.415
401.183	259.278
92.2799	122.262
113.398	476.191
209.958	257.394
131.849	390.913
279.929	461.794
37.8064	165.265
67.3752	95.7157
288.558	463.096
48.4427	388.49
79.3972	16.4407
368.078	469.945
333.498	342.505
328.715	396.35
355.472	284.874
44.1278	217.632
356.751	25.4552
11.176	26.9962
34.6023	449.269
187.793	463.974
413.254	357.094
332.018	249.884
286.794	199.74
50.1381	447.031
74.7485	330.953
386.088	176.661
39.6072	127.362
353.73	226.322
488.255	365.549
282.195	384.677
446.24	287.571
426.777	126.83
455.375	316.831
468.898	453.331
7.80627	206.136
281.752	343.778
37.2514	31.5355
367.7	472.072
159.261	190.065
54.0231	228.301
270.393	397.923
210.974	213.958
165.621	478.166
76.2905	421.637
371.278	298.926
381.37	121.815
139.729	14.003
215.259	358.961
177.248	246.322
403.368	440.077
471.25	305.911
113.663	305.623
35.0268	88.6442
251.333	441.18
427.279	120.178
316.48	348.497
344.337	428.949
475.241	72.6606
148.366	195.591
44.0621	423.96
112.195	427.735
234.787	228.848
318.006	264.111
13.1525	38.2428
77.052	99.9768
411.963	131.833
94.5129	259.328
387.726	272.607
41.1942	284.584
225.516	301.204
429.354	217.161
399.867	338.911
131.682	337.986
21.4491	170.405
165.984	491.936
17.452	69.2284
16.0279	179.502
15.1057	24.4904
380.521	254.158
439.002	19.867
293.692	391.647
130.776	159.429
364.577	351.047
426	30.7384
154.254	427.197
106.56	418.877
71.4254	230.298
495.661	11.5048
371.061	434.75
180.662	87.8626
158.44	132.437
422.112	301.996
21.3817	166.294
420.679	238.873
48.1256	387.016
427.775	148.037
319.069	50.1421
355.571	115.451
164.068	467.302
336.871	237.613
347.929	418.621
116.645	386.725
436.52	364.895
312.087	130.06
492.27	445.241
333.112	138.75
262.109	254.261
132.482	343.221
113.14	120.089
494.792	243.58
220.947	88.3654
266.618	234.314
377.543	465.29
75.8407	473.495
453.684	113.165
415.386	280.87
292.568	95.0983
194.29	488.418
426.674	448.318
43.203	408.999
289.806	471.502
366.293	437.046
216.069	299.001
333.635	152.777
72.8724	383.004
16.9617	70.2927
129.03	270.822
218.018	118.215
421.515	273.241
249.286	133.359
385.927	261.915
15.9676	290.185
396.673	217.316
177.66	439.772
228.322	255.312
254.089	289.725
367.307	5.72498
442.691	445.818
281.989	278.937
447.855	232.717
165.735	210.641
49.1439	487.306
33.0722	345.892
318.577	136.903
433.7	467.455
267.478	108.537
479.833	246.663
169.336	106.477
444.339	157.05
128.593	288.447
476.74	357.635
312.039	203.978
136.216	266.199
16.801	343.269
242.416	259.36
13.8729	269.666
489.781	436.283
464.783	427.792
437.823	253.525
296.933	256.75
323.166	349.506
224.302	47.7942
187.205	54.1231
487.253	483.843
176.014	361.443
456.169	498.233
426.9	437.79
106.789	154.323
134.306	21.9127
188.366	498.734
119.431	211.855
3.66476	289.471
319.757	431.384
9.9524	55.8018
435.013	299.181
466.165	296.302
237.618	28.0694
126.491	55.1606
306.468	69.5088
300.315	373.497
90.3543	284.39
299.415	68.0703
475.498	3.72415
391.305	16.6156
268.544	241.624
44.1562	15.8977
177.039	115.399
231.015	204.832
228.251	187.776
136.075	346.942
222.702	230.732
251.039	413.102
203.023	452.493
229.969	197.346
33.273	334.862
308.321	12.3753
138.156	160.321
76.5736	401.218
47.0203	64.1945
409.416	41.3402
48.0608	455.502
486.129	53.8293
439.863	103.468
411.266	84.949
199.636	413.495
297.933	418.21
278.386	279.458
191.71	186.73
333.802	281.218
84.8498	232.039
96.5572	289.88
396.471	479.156
127.256	77.4448
52.7402	156.815
98.4607	355.399
332.029	223.839
497.335	325.223
327.317	492.863
166.069	382.524
21.8496	249.939
384.922	129.781
41.5659	47.8792
468.58	336.027
133.047	235.404
109.685	424.665
281.031	476.222
415.955	357.843
372.211	262.722
204.233	443.043
14.6119	479.932
121.802	7.19183
221.792	499.378
130.804	105.501
105.328	328.03
142.69	305.319
310.113	73.8422
443.612	463.522
379.185	82.1074
40.6386	127.921
250.249	6.00263
243.214	121.248
448.085	64.1457
208.016	259.983
437.105	299.454
220.138	200.78
348.377	114.83
66.2574	269.473
274.87	17.4118
436.671	463.897
473.99	179.968
283.621	403.742
416.152	21.8246
209.487	493.537
3.5012	32.6876
365.284	173.146
225.441	436.727
479.657	430.992
315.972	464.729
433.249	430.807
413.539	197.284
160.697	8.10834
153.307	92.401
385.822	334.004
232.227	285.927
10.0701	116.146
474.824	296.797
206.045	353.195
212.625	136.539
82.8766	31.6409
87.0012	447.023
461.811	426.27
325.857	138.435
256.43	327.041
435.117	35.7668
221.278	100.422
138.952	391.589
20.8583	378.728
373.6	246.466
29.3596	311.699
117.507	491.522
376.127	205.868
396.176	10.9927
105.077	155.315
219.007	66.5104
136.081	242.124
41.4317	52.6782
137.955	310.068
23.4419	118.147
4.50635	453.091
399.965	471.091
147.033	419.309
283.272	496.454
31.1674	325.726
54.4288	482.56
446.765	401.534
76.0337	154.083
436.882	137.989
440.337	43.616
386.47	482.958
201.5	169.732
346.499	392.782
430.918	307.331
134.069	5.75924
465.553	94.7927
473.869	22.8547
90.4116	308.303
346.793	385.485
154.555	494.416
373.771	417.535
101.534	203.642
417.248	123.925
447.866	178.462
426.641	423.828
281.733	339.521
47.3875	213.58
39.4034	371.782
411.572	455.038
97.0102	371.552
480.757	14.5206
301.393	456.682
170.56	156.009
324.876	168.675
32.8165	412.182
343.633	363.081
463.53	475.998
84.055	467.26
41.7302	494.837
340.929	243.193
411.205	228.152
54.3151	24.3365
234.366	437.037
281.8	272.242
356.979	359.386
204.078	343.391
80.1119	344.258
218.136	30.794
308.742	441.109
57.3746	420.442
248.014	456.088
269.631	340.82
245.46	340.373
498.119	310.53
118.923	79.2904
360.546	336.352
388.064	156.541
222.399	359.911
489.123	57.4977
321.967	480.915
272.868	471.813
337.18	215.2
25.5888	210.283
279.687	353.932
57.7334	193.609
344.229	148.846
457.05	90.6056
197.633	496.454
133.767	48.2778
64.6978	431.398
324.909	320.209
290.494	440.316
217.253	66.372
293.851	88.1528
413.104	100.622
156.715	237.652
36.4273	119.44
180.524	333.057
474.321	429.278
319.368	9.86802
392.091	217.55
415.303	280.303
330.257	198.601
317.789	420.035
70.0088	242.39
125.38	41.3902
386.993	472.162
336.64	406.701
472.596	197.533
285.315	124.915
461.332	124.107
314.028	129.383
474.241	51.7374
211.868	293.119
310.901	249.923
75.4209	417.548
215.596	416.696
304.859	66.1876
107.916	414.437
417.349	229.331
450.043	100.231
342.741	107.097
424.226	124.354
365.966	211.489
362.415	284.072
442.979	145.307
12.2773	335.774
54.7958	6.01484
35.593	306.355
470.807	238.074
404.142	467.777
9.56029	104.672
405.584	184.691
290.893	98.2811
460.748	495.487
333.182	337.93
16.569	495.201
477.179	220.66
196.264	10.5694
93.6277	56.9199
173.547	9.28379
178.419	494.551
131.026	48.1797
51.4565	33.7621
481.178	182.961
426.18	304.004
318.855	400.068
419.978	158.121
468.325	343.705
362.506	408.57
243.993	16.3524
415.301	153.529
234.856	470.072
489.01	477.11
493.352	431.269
210.393	474.296
363.307	122.08
331.405	118.58
287.933	410.23
217.382	427.096
64.7753	223.12
278.706	363.341
6.78855	239.367
51.6413	351.845
270.206	122.415
128.524	138.661
395.287	71.2811
80.4389	8.85473
144.735	278.432
74.025	1.18255
63.3144	434.784
45.9764	499.252
291.331	449.124
339.24	55.7895
243.255	162.362
373.711	428.403
290.036	354.456
424.437	30.4824
210.231	304.975
493.175	305.188
463.952	62.1508
482.411	32.0626
156.118	246.225
31.1526	265.769
256.487	328.487
376.748	376.552
371.433	97.9693
286.376	298.793
458.818	145.947
109.12	200.919
493.519	66.4794
29.246	376.607
267.117	477.24
49.3898	38.9444
306.138	437.597
140.23	447.384
412.342	273.43
68.2267	331.705
112.872	219.404
347.751	434.078
205.142	466.358
386.463	220.813
230.738	225.707
431.648	99.9694
98.8033	258.922
256.032	142.695
227.204	311.769
82.625	226.568
243.765	386.791
378.47	112.477
81.6401	324.562
37.4224	440.045
323.876	235.497
371.387	428.577
383.56	98.6952
255.874	208.476
32.6224	396.501
63.9936	421.876
112.592	387.663
3.21332	153.263
24.2498	20.3137
442.907	248.276
14.2881	55.9678
247.48	264.271
207.861	39.9334
182.494	225.094
238.536	297.256
261.853	209.014
168.368	359.602
423.322	468.178
217.953	178.266
161.936	388.666
81.5578	345.981
354.548	454.985
157.591	477.036
126.713	385.064
163.687	407.419
218.647	253.627
15.0801	34.4905
305.948	302.842
456.205	134.875
110.78	370.025
112.072	76.6729
485.6	63.6787
68.8995	417.353
325.924	233.038
14.2378	53.8259
26.1668	145.785
74.6916	372.737
232.025	389.263
436.521	64.2229
320.147	115.282
324.387	419.474
383.183	292.034
81.4205	361.231
257.406	202.109
187.008	60.5401
45.4729	484.068
160.649	289.277
333.026	2.56415
192.347	281.155
91.9627	42.7888
354.35	462.563
320.954	76.3918
322.275	375.891
489.741	194.816
121.033	18.3213
177.266	488.76
209.658	23.057
194.618	142.127
416.355	85.2941
212.738	378.983
250.865	137.077
146.022	393.878
156.413	498.807
436.744	263.798
236.324	322.94
425.102	82.0069
78.7013	176.739
171.007	126.872
127.246	250.571
20.279	490.235
183.987	47.684
468.477	240.595
141.847	351.099
409.704	308.635
100.355	213.572
278.416	444.103
100.18	437.946
448.218	453.456
210.685	65.2899
339.055	50.1291
453.719	356.797
146.277	24.0438
173.438	23.5751
433.891	266.012
73.6071	439.152
41.2801	441.034
19.952	55.4067
110.006	49.9097
175.504	188.094
472.58	233.646
121.064	372.221
53.3825	159.877
183.245	38.9949
494.76	440.614
440.977	98.5869
266.363	422.77
220.199	478.337
30.138	239.597
431.456	327.717
247.224	443.13
497.158	406.766
37.184	309.357
389.475	195.19
407.385	126.777
328.283	385.705
293.63	231.945
151.387	338.119
268.758	364.36
299.303	32.6987
32.7217	43.1961
162.3	265.316
457.378	465.966
266.89	272.717
213.235	81.7123
139.306	9.94492
426.708	78.1363
269.501	81.9648
372.243	287.127
114.75	249.021
183.449	9.04114
442.913	42.4235
184.887	471.725
26.9998	259.35
458.654	277.503
475.812	47.3693
409.775	270.042
475.092	283.409
223.438	177.771
184.789	127.322
479.85	106.767
473.265	269.469
203.848	150.528
281.897	375.696
211.478	253.055
238.065	7.95378
355.963	447.617
226.699	223.564
28.1987	391.529
303.757	412.014
442.416	273.297
347.711	389.158
284.674	244.03
253.364	320.834
23.4774	281.934
8.78933	74.2731
413.181	370.326
340.712	278.031
325.852	237.511
48.8761	302.75
1.2663	255.274
18.8807	84.717
425.437	228.338
243.84	495.255
301.91	63.8557
247.112	12.0715
189.966	366.895
240.679	416.44
367.405	456.129
211.947	444.651
93.901	384.163
291.227	268.868
215.209	449.464
140.332	173.781
338.401	157.343
147.016	346.695
448.148	309.808
107.671	493.323
267.357	480.846
490.057	99.8417
403.747	454.876
171.516	453.468
310.711	386.687
431.956	266.535
441.274	299.503
120.166	382.149
156.414	441.648
51.1931	389.848
239.101	415.433
396.802	217.23
410.737	283.952
309.493	346.533
105.769	181.329
289.97	120.451
493.727	248.177
273.317	303.126
499.246	288.229
77.1567	431.256
320.698	350.965
292.066	393.488
295.931	105.748
445.753	442.617
123.06	211.033
157.003	74.0845
418.821	279.355
283.904	462.689
260.933	32.4386
94.7076	6.16655
2.58405	34.1125
412.049	68.0782
159.96	73.2726
267.082	75.4128
16.1948	389.213
389.584	71.9881
110.594	313.612
375.641	226.568
29.4336	200.71
362.028	45.7658
54.8055	308.603
328.911	167.248
344.799	276.322
234.115	117.881
469.714	74.8118
62.1237	303.01
232.342	413.551
9.62743	167.631
470.385	67.5712
168.444	183.466
203.352	27.1052
43.1023	159.507
21.1434	407.583
488.167	356.243
322.787	86.5287
222.883	287.362
99.6027	26.2264
382.162	408.916
66.0207	159.82
370.826	109.649
268.265	374.103
425.026	460.736
312.32	310.921
139.978	99.8734
316.652	438.476
472.484	344.118
291.877	137.281
8.27726	499.681
287.169	160.5
446.603	379.982
162.459	357.991
469.227	463.846
319.726	35.0094
269.596	408.964
33.1132	371.272
381.208	278.333
417.189	21.6189
258.954	463.902
252.844	2.14077
64.7799	290.544
391.111	119.558
354.094	49.359
324.511	108.466
78.9605	473.067
48.5746	225.687
111.349	388.852
139.286	148.369
171.645	31.2314
342.672	476.46
48.0466	87.8459
425.522	410.556
438.15	295.2
301.536	199.761
142.003	142.604
381.847	194.954
326.98	398.346
261.836	291.663
116.685	468.865
400.325	311.932
39.0525	197.976
263.418	40.8406
363.993	244.373
129.914	296.055
385.516	107.023
230.616	274.311
406.032	59.819
54.3087	79.3909
469.816	175.891
494.252	231.945
51.8995	436.385
138.261	352.943
291.392	316.929
394.329	121.99
72.2192	368.532
180.1	366.684
276.831	485.167
323.013	83.3062
19.2204	132.307
382.762	252.879
70.5974	454.296
118.553	457.44
331.482	183.151
232.045	108.098
48.4586	36.8382
349.215	177.438
451.141	180.484
433.925	262.151
474.108	441.55
447.709	15.5023
161.37	133.839
309.873	337.408
419.052	465.611
204.033	396.277
494.835	129.49
348.549	371.88
52.4525	358.912
472.449	71.7063
19.3938	413.456
468.33	406.19
235.662	155.963
410.564	362.869
79.0749	118.251
395.058	321.788
210.8	19.2834
407.963	479.401
53.3443	479.805
72.1233	302.919
105.482	225.617
112.782	469.596
461.603	475.681
128.728	5.33261
151.04	277.414
423.56	82.1671
218.233	86.4711
179.112	122.438
378.257	313.003
343.649	362.755
438.311	253.758
14.3927	157.398
228.621	402.429
212.601	16.201
57.6851	381.442
246.79	107.75
77.8416	217.786
404.414	378.792
386.247	245.526
20.9809	464.149
301.093	318.593
351.886	458.077
261.385	147.985
64.7255	31.3528
155.074	83.9173
402.481	26.0884
58.7617	385.261
195.207	13.1989
496.45	11.3186
53.9159	149.506
157.103	380.88
156.537	217.421
24.9576	470.5
178.412	171.326
435.363	397.08
242.179	300.258
326.956	66.2651
256.437	95.2271
239.819	436.546
263.731	103.246
321.929	465.925
76.9949	19.202
219.518	303.366
165.081	359.146
213.466	297.054
279.971	259.657
466.675	349.483
347.934	105.038
66.0838	495.46
273.539	137.201
105.411	428.848
158.129	133.075
101.747	469.02
488.141	392.299
240.46	248.207
460.413	465.274
316.404	486.789
455.7	475.64
11.7513	86.6819
147.668	344.786
259.003	124.328
395.438	382.095
435.379	222.779
235.408	172.186
450.935	107.7
426.966	449.173
383.842	382.126
319.416	136.832
319.042	34.3693
328.486	268.721
118.508	135.201
317.845	85.0613
49.9865	305.408
285.769	330.416
228.23	159.867
133.329	221.345
1.39375	148.021
442.243	359.108
337.528	283.916
469.183	315.772
225.872	212.247
264.174	188.742
19.2742	317.713
221.919	8.07084
123.794	159.726
434.387	50.4974
426.093	466.132
433.166	276.143
144.197	176.782
252.384	236.814
413.607	245.85
191.197	493.428
209.227	324.69
176.782	136.938
107.463	281.762
495.864	273.385
56.4897	152.421
268.852	71.1409
373.54	183.414
152.8	0.0876369
443.82	18.0124
61.3629	390.585
135.635	84.1625
75.6285	465.912
410.991	488.379
494.588	11.0399
248.121	222.121
102.355	471.785
95.0295	489.907
464.458	264.991
372.841	303.717
480.963	155.873
207.115	382.941
293.61	159.617
55.4393	441.652
243.627	425.357
484.666	240.246
271.099	104.071
463.349	198.708
15.1095	106.11
161.755	87.1552
209.971	316.767
19.2505	67.2703
99.3429	305.989
77.1111	492.28
46.1564	95.4918
286.3	344.432
24.3802	201.036
455.426	34.3683
292.26	341.642
92.3913	51.3923
212.378	267.684
55.685	232.141
457.102	302.661
229.71	304.43
430.55	275.993
144.292	315.602
351.279	367.738
89.7049	222.05
66.0189	166.759
272.556	155.384
347.183	166.374
466.588	222.041
481.892	468.425
495.923	100.755
240.027	270.659
313.198	227.608
338.309	427.801
138.32	483.853
46.3402	49.6038
53.9437	125.587
434.828	242.324
232.095	183.088
159.679	241.448
411.796	299.302
340.559	315.612
188.584	0.988202
436.794	367.343
84.9954	400.865
337.737	64.8127
467.45	401.438
362.999	142.718
409.826	485.105
336.466	251.692
495.334	256.501
387.27	314.831
1.8293	229.866
93.2709	390.533
309.118	89.3194
14.8717	299.253
141.696	111.367
366.293	158.038
101.787	288.894
261.575	469.85
403.346	349.063
391.025	342.937
306.606	295.087
22.6225	231.156
141.92	392.37
16.4579	203.589
270.264	87.5216
492.479	258.586
138.189	32.7796
258.224	458.9
182.551	25.0423
404.834	438.255
175.595	251.961
25.1289	410.562
130.014	179.611
35.2908	383.791
428.066	451.767
168.939	376.386
413.292	387.885
374.234	315.262
318.444	429.307
117.844	101.613
471.877	482.448
255.161	240.79
170.533	284.736
15.5931	437.307
4.20142	138.423
204.352	44.1335
289.234	484.401
289.529	33.4276
19.902	88.0967
391.855	143.687
392.084	490.715
194.789	127.292
275.193	492.16
103.968	435.997
94.2424	161.206
310.305	74.4678
315.467	468.996
392.377	134.883
24.2975	497.064
182.975	324.227
365.09	20.7007
47.6043	226.307
250.37	306.106
465.722	475.807
230.988	364.694
212.188	417.743
41.2645	185.517
282.485	79.4609
290.909	372.429
228.85	95.7533
434.194	110.965
425.947	75.7611
416.186	18.5634
193.318	106.801
307.986	3.1437
445.96	444.615
373.396	168.66
369.008	383.311
11.7406	111.789
55.3033	381.176
379.522	388.695
239.875	295.708
298.65	16.8987
9.00472	68.1641
47.3868	327.734
16.9939	96.6438
410.918	7.7154
4.63132	328.813
241.254	386.403
172.421	413.171
163.595	136.358
471.563	222.397
13.0473	84.8409
396.818	7.23538
270.584	109.56
66.0475	112.683
69.5528	256.431
179.21	303.834
67.2163	223.106
126.18	4.88412
154.918	405.75
451.539	310.18
181.018	46.8086
116.781	20.2284
369.559	213.134
335.334	124.709
34.3943	381.747
27.5009	21.4246
99.5314	124.351
445.551	74.3675
67.0352	404.868
21.0003	68.5455
23.048	227.455
246.135	241.504
415.308	277.636
398.403	246.268
416.109	147.054
32.4996	263.229
387.246	424.041
288.467	458.677
425.805	383.812
439.502	179.333
230.898	177.628
467.179	490.562
140.061	75.7882
238.983	146.917
115.949	143.137
274.307	34.5456
251.955	84.6911
346.451	76.13
407.186	408.381
345.817	344.628
446.059	395.951
374.699	228.863
275.573	332.629
286.665	274.52
6.57779	221.191
179.632	392.848
36.8877	373.866
235.2	349.171
99.5643	476.829
333.97	420.523
149.735	431.499
55.0849	466.427
487.109	12.3988
380.447	381.647
24.1682	56.703
391.005	80.1891
330.347	67.045
130.331	432.692
211.556	269.681
369.065	163.222
411.884	266.871
71.5405	269.826
55.6294	276.782
125.817	343.591
18.0395	253.109
259.083	177.641
176.242	306.087
212.561	148.149
407.491	63.6852
118.551	328.407
74.2	167.588
414.012	396.599
130.244	341.616
139.105	92.6007
272.854	117.053
127.694	36.5289
245.013	420.046
247.007	265.723
290.713	279.519
87.9079	152.049
321.818	25.4105
371.711	121.052
117.684	30.7869
368.152	204.765
166.037	342.663
417.759	435.406
409.047	196.358
176.78	407.955
373.171	399.269
311.212	413.249
475.318	124.224
242.846	275.05
138.847	92.8064
423.632	101.381
495.286	332.904
215.799	273.68
290.917	176.989
408.046	302.076
319.189	458.21
183.005	9.13107
272.114	48.9419
346.075	312.963
415.391	257.255
6.52817	322.949
416.716	345.089
90.5997	211.375
337.184	361.34
75.5339	126.256
104.235	497.618
447.132	132.392
217.973	466.732
36.1566	347.144
354.559	234.279
421.474	392.957
269.047	290.972
84.3809	274.649
213.59	344.204
89.478	466.057
249.235	360.56
270.784	346.621
165.921	423.004
326.438	112.044
83.1631	296.248
160.349	70.6207
344.784	450.591
117.373	42.7237
68.522	202.888
385.386	385.876
357.817	323.099
456.506	44.4355
138.808	304.901
252.504	146.229
224.604	202.27
349.388	159.998
4.04098	144.064
243.633	213.427
95.0686	369.953
462.267	56.9265
136.588	331.42
447.71	448.923
156.947	206.298
422.927	474.135
331.387	227.138
180.569	48.9986
150.219	71.3395
100.969	466.922
411.783	427.026
107.336	284.431
376.34	137.662
178.17	297.473
138.115	367.507
64.9237	222.986
54.6891	453.654
359.159	474.877
113.297	108.022
449.074	471.753
242.262	384.307
29.6586	237.671
474.468	295.957
381.377	44.2588
9.94592	202.652
144.238	9.54795
404.765	469.225
239.186	141.106
208.725	155.657
431.23	277.77
2.46443	465.595
453.234	139.918
49.2914	70.931
18.6867	179.026
145.098	309.38
121.204	226.786
382.282	40.7697
306.542	219.204
483.707	422.906
218.264	148.592
13.2677	242.132
191.493	75.7425
142.291	15.049
124.269	409.792
287.187	255.288
180.417	412.446
174.032	254.826
454.125	16.1071
198.823	468.639
112.495	246.129
4.17192	471.612
148.728	98.1384
472.557	48.2796
105.807	238.733
17.9243	196.108
197.549	87.1218
41.4661	316.279
405.449	86.5889
329.307	383.847
22.6632	215.208
143.454	273.942
322.323	252.592
266.999	64.4017
112.477	292.359
116.164	185.131
48.3753	473.356
315.557	418.071
190.046	55.3055
337.881	211.496
451.694	459.054
27.4701	181.271
380.38	483.96
477.785	498.683
173.425	173.314
433.259	445.642
57.5938	226.071
36.5383	417.331
113.642	426.285
156.208	449.722
1.67039	254.355
234.413	67.6034
44.1407	450.889
162.26	283.761
355.622	332.602
300.039	222.376
144.65	112.154
238.886	106.306
91.3589	277.626
345.385	71.6251
275.361	414.796
435.774	214.136
163.934	437.468
129.473	51.5968
66.8491	226.405
448.086	80.758
461.152	125.22
325.752	188.723
172.753	311.114
240.386	360.132
345.169	104.804
151.106	123.695
254.412	221.163
447.291	458.221
222.988	22.5149
230.7	409.236
468.043	81.2999
410.191	177.837
376.045	106.601
79.5717	492.206
403.533	340.145
243.665	285.289
221.449	291.66
25.3838	456.05
396.319	22.8849
427.578	465.719
321.7	373.119
361.99	225.186
23.7425	399.289
80.0019	284.193
306.76	304.087
289.49	211.199
470.47	309.072
165.801	229.387
99.8227	482.131
482.674	26.1503
418.37	182.579
86.7672	195.365
130.368	277.083
251.889	457.477
302.646	462.323
70.1727	326.768
203.232	350.885
200.329	286.549
336.624	496.521
331.323	6.20565
217.31	182.008
119.778	46.1096
51.6504	134.287
170.16	243.419
467.883	413.638
179.087	450.86
398.907	251.389
98.2134	457.477
341.031	310.627
315.36	131.628
282.511	142.305
108.504	70.6376
239.222	411.638
56.524	457.073
15.0559	161.647
452.755	286.434
155.36	254.615
158.01	164.851
256.099	225.129
103.195	351.831
259.06	469.329
54.4048	418.041
215.137	330.454
77.5099	427.913
474.726	152.497
371.156	320.229
123.734	215.873
89.0412	447.171
60.7825	287.427
50.004	92.7674
173.899	429.034
364.481	392.246
5.23979	182.12
217.518	88.7806
336.445	484.583
22.8932	493.253
39.822	392.955
270.287	312.118
401.291	181.052
239.24	249.218
119.193	8.6727
185.204	300.106
1.64631	113.641
268.878	268.124
495.916	302.698
3.14975	264.055
152.312	240.142
348.895	123.978
67.3889	189.375
291.596	189.109
426.875	306.641
340.274	156.519
489.168	387.803
123.475	168.091
258.417	481.057
137.768	207.458
34.118	245.529
266.422	439.643
149.602	218.6
383.923	119.738
482.4	337.684
140.3	283.856
96.9113	442.725
106.123	91.2127
174.737	337.994
198.765	467.43
400.023	40.2856
417.636	413.376
230.276	453.916
452.509	196.611
59.1862	221.034
388.866	448.424
319.574	403.986
438.594	24.5103
211.452	493.01
137.579	385.439
270.485	389.53
253.652	7.03054
315.1	383.078
129.037	112.772
413.764	119.796
461.478	248.508
73.7885	179.824
136.994	43.7692
299.826	482.432
438.63	475.816
420.38	288.909
340.098	81.4332
159.24	287.479
162.662	478.111
81.6638	346.026
266.225	27.4734
152.678	8.04304
227.255	43.5893
366.478	146.943
331.648	440.68
1.85388	307.36
391.497	224.545
400.696	39.3061
99.1941	183.172
103.544	25.1045
348.113	197.862
138.326	383.995
486.86	473.072
213.356	126.79
398.779	244.216
365.88	59.9108
492.923	198.252
479.145	6.17878
59.267	114.503
242.076	106.861
271.424	438.033
206.393	14.1467
437.107	175.064
259.332	437.272
449.986	222.857
113.778	375.776
410.322	414.022
128.979	420.546
384.32	366.537
84.6439	369.547
388.995	365.153
41.3976	467.853
407.164	365.77
195.921	174.755
31.1136	282.512
116.944	195.522
198.771	104.263
108.56	419.72
248.039	141.141
5.66933	366.731
148.826	428.038
52.9668	418.895
485.474	498.501
12.0567	130.829
337.525	469.389
476.026	312.711
239.651	333.234
175.037	179.833
136.415	49.3075
481.508	121.672
147.626	225.155
183.537	158.535
350.103	392.407
168.78	251.338
63.9894	298.422
333.057	17.1543
47.076	162.615
66.8539	435.546
103.243	364.61
376.135	428.009
282.118	246.973
450.613	131.056
243.914	75.7307
289.212	436.684
178.147	106.036
19.6203	494.956
78.5029	283.716
288.63	132.514
289.804	206.502
382.92	426.7
476.647	463.043
281.101	100.151
417.171	215.69
467.223	337.091
5.64681	470.477
498.197	320.545
428.379	58.9156
450.387	471.944
316.447	81.4812
118.938	308.127
246.626	245.438
364.013	353.415
341.997	375.557
229.481	53.8972
31.3831	4.45212
196.747	47.1997
298.921	213.131
99.1959	213.951
291.199	198.948
389.599	0.422708
447.104	153.306
367.416	334.352
367.653	291.234
288.85	136.774
397.888	207.522
104.771	325.694
426.583	175.781
246.782	330.624
379.46	93.3037
423.115	236.58
153.225	404.503
451.264	489.121
186.485	284.418
140.22	411.932
124.816	39.7047
387.249	358.848
6.95025	224.087
490.527	377.186
339.427	223.87
94.1594	431.172
291.56	192.342
30.454	31.7835
439.612	330.581
253.963	473.655
18.5659	423.223
247.268	176.029
9.39125	420.775
415.868	176.419
8.6657	82.1491
116.802	472.186
379.601	428.004
281.178	264.259
138.769	356.573
191.96	114.588
411.061	458.038
194.77	110.079
429.56	460.254
72.6884	305.637
348.379	2.32629
210.07	344.413
360.313	248.301
420.872	104.04
240.938	73.3669
0.797891	189.13
329.351	305.375
309.138	104.401
394.17	207.577
119.286	177.524
158.906	246.083
135.215	32.472
208.534	363.469
433.298	279.777
290.814	46.777
250.195	4.30813
63.5296	284.034
388.514	83.0188
133.351	471.591
392.221	101.516
139.869	464.824
154.093	228.785
129.265	315.985
27.909	449.068
117.145	210.395
140.666	72.0438
128.712	206.195
87.0167	397.28
267.381	354.975
403.905	125.844
230.423	492.041
111.499	493.28
12.7628	454.169
79.7763	149.805
47.7753	475.06
8.06273	328.702
383.306	316.19
401.55	322.505
64.2286	235.453
23.8	88.6041
422.931	159.807
160.478	178.684
456.81	470.719
256.801	378.888
17.82	489.618
24.1915	381.852
441.129	197.292
402.863	29.9654
390.16	92.8615
243.062	423.561
434.359	442.297
386.168	274.643
89.8937	423.492
276.807	205.777
379.955	317.249
41.5628	185.069
200.838	306.871
93.2282	17.3168
337.202	117.945
299.459	177.43
333.12	418.672
100.261	219.948
461.932	492.21
22.1467	446.209
183.459	293.403
456.129	349.859
67.3193	8.60103
397.217	467.032
443.174	324.328
390.75	113.918
125.006	29.0521
446.713	28.0414
225.029	71.5271
313.249	474.824
130.753	138.611
401.997	203.392
489.233	83.5063
114.685	119.138
66.2486	449.849
207.17	5.32009
360.006	19.4091
61.2235	298.598
1.07818	60.4114
436.372	16.3944
131.585	379.226
425.626	385.755
367.75	360.555
246.994	381.993
58.0104	379.526
174.469	326.678
380.547	156.232
303.166	247.357
292.947	474.354
460.542	306.015
357.906	458.284
9.89513	52.8042
323.162	472.224
283.46	165.402
285.9	381.827
236.567	311.593
372.807	444.871
24.3202	52.0315
366.71	341.421
422.035	39.5914
358.444	204.976
224.022	49.9845
262.381	358.42
466.877	467.797
110.555	453.572
489.154	56.7505
342.689	405.106
142.288	422.293
486.544	32.8274
391.523	44.0958
316.968	357.261
63.8879	378.085
422.079	147.664
82.8848	444.661
6.04041	408.705
261.634	350.835
95.9475	375.281
345.674	456.862
388.426	494.509
436.521	77.8276
358.664	216.672
230.426	489.02
327.656	216.51
433.241	82.7937
83.6231	141.985
259.349	57.171
451.551	102.419
351.19	302.924
201.85	326.765
490.477	195.447
362.893	430.814
248.292	471.083
178.884	282.792
213.087	162.373
87.4645	105.486
92.0609	336.722
471.344	482.628
25.3422	183.977
204.361	235.224
448.726	204.051
351.384	425.804
438.007	397.043
137.33	100.314
193.684	141.779
487.572	435.762
36.3628	261.957
478.201	63.166
398.501	382.454
455.162	206.768
343.24	202.074
462.121	209.521
329.891	229.275
224.832	18.5644
258.535	445.636
202.209	380.931
129.386	208.962
239.084	24.0108
196.896	120.163
209.479	460.244
402.296	309.554
86.3157	369.073
373.258	467.382
275.249	121.966
471.771	345.93
54.3151	53.8718
329.39	177.242
164.138	161.432
303.466	327.077
336.216	166.357
263.77	184.373
347.34	170.31
29.978	332.722
92.6961	410.305
271.195	468.012
415.207	33.7006
122.92	109.248
75.5739	192.075
36.4538	385.2
427.127	169.028
313.895	144.843
294.762	362.902
11.8124	187.443
299.844	87.4972
211.816	226
209.416	360.156
132.942	56.4502
264.964	4.79928
428.078	134.269
106.561	460.189
466.615	10.8747
326.198	350.006
311.526	140.402
363.639	314.661
283.95	399.83
220.134	419.378
116.384	478.219
110.673	335.784
294.982	88.0795
407.034	51.4586
350.887	278.069
359.033	99.7108
451.062	352.661
342.47	23.9119
274.136	324.742
467.002	454.87
385.049	391.616
204.81	430.405
168.827	145.814
255.53	360.245
275.022	380.801
316.276	135.283
351.454	338.131
55.7107	147.844
90.4194	115.247
187.9	146.188
298.307	405.51
415.823	41.7152
5.63286	296.563
108.57	35.3621
460.279	204.151
217.204	351.467
383.766	477.327
407.177	247.746
264.551	322.94
254.353	194.418
466.589	37.1109
242.562	282.235
383.469	350.518
131.209	170.49
219.236	210.849
448.168	274.195
251.751	123.292
435.405	379.107
141.097	100.519
199.731	302.203
230.337	226.903
465.983	354.441
314.695	181.867
255.458	340.2
340.493	372.225
253.483	87.8006
459.313	168.287
361.294	56.2176
381.571	402.631
9.72307	493.122
196.032	398.76
146.127	478.929
288.452	186.661
344.266	297.443
163.404	282.203
147.52	90.7559
409.247	52.7001
206.098	157.398
79.9101	488.114
354.615	263.406
58.1356	244.568
72.0552	138.783
92.0087	471.744
361.703	293.137
238.391	366.955
379.11	280.101
315.187	340.871
106.787	427.626
211.625	6.91625
85.9379	187.186
440.609	439.59
12.1464	158.445
392.012	426.084
54.8885	294.939
377.115	26.6735
189.532	176.878
241.991	250.574
277.655	30.1403
47.8028	195.239
382.602	322.038
242.952	433.087
281.982	127.229
15.2939	419.009
102.747	145.485
32.2083	239.544
113.104	276.19
298.108	363.417
98.9612	19.3304
405.014	187.37
232.085	170.913
210.183	336.381
32.8376	363.165
161.576	288.747
333.555	138.676
271.24	474.826
380.196	80.2145
166.946	213.043
38.5336	135.663
471.853	264.277
365.981	437.661
158.304	37.6972
211.802	383.84
353.607	135.467
390.325	116.976
15.1984	408.857
117.49	297.788
427.364	11.1382
386.318	62.5612
6.81644	150.811
452.143	463.357
332.279	239.044
411.947	234.902
150.642	304.948
7.99246	8.35355
150.705	123.446
413.49	337.676
488.448	245.721
127.978	325.642
286.074	327.923
404.739	117.586
416.073	421.041
444.729	245.296
487.042	210.356
98.3546	164.426
189.052	210.004
360.748	382.985
246.628	41.9708
140.939	46.8131
190.44	46.4166
210.419	445.664
140.434	379.631
437.051	159.524
287.515	124.667
198.539	263.139
348.621	245.84
36.4985	310.497
183.054	224.659
451.44	460.746
239.358	307.939
198.914	134.645
225.265	477.275
64.7782	436.635
82.0197	250.931
478.429	32.2826
351.92	235.867
161.458	226.053
94.0323	73.3528
106.29	459.467
126.916	257.73
202.929	335.579
409.141	202.496
349.321	446.114
249.993	99.5215
121.445	77.5332
257.565	303.564
10.3664	324.456
296.467	404.592
369.689	247.866
287.925	283.552
303.996	333.281
67.9833	356.132
293.239	208.479
80.7838	232.769
291.282	378.943
247.332	357.983
152.677	73.5002
445.074	379.249
22.954	220.16
457.662	117.949
222.73	17.2924
79.3772	386.325
468.421	427.759
161.636	369.186
8.92286	260.593
454.616	237.255
180.18	324.621
456.928	173.083
351.744	191.624
453.899	89.8932
334.33	141.131
300.157	246.215
82.1828	18.4554
227.298	51.5471
441.055	411.426
417.658	420.782
498.233	422.196
404.824	128.539
414.027	55.91
220.534	326.056
403.62	172.354
252.522	55.211
280.726	448.94
140.592	363.268
207.301	395.069
230.023	338.454
145.284	104.331
156.568	189.873
425.841	410.646
368.419	395.698
185.513	244.906
70.0256	0.519129
192.64	46.8002
61.1043	144.115
192.48	421.497
459.537	426.614
63.5805	335.137
212.343	452.023
460.577	474.817
390.743	460.497
462.995	189.847
384.119	66.0403
182.751	174.356
481.604	456.228
467.991	254.975
376.943	405.126
238.229	220.926
283.824	248.109
154.34	187.281
297.165	318.279
440.539	369.302
347.712	85.3287
458.096	15.0609
250.099	152.326
302.322	90.5787
419.858	181.108
119.183	275.325
486.96	468.316
6.93545	137.923
57.8999	54.3773
350.171	415.257
418.692	280.312
440.893	379.942
399.608	327.682
136.432	491.907
10.3441	389.326
432.865	109.494
61.3231	439.684
496.287	60.1808
318.862	48.9112
311.697	161.454
314.495	137.838
141.13	47.5733
496.23	192.261
339.268	388.457
246.002	300.207
23.1134	109.016
331.229	411.42
403.106	86.4482
124.058	342.265
476.972	214.997
120.033	337.586
321.33	395.352
110.677	396.535
198.828	365.314
292.748	199.94
178.543	430.445
105.548	410.811
381.065	412.624
363.533	473.543
314.914	44.56
267.458	10.2307
134.357	78.3586
270.586	7.7783
394.593	432.944
116.888	297.672
433.862	22.3165
138.031	16.2655
267.945	19.8998
23.3875	404.321
66.2361	202.579
486.022	400.846
130.931	151.252
71.2667	464.295
218.425	417.562
480.414	102.129
407.915	345.319
270.138	416.406
406.665	145.27
365.685	333.984
262.755	488.112
184.511	33.6335
445.681	215.524
4.54884	403.519
448.239	320.583
201.188	9.80235
78.7377	165.318
225.485	148.651
248.122	57.3297
279.14	159.869
94.4695	441.544
268.437	395.425
366.251	298.351
31.0192	351.08
23.2956	112.053
264.053	413.07
197.39	9.15178
452.616	340.06
343.37	253.089
149.07	199.133
140.9	136.031
496.259	292.76
253.258	208.157
158.922	361.22
229.317	97.335
488.55	305.06
274.505	316.293
339.412	188.645
277.006	179.015
243.599	58.2265
31.3685	424.78
245.382	449.596
301.987	231.555
340.639	355.312
104.02	464.524
445.665	195.664
382.398	365.512
329.605	213.904
264.377	267.575
492.516	77.7551
197.052	257.811
497.034	209.955
57.5554	51.0054
211.478	453.735
3.69494	322.851
127.511	223.289
454.67	492.936
31.5544	318.596
101.442	191.927
179.421	18.4254
329.142	87.8803
423.626	257.354
378.651	51.0338
143.054	111.475
480.235	258.824
113.641	86.6846
218.805	63.2965
8.88818	109.469
252.109	196.657
264.657	452.763
358.733	128.809
249.546	36.3777
130.153	58.4486
171.614	374.811
75.5889	90.0102
164.476	287.688
139.176	96.6633
18.1378	177.087
96.4365	312.153
491.691	228.033
391.954	34.9542
207.322	333.569
116.525	123.906
489.632	83.0182
118.828	125.389
433.871	440.519
452.942	156.303
362.915	4.29825
429.101	136.423
187.271	412.517
287.43	122.217
260.423	295.833
384.112	133.78
401.862	477.955
209.13	285.022
430.313	250.116
284.615	60.0026
47.0152	290.013
92.8541	436.311
32.5026	457.389
460.366	165.315
197.581	108.935
285.598	412.712
462.845	369.097
300.984	131.844
318.84	397.438
272.988	219.508
465.538	60.9359
56.2153	256.003
189.175	395.158
130.547	388.146
177.791	232.8
429.635	475.449
350.593	203.066
172.422	132.039
115.517	160.567
454.488	191.061
26.846	450.498
436.392	15.2625
53.1329	468.367
35.2206	197.994
201.766	56.1751
286.703	475.77
234.872	483.249
230.813	373.61
26.0071	238.488
209.532	356.059
487.323	133.405
149.689	460.149
54.4335	324.889
134.212	326.771
392.241	23.5052
487.468	148.719
229.363	293.865
421.667	42.8843
52.9642	327.574
239.534	148.337
380.43	334.954
285.62	313.784
101.334	22.8956
430.006	345.987
29.8034	189.291
167.74	494.839
318.844	196.689
400.621	295.799
381.825	336.425
321.938	33.7436
87.6696	43.3161
213.752	211.402
455.094	221.997
206.828	423.22
391.72	43.0022
283.3	147.294
111.589	185.003
269.566	92.7756
77.2959	167.012
49.6307	399.096
199.162	62.098
341.318	155.912
239.328	493.987
468.768	331.293
3.7098	91.0346
5.82743	102.393
171.397	150.64
422.477	292.783
182.474	94.3853
75.3747	106.243
462.137	39.0895
283.893	160.586
158.534	297.962
155.754	213.46
453.13	50.2976
153.292	40.2453
282.544	237.785
205.397	63.4244
203.548	469.783
396.696	256.433
313.921	192.612
273.474	367.117
349.39	449.263
410.535	171.861
281.021	403.96
385.051	212.638
459.907	464.828
316.912	191.479
273.103	245.864
259.182	176.095
290.693	62.4291
52.6667	123.419
39.7169	244.409
94.6327	374.393
397.315	180.767
253.191	271.001
452.281	221.042
226.448	433.911
399.718	222.025
212.611	221.383
461.302	483.074
337.392	172.954
15.8135	232.018
163.604	416.151
263.308	331.626
306.869	55.4666
182.317	207.945
120.951	94.9145
430.509	100.117
278.222	279.103
305.867	64.8109
156.852	32.7066
207.565	39.5497
324.3	498.452
379.431	468.438
228.627	305.033
108.873	52.6102
101.615	305.548
164.548	310.279
438.484	221.267
302.71	402.485
43.9812	301.064
308.774	480.144
239.315	146.915
304.481	147.135
389.642	320.608
98.2162	94.9573
255.612	466.551
438.507	441.302
246.285	230.396
449.391	197.775
271.694	372.021
408.735	339.417
268.207	344.11
142.348	60.6681
274.455	301.39
469.52	354.397
340.574	261.515
463.636	353.591
163.641	184.505
356.565	314.84
299.116	291.03
98.0898	445.096
85.2863	191.454
430.887	480.615
316.482	257.089
451.128	116
81.1654	324.35
169.311	300.649
41.5652	484.001
103.013	316.698
489.3	92.9276
351.716	211.691
6.79361	26.8566
395.882	114.707
193.331	290.246
329.602	127.426
417.449	366.831
4.66761	465.737
466.484	402.465
32.0651	292.235
396.632	468.694
338.976	290.089
58.2597	177.073
240.671	50.068
250.305	388.835
479.797	339.531
143.415	484.051
205.23	172.451
111.318	114.573
356.988	372.533
128.047	85.3255
84.5975	394.178
302.116	310.455
467.68	108.633
361.496	351.09
256.733	491.875
219.891	340.968
20.6918	392.349
473.962	147.702
314.996	300.91
166.274	417.819
117.191	123.554
253.071	263.088
51.8893	203.167
459.136	476.09
375.281	475.099
192.058	114.858
114.825	116.958
166.721	443.43
320.698	281.278
16.1816	484.43
381.942	108.62
78.3135	499.975
1.98808	122.978
213.617	328.79
215.968	381.364
376.793	47.445
455.935	199.457
78.9192	195.593
227.566	479.165
269.749	445.53
474.482	112.511
72.663	16.5151
228.808	449.415
259.374	212.98
122.062	470.611
100.979	460.82
368.32	144.978
445.986	374.563
387.917	170.351
412.142	155.662
407.635	464.544
37.0525	460.824
34.8119	55.1352
226.313	492.375
317.855	74.7822
252.361	405.793
142.54	486.052
410.781	33.0089
108.471	424.684
248.524	423.474
376.357	182.183
125.232	418.053
231.419	80.8542
361.697	108.152
317.863	93.7913
460.342	11.0476
294.277	53.6334
70.4149	362.72
340.39	49.1037
123.085	202.463
119.568	294.761
498.09	348.393
369.012	85.9073
36.585	401.242
309.741	247.816
330.429	491.944
32.5017	494.254
1.61282	281.885
445.727	264.619
150.981	349.36
51.1682	119.364
186.9	69.1842
240.778	285.352
95.7911	98.9329
60.5356	122.303
187.437	25.5122
368.717	486.771
388.619	46.0518
38.9005	8.65199
37.5364	491.475
428.302	428.64
370.051	344.273
349.318	312.994
466.497	320.783
267.188	148.964
85.259	52.963
149.728	479.756
200.148	496.436
31.7569	443.778
239.697	231.593
227.51	145.59
441.929	428.353
281.628	459.419
236.622	119.215
4.8555	35.9718
131.142	354.694
453.231	174.48
352.389	330.581
15.378	417.248
223.232	240.053
333.336	417.651
171.727	20.7524
445.715	125.138
482.334	250.685
163.867	295.935
19.3744	311.875
64.6332	68.716
177.621	321.346
220.4	94.1355
15.1149	26.2507
108.705	215.891
153.481	472.075
202.528	324.314
136.371	116.205
494.405	471.531
44.085	334.089
107.982	295.858
398.677	362.247
49.6112	118.857
468.12	102.019
350.779	157.098
286.666	447.047
499.822	280.418
346.101	161.038
212.553	292.428
440.352	159.905
7.33932	297.844
168.184	372.103
244.414	404.392
390.25	492.849
2.25564	345.069
342.399	90.642
274.667	25.3428
492.837	197.869
13.6987	109.591
361.702	137.161
318.011	272.726
463.745	285.495
6.40604	97.9309
352.633	43.7521
24.0195	117.845
159.94	279.528
280.337	302.915
439.337	328.992
492.457	338.264
64.2544	287.856
30.8218	234.602
414.673	425.509
320.511	348.275
437.669	476.633
305.033	313.269
465.065	168.218
6.27841	419.658
428.488	474.434
476.938	47.2583
459.615	383.262
56.3961	157.753
387.074	74.2629
61.7847	221.154
272.374	264.038
332.581	72.7792
184.725	129.196
70.5104	106.265
312.601	32.7859
415.214	454.283
482.53	273.458
236.884	121.793
45.6536	489.833
215.091	295.41
275.542	439.547
468.092	91.325
257.79	286.768
270.394	138.888
495.19	54.3447
348.078	269.251
297.813	51.6858
450.584	246.22
272.49	95.523
72.581	459.145
172.284	378.332
55.3085	38.0928
266.092	12.0179
227.158	200.878
356.498	291.89
238.716	299.263
158.492	244.378
408.208	231.274
415.681	411.993
225.595	44.9777
285.53	440.914
131.083	116.953
41.6508	482.426
153.065	331.823
269.119	388.289
132.955	431.299
476.07	199.951
119.028	257.82
122.974	492.885
253.588	241.994
161.762	7.90824
77.1486	373.557
463.038	84.6378
101.344	361.184
55.5177	225.12
301.871	133.016
242.913	471.477
446.957	65.8276
97.8835	482.154
284.294	333.954
34.8566	356.97
160.461	152.982
45.8081	128.189
200.302	319.187
31.9355	258.551
253.686	155.141
440.313	253.551
218.638	371.193
4.25296	132.893
92.3373	326.688
285.785	326.491
488.864	88.2863
30.6342	327.14
284.118	23.2178
329.501	159.785
401.495	478.169
160.445	58.3196
467.256	8.26488
309.692	249.261
312.337	255.83
317.192	43.9365
79.9988	88.9283
257.24	97.5423
83.0705	246.244
1.63656	30.1212
401.814	327.316
213.936	444.258
320.841	346.142
117.997	449.58
91.7743	71.786
409.472	198.968
482.867	214.392
39.3123	74.6105
29.344	316.104
497.414	14.8327
141.973	468.447
104.429	476.008
107.228	489.796
352.038	285.021
37.8389	420.406
217.14	240.185
278.13	130.736
132.961	176.377
374.391	487.011
170.235	357.249
124.345	390.271
143.331	397.483
370.143	344.674
412.229	224.319
105.837	42.2212
343.365	247.932
371.473	220.753
267.106	341.036
23.8981	19.1481
253.813	491.673
239.209	459.337
302.335	94.8194
178.969	400.847
452.745	425.42
75.3806	417.059
496.78	390.613
198.83	270.156
95.4513	488.112
318.761	299.061
367.79	338.382
54.42	385.54
263.686	428.967
333.468	201.34
112.502	1.67246
228.872	343.658
364.094	54.9106
440.866	480.101
337.488	294.434
336.27	440.707
362.444	50.4653
90.8543	315.942
76.5849	53.3978
283.492	489.533
230.006	472.394
118.101	375.593
52.7065	191.965
45.3159	307.348
81.4369	169.369
331.539	316.305
270.517	267.022
420.198	480.593
111.56	107.642
