Saved a vector of rrt <nodes> points.
X	Y
25	475
33.83	470.306
38.2635	461.343
47.7284	458.115
55.494	451.815
62.7017	444.883
69.8934	437.935
69.7469	427.936
73.5395	418.683
83.4093	417.074
91.198	410.803
19.0092	466.993
89.1011	401.025
100.33	414.878
109.037	409.96
118.918	408.422
19.0242	483.018
125.27	400.699
135.239	401.488
123.46	417.331
102.992	424.517
132.861	420.741
62.0991	459.323
142.659	422.739
152.567	424.093
161.805	420.264
171.759	419.298
181.541	421.373
64.314	414.824
55.4291	410.235
191.539	421.555
197.822	413.775
204.296	406.154
198.095	429.107
71.9866	460.819
80.3476	466.304
86.1949	409.848
214.234	405.04
223.822	402.2
232.833	406.538
241.591	411.364
250.296	406.442
88.3566	472.293
260.219	405.202
269.897	407.717
189.629	408.041
279.554	410.315
163.358	430.143
278.712	420.28
285.154	402.031
200.677	438.768
283.495	429.062
284.96	438.954
293.869	443.496
184.987	415.48
303.85	444.117
161.481	439.965
246.345	420.162
78.4783	415.639
312.277	438.733
82.3583	480.294
171.481	439.91
79.7943	454.571
31.8012	479.332
321.545	434.979
87.0151	471.348
329.988	429.62
291.612	436.563
194.011	446.223
202.412	420.476
334.648	420.772
111.606	418.554
343.539	425.348
171.935	449.9
336.142	410.884
200.713	453.645
341.227	402.274
81.3942	490.247
308.1	453.169
353.381	427.119
155.095	412.85
208.354	460.096
49.7268	402.021
97.2938	476.779
143.346	428.687
362.07	422.169
204.732	441.429
20.6284	482.125
280.718	413.222
89.6868	495.836
358.141	435.914
372.052	421.555
380.93	416.954
384.962	407.802
391.887	400.588
392.741	390.625
389.748	421.671
397.595	381.882
394.806	372.278
393.264	362.398
387.937	353.935
343.74	402.085
396.741	428.818
387.34	343.953
362.265	445.024
407.556	381
391.417	334.821
359.336	454.585
382.881	329.612
406.73	428.345
416.259	431.377
377.056	321.484
41.7963	479.644
381.466	312.51
377.476	303.34
92.7105	493.771
371.874	295.057
425.121	426.744
362.293	297.922
281.252	448.242
417.074	377.935
373.309	285.161
420.623	440.375
354.538	291.608
426.603	374.901
377.9	276.277
433.155	367.346
387.503	273.486
119.78	406.957
374.948	266.722
370.058	258
375.118	249.374
390.324	372.437
368.003	242.348
368.658	232.369
361.435	225.453
376.865	226.656
367.505	231.966
381.619	217.858
362.43	289.395
356.167	216.953
131.502	429.258
203.798	468.997
353.874	207.22
391.614	218.174
356.643	306.173
184.329	430.976
349.477	198.238
354.321	189.49
168.89	459.425
396.935	270.164
435.806	357.704
355.597	179.572
353.132	169.88
400.957	221.739
361.67	164.674
343.195	168.767
333.199	169.064
358.097	243.713
367.378	156.463
146.381	411.507
282.981	455.836
323.332	170.689
53.1079	419.962
438.487	348.07
313.519	168.762
304.916	163.665
295.072	165.43
304.314	173.647
298.907	182.059
271.642	405.544
383.157	264.78
285.847	161.57
278.837	408.784
276.877	157.15
267.054	155.279
107.09	400.151
364.509	463.144
104.119	469.47
110.638	461.887
153.585	408.048
206.346	478.667
377.199	154.578
302.661	154.4
259.93	162.297
280.787	437.313
96.7023	466.913
444.758	340.28
250.17	164.477
429.057	445.748
243.159	157.347
40.9274	406.771
235.296	151.168
32.7437	401.024
226.557	156.03
216.99	153.122
208.673	158.674
26.4668	400.699
252.253	174.258
438.188	449.824
226.84	166.026
201.655	165.798
248.566	183.554
196.66	174.461
187.577	178.644
247.806	193.525
372.182	446.305
177.871	176.236
377.611	401.022
148.457	432.541
445.731	456.39
171.464	183.913
451.82	333.2
162.033	180.586
410.411	218.48
152.256	182.684
452.373	448.914
142.919	179.104
150.584	192.543
351.401	460.671
384.152	370.099
378.073	394.262
247.072	203.498
194.599	472.92
133.142	181.204
126.368	173.847
374.18	370.84
122.932	164.456
264.236	162.633
386.881	152.077
48.0636	473.594
414.57	227.574
424.495	226.35
455.527	323.913
58.0059	474.666
118.307	155.59
129.921	402.994
380.792	441.219
110.551	149.278
214.767	484.06
15.7603	457.536
443.124	331.649
106.192	140.277
461.188	444.193
396.713	150.25
403.476	262.6
428.532	347.121
257.634	195.368
368.619	218.497
150.64	202.543
79.0028	446.813
240.715	211.217
379.22	164.372
230.748	210.407
226.593	401.95
112.185	132.272
113.365	122.341
454.26	343.395
102.56	495.501
223.285	203.751
25.8452	480.787
148.915	212.393
21.3949	467.475
433.652	222.332
156.495	446.401
457.666	345.433
221.738	170.569
211.457	483.307
242.554	221.047
218.584	212.577
230.262	165.123
386.153	168.898
412.54	446.263
122.95	119.491
106.065	115.507
223.706	479.577
80.1777	469.444
98.3205	109.181
229.166	217.007
240.434	230.819
295.274	180.296
146.053	221.975
151.197	230.55
16.7099	447.581
102.821	155.623
271.214	440.205
142.673	235.778
437.514	213.108
132.117	123.486
137.315	114.943
155.681	239.489
463.451	317.813
372.624	416.243
213.642	201.103
105.4	434.223
139.394	105.161
309.86	463.012
102.071	412.296
425.064	430.807
132.676	235.516
471.183	311.471
92.1954	101.276
222.102	487.927
239.728	240.794
88.4705	91.9955
466.388	452.735
441.698	228.27
205.445	201.546
84.0665	83.0175
173.93	167.045
205.828	211.539
145.446	97.2001
139.136	210.303
409.462	372.757
247.508	247.078
368.862	390.37
374.989	301.845
101.28	116.603
451.015	224.636
99.5321	429.521
242.543	403.171
122.676	235.519
237	235.149
346.814	308.016
380.041	296.856
154.845	249.454
368.343	306.88
154.773	93.5949
132.156	205.739
112.559	495.631
157.876	84.0886
206.251	431.233
75.036	87.3129
128.474	162.972
96.9391	163.71
190.696	411.631
355.6	415.928
377.998	352.83
113.587	155.136
281.843	465.771
340.374	178.361
411.086	269.088
442.528	238.236
87.0694	165.319
160.901	228.133
446.932	247.214
77.9259	161.27
114.455	241.212
89.2966	74.4942
156.891	190.631
249.694	256.836
165.596	178.844
84.349	65.8039
154.566	203.173
454.812	253.37
106.016	246.577
196.956	216.152
358.625	304.147
338.864	185.721
167.607	232.582
344.197	158.818
366.813	472.874
158.483	74.107
215.324	191.245
68.082	163.03
209.858	478.257
75.4475	61.2473
66.1509	57.563
440.736	203.641
21.3227	483.343
99.2656	468.003
153.835	414.93
59.1615	167.55
464.49	352.743
99.968	254.541
92.2733	248.154
167.738	70.3205
383.64	323.65
308.367	185.301
130.205	439.173
65.46	90.1939
147.298	115.523
56.9832	61.5571
63.5997	100.019
177.191	67.0588
432.449	458.013
448.492	197.329
376.813	472.922
85.0123	255.03
111.261	421.833
460.717	222.214
150.532	407.164
187.045	68.7624
243.539	264.717
187.893	58.7984
118.142	468.498
359.846	480.048
196.613	71.6705
365.428	254.296
248.707	273.279
351.805	228.15
89.7973	57.4184
71.8324	105.696
380.29	482.298
263.707	414.152
120.56	490.826
85.8222	264.997
383.139	243.402
50.4489	172.458
226.375	471.727
354.97	293.226
163.656	254.184
396.422	359.42
89.9159	274.121
336.997	309.92
347.921	402.127
355.138	293.565
153.867	456.05
397.548	277.188
306.534	195.132
179.446	422.293
206.444	69.8413
428.209	467.069
327.351	307.282
162.071	264.057
401.035	157.64
285.696	411.576
477.346	303.596
143.587	195.212
115.37	228.691
439.758	442.455
109.367	463.579
410.388	154.101
181.851	50.8306
396.157	394.864
420.778	473.761
75.0875	256.254
233.459	481.783
233.796	266.97
403.317	398.292
378.088	399.017
199.911	81.1108
405.073	252.728
158.425	184.605
64.4733	409.721
103.132	440.154
133.375	124.654
58.7495	157.558
293.401	150.625
331.66	418.249
420.375	153.6
355.146	284.307
420.028	483.733
470.716	222.115
214.66	75.5429
355.634	282.698
437.153	323.627
371.192	379.031
223.761	71.3998
97.0938	142.392
84.1177	282.268
113.762	252.901
432.566	420.067
321.445	439.776
66.3935	47.566
209.393	417.981
365.694	372.884
74.2899	284.116
65.0875	256.245
188.269	43.1617
104.363	487.132
414.812	254.997
398.031	327.321
412.423	208.685
130.495	489.693
441.296	415.191
65.3121	89.0039
161.702	254.404
408.019	260.947
450.412	440.537
200.625	486.869
215.201	453.549
445.409	360.492
389.747	260.261
416.629	455.377
430.123	151.367
377.142	433.802
386.687	313.704
230.923	64.4208
385.621	361.142
60.2892	39.6453
457.375	192.736
478.755	228.063
244.021	266.14
353.355	468.62
128.926	121.145
99.0407	430.811
108.768	154.689
345.951	475.342
350.66	233.175
444.205	188.294
156.41	405.124
41.0201	175.789
240.921	64.6115
138.706	89.8121
385.929	297.027
55.1627	255.021
65.0787	288.009
217.262	218.95
440.118	151.054
366.708	408.181
210.912	438.173
470.173	439.803
205.89	176.806
306.93	460.24
382.192	368.399
180.651	36.6835
171.911	49.7348
206.264	88.8339
46.9886	61.2278
33.1233	181.924
245.746	282.831
164.646	95.1869
336.524	472.552
53.7365	101.668
90.1509	47.4247
147.491	412.479
450.095	150.382
401.327	227.188
389.538	245.662
57.4453	458.42
83.2852	498.121
55.3398	290.279
441.019	184.321
241.599	74.5885
375.697	343.098
48.4162	283.063
473.183	298.29
393.905	175.216
231.761	201.214
249.746	59.9076
123.728	421.796
397.832	252.479
422.429	465.265
46.6187	108.692
50.2853	443.741
257.371	53.4384
98.5428	41.9863
167.463	246.688
23.6821	178.628
171.843	266.177
57.958	465.112
19.1604	169.709
478.489	238.06
267.245	55.0221
62.8994	435.366
277.608	408.299
50.4258	298.988
145.155	211.428
36.8677	110.909
44.9106	275.867
85.4234	416.425
405.202	325.199
220.828	436.881
79.2791	283.727
275.844	60.126
247.014	177.574
16.644	449.753
392.518	208.215
109.044	220.946
65.1963	174.436
471.099	324.257
223.175	62.1516
284.69	55.4611
360.498	282.385
31.4505	119.315
293.282	50.345
26.8058	489.094
240.118	239.731
103.223	33.1492
332.598	191.081
464.575	195.681
188.456	30.4328
420.181	352.624
275.878	70.126
86.591	256.491
467.66	214.417
40.6129	300.913
77.8009	165.545
298.311	58.9885
251.834	45.1116
398.775	435.527
245.711	83.7037
392.127	405.198
148.869	206.878
178.304	273.81
31.3041	186.502
306.91	53.885
192.208	53.6057
318.718	312.328
107.013	418.205
45.6027	252.087
207.441	65.4567
352.169	242.556
35.2205	273.397
51.32	278.615
84.6368	39.0823
395.23	277.309
449.303	465.73
20.3073	188.041
234.769	239.456
84.3041	170.281
93.4104	31.2235
152.126	438.366
140.495	489.751
428.463	470.31
177.933	283.803
67.4085	98.241
162.347	52.6551
479.264	443.968
116.124	421.496
232.568	268.599
253.341	401.492
95.5328	476.007
125.255	461.469
249.596	92.9182
23.958	440.691
410.213	206.865
206.294	207.682
434.67	313.94
392.079	255.949
211.743	227.289
31.6262	102.393
418.77	474.29
225.787	55.7349
219.094	172.751
112.446	29.2851
308.733	312.872
155.367	255.339
311.802	62.6068
37.3731	310.374
88.538	179.341
320.132	438.796
42.278	319.088
76.3414	114.622
225.141	199.01
386.471	362.671
323.752	186.416
174.126	98.3677
16.4864	401.325
279.175	421.86
40.6665	166.559
77.6342	76.2528
476.989	300.066
363.567	174.941
210.637	178.568
242.737	485.514
368.824	158.558
135.283	227.043
420.941	484.572
314.201	47.0408
89.5793	265.783
417.068	352.341
47.5411	242.277
225.562	275.735
193.564	21.8358
27.6833	266.825
428.306	306.227
156.207	79.4656
199.124	496.756
455.94	447.179
449.43	341.895
451.266	415.972
459.544	410.361
292.705	40.3616
330.917	442.982
399.709	160.636
278.609	79.7459
450.889	348.263
319.267	69.2607
442.658	157.128
356.903	489.605
184.157	270.134
449.41	261.786
346.691	196.767
226.951	73.6493
280.474	89.5705
155.516	64.701
226.227	429.312
306.957	196.182
293.971	30.442
42.5445	277.45
334.2	414.965
108.457	34.8949
323.396	43.1084
328.319	478.27
69.2381	87.3984
126.24	110.87
195.772	199.008
315.93	302.725
377.61	341.907
333.14	40.8602
89.0699	238.681
175.394	293.475
347.712	303.508
136.219	428.448
234.596	257.002
346.645	191.745
120.672	466.868
473.522	288.296
438.998	437.545
72.9584	74.7631
258.982	89.468
452.2	244.129
153.188	217.774
181.683	260.445
257.718	65.9438
374.278	490.289
384.755	440.602
396.913	320.578
227.249	494.614
167.198	299.205
226.223	428.46
282.518	467.943
315.552	188.892
114.661	477.873
122.902	473.485
453.803	413.469
203.642	155.591
242.19	99.6374
208.748	181.299
473.094	460.153
33.565	323.996
188.739	442.86
474.767	440.468
267.178	198.353
93.9281	187.764
148.769	484.135
336.815	418.99
321.729	33.2482
171.653	223.438
468.785	406.54
246.736	292.782
9.22932	485.033
371.924	470.638
21.2572	274.487
210.75	97.771
186.033	269.553
344.099	431.218
125.851	155.509
94.7842	166.619
430.198	483.826
438.799	373.816
246.732	36.5109
114.965	247.316
340.482	47.6496
392.752	403.838
392.933	199.32
226.909	192.085
306.567	195.076
81.3381	483.071
90.3404	290.096
250.041	302.22
406.124	205.483
64.465	482.3
194.51	89.5263
477.929	468.906
428.024	159.266
463.66	258.029
191.317	257.764
355.797	374.315
350.091	44.8808
27.471	308.978
107.239	116.226
413.583	227.118
398.371	169.25
433.34	197.661
32.1	120.483
334.422	414.925
28.6318	92.852
302.314	179.052
301.611	319.892
157.736	295.968
107.69	258.789
360.074	44.2964
45.0741	442.292
49.3489	118.312
49.2401	154.464
471.801	263.837
187.287	409.365
53.8926	149.467
192.807	276.909
426.311	190.547
410.043	483.185
309.539	429.115
407.791	320.979
405.083	311.352
72.8108	123.978
467.567	259.147
81.8158	105.471
262.743	98.734
46.2969	483.167
328.135	73.8825
304.764	329.382
276.428	401.161
359.104	160.59
88.0135	191.382
164.308	269.651
16.5905	283.331
221.752	282.072
407.619	492.886
338.04	75.2564
37.0288	87.4215
215.645	419.983
408.127	226.864
32.0381	402.733
57.0933	83.3073
327.01	406.809
203.31	232.663
465.362	325.53
388.789	383.105
359.151	251.498
117.25	415.164
187.356	58.1123
313.573	334.114
374.066	327.218
129.525	128.057
128.584	422.895
383.732	414.847
280.815	163.663
239.216	54.7578
485.462	225.267
66.5876	436.358
90.556	300.094
338.406	85.2497
286.624	171.803
265.776	159.748
152.339	304.386
335.315	33.9703
144.968	169.976
352.414	205.853
24.2787	177.503
217.024	415.974
116.016	264.327
20.8626	268.394
181.132	220.66
364.117	328.23
159.174	178.914
47.8216	327.411
125.641	419.254
171.108	33.6956
405.667	436.241
182.675	448.967
102.499	131.722
368.857	39.5163
13.0163	410.703
251.139	27.5346
97.4333	442.193
72.5178	105.02
176.921	286.12
463.53	287.909
70.4761	290.819
473.544	477.894
40.431	291.664
9.16042	169.677
417.257	267.414
148.309	212.873
371.303	331.1
372.534	466.827
363.274	31.22
234.672	155.916
18.7731	94.5271
239.811	406.712
239.591	483.481
163.729	453.854
405.319	229.163
129.387	86.1861
299.398	22.043
19.343	258.51
126.825	214.199
387.401	277.231
450.665	200.032
243.492	181.855
368.951	278.475
98.14	278.837
364.216	21.2645
402.712	364.671
378.723	37.8813
177.357	234.801
44.3865	321.769
109.717	455.057
353.641	282.913
62.3063	438.29
174.314	439.237
85.4666	258.299
269.665	424.688
241.033	39.6429
57.8199	327.594
90.0206	30.4677
380.527	412.802
470.123	187.362
403.884	164.067
112.623	24.135
119.914	240.151
451.889	348.079
382.348	351.799
166.98	175.522
16.6992	197.368
468.646	285.515
96.5944	308.065
52.38	471.027
9.46179	256.973
255.674	164.157
61.7906	151.985
232.331	495.769
192.323	286.898
173.966	157.045
387.727	33.5325
18.5875	494.791
175.798	169.423
394.47	40.9173
471.145	460.341
283.463	477.898
449.267	415.052
403.405	36.4258
486.214	436.777
307.954	342.386
182.633	97.8575
100.579	403.237
169.774	300.845
299.452	55.8374
381.259	177.618
422.047	232.739
117.928	482.788
341.446	94.7765
429.476	296.296
350.356	90.2357
59.4766	104.91
272.367	468.967
305.024	69.9594
240.265	206.493
458.443	155.888
87.1595	311.379
180.074	436.417
443.428	310.058
191.095	487.387
60.2965	300.591
142.737	301.591
164.795	184.587
356.262	333.882
454.887	463.291
355.952	470.807
386.664	415.774
28.3664	433.953
431.449	186.789
221.563	473.179
32.4856	426.328
116.797	274.297
16.0812	160.195
148.508	160.624
172.138	157.532
116.571	40.7394
279.732	418.438
306.91	79.7801
373.269	457.16
246.273	18.7984
157.02	480.54
127.546	164.454
463.56	478.448
435.711	288.477
269.805	46.3322
482.633	222.648
230.061	167.887
433.047	325.687
345.693	44.5621
360.189	92.0566
467.533	151.72
417.439	162.638
8.99144	246.984
86.2002	191.115
411.349	30.352
454.001	284.873
148.58	313.653
481.724	483.647
21.9409	291.78
346.37	485.333
409.021	44.6998
197.943	438.82
318.289	198.51
458.331	486.972
298.255	23.1492
409.142	492.354
448.788	180.379
147.066	323.538
200.271	14.4185
54.1733	456.753
291.656	320.841
281.952	323.258
414.432	172.175
147.101	107.074
196.566	295.953
298.147	154.968
421.34	29.9309
9.78985	98.9204
366.777	481.283
430.726	33.3801
443.535	325.787
439.562	316.496
452.712	314.317
290.328	420.183
277.927	456.713
90.2655	281.982
352.637	99.9722
366.829	99.5332
252.09	481.976
40.4613	260.2
477.511	152.373
164.472	151.148
196.965	400.042
439.856	29.3004
386.763	471.919
422.018	193.802
12.7694	155.017
243.122	429.628
296.99	412.726
481.468	261.278
299.717	456.724
407.057	452.03
444.266	38.2756
384.297	175.6
124.095	77.7012
224.988	474.831
300.858	306.709
349.082	402.561
289.341	485.988
391.961	304.703
453.435	42.267
252.525	83.6467
37.0012	461.54
30.6976	333.576
385.773	195.235
226.52	285.729
305.535	349.618
98.3335	90.3463
84.2189	259.932
32.5905	298.623
117.014	410.324
262.11	186.425
423.538	429.771
196.177	55.1948
168.59	278.483
53.5253	328.52
417.374	251.427
293.902	45.7573
399.019	487.783
388.237	418.511
458.289	325.124
252.418	303.236
82.0778	422.117
46.9329	246.747
439.011	438.831
27.2798	85.1976
11.5595	183.783
169.151	213.756
330.803	446.229
471.437	181.01
443.736	178.733
357.258	259.311
247.741	20.6127
368.516	12.2361
257.612	64.4431
341.331	195.932
427.099	269.186
192.026	426.442
480.017	188.815
402.316	252.393
118.134	476.228
35.1763	302.738
229.404	224.309
51.0451	232.911
62.2976	336.536
115.96	453.562
173.86	309.973
103.671	482.707
406.827	428.174
234.415	465.781
371.672	457.839
450.441	404.051
263.912	184.373
74.7235	246.26
58.4298	345.758
236.614	255.701
475.812	311.76
125.008	421.258
229.661	402.602
137.853	327.427
336.512	177.412
245.21	36.6598
333.47	196.677
190.783	205.595
164.194	26.4703
193.534	210.736
18.1301	100.683
232.864	196.87
141.426	336.767
102.284	316.288
126.879	100.891
393.428	50.8628
9.29514	290.171
481.793	231.571
331.211	474.064
269.464	460.491
124.679	125.023
467.958	326.469
299.589	19.2609
334.91	53.0998
273.492	328.589
463.428	41.8923
311.82	323.621
475.547	257.63
195.72	82.5944
390.838	60.5216
124.713	259.391
179.058	161.215
169.108	303.836
373.372	410.76
444.132	356.018
434.6	479.023
463.753	35.9451
363.973	239.988
483.347	213.627
102.446	488.022
356.913	343.861
472.675	298.577
18.3487	475.119
88.109	155.995
329.956	83.6426
108.918	210.947
412.618	197.258
8.91944	236.984
343.135	190.275
82.749	192.952
199.652	464.274
467.133	217.667
14.0537	203.984
378.361	167.756
467.074	474.532
93.9285	487.798
101.17	326.226
91.118	438.841
104.192	335.759
163.819	23.7519
253.657	474.498
82.8787	230.828
26.9596	75.2027
406.697	418.175
58.9542	272.308
105.026	345.724
10.9051	483.531
422.95	368.625
45.2907	432.294
85.4568	221.166
455.081	52.1306
465.212	313.479
134.865	464.233
476.866	279.683
134.51	261.396
62.0655	246.713
49.8062	76.4591
62.2679	271.845
320.109	81.9018
94.0109	39.4975
159.742	172.365
90.2152	415.584
55.2614	126.377
442.617	318.37
401.696	497.133
106.275	305.558
154.178	21.098
348.617	307.482
109.612	23.8653
381.371	25.8126
411.002	451.412
388.015	365.468
83.542	171.803
132.802	190.713
148.551	495.676
63.9792	452.835
415.951	208.489
90.8771	465.442
148.58	291.948
309.143	318.793
469.541	330.525
299.689	174.923
296.772	46.0232
120.29	17.7154
407.26	188.814
248.917	312.603
474.042	398.033
182.209	283.666
350.17	305.334
459.398	61.151
319.534	91.8853
153.895	466.005
479.534	330.883
409.836	213.402
22.1953	467.229
237.635	405.854
311.464	58.4366
141.876	346.757
182.907	72.6864
470.777	28.8271
130.065	19.826
322.256	486.221
399.286	155.713
138.429	407.532
206.992	7.01364
88.1858	211.546
230.404	213.493
156.61	437.515
176.451	454.138
457.902	55.2261
207.879	176.399
279.551	336.544
336.509	166.883
192.138	212.2
426.654	41.4916
184.512	44.6139
58.6479	487.631
317.079	161.376
232.714	34.0942
199.732	305.439
484.021	251.609
157.794	317.537
302.883	331.909
487.984	491.445
323.861	26.7136
166.765	427.922
149.74	12.2998
285.548	98.1876
125.258	45.6932
451.715	421.418
249.37	166.294
226.088	74.6808
34.3536	196.025
457.414	70.9523
66.198	87.0865
488.71	189.746
477.006	290.724
17.7549	71.2946
202.701	278.364
425.602	271.136
449.296	329.742
42.8794	426.692
384.469	68.2309
24.6629	64.0641
8.24964	74.4009
11.4458	209.707
455.253	80.7161
6.44758	95.8859
337.389	426.707
22.9711	249.191
237.554	68.0481
390.271	411.9
161.16	33.0349
23.2969	340.301
261.106	26.7209
103.185	23.3558
137.447	233.285
25.5773	249.737
162.866	419.924
84.6553	448.364
452.877	399.464
231.706	64.1788
60.9352	441.034
316.437	427.589
393.32	188.675
145.008	100.921
388.722	221.145
170.074	409.441
191.892	216.145
467.401	71.4604
362.718	291.622
9.11987	417.293
309.643	93.3601
358.038	46.4385
422.264	279.64
31.6103	204.643
451.275	89.8907
160.695	35.5012
93.5576	461.236
177.206	173.271
208.148	310.839
474.475	211.932
326.703	302.089
455.991	465.698
150.609	485.412
357.261	396.808
160.06	205.039
197.646	445.752
144.91	320.517
245.221	160.551
147.76	476.38
476.341	242.68
454.712	153.804
478.524	35.1504
458.664	96.6284
398.274	67.2083
208.664	314.005
214.281	188.082
362.024	234.215
43.6374	110.676
360.504	8.9578
141.77	130.088
405.021	250.159
187.745	215.287
185.1	476.045
184.7	291.11
417.177	172.763
287.029	59.5228
168.814	165.674
249.886	228.032
129.927	130.718
67.1454	254.099
27.4317	349.406
196.623	232.561
218.605	51.6979
448.443	376.458
271.647	337.666
484.866	42.8818
107.063	345.094
282.643	468.845
414.804	381.625
359.74	474.313
171.208	54.9062
99.0789	76.5693
146.561	343.55
119.348	84.0405
119.462	48.3734
204.806	498.64
77.1804	130.674
171.029	228.05
245.732	236.065
25.8066	287.021
422.986	198.107
165.653	422.752
412.791	377.71
259.295	53.9453
139.246	23.7886
228.137	42.9855
475.1	296.919
354.174	153.837
112.824	241.319
223.953	49.884
265.184	444.37
242.987	28.3614
269.843	438.154
269.422	418.787
110.794	111.314
364.755	338.754
139.355	263.146
373.962	489.623
466.068	391.999
28.0272	457.128
63.2307	102.526
195.376	443.944
304.417	469.266
90.4868	402.112
389.518	195.451
7.87375	401.099
261.055	28.8085
113.722	103.676
86.3658	244.317
361.11	363.997
95.171	484.207
164.767	479.52
385.03	155.019
403.052	441.309
206.933	21.8763
179.436	416.314
121.71	278.488
441.032	296.944
487.905	52.4089
191.345	223.797
346.277	179.035
100.663	66.6957
439.474	249.529
281.365	319.472
411.846	343.813
214.873	403.048
163.784	269.642
139.386	87.9551
263.141	342.924
99.3989	480.433
126.514	418.872
94.2941	225.846
190.2	307.727
31.2881	77.114
1.46012	246.673
414.799	283.386
399.42	399.665
120.304	113.336
340.022	428.161
98.9968	111.898
482.648	444.607
201.163	185.803
18.2802	56.366
67.278	306.916
24.8881	450.366
457.1	356.708
15.3183	185.352
145.744	489.691
470.581	383.075
424.775	331.306
401.141	326.328
73.1147	190.273
111.524	15.1704
377.322	240.165
433.125	180.143
227.389	36.4055
299.196	487.683
196.987	226.648
150.323	21.0714
51.9786	315.261
462.502	224.934
357.209	250.7
74.161	89.3448
95.6547	16.7762
206.808	213.692
442.93	95.4005
314.803	434.362
321.683	29.2515
310.19	49.0075
242.976	313.583
59.4841	227.546
28.9073	282.57
138.266	462.699
79.5371	65.7211
66.3832	229.421
474.161	355.289
466.169	457.514
159.548	242.912
328.651	161.982
338.739	193.707
42.056	424.791
349.867	400.306
145.991	405.46
175.845	27.185
7.86896	187.996
436.385	406.48
390.36	488.907
419.207	35.5083
290.993	68.7038
430.977	24.7525
17.8104	46.377
122.548	128.369
51.1021	114.719
123.383	431.026
186.342	51.7416
290.592	47.1733
483.414	359.081
263.508	160.865
211.904	320.688
440.984	463.721
383.377	445.567
437.005	409.539
299.468	21.119
472.259	290.613
458.556	82.5867
473.122	63.2584
456.188	331.346
350.785	82.2188
333.883	447.593
77.5647	493.925
12.1587	58.8956
7.76332	219.004
448.787	331.032
196.86	266.087
185.145	166.991
33.2093	450.54
73.892	200.242
491.319	262.995
85.2022	35.5056
418.097	469.307
224.781	239.936
140.882	349.489
68.3892	135.44
141.518	475.156
72.4945	309.152
36.4231	213.409
95.7537	139.839
487.435	153.605
338.028	435.378
422.416	211.261
76.3794	91.5888
269.415	464.787
13.5739	337.964
386.707	187.786
116.797	484.646
125.933	39.7508
301.073	190.937
171.672	270.344
181.227	274.707
452.125	240.741
319.872	408.772
258.978	199.246
125.269	200.065
174.878	90.3346
94.6218	338.659
80.6005	299.152
60.4047	118.203
463.909	98.7516
262.575	461.271
334.315	76.4604
431.185	223.635
241.954	415.29
189.284	410.856
423.727	281.272
77.3652	60.1124
55.6643	99.0112
197.827	272.93
376.577	199.163
337.976	439.247
472.873	373.342
46.4803	87.6533
444.924	394.97
475.021	430.471
482.347	307.463
415.368	45.6432
92.0949	45.9073
415.544	190.594
371.227	471.984
27.0013	471.163
319.151	183.14
101.285	114.019
73.1578	222.065
448.333	486.786
190.931	448.475
334.226	35.3522
150.332	344.846
149.466	56.7391
319.913	151.786
117.925	193.277
62.0349	273.757
230.181	420.266
409.584	186.118
99.4744	18.0263
83.4228	435.143
436.368	16.3304
57.078	244.015
239.972	160.961
220.1	220.877
97.1601	10.0423
91.502	348.16
167.645	221.316
63.3218	328.232
320.632	474.737
53.068	273.167
353.096	279.424
455.153	54.6983
480.229	384.992
57.6084	436.007
428.145	51.3798
398.005	161.996
268.828	445.927
217.651	186.219
341.589	89.3526
489.312	328.785
127.385	218.581
334.366	174.233
373.214	214.855
177.704	50.746
167.497	200.29
129.805	284.359
96.1083	50.8214
58.5986	74.3916
355.578	210.63
312.031	194.726
455.142	369.271
438.029	481.233
13.0776	74.7914
275.855	424.24
412.992	457.022
73.1885	69.4723
145.256	450.965
455.222	46.7693
410.282	227.465
324.243	33.6538
247.014	210.952
490.731	427.855
116.043	71.7706
262.533	409.883
431.994	300.311
151.795	59.2063
370.544	162.662
443.879	339.512
315.472	482.276
79.7241	176.909
406.642	72.6841
442.853	220.793
420.018	358.764
244.893	196.435
120.115	153.375
192.141	250.2
492.016	35.8909
477.551	188.832
31.1411	411.452
64.0943	30.3975
266.26	46.7434
152.63	238.403
15.2427	191.862
9.08624	284.718
426.434	320.494
128.122	442.506
62.0458	169.518
367.795	476.112
412.481	458.473
342.983	494.742
208.724	221.189
445.558	78.2657
40.1585	87.9407
470.503	381.585
139.945	58.7434
251.172	491.934
459.227	449.813
367.82	232.121
424.361	372.691
29.5609	99.0384
4.69687	157.309
426.183	28.7279
86.0368	338.354
93.4433	205.002
135.815	259.718
217.232	306.658
411.278	488.32
106.553	119.403
86.1284	59.6386
222.674	58.1883
448.972	291.108
155.267	178.768
127.753	254.915
194.128	484.511
114.164	414.911
124.931	450.824
470.914	297.249
465.95	367.892
87.4645	65.2209
167.148	317.044
123.71	165.908
114.327	438.728
445.746	12.8568
440.439	333.132
17.4126	475.075
195.477	44.2922
260.474	56.2357
80.0936	64.6317
241.127	51.6331
268.849	20.3932
24.3252	345.582
69.7992	72.9481
158.365	431.307
14.6903	200.003
200.163	244.925
61.6512	20.7006
462.01	253.229
19.3358	181.338
326.657	17.1124
61.2439	295.879
416.105	464.687
247.719	481.031
60.1573	17.2154
121.697	103.077
194.184	152.343
215.596	433.459
435.796	279.833
403.566	196.143
304.891	460.88
95.0223	35.4549
128.173	430.461
374.228	47.9514
154.967	223.577
345.705	175.46
48.8053	456.302
161.895	267.943
437.219	301.904
497.644	270.741
79.2472	345.695
379.18	154.805
137.856	210.768
323.111	425.619
260.295	496.029
479.976	175.806
454.668	291.302
402.004	444.048
195.288	91.6422
378.449	280.886
373.442	354.83
92.9863	262.162
101.027	25.5196
354.286	20.0865
33.9352	218.17
418.845	461.033
197.504	21.4198
117.048	345.641
78.7733	115.856
324.396	81.3422
24.9513	274.809
73.9516	166.632
375.805	233.862
398.809	494.877
89.4147	416.865
94.6379	40.8598
254.947	337.191
318.81	342.633
251.301	425.576
158.261	7.06631
391.009	382.764
71.6479	20.4464
353.672	299.89
235.764	476.602
216.413	10.3663
155.137	173.568
220.716	301.803
128.477	177.066
330.528	474.863
443.28	250.862
58.2171	113.512
360.191	348.621
234.488	79.9932
371.904	234.197
363.151	463.752
201.354	80.1149
124.825	42.2857
235.556	476.846
61.4025	308.028
318.636	34.7286
442.833	387.333
365.086	355.209
245.56	333.745
189.6	228.962
144.251	400.053
479.915	240.483
471.882	229.866
96.9529	417.431
77.3351	335.698
117.69	442.415
306.5	494.514
373.483	329.629
46.2945	175.678
39.4729	152.319
358.012	166.089
240.574	208.883
34.2322	130.253
390.831	372.589
407.7	21.0414
115.123	478.725
57.6014	304.862
172.138	468.422
11.9213	408.267
381.347	226.418
257.525	426.081
464.416	233.802
143.626	180.628
400.993	286.576
331.41	414.992
223.586	15.9844
191.713	9.24614
377.557	7.9614
236.56	338.104
429.688	472.41
78.0745	271.319
479.449	406.446
11.1336	145.152
313.488	401.074
74.9259	103.758
310.31	300.949
349.912	476.56
228.422	409.129
121.579	138.322
199.056	467.187
351.514	196.764
48.2444	416.866
484.111	278.604
391.054	283.57
8.72905	42.1903
334.952	22.6983
192.579	184.224
92.4746	83.6705
438.869	70.8322
49.312	301.799
232.063	201.908
219.775	436.944
192.551	409.822
9.66859	328.758
437.62	30.5059
408.358	75.9677
366.625	417.943
414.016	163.687
191.828	442.2
457.046	371.404
246.738	154.822
131.6	449.936
253.32	11.7028
275.059	12.5549
182.895	199.448
433.639	99.099
328.527	309.406
477.619	398.936
383.372	356.981
134.02	193.826
122.005	402.868
76.6769	87.6916
314.034	498.908
361.564	54.0418
390.736	318.359
75.0135	342.322
165.615	446.499
244.963	9.65755
262.637	27.8232
219.126	71.2977
205.137	260.475
350.506	41.7801
299.742	335.25
69.2932	94.1846
362.661	159.244
282.955	335.096
311.384	440.107
26.8879	466.692
144.591	471.569
0.1743	222.839
15.6645	436.931
474.991	297.384
274.871	415.011
64.3161	29.9748
247.425	3.28427
253.759	334.894
470.709	19.5791
377.686	330.529
311.679	421.744
420.314	194.945
174.144	71.3893
255.716	447.589
353.674	356.206
95.3649	164.671
380.494	498.122
498.642	188.578
137.263	23.6009
493.405	189.989
338.316	150.73
462.257	203.655
379.863	278.31
61.9715	442.575
450.337	465.405
394.035	426.937
174.184	165.165
83.7287	331.874
440.901	73.6841
36.1345	217.898
100.546	473.607
60.5356	323.404
393.413	339.541
483.435	219.857
405.434	485.96
375.313	152.751
282.109	451.741
123.779	454.187
50.2046	336.168
118.073	75.0138
476.255	363.525
27.709	76.6935
159.853	423.971
209.555	164.116
410.618	28.4615
303.929	10.2516
317.643	455.475
55.8732	238.198
429.956	297.739
74.0099	416.373
479.383	36.1854
478.829	465.015
340.543	313.137
148.734	179.754
91.5058	30.2077
88.2766	443.557
53.4728	257.235
130.142	25.2864
269.583	198.708
269.859	459.842
224.866	429.458
8.83631	236.302
382.105	73.3016
64.4117	197.185
36.5509	227.51
314.118	319.047
111.944	339.717
303.593	309.618
46.8531	95.9472
4.54903	293.706
371.502	450.655
469.233	361.38
161.691	230.644
488.826	464.776
288.249	493.562
440.283	273.33
135.451	80.8861
241.382	151.912
45.8812	273.981
316.304	90.8868
149.727	253.699
203.923	23.791
220.556	194.748
345.954	21.5772
105.117	228.862
158.86	261.626
172.76	222.608
131.884	279.893
377.399	435.915
479.987	249.827
163.813	19.0241
464.294	224.56
45.1798	65.8708
231.42	219.945
433.779	255.189
471.946	273.909
372.786	426.031
45.2079	184.96
45.1092	301.078
394.968	399.327
140.959	97.3731
203.207	182.812
235.142	426.798
120.077	469.428
453.842	75.2565
340.623	177.778
16.0817	185.698
79.6948	322.723
221.096	453.013
31.2325	451.778
346.86	330.476
494.793	160.377
248.209	67.245
351.699	184.514
261.544	470.895
406.515	11.1119
174.106	44.1309
403.323	33.2774
147.818	309.353
458.648	227.473
334.76	308.207
475.72	281.816
50.5528	19.9996
429.853	339.607
469.448	90.4258
387.126	5.05758
454.862	383.095
31.4575	304.675
246.108	12.9213
244.387	152.4
471.772	330.288
189.215	203.379
327.584	410.985
301.214	180.83
81.8636	414.317
117.335	499.363
69.4147	18.9001
401.843	322.284
44.355	193.573
366.922	495.769
156.236	19.5542
364.669	408.744
220.702	96.79
53.6476	24.2264
44.7916	334.037
419.403	153.994
280.863	55.6742
338.549	70.1686
378.639	458.019
0.184509	421.021
209.174	285.986
478.246	404.802
24.3818	452.332
287.279	444.805
114.121	437.953
184.167	79.5217
305.61	49.6978
36.9736	346.414
147.844	174.466
438.069	318.935
195.978	420.68
27.1165	111.027
479.375	431.756
166.722	424.731
57.4997	95.7038
432.655	194.546
67.4773	112.144
31.8913	76.2323
91.4576	166.832
41.7892	161.291
425.87	354.647
445.307	87.6811
261.656	304.971
25.4501	324.461
407.367	82.5731
392.779	439.081
249.868	470.274
46.8281	60.3684
376.822	393.397
322.423	14.6758
79.7433	348.32
469.078	271.721
161.343	473.337
184.416	264.945
455.331	311.697
97.901	255.963
53.781	411.232
386	82.512
398.292	370.092
373.224	364.127
111.841	444.81
224.05	84.4708
481.04	69.3655
11.2178	328.414
435.829	431.119
177.444	218.631
228.276	417.364
195.818	259.422
71.4402	325.925
158.401	488.065
397.918	380.455
161.266	423.342
484.074	337.174
5.85701	136.657
20.0867	239.616
469.845	382.214
309.612	154.392
170.907	417.093
33.6482	222.359
414.804	166.705
491.744	262.964
109.769	111.099
206.974	193.474
167.895	209.149
362.41	299.97
133.597	71.8687
234.52	412.668
106.439	157.151
475.306	264.827
249.861	305.855
94.5344	2.01341
435.951	452.14
39.8866	94.5367
15.0057	66.877
89.7978	47.507
196.207	409.787
247.999	206.704
314.644	433.083
408.773	43.1194
155.143	300.495
173.404	95.3517
234.146	328.399
143.284	4.6624
71.7755	412.057
237.87	186.211
333.445	468.706
162.697	462.788
22.1435	318.789
16.6801	325.589
362.083	0.733428
96.3873	284.814
485.598	442.227
233.782	324.389
285.202	483.113
38.5636	177.46
363.133	160.344
273.146	180.535
470.074	86.3896
249.442	218.088
281.933	437.749
177.165	205.526
194.017	417.564
212.274	457.64
384.71	336.822
348.073	341.046
168.728	402.238
209.822	8.3348
403.488	266.834
337.413	21.5958
152.241	78.1219
27.6896	421.578
467.002	484.396
489.449	351.108
451.008	84.9546
460.285	43.87
228.623	15.2119
128.051	43.356
339.255	22.5909
232.963	41.2239
129.861	226.817
2.26833	325.162
305.624	46.3683
474.236	69.9064
476.32	97.6901
458.494	260.176
270.625	319.009
220.429	279.389
1.10234	321.302
202.97	468.931
490.046	386.898
454.771	457.469
211.086	156.64
77.0816	437.264
265.683	59.8115
225.52	262.921
28.3765	202.327
352.671	459.796
214.627	440.545
114.802	241.672
130.038	68.3876
445.299	487.375
375.854	365.746
60.9598	203.302
121.162	51.2131
69.3635	309.868
408.879	458.853
200.048	200.935
347.918	411.773
186.495	77.3436
163.693	50.0829
398.798	87.7291
26.3858	301.36
141.315	276.569
129.823	491.552
485.36	93.415
192.519	223.583
42.9109	142.929
438.646	441.484
484.265	362.657
238.959	240.026
239.641	299.151
459.77	427.065
234.763	247.387
469.815	305.037
77.6026	201.301
372.431	437.128
423.645	481.773
448.107	203.067
178.147	171.253
391.447	206.917
173.145	401.476
451.271	287.582
276.66	26.638
117.698	407.018
397.947	97.6928
274.914	313.658
436.161	227.351
125.934	110.172
455.545	11.021
160.431	96.1848
204.963	327.887
232.775	96.266
446.531	268.389
366.431	376.029
133.414	3.0559
80.6628	254.205
299.094	39.0704
146.477	26.9989
51.6894	463.213
190.077	153.728
483.894	296.673
11.2491	264.431
104.579	432.989
35.3043	204.723
75.3948	463.533
475.044	432.098
227.187	94.327
91.1707	277.524
106.286	118.06
164.922	326.794
168.745	422.112
415.147	204.486
217.831	227.247
92.4493	87.5962
354.196	162.433
277.549	30.675
225.903	31.8927
428.619	450.242
23.5929	409.845
163.991	53.5947
220.506	472.318
223.076	72.8807
125.081	115.014
115.916	460.327
357.458	82.7541
247.764	314.474
229.555	345.241
40.2889	464.888
346.953	47.0698
493.303	212.693
353.126	49.227
360.675	215.669
223.902	64.702
115.62	167.521
52.0395	439.173
176.197	98.6329
78.0792	302.32
201.736	82.1008
322.924	476.374
459.302	353.485
477.39	310.254
82.1645	51.8924
224.695	181.645
93.3561	271.689
136.904	23.5245
342.265	468.812
207.634	225.518
135.632	39.0157
84.3821	34.3387
234.897	243.569
279.49	163.179
305.846	496.877
66.1186	158.326
445.014	457.217
480.792	347.471
376.583	198.469
487.012	328.038
228.591	331.889
336.907	329.515
91.3119	118.296
295.808	74.4241
126.464	5.2752
455.118	165.319
298.421	463.533
412.497	172.62
378.88	488.46
202.559	270.728
27.2497	416.871
132.643	228.28
243.218	245.37
405.876	286.653
69.2273	28.0708
101.086	336.246
18.1904	210.641
93.3713	319.534
363.252	462.658
140.199	439.514
233.508	168.715
71.4815	323.053
423.614	237.728
195.239	215.228
172.694	485.616
368.675	24.1691
353.942	45.6718
239.718	153.942
171.471	48.7568
259.528	183.299
415.45	6.62083
243.483	49.8664
96.1172	49.5013
52.7623	428.845
145.119	42.1762
114.95	243.455
182.701	273.349
42.9373	112.073
415.169	412.862
95.4577	173.902
442.034	41.002
130.916	478.473
165.854	209.902
195.434	301.971
3.96227	289.517
59.8772	75.4525
214.617	471.742
209.868	14.0247
79.6648	471.17
395.359	222.292
114.642	285.561
12.9663	337.544
447.483	259.323
26.1118	211.775
200.586	202.366
444.6	87.9327
115.197	149.589
134.179	460.384
249.189	480.645
363.339	182.557
398.722	454.22
151.389	303.022
252.675	465.038
110.13	408.992
45.0819	493.093
24.6857	468.525
352.112	382.763
142.951	422.098
7.39504	32.2797
493.746	489.832
106.247	344.774
338.309	423.713
407.169	172.863
338.116	73.5012
38.5722	120.373
361.86	334
470.379	354.292
16.9484	137.016
352.358	490.775
262.473	331.014
194.169	289.2
180.962	317.012
49.2791	418.541
494.136	214.705
154.741	168.102
443.209	374.562
179.682	206.384
423.402	60.1835
121.373	200.021
141.147	327.75
358.017	293.621
68.8732	105.677
420.968	159.989
104.589	245.16
169.395	270.276
401.772	151.445
236.957	19.386
463.556	249.865
97.9521	212.583
343.138	66.2595
355.863	3.08358
264.052	27.7514
171.019	244.949
220.298	284.044
55.0273	402.059
175.815	219.684
39.3706	492.346
143.781	154.281
454.526	447.106
278.883	95.9583
448.098	315.454
483.522	469.988
297.782	470.04
169.86	273.203
449.71	187.487
385.135	402.323
264.425	58.6344
474.879	471.427
471.175	241.933
202.106	151.574
22.5185	482.856
269.197	496.509
106.671	124.744
63.5561	327.329
233.38	265.298
157.834	86.756
9.06098	253.406
372.484	70.5744
164.903	333.044
232.868	302.354
253.381	463.488
140.194	218.4
294.957	457.957
247.075	222.478
122.609	100.652
86.0995	188.53
219.616	309.643
336.274	402.995
466.597	317.882
205.003	18.1315
388.851	282.422
401.811	193.022
54.0599	80.3018
390.241	36.7902
43.0767	13.3582
54.3555	218.961
146.311	337.49
278.315	6.04144
470.369	393.672
359.082	340.884
337.016	409.337
121.965	26.1495
30.5861	61.5216
123.844	116.582
487.971	97.5587
260.559	498.122
209.136	76.1982
262.315	27.3563
216.361	195.991
117.19	441.614
98.0525	60.9295
208.519	82.9559
367.147	237.876
53.3569	478.248
244.535	304.517
46.0122	166.248
236.227	158.174
52.2229	294.472
273.834	33.3364
243.41	45.868
349.545	440.387
60.1655	338.486
274.511	437.358
6.41545	85.886
18.5442	190.647
63.9036	54.8478
92.6212	44.2322
289.897	172.926
222.972	253.251
429.381	73.989
216.268	494.295
425.323	5.0347
292.062	479.955
401.274	214.354
177.491	309.499
432.013	55.2359
360.245	446.61
175.793	491.963
32.6936	97.6437
383.626	489.716
393.373	327.248
189.049	427.171
408.574	39.9568
94.5134	423.559
369.478	63.7939
255.125	490.189
50.7261	217.108
450.816	470.676
358.69	335.042
417.229	220.166
219.449	228.051
398.806	308.579
492.768	383.164
158.169	4.71845
161.57	319.096
389.876	11.0229
345.663	21.8111
468.211	160.474
413.836	358.125
384.966	460.112
352.092	183.599
411.924	448.3
366.895	236.591
164.046	487.844
489.758	231.429
450.612	63.0028
62.2287	245.802
78.9723	106.012
279.87	329.338
407.691	182.239
2.9212	214.114
245.508	497.333
1.80724	257.679
354.086	76.7689
392.499	162.745
481.274	313.87
478.513	43.2334
473.594	471.904
350.623	181.085
226.757	422.211
116.693	228.256
265.591	318.129
409.258	360.107
21.5032	209.715
392.134	168.885
354.77	226.274
317.712	38.4736
471.927	277.02
239.85	98.6785
41.0661	437.145
445.893	222.725
138.175	330.707
358.463	429.943
193.611	181.676
303.231	178.118
232.058	408.569
304.014	341.906
358.553	263.174
452.924	395.519
75.1028	51.1021
377.511	219.263
213.186	308.737
59.4189	247.33
177.247	222.342
155.848	152.471
491.913	220.017
65.8546	153.862
111.905	430.036
457.625	174.836
452.742	279.28
401.392	194.913
202.957	91.1176
420.012	178.52
105.148	344.853
471.922	439.185
237.604	419.789
111.361	407.227
462.836	162.834
32.6611	221.453
29.2228	441.791
127.015	112.075
386.368	11.8051
192.613	159.978
23.6894	199.921
246.965	470.936
206.628	188.505
412.212	309.538
491.3	85.3704
326.261	349.303
456.776	443.955
175.773	263.125
29.6407	214.914
368.848	493.799
204.717	275.715
480.949	431.629
37.7262	208.706
129.416	411.064
376.647	362.267
483.578	222.857
488.986	26.7296
55.9037	233.874
296.388	42.9192
55.5654	415.685
364.432	205.981
424.967	493.726
82.0589	150.151
321.122	184.395
16.7327	134.152
81.9704	226.609
483.245	221.216
367.87	187.141
250.343	322.756
392.821	421.784
458.605	417.636
203.447	447.326
95.2679	190.592
304.689	162.251
75.4395	445.945
10.1096	83.4672
219.664	95.6491
91.8462	304.823
358.587	83.0011
172.866	339.093
110.112	247.643
293.52	194.461
92.749	433.782
43.3595	348.101
372.436	49.3892
43.3908	141.845
133.14	13.1158
53.3526	164.033
109.591	195.525
122.891	47.7754
99.5514	147.542
217.73	169.651
133.471	485.9
191.131	99.3679
113.328	277.406
102.855	410.35
282.42	464.117
108.966	263.215
34.6335	138.971
150.573	205.812
484.55	79.8903
438.99	358.061
423.951	261.603
213.643	250.214
427.853	405.012
223.518	38.1122
74.1467	478.945
146.532	211.75
342.907	17.5045
253.831	447.371
452.812	458.988
473.961	10.1227
487.529	197.372
363.118	358.006
189.903	454.302
148.35	449.247
147.458	128.486
397	347.682
136.799	155.452
41.5069	479.998
173.444	462.932
461.039	189.843
444.613	34.3828
413.062	8.16475
451.491	33.999
181.29	277.97
248.889	254.361
2.50689	131.48
239.779	273.914
211.385	256.791
251.508	406.376
469.915	406.72
383.982	395.892
402.681	294.819
307.311	337.348
447.266	459.406
76.481	173.531
361.897	249.661
232.177	473.795
26.0654	417.502
234.191	468.153
118.518	428.319
101.391	444.942
6.72608	447.012
75.7485	454.998
416.122	245.557
460.918	311.269
465.298	57.0189
412.854	49.3125
57.1677	457.53
45.9744	437.05
126.443	442.586
145.725	195.961
408.827	495.925
82.8253	443.678
72.7799	133.517
47.2106	451.693
33.5181	419.18
350.985	440.045
384.928	157.671
313.067	325.679
176.792	421.612
105.831	243.113
272.816	65.9451
409.223	263.532
263.555	315.682
435.28	371.376
220.36	60.9937
205.46	153.135
412.503	37.3731
228.98	446.861
137.981	57.4767
239.268	421.71
298.574	442.947
416.863	434.038
46.8236	272.009
46.6328	333.045
312.336	310.907
454.922	495.257
337.395	405.022
471.005	186.566
475.486	471.194
293.967	84.2532
159.071	232.161
347.695	172.964
321.062	407.332
422.489	219.533
113.439	188.89
401.956	204.259
428.49	301.017
84.4849	497.712
309.905	199.364
146.603	1.73127
233.166	242.536
482.944	409.785
433.027	472.416
99.1296	92.486
125.558	175.38
16.5848	247.669
196.029	64.3437
73.1937	242.474
61.8183	343.949
20.3605	489.264
138.975	83.3207
385.313	43.2187
494.466	342.457
423.644	430.503
19.435	325.018
102.733	328.98
7.86661	474.23
485.986	43.5766
29.555	89.4451
110.023	331.345
301.281	98.8446
375.763	160.464
7.61681	103.688
468.506	252.264
410.372	492.43
36.5035	82.2888
159.744	207.231
3.51967	35.5021
103.151	197.315
35.4297	19.8021
87.6161	405.536
79.0127	201.844
183.331	179.598
373.14	483.341
76.8139	334.945
90.5041	19.2543
464.893	158.692
248.148	478.798
181.635	167.314
24.8709	104.408
201.053	70.3428
266.17	327.286
79.2657	223.091
418.401	219.212
391.844	221.746
455.959	423.628
70.9015	291.191
249.006	28.2857
209.407	336.845
5.56524	251.867
325.291	85.9877
456.902	172.795
235.384	448.605
99.3572	461.471
437.587	67.0895
232.33	47.3034
8.23615	266.57
338.092	466.399
205.681	465.621
213.535	38.6933
223.673	453.903
23.4106	400.35
288.589	341.393
339.505	10.2819
329.975	447.122
23.5669	424.635
47.4125	296.749
402.736	335.723
388.263	247.173
262.845	453.69
247.015	415.068
46.0486	231.667
403.846	487.106
459.669	361.078
269.424	463.819
397.14	337.574
340.365	406.029
402.573	384.445
209.476	77.7675
361.067	464.051
127.321	45.7141
136.015	14.8965
383.195	361.582
295.302	315.515
105.003	431.255
263.067	453.307
5.595	121.969
69.6448	431.685
106.863	170.038
15.021	182.422
120.016	269.201
202.319	316.133
175.842	295.727
413.328	209.689
440.271	466.737
140.468	204.056
67.431	450.575
234.619	223.625
151.536	79.9288
18.7066	439.5
214.758	222.528
455.23	248.018
238.42	96.3877
160.122	69.7685
87.2259	330.915
214.497	324.815
426.416	383.396
18.4771	295.418
144.292	460.283
220.529	461.948
472.372	358.691
246.391	276.484
464.502	57.092
434.066	422.197
450.351	171.434
105.986	464.847
238.829	166.324
449.741	43.6845
183.08	169.887
41.6617	233.473
407.071	210.576
388.581	282.827
56.6577	311.605
74.2204	69.5546
145.419	324.514
162.229	484.215
74.4147	214.31
323.81	72.506
418.654	388.052
417.678	486.86
264.3	461.124
192.092	400.666
351.573	89.8028
279.047	75.8039
363.509	308.7
135.078	21.2676
284.49	41.1027
338.653	90.8661
258.069	446.141
175.496	153.029
190.817	252.782
54.794	73.3883
19.3179	158.844
204.152	345.353
204.509	264.057
315.009	192.106
220.8	483.357
454.638	166.948
431.107	317.364
400.237	381.214
70.2956	299.091
113.438	148.717
491.8	348.504
64.3959	52.5127
416.916	367.873
493.813	447.928
386.544	30.832
92.9981	81.0979
362.236	368.019
229.663	328.003
17.1778	410.094
304.59	413.428
49.1867	185.899
420.364	58.3567
480.293	84.3448
313.03	10.5092
116.199	245.701
252.692	416.213
254.143	22.5981
413.883	35.1581
420.766	292.045
350.792	467.569
206.781	92.9783
104.305	487.692
53.2627	410.706
169.887	304.091
440.929	194.609
45.3779	176.29
337.701	176.859
41.612	195.342
141.061	94.1918
263.617	80.6072
434.178	229.666
394.201	328.974
312.413	20.4901
454.118	204.139
114.308	431.412
197.416	88.5755
106.695	206.783
305.782	150.353
457.421	49.8989
128.226	246.775
471.253	310.127
402.496	290.164
196.517	251.241
488.293	475.705
168.266	220.365
420.811	189.872
57.8583	464.028
414.433	437.955
379.129	73.6048
319.169	418.949
457.32	470.827
421.067	179.875
159.289	287.483
10.8769	189.702
154.098	63.62
295.093	312.27
488.017	179.534
174.136	176.43
369.351	89.7
297.861	434.371
194.053	311.961
443.427	457.081
432.211	198.738
218.003	15.0551
264.205	412.107
343.568	409.608
402.089	438.973
364.4	33.6989
64.4887	213.715
22.9667	175.59
204.299	471.898
278.374	490.418
24.4769	266.559
93.5887	122.689
203.438	77.6998
396.142	75.5878
495.318	84.6963
148.235	223.105
413.062	426.791
368.38	464.646
230.324	411.975
395.243	335.108
45.919	134.085
11.463	473.685
95.8376	253.682
398.533	464.218
105.007	270.451
49.8465	483.202
64.8876	493.978
321.163	340.669
59.8021	224.803
418.193	45.1262
3.88181	195.023
159.517	221.203
488.157	434.248
491.821	17.1397
372.272	176.007
103.734	320.923
289.818	197.736
312.233	52.9531
479.502	395.401
154.072	234.457
460.039	195.364
178.97	57.508
383.173	361.983
64.3996	326.067
313.466	180.516
166.226	336.864
208.406	224.108
179.165	410.06
371.69	290.803
94.1861	248.996
389.188	60.663
431.677	412.717
203.665	72.4648
147.985	303.968
365.512	96.5022
269.436	5.55947
197.216	490.668
456.365	38.8238
49.5409	330.788
221.471	156.286
475.782	292.908
135.979	202.985
5.12485	135.221
277.152	158.709
40.5798	86.7499
441.211	408.257
291.15	447.899
365.498	482.885
60.9413	264.26
167.509	86.7911
95.8524	235.852
108.406	301.54
35.6443	259.94
388.393	480.134
88.2858	48.4911
298.705	156.288
199.961	167.754
258.312	467.925
104.527	51.8613
93.2366	6.00564
369.038	212.453
196.717	247.499
141.905	467.982
390.125	155.197
295.149	486.794
46.8965	173.585
100.486	7.45021
101.174	21.9954
413.432	46.9552
81.3163	209.092
239.762	245.92
452.684	356.048
21.0043	282.267
73.9012	261.6
495.762	58.5955
456.463	433.87
142.465	103.491
131.649	326.558
234.942	20.1277
46.4061	199.233
369.775	302.332
3.77351	152.09
107.935	157.399
322.397	413.617
288.543	320.605
56.3134	297.385
405.444	302.576
481.27	419.644
24.5733	109.678
126.627	458.694
236.74	83.389
326.076	94.6056
422.177	172.864
217.539	320.304
124.046	122.162
429.813	382.002
472.638	357.833
391.772	187.184
490.463	326.75
78.8533	160.482
214.122	286.648
122.531	145.543
358.028	210.909
383.591	44.8409
75.6582	126.293
349.483	58.8843
317.982	463.119
214.401	189.769
403.15	498.514
449.413	95.0641
146.887	426.792
138.591	279.766
239.61	411.536
394.659	425.959
180.404	247.15
431.138	376.349
290.462	193.261
454.961	393.655
237.234	84.9396
315.385	27.4465
496.97	60.0848
87.2273	460.127
398.804	278.939
185.842	212.079
486.517	203.663
292.488	307.67
395.148	356.245
114.346	293.314
221.552	296.024
109.029	249.489
408.1	26.187
48.1318	268.583
492.098	309.679
456.352	317.426
343.036	57.8864
330.201	340.29
155.734	86.3803
292.074	308.677
138.414	260.038
134.441	490.955
483.398	395.175
416.427	426.608
378.129	454.256
62.8907	69.9815
147.879	177.75
30.0041	419.668
204.842	186.282
41.9367	497.168
37.5766	216.338
202.112	302.685
300.897	465.505
19.6701	243.363
225.889	298.046
270.442	454.322
179.057	251.285
437.526	71.8763
366.288	308.412
486.276	15.5801
448.762	321.856
64.7699	343.029
203.436	255.267
408.37	448.045
215.018	474.453
59.6623	494.76
249.337	278.202
414.078	320.584
287.139	159.426
223.674	404.929
150.342	50.0263
24.2715	60.1527
464.086	56.2342
479.707	30.4833
131.606	97.9241
499.567	185.194
62.5732	244.775
184.088	218.914
358.535	179.515
380.71	398.708
359.058	16.8675
336.953	488.057
334.282	412.892
235.506	415.832
109.71	250.296
175.568	44.4682
127.422	93.2769
203.345	309.646
105.2	140.236
431.951	150.356
101.576	403.542
109.67	320.182
364.683	216.529
195.134	461.693
466.114	298.727
233.238	287.938
292.855	174.674
407.888	24.6256
266.544	335.818
286.717	349.204
143.118	421.988
313.132	183.281
474.883	354.186
460.485	384.02
178.547	65.7072
336.885	72.702
309.624	156.296
220.04	151.328
8.92161	477.68
175.195	160.084
446.527	295.456
219.084	262.024
75.2751	326.671
68.1628	88.7009
240.712	192.46
425.418	351.387
247.763	309.782
29.3291	27.7257
229.326	235.13
25.3451	88.2923
380.379	331.147
131.086	432.001
250.548	469.799
182.011	11.6687
391.797	364.801
431.656	225.105
403.952	285.126
357.311	229.895
455.521	1.02102
217.082	36.8913
179.809	326.945
71.6532	295.178
183.796	468.055
430.016	375.505
169.51	54.2541
154.711	26.6804
488.074	154.563
145.666	238.192
438.029	233.188
185.134	335.41
20.1721	44.4422
210.632	271.892
36.9727	11.2827
46.4381	285.347
52.2331	345.946
8.04733	196.532
167.14	53.162
405.193	31.7968
393.498	476.518
50.4218	24.3256
435.135	331.95
95.8709	23.8704
367.042	374.426
325.927	340.659
133.684	305.837
323.619	314.416
179.301	157.986
80.9082	482.542
142.788	162.962
384.654	301.281
166.139	174.584
105.128	324.622
104.775	221.223
496.047	63.8254
271.387	345.799
417.054	85.0557
304.031	47.214
355.335	167.265
85.7379	120.654
314.067	71.94
442.687	40.0969
157.416	191.71
420.442	339.073
368.834	226.347
406.977	215.85
70.7685	220.845
124.109	263.472
65.6693	263.821
84.6419	213.418
70.5995	258.764
10.9069	30.026
493.864	210.434
263.397	172.598
339.539	43.7751
280.385	39.6348
488.018	381.484
261.267	66.6211
416.243	325.614
149.953	164.796
26.8655	137.258
398.94	436.379
20.3417	152.406
465.29	400.345
343.89	99.7646
135.134	34.7339
185.803	446.266
189.56	495.168
36.9119	221.576
421.762	34.1122
149.711	344.501
54.2826	101.886
226.317	296.023
158.04	157.333
401.088	214.657
100.275	334.536
456.595	456.425
198.286	61.8548
280.898	317.431
338.249	443.924
267.814	199.466
343.452	5.26174
4.44234	151.518
250.925	328.731
413.191	476.487
94.6807	337.601
400.423	186.166
311.46	420.046
364.054	158.904
50.6384	430.185
250.547	477.054
274.197	303.684
491.581	438.709
273.667	78.1943
34.2793	304.763
274.481	300.294
230.616	260.749
386.128	381.098
446.284	325.426
341.685	92.118
384.274	72.7619
42.1775	441.663
481.613	67.0909
447.095	435.714
277.746	345.357
415.612	34.0001
336.078	456.655
342.817	495.795
207.311	488.897
137.47	310.506
75.1964	173.916
370.367	47.7999
243.661	287.373
404.242	262.043
486.627	410.994
273.25	434.212
220.595	264.391
34.7698	98.1173
24.2571	25.1517
338.933	418.029
111.195	476.615
130.499	148.598
326.203	402.417
486.697	49.2213
180.668	345.348
289.988	16.4623
384.664	242.11
475.727	482.806
49.013	18.0372
198.785	486.927
2.2799	484.52
1.00342	271.79
376.486	204.379
408.844	195.654
362.422	48.551
16.3169	204.69
392.762	11.3203
384.676	478.195
490.169	387.51
398.002	86.4869
350.872	469.329
207.461	195.348
154.388	199.762
181.207	325.555
476.43	394.172
89.9675	348.673
493.692	416.808
357.997	281.149
0.818966	132.018
438.922	73.2481
167.384	99.2707
191.877	426.132
391.731	217.3
304.945	52.8147
339.418	326.816
5.81061	52.2072
489.699	324.134
115.908	314.152
44.6642	440.69
475.712	208.362
101.651	42.2026
360.684	345.974
65.4953	143.081
177.741	470.041
9.31971	453.058
488.125	467.158
50.9491	262.677
131.734	429.17
402.28	14.976
319.945	88.1388
170.857	177.246
161.769	309.462
210.922	97.0762
212.352	64.3571
291.746	474.103
420.935	396.843
97.2209	193.843
372.698	93.0628
427.46	458.274
91.422	128.736
294.52	328.2
62.2566	440.781
189.691	414.298
471.702	296.267
155.861	483.278
217.232	468.53
349.404	417.056
354.168	301.334
233.34	310.694
1.91882	479.677
138.299	483.73
48.9215	263.426
455.314	302.663
74.9351	90.4824
350.719	317.258
167.408	258.802
367.826	50.6611
98.4722	0.552904
122.995	291.419
439.954	232.405
377.551	343.097
317.238	467.211
250.625	437.899
219.377	12.8895
435.684	62.0541
484.271	430.84
64.6729	472.421
244.082	297.037
47.2889	198.378
302.611	326.534
424.813	186.334
321.392	53.5814
173.802	467.995
457.773	431.922
132.241	94.7383
122.956	328.774
415.603	159.971
406.555	477.168
272.669	488.867
138.749	198.747
361.297	459.615
265.555	418.013
458.126	57.5529
320.602	308.455
383.5	235.595
166.788	6.32527
162.661	153.078
335.515	156.248
278.847	83.4241
346.078	312.95
208.101	305.543
247.875	49.3527
345.092	464.972
82.8585	141.012
467.541	365.792
23.7268	247.554
447.073	31.0734
233.803	49.0418
485.52	71.7562
66.1806	136.44
217.29	56.5587
123.737	60.1347
442.882	443.548
268.946	78.4532
340.047	2.66316
153.779	191.648
496.363	353.901
428.394	474.45
239.399	83.492
248.079	462.012
240.376	236.885
161.663	270.746
207.308	3.62
409.099	195.487
13.2077	163.603
120.52	162.744
140.32	209.947
371.783	233.544
399.37	228.691
193.492	458.053
290.995	92.8276
441.77	204.517
230.962	432.737
252.428	433.423
225.862	416.112
1.26858	489.767
54.1444	321.017
357.109	232.747
443.097	93.3813
242.292	203.274
114.656	62.4432
127.217	260.575
252.523	74.6582
452.979	37.2066
235.721	33.9158
428.12	280.852
486.639	491.825
124.216	222.678
97.7779	230.058
269.714	73.1046
392.489	199.654
5.70326	275.878
155.404	44.1005
491.47	281.866
305.467	189.255
307.571	466.262
381.15	407.494
258.293	463.507
204.966	314.362
197.98	51.073
12.7797	473.437
4.22817	40.4823
238.992	447.667
91.1537	65.3494
378.037	24.9032
407.287	205.799
233.747	250.788
176.216	184.448
170.418	431.885
246.344	306.508
67.2084	56.7724
242.18	84.0458
359.217	47.7336
331.068	42.3702
90.8148	297.864
5.82611	302.247
129.597	107.733
88.2275	465.245
497.351	318.102
263.251	180.665
373.251	384.912
417.378	80.8252
20.5132	304.767
314.714	32.8349
301.9	2.61441
353.915	321.428
160.599	217.231
184.239	18.6128
50.7118	432.818
354.291	229.093
124.887	318.554
214.954	23.4598
393.621	18.395
345.303	54.137
453.66	437.095
365.618	403.387
489.315	481.641
95.3807	99.8916
113.7	287.812
296	3.60024
266.38	308.442
256.242	440.998
72.3631	51.9916
303.16	338.388
245.262	36.0704
133.695	431.539
355.688	434.383
156.331	41.9672
164.074	215.094
354.633	0.49759
108.419	41.5139
299.239	436.463
202.471	263.147
159.5	297.364
201.392	59.3456
339.651	306.443
425.775	401.124
342.925	301.132
350.498	234.106
221.717	281.447
166.28	289.453
198.826	236.123
132.777	404.583
497.71	326.486
324.711	69.5736
98.3083	310.493
475.701	488.625
304.612	338.742
430.443	171.857
105.98	16.2313
434.763	451.428
65.8715	234.857
2.98221	47.6931
480.355	341.991
239.823	59.8373
385.223	410.99
272.692	477.362
402.179	379.028
233.462	437.855
497.593	408.861
67.8464	19.1515
126.295	192.448
288.445	319.712
371.457	481.991
397.34	328.681
213.76	37.7944
210.335	494.013
125.078	242.909
343.894	27.2492
320.607	489.455
54.1441	155.787
451.254	82.3277
152.734	43.7889
195.292	201.945
18.2081	327.598
386.577	477.658
362.257	457.342
399.076	169.119
398.788	213.514
64.3816	138.175
412.233	176.233
59.964	121.753
161.914	190.162
445.622	423.966
8.09634	20.4291
451.867	317.218
14.1202	20.5808
395.549	246.025
157.175	270.806
5.5953	247.775
385.159	278.027
56.1099	416.937
30.3971	283.111
2.66719	460.524
415.805	374.128
486.046	495.515
216.835	400.949
441.262	303.835
288.9	429.292
319.069	348.184
113.897	453.029
77.812	184.848
386.667	378.834
405.768	374.409
101.319	443.778
339.225	180.395
363.055	441.713
466.39	65.2331
177.612	74.1763
479.272	185.599
212.968	51.0386
203.458	230.037
13.0452	451.46
116.596	490.745
383.453	233.113
92.5248	299.28
265.967	24.2098
50.0684	330.613
358.56	359.49
277.522	480.545
488.486	178.744
256.193	309.687
359.348	266.162
441.34	69.1095
135.045	300.259
93.0342	228.748
103.135	300.976
407.514	382.86
168.563	302.631
181.124	156.221
479.227	399.048
425.899	445.145
113.545	118.849
210.749	296.895
419.933	86.3104
425.544	392.09
241.348	499.141
338.724	473.783
116.241	280.013
425.701	161.138
81.5233	339.402
384.028	308.73
457.925	349.455
1.1954	483.607
266.266	57.6465
38.8886	231.096
210.869	259.353
274.628	445.504
378.41	449.2
230.759	219.283
460.137	79.3657
103.686	50.8841
34.1649	272.885
136.002	186.153
167.184	1.32274
459.547	338.368
402.519	15.5638
302.365	190.149
110.689	217.474
67.9143	408.456
205.651	328.454
351.753	348.349
43.2351	91.3931
16.0219	218.356
422.218	161.473
74.3947	73.1113
37.1099	263.473
34.9208	223.171
295.609	496.395
291.309	310.418
87.2467	148.238
52.4501	286.015
333.532	454.869
119.666	122.485
126.843	492.681
50.8098	490.171
90.6463	254.096
370.648	153.225
39.6003	454.171
218.613	250.597
302.998	78.4876
484.254	309.021
242.369	299.172
467.188	188.938
193.315	268.321
492.319	459.927
157.687	348.899
233.514	407.811
280.654	343.813
31.8432	299.101
338.608	86.7893
465.136	467.822
140.923	278.242
5.3249	56.8026
131.538	88.1327
41.0965	453.361
79.5344	271.679
431.093	431.395
201.214	70.1471
474.408	79.0356
485.069	96.3069
147.314	296.762
92.9593	174.803
230.535	318.943
216.306	173.811
101.772	98.4557
256.858	91.1416
138.353	58.3031
403.813	435.745
437.775	459.192
496.522	220.481
391.773	156.176
434.422	150.844
73.9523	328.895
430.737	259.778
413.331	44.0553
142.498	120.53
200.921	21.7141
59.6582	105.772
346.899	347.919
450.623	184.811
456.064	450.934
366.106	376.55
103.882	416.444
97.767	58.2838
393.908	436.934
305.393	428.324
36.6868	110.905
106.743	154.466
297.808	92.3416
261.81	348.884
73.5424	273.557
389.341	337.009
424.166	17.4303
108.324	346.485
432.267	449.438
100.952	196.169
118.763	494.998
229.169	239.507
19.1862	496.516
96.283	46.2178
362.487	247.895
487.931	75.5284
360.573	17.7902
57.8531	430.807
412.723	256.297
367.197	208.575
50.9108	341.361
443.524	343.578
430.882	83.8757
243.82	446.695
480.586	433.327
443.259	174.006
113.421	413.465
218.279	258.322
190.559	428.66
230.206	421.755
264.346	498.336
78.5566	477.416
210.249	54.8472
69.8908	429.376
464.377	169.223
174.458	63.941
453.796	3.66541
496.479	255.688
221.933	256.063
435.035	423.484
89.4121	191.049
232.923	206.396
20.0161	12.5038
403.676	432.231
263.075	182.85
124.965	148.677
21.1088	429.13
240.418	459.36
4.55299	139.144
230.23	197.928
499.993	412.221
187.199	161.558
170.689	410.88
266.438	415.015
165.269	496.389
48.2241	275.718
487.899	242.319
165.083	97.7947
244.714	420.707
151.478	320.863
321.312	488.742
256.939	342.741
171.41	484.75
327.901	82.2728
483.089	219.631
444.432	453.941
20.388	428.615
227.612	292.941
277.866	43.1022
43.2585	22.1577
49.4788	472.263
226.145	310.91
120.462	476.64
148.014	43.656
53.4853	250.815
380.76	435.033
141.023	210.13
412.625	442.054
3.33642	340.24
152.267	1.6098
302.808	331.588
466.192	443.21
472.369	326.383
78.5069	228.434
240.973	491.286
32.8903	245.329
336.608	319.715
374.963	269.868
127.633	336.66
223.719	478.613
219.621	415.716
295.989	302.611
76.2714	31.6021
64.1913	257.98
151.941	294.773
283.245	196.88
377.543	464.706
286.518	8.85217
287.122	59.004
318.885	152.658
278.013	318.798
239	240.66
452.701	484.882
31.5499	210.284
41.5975	111.957
152.308	490.177
456.439	481.438
249.266	175.944
449.71	37.6933
102.528	325.722
185.574	457.853
399.92	157.889
373.33	389.959
209.065	467.907
3.8659	115.528
20.669	115.138
117.103	146.491
294.116	480.442
194.96	438.082
118.617	271.534
8.56792	412.772
47.0147	79.5032
344.726	412.961
318.493	188.426
456.178	218.526
207.39	97.2972
18.9728	145.369
15.9993	436.879
47.0735	8.66761
75.8125	432.024
249.379	280.619
406.816	442.674
11.9858	418.571
217.906	198.8
175.451	17.7676
71.4829	9.11631
194.794	35.9688
418.154	61.9854
403.287	80.1802
414.145	394.789
144.938	442.692
288.998	64.5947
479.109	156.751
280.277	184.937
178.235	483.218
485.431	161.767
405.793	266.613
17.24	496.367
170.683	421.874
383.035	6.10016
74.5019	221.25
39.2271	293.796
80.938	298.422
237.881	157.033
305.72	495.132
432.445	287.909
98.8638	165.395
259.499	473.45
103.785	254.378
78.791	430.131
149.548	220.581
305.725	456.794
93.7892	71.8861
495.327	383.693
68.806	280.58
147.612	230.248
229.879	203.818
460.912	27.2297
215.5	267.355
148.133	419.542
55.8521	156.663
288.247	441.756
185.745	166.233
204.983	496.011
346.656	416.05
94.7225	484.599
332.185	170.532
465.345	77.6002
366.334	298.973
294.806	484.866
383.66	212.719
326.232	155.027
490.167	324.254
489.122	180.632
497.857	189.507
10.3101	198.888
461.803	329.27
426.672	443.863
403.664	3.59012
409.06	413.786
491.261	6.9109
347.573	10.676
164.856	316.423
22.2788	169.755
325.133	95.2429
331.899	468.312
261.071	57.956
4.37233	231.085
365.104	12.4328
223.142	340.033
490.087	86.0124
49.1248	478.273
172.353	420.489
173.379	290.922
255.546	480.029
159.854	53.4266
163.939	153.288
461.761	329.907
274.796	428.664
120.233	20.3589
142.972	97.7877
243.649	0.430125
375.03	177.596
230.885	466.723
269.995	316.7
45.2984	496.673
423.172	488.786
495.232	478.399
387.774	415.618
373.061	157.322
319.806	483.592
372.123	469.847
358.248	272.974
146.632	151.467
113.961	11.2632
324.301	419.999
61.3832	198.107
383.832	176.666
469.066	239.674
119.791	425.08
464.606	33.3665
245.159	253.526
133.249	91.8651
235.938	246.985
402.43	30.8206
402.697	74.2947
433.549	351.215
372.161	170.721
51.0456	75.1203
233.462	299.041
205.031	476.979
94.9664	321.9
30.1035	419.446
210.354	190.846
193.615	51.1245
127.079	318.821
166.286	3.58821
215.525	44.5343
144.519	273.233
302.639	327.721
410.428	220.281
300.414	488.15
416.651	379.693
167.654	215.7
74.1461	270.989
362.762	29.051
220.198	160.296
355.28	377.453
42.0276	463.59
346.965	304.862
206.679	235.727
135.997	443.511
406.736	337.481
54.2267	424.892
293.269	334.661
304.11	454.686
439.504	399.613
459.501	467.221
5.77977	209.009
177.572	453.178
175.275	153.447
343.492	305.618
134.973	163.973
387.559	7.90264
391.883	417.573
240.695	271.036
474.238	483.862
235.681	474.126
79.0327	329.82
100.174	75.7921
475.13	429.141
145.261	241.936
450.594	370.514
237.392	494.96
468.249	297.274
486.767	480.684
369.2	289.762
415.692	394.172
159.067	485.964
258.891	449.89
86.2272	228.325
428.653	447.825
51.9053	338.708
462.287	395.422
16.7476	342.25
109.325	234.146
112.559	404.714
116.818	405.279
416.752	167.475
124.314	423.654
84.6204	275.356
359.397	40.1752
154.941	178.776
221.565	468.157
475.412	482.404
392.141	266.832
211.088	171.563
275.532	162.225
172.261	470.376
246.626	177.571
62.5932	55.0514
377.561	219.075
493.341	27.4379
113.042	405.98
382.547	392.513
178.176	25.0959
211.555	333.163
469.051	245
378.808	384.632
88.6364	273.142
105.469	22.362
459.124	21.7372
120.347	36.2839
438.3	306.406
390.734	289.955
170.754	406.367
280.753	24.143
397.891	443.343
3.48533	205.113
76.2485	461.133
211.2	86.3673
432.188	227.112
158.064	464.701
248.093	224.837
303.69	182.664
271.766	55.1473
373.607	303.797
167.072	307.279
73.7321	219.464
201.332	339.087
321.901	44.1031
481.96	307.918
423.312	95.7225
394.135	301.376
160.479	490.589
103.224	35.5833
149.406	80.865
318.254	165.151
358.298	336.26
85.2426	472.748
440.772	289.88
147.781	320.852
432.993	186.003
490.321	458.268
217.817	159.36
477.209	438.28
489.644	478.492
49.2228	192.529
452.266	376.038
482.562	456.789
303.327	305.468
446.269	219.902
353.743	244.43
411.589	383.409
85.7075	29.002
79.0307	248.242
52.2568	101.19
22.0208	262.486
476.269	441.605
260.33	463.105
118.473	268.27
308.184	46.9547
195.853	220.182
206.266	84.4116
37.9156	261.187
56.8699	273.775
399.9	89.3301
78.1559	50.5784
142.213	420.884
61.6908	327.99
129.154	76.2406
489.787	498.329
203.232	188.846
322.883	327.587
129.748	12.6354
50.3382	472.384
419.947	247.573
238.056	265.833
343.37	326.148
307.628	187.773
108.828	25.5451
142.124	439.301
493.553	366.363
55.6438	474.454
95.4793	446.589
282.165	497.278
298.543	468.886
169.002	189.384
192.23	414.569
81.9461	400.659
313.334	333.495
385.568	267.274
378.954	406.711
167.473	17.4862
384.563	87.5032
347.236	438.072
138.726	119.899
96.1014	408.397
328.967	488.239
387.802	410.605
358.684	156.233
97.1424	312.137
104.026	308.227
38.1145	447.006
476.167	24.6803
161.867	344.686
8.86756	479.047
110.491	440.669
141.528	465.943
61.4018	270.109
298.093	422.978
415.158	298.885
367.896	434.411
184.092	414.088
197.503	295.967
38.6347	429.28
47.7415	171.672
121.747	341.366
432.212	16.4836
440.034	76.8048
481.153	439.069
61.0136	124.45
80.9146	440.793
187.605	285.514
63.0509	454.99
13.648	482.402
435.344	174.379
128.357	25.3369
353.237	464.09
84.2938	122.014
255.462	481.837
36.9986	96.701
222.536	37.2257
456.919	156.063
384.218	279.931
188.225	312.155
26.6872	89.0928
190.085	312.922
364.173	26.5375
456.457	351.343
242.265	488.662
194.914	27.6259
7.85369	171.391
416.122	468.823
419.44	191.462
179.721	166.441
389.068	333.135
114.243	102.424
206.069	349.335
30.1714	468.477
175.077	499.658
157.199	243.499
42.361	348.999
407.893	78.1743
214.117	65.747
133.585	302.263
208.575	451.059
478.563	8.13968
25.3736	148.463
473.076	253.835
61.3094	123.045
199.108	294.206
408.206	31.1525
485.749	29.17
391.732	288.328
375.56	16.1702
242.354	409.75
81.284	171.367
395.903	384.01
113.01	141.212
111.697	72.5744
134.898	452.239
216.764	224.782
301.164	153.006
12.2091	235.744
49.6028	179.25
134.422	215.992
362.123	22.5328
195.037	471.457
248.872	266.519
251.631	328.474
319.922	9.65786
45.7849	480.351
443.329	62.3186
452.96	240.38
473.687	218.648
390.628	286.828
228.136	173.201
163.384	482.064
331.518	185.841
360.956	165.243
433.227	368.016
239.376	410.838
226.534	60.106
382.059	297.973
102.14	458.935
186.876	319.686
385.424	58.7106
92.21	130.023
397.345	290.393
379.652	80.9905
347.336	61.7202
66.0719	267.267
242.141	234.807
457.445	160.227
78.1689	317.309
220.59	342.601
171.536	312.467
314.552	424.864
454.338	333.041
352.665	28.5369
369.874	21.6161
451.115	47.619
34.1139	402.22
248.171	83.6516
224.53	159.568
61.9767	468.945
427.402	339.208
481.005	13.0861
171.38	196.513
92.3244	61.8167
49.0986	158.809
451.362	372.699
290.808	465.784
378.095	492.216
52.727	218.324
220.753	199.681
493.328	435.213
62.4949	128.654
384.352	355.213
421.689	392.045
119.56	301.847
375.652	48.1327
479.396	455.843
19.7527	34.8395
472.68	313.107
447.376	66.3885
44.6641	410.773
115.909	311.049
153.354	200.292
378.905	419.241
272.137	307.674
66.1962	208.668
474.462	74.6789
33.1216	416.82
99.1712	193.71
58.6363	433.622
414.45	6.17181
318.358	182.052
404.774	220.222
235.495	191.494
162.82	475.654
383.238	92.4289
363.534	410.941
413.467	94.7439
136.343	98.4225
298.214	331.018
5.77533	416.461
285.803	161.21
458.606	393.392
341.288	308.995
38.907	263.523
13.9821	73.5149
413.084	422.217
10.6114	208.147
64.2759	135.171
471.717	416.059
140.385	218.858
445.286	27.9033
396.788	7.35787
268.175	402.339
124.403	448.938
404.875	219.346
55.0246	349.952
276.053	417.526
43.2392	329.849
283.649	309.787
292.468	458.711
416.011	39.1295
327.377	426.08
204.899	55.772
407.436	384.059
304.541	40.4805
255.716	466.087
251.05	322.831
277.721	437.572
184.719	480.681
7.5665	420.52
29.8637	122.563
161.354	290.291
423.234	77.423
354.053	477.438
199.172	69.0331
225.844	176.773
337.529	19.9183
388.337	307.705
309.854	70.4335
175.88	220.368
4.38253	262.569
247.028	249.178
475.847	256.648
241.344	12.1208
454.371	89.9487
124.031	480.714
447.64	229.959
194.63	250.437
73.723	132.762
57.1466	115.04
314.61	425.369
490.501	374.482
472.168	450.988
356.289	27.1799
467.833	425.767
104.936	118.421
155.121	255.246
429.183	270.615
219.979	317.176
23.6211	475.819
162.862	244.62
292.726	446.96
157.047	227.234
396.743	338.11
69.4325	424.555
51.3271	480.479
399.725	369.815
206.156	464.25
106.97	80.9787
183.563	243.537
467.284	389.8
203.389	405.423
416.13	383.596
456.81	28.1869
1.20362	276.14
16.5652	310.021
83.1845	425.373
179.271	55.1599
138.757	256.024
3.30195	100.106
266.736	21.9713
53.3097	169.362
152.664	47.4514
336.596	438.34
99.0288	48.778
478.385	294.894
369.615	307.066
424.343	90.7862
248.528	67.0984
84.3503	24.979
202.699	424.426
88.6778	188.079
475.433	190.839
295.882	498.455
445.617	413.075
326.553	194.052
350.683	328.547
212.641	11.7231
93.9971	111.379
179.308	305.154
372.058	362.82
340.717	40.7151
474.272	3.54555
360.974	320.932
201.609	4.23757
375.448	168.528
367.454	377.419
149.838	410.194
155.509	213.961
384.657	72.9303
107.903	77.1937
471.532	275.605
84.2294	175.127
267.818	330.07
112.71	74.9152
276.44	460.585
136.638	260.309
297.514	75.6736
108.297	48.54
403.699	385.128
110.618	163.472
437	248.342
173.37	42.4054
57.4521	110.437
457.883	229.968
140.798	493.604
327.088	494.836
164.78	430.386
69.4217	285.991
124.683	483.117
1.98427	43.6105
157.056	487.375
3.67701	481.204
322.11	55.3019
450.89	154.315
262.336	340.916
360.627	496.028
444.005	54.8129
295.142	401.534
188.162	154.269
57.8749	165.144
50.1994	494.184
330.943	14.0336
367.429	47.5357
436.846	24.319
488.748	495.858
53.4631	486.128
264.977	430.042
117.573	2.23573
18.2161	346.645
32.4075	112.224
120.397	41.6492
258.808	28.2572
364.277	69.7356
308.5	336.683
367.698	318.375
98.1785	476.169
491.574	71.9766
41.4639	94.5022
282.749	0.0577549
137.167	213.862
38.0689	147.287
284.326	26.7922
343.827	489.014
118.874	463.207
409.989	13.71
219.977	463.739
249.975	490.847
304.565	57.0067
121.422	220.144
97.1235	126.825
219.052	474.087
81.1402	203.891
337.637	452.044
82.5888	303.186
221.696	189.167
208.971	239.514
354.25	481.326
378.838	160.232
18.8175	227.756
453.027	436.074
107.885	332.924
413.857	74.3959
115.871	296.349
244.313	481.711
115.946	181.447
244.546	445.236
282.2	498.664
288.711	153.171
487.029	156.134
84.0229	494.579
474.075	22.2113
184.783	448.208
40.7117	299.092
428.847	37.364
349.206	156.628
273.963	337.782
166.895	20.1524
13.5246	463.109
59.8405	218.819
454.23	378.814
152.641	163.613
6.76421	440.341
420.965	474.799
115.658	48.3399
470.492	292.211
451.749	415.747
188.002	201.858
463.127	60.8865
32.9151	292.4
285.099	174.336
71.928	7.88667
384.789	258.119
425.122	10.3958
144.576	400.36
252.991	329.119
494.795	181.573
381.357	343.773
470.359	479.687
223.23	13.4262
414.577	240.107
237.998	17.5594
329.557	159.535
111.871	283.379
32.8885	271.283
463.902	406.913
79.6594	242.009
237.676	498.351
260.126	472.144
137.146	9.23957
46.1669	82.2248
313.331	15.1437
374.631	223.363
208.712	305.294
443.795	314.764
8.84407	82.9456
57.4907	441.865
195.346	499.779
123.715	13.8866
388.497	448.815
124.483	470.303
367.26	27.4504
408.828	31.3877
286.356	172.363
96.8756	111.39
90.4155	238.875
431.832	355.534
320.638	26.0668
212.875	177.582
153.244	252.418
182.024	46.1569
418.701	340.102
135.138	48.2689
485.307	300.503
359.207	440.875
465.807	84.373
265.857	49.3264
283.834	164.707
409.784	228.513
403.751	372.661
216.697	39.9903
437.155	436.868
101.075	16.2687
463.858	358.961
452.188	0.979128
99.0322	121.235
205.341	334.452
236.549	62.3193
34.7	142.951
122.192	234.611
38.7567	439.713
463.941	467.551
381.443	446.639
145.733	129.025
175.714	159.6
367.612	175.632
11.8469	255.68
51.9728	265.691
460.467	202.233
11.9564	462.2
261.277	81.2204
86.1325	206.264
113.121	201.735
454.773	322.367
28.0302	293.839
65.9095	63.817
152.989	248.989
417.365	473.368
407.593	310.582
156.697	406.263
420.238	198.258
476.759	243.151
82.1141	51.5906
151.31	267.534
71.2928	456.808
328.826	456.37
190.931	457.756
224.924	480.232
239.882	40.1862
322.467	409.609
56.0603	163.667
196.668	23.6887
420.524	464.321
92.7845	488.043
207.436	17.2495
336.147	27.0502
215.003	29.9845
407.253	433.879
66.9212	482.673
457.785	254.694
336.173	492.386
52.5517	17.0152
237.131	213.971
282.003	430.053
483.384	89.3153
367.667	2.04122
219.922	450.241
355.139	339.385
128.671	105.306
10.2168	403.413
489.633	262.009
48.5361	175.869
493.11	446.234
488.491	475.749
194.336	151.646
487.377	291.263
74.5648	262.125
142.639	318.052
88.6194	43.2633
2.18072	471.068
455.136	240.17
422.324	466.621
224.823	295.678
348.468	441.738
363.541	282.564
479.064	246.428
78.2573	61.1497
470.817	81.7219
19.7322	326.817
235.269	467.926
320.639	331.522
481.272	155.153
134.734	315.474
308.207	150.39
38.9935	275.363
173.512	224.947
489.647	169.305
319.027	484.754
41.2985	241.596
126.135	78.9267
205.561	241.192
158.604	254.371
95.7221	103.372
109.395	208.991
385.507	485.536
211.747	302.678
404.463	73.046
117.349	94.0189
53.8899	178.59
132.878	182.124
482.246	61.8272
87.5156	336.401
213.468	60.7926
200.868	205.974
53.4814	336.515
313.297	417.546
476.847	384.724
429.411	60.7985
483.492	218.099
246.104	31.5069
221.86	336.904
347.012	88.9874
264.86	183.029
426.322	347.339
412.345	286.192
79.1216	292.07
488.075	358.091
203.761	423.755
495.582	164.215
174.899	308.419
198.204	422.684
121.179	23.7289
453.838	249.054
241.228	58.9411
235.767	439.331
392.118	253.165
55.565	111.553
365.689	457.358
438.582	437.27
148.4	2.20588
185.35	211.541
310.324	152.898
339.619	55.7377
198.252	443.118
433.294	263.039
392.34	154.579
221.498	497.073
111.369	210.988
437.492	440.725
65.2394	100.792
348.445	427.552
44.9131	219.374
333.892	458.694
328.993	52.0415
15.1092	415.395
341.268	31.7073
495.131	178.49
428.085	266.825
475.351	457.608
406.342	73.6675
273.309	6.1071
207.407	422.058
79.5009	131.816
273.203	196.054
205.069	29.6232
221.199	244.151
27.7641	229.055
384.768	426.1
216.123	224.616
361.816	257.505
164.085	18.0539
53.6777	72.0926
360.457	45.0434
127.067	214.628
380.407	174.773
176.285	24.1456
94.8792	129.835
407.233	165.595
73.5432	492.955
215.785	414.877
284.043	169.532
261.27	26.781
294.604	440.589
373.317	495.423
383.039	357.619
190.569	291.148
21.2092	338.004
479.883	235.612
90.978	434.618
41.1106	21.7562
419.933	370.378
477.001	354.725
140.357	5.45524
379.467	381.295
207.649	312.785
422.362	61.8696
31.0715	208.21
359.98	21.1528
416.382	158.807
403.399	307.8
107.46	482.201
214.039	59.5746
283.568	76.1764
485.207	477.948
177.079	307.372
44.9617	103.676
193.484	66.7742
423.259	254.172
158.126	64.9292
168.219	325.247
217.816	460.111
410.568	449.663
43.3935	470.504
186.826	259.645
466.087	447.367
185.481	442.305
207.975	302.735
33.1441	27.3058
300.98	64.5721
256.247	77.87
176.202	462.677
323.212	66.3781
237.277	34.4509
80.4681	480.818
465.592	204.626
351.748	452.494
142.081	4.3998
426.051	21.6087
146.471	211.885
400.496	391.145
154.73	447.699
80.1761	445.68
133.313	173.186
475.59	417.354
315.498	51.3703
131.608	302.449
211.252	70.5978
315.352	16.0229
441.853	481.168
257.239	81.07
18.2174	228.609
148.335	169.107
407.483	156.366
207.708	16.8664
39.0455	400.788
341.106	409.283
465.254	395.043
184.127	64.2726
381.703	323.73
451.597	262.017
229.636	406.844
268.71	150.432
131.913	446.954
360.45	217.887
148.865	272.532
125.123	251.268
386.877	49.6435
72.6899	178.068
80.5823	288.605
439.443	401.659
30.8743	181.211
93.1992	289.832
119.344	283.98
315.113	421.517
412.791	315.912
33.3208	126.473
117.759	110.325
39.387	195.971
216.204	210.481
499.022	462.295
377.845	488.161
461.319	444.362
290.333	494.452
492.367	331.479
446.234	276.292
193.507	42.3312
191.778	451.27
144.971	59.939
165.31	199.87
290.556	174.811
392.94	40.7359
455.855	473.279
17.9001	148.224
228.972	491.529
86.3623	314.651
454.823	417.339
287.745	342.947
437.095	249.128
129.831	275.386
485.635	466.745
27.3	456.158
212.61	438.846
395.681	305.289
445.053	404.428
221.012	441.906
327.292	461.736
140.323	168.084
366.469	303.377
246.763	442.169
470.802	202.557
83.3472	69.8424
182.953	231.252
346.788	58.1036
355.568	177.269
418.436	320.791
287.787	199.79
331.007	29.0039
189.671	310.961
6.80003	407.075
95.7344	266.823
15.9371	50.6721
141.777	461.473
416.45	156.509
414.83	9.1839
94.8745	101.337
290.946	433.677
20.2506	245.627
466.453	3.70592
95.3126	305.248
416.519	206.918
398.72	318.626
253.655	199.753
41.7972	263.468
100.726	114.12
123.37	20.3379
89.2657	146.192
97.9095	275.253
243.538	61.6586
3.46624	116.822
318.479	304.671
271.244	331.219
269.42	41.629
84.2419	215.655
363.635	38.4373
354.668	196.146
376.528	64.6133
239.475	466.54
321.528	493.663
426.935	336.316
413.284	429.916
252.258	69.2201
229.012	99.976
179.436	26.7861
235.21	56.6439
167.294	268.577
341.245	335.921
186.677	167.752
69.9629	400.4
98.1002	127.009
422.554	385.626
10.3659	226.849
85.5304	338.327
491.033	393.934
277.639	482.232
95.9184	169.06
199.447	494.824
309.103	326.656
384.775	266.154
146.772	436.28
147.733	113.381
377.084	97.3769
29.1182	421.65
84.477	203.495
239.082	203.637
493.035	37.3442
262.718	443.285
63.1479	242.726
162.058	214.294
142.922	3.80157
146.898	444.259
48.6735	95.2325
417.305	272.712
400.478	400.348
336.526	23.3938
308.683	78.6906
121.853	282.776
61.9563	220.492
35.3719	119.341
366.109	51.5676
213.924	94.2821
344.255	323.588
23.2028	432.618
228.925	274.758
125.481	72.93
41.85	150.728
364.287	174.752
112.385	158.001
146.111	489.545
449.061	386.376
463.756	297.775
340.108	413.572
61.6906	89.9903
4.70702	50.7352
478.435	220.854
405.231	45.1779
110.733	66.5885
448.151	472.038
88.0661	494.274
428.081	11.676
249.727	208.263
18.6806	123.756
376.346	360.656
435.451	343.123
77.9206	187.951
215.089	49.4634
484.345	189.908
440.282	355.093
467.276	58.8012
160.733	212.818
126.838	497.819
205.016	237.869
468.843	82.4464
323.778	68.0666
118.623	326.174
161.558	43.3803
425.572	73.3546
393.027	262.349
228.482	17.8976
211.073	1.56217
345.704	172.838
39.9644	422.206
241.928	235.281
417.928	373.038
343.148	39.248
479.023	41.837
499.329	347.693
41.8029	156.643
241.175	315.133
107.694	275.672
65.5984	295.552
215.426	439.111
14.2329	52.8482
331.812	88.7344
218.482	172.858
152.41	187.203
163.407	289.994
370.504	87.0976
5.32115	284.926
248.635	316.686
456.047	248.734
57.2401	289.411
412.07	84.3562
471.226	179.145
284.485	20.9355
349.629	38.1757
46.9906	296.25
323.831	493.414
11.0934	7.98882
457.739	227.702
413.523	39.9568
300.075	486.658
346.071	90.5226
115.36	114.972
423.889	340.309
295.286	11.9124
270.827	167.513
343.748	325.288
270.522	493.447
107.321	11.3786
260.154	491.736
460.382	78.7247
191.609	329.142
91.7599	75.1781
133.937	249.805
108.406	178.39
396.394	211.726
43.4197	488.535
63.0961	343.193
122.757	424.684
66.8836	326.444
351.289	431.082
220.457	324.26
487.524	331.204
236.1	65.0509
248.4	342.387
371.902	492.094
386.265	412.056
65.9993	19.0548
83.5372	432.29
210.79	475.481
330.127	17.8004
451.392	367.434
375.054	304.221
495.174	248.087
276.717	444.252
75.9276	311.7
306.388	22.6312
83.3239	287.257
402.87	418.308
158.212	235.167
84.0356	482.629
179.647	410.688
76.8648	319.241
481.278	443.907
47.9122	274.68
427.971	487.376
373.18	255.683
467.48	163.689
2.59613	422.572
179.95	255.923
116.039	329.572
477.158	236.531
247.371	333.532
372.491	21.5298
393.156	369.231
221.486	150.333
210.999	44.1032
404.551	285.57
479.805	209.272
347.771	413.018
159.12	168.37
477.022	192.705
245.982	38.5822
20.372	213.924
149.924	408.801
364.085	337.867
60.3827	340.735
28.421	251.68
31.9494	163.451
335.052	156.418
237.434	231.431
65.0048	488.482
285.656	450.003
201.36	492.898
81.1045	192.852
336.125	479.649
143.379	486.093
368.809	486.639
311.966	461.797
300.849	67.576
152.576	86.3301
472.692	185.343
368.27	491.29
379.519	160.383
467.292	288.823
495.459	83.9647
75.5631	74.8235
93.193	281.033
156.238	431.525
111.563	432.44
170.855	289.097
482.667	97.3911
171.576	256.144
479.689	371.126
411.355	478.164
281.041	163.566
115.633	472.982
284.177	468.112
246.693	170.254
412.166	96.0473
180.153	275.385
185.61	322.36
254.463	408.605
369.087	376.747
1.91943	192.824
327.789	465.308
28.7867	308.641
475.62	153.191
49.1744	409.118
472.886	285.546
465.298	310.315
457.879	213.434
43.3881	177.65
484.818	424.448
470.953	410.121
239.687	427.449
40.5909	296.827
363.884	494.187
125.608	421.795
120.825	429.022
129.413	10.4064
445.14	301.871
131.319	338.532
465.349	196.379
16.8116	209.125
455.045	29.3183
249.725	210.526
467.04	267.413
413.391	476.674
192.716	46.4097
98.8784	318.652
76.8734	457.003
439.733	297.196
14.3084	165.395
149.546	32.1412
245.574	448.169
316.184	153.939
41.1087	400.536
244.028	348.814
101.666	120.724
106.584	434.628
441.765	273.427
21.2509	445.703
413.634	7.83862
145.089	460.515
118.17	285.865
9.11237	61.8776
241.843	192.693
209.682	166.029
131.523	498.032
125.611	280.601
201.259	1.03581
85.2468	451.547
359.505	498.353
334.39	193.921
190.785	282.363
441.347	78.2732
415.488	256.549
275.721	52.0062
459.479	65.5692
94.1185	484.051
321.035	315.904
63.5464	436.215
146.083	459.499
491.928	259.541
137.982	280.679
51.9154	173.428
232.949	44.2768
396.367	210.284
246.354	407.764
136.302	250.932
427.542	6.97656
169.948	92.3855
12.3547	497.554
465.215	454.362
447.581	299.493
426.079	91.7972
246.79	79.3586
228.002	190.08
287.411	314.3
475.906	22.2653
89.9313	226.07
361.958	22.3405
287.081	178.806
428.065	427.774
459.797	161.471
144.369	418.547
367.321	384.868
21.7946	178.366
14.9301	11.0011
22.7937	190.972
469.959	153.879
422.926	291.492
426.411	49.271
434.033	39.5936
466.382	185.94
191.553	276.239
480.018	374.458
420.738	315.324
177.242	189.505
266.025	9.93915
386.431	320.011
47.8989	199.792
174.693	340.852
47.9669	426.024
277.224	464.25
431.033	340.941
141.286	257.335
23.2356	450.657
339.365	176.394
403.192	244.344
113.552	116.641
14.6668	249.733
434.913	96.4282
39.0841	162.264
220.326	230.063
110.482	296.574
159.694	286.451
492.185	362.605
208.102	491.611
464.541	480.435
204.296	246.291
318.535	88.5449
227.021	214.436
289.633	464.871
295.199	411.364
27.0704	299.56
333.159	171.713
269.793	441.505
478.965	466.905
437.749	493.837
338.239	9.65246
389.331	386.909
414.706	240.247
143.383	266.672
445.134	208.775
7.22705	295.601
475.722	18.7894
241.028	347.753
217.488	273.203
70.3218	337.28
52.5359	479.794
75.9333	477.589
183.055	181.713
39.0309	4.05846
281.812	12.9075
113.302	174.946
482.685	317.495
317.657	490.496
281.635	74.8784
56.1055	136.737
378.715	177.338
82.9655	319.842
65.4444	310.141
437.58	56.9989
298.554	171.157
9.16424	209.347
382.541	167.062
337.148	481.863
397.857	150.681
91.7075	286.996
149.992	441.032
111.634	242.027
342.54	95.1753
61.5949	67.2039
433.256	186.443
179.951	86.3307
349.725	416.244
269.316	38.5488
158.477	69.7724
151.204	210.394
142.847	470.6
437.465	304.332
425.017	160.216
208.488	1.22598
389.464	208.499
272.969	88.1929
367.595	160.287
72.4584	448.244
421.431	241.964
410.547	325.463
364.208	416.827
196.637	476.605
401.652	78.3969
420.595	53.8812
254.548	197.505
35.3358	24.354
204.227	288.511
363.689	160.411
201.379	175.599
243.282	54.366
457.707	347.088
15.4126	223.011
160.689	410.286
199.559	450.181
387.457	410.276
294.808	15.2701
193.585	3.76903
204.951	176.626
472.382	429.044
178.96	452.133
22.9699	86.5579
384.438	290.513
461.116	384.053
335.648	479.361
377.532	379.293
366.55	268.845
329.691	86.3463
143.158	66.5054
21.7069	34.2599
170.631	269.01
82.0601	238.305
375.793	279.324
129.787	136.464
191.943	452.723
269.732	301.251
493.873	290.289
290.214	33.4896
186.041	499.741
91.0937	103.493
153.445	0.0983691
131.07	60.4123
442.948	218.41
45.1511	227.042
149.391	196.983
405.952	187.559
125.361	131.216
476.279	71.2011
412.637	386.179
95.188	334.139
393.268	361.071
75.1859	343.733
90.5869	339.672
260.506	437.844
495.437	165.345
352.69	56.6355
401.651	275.025
218.739	436.122
372.475	19.5193
390.309	415.716
211.245	210.692
260.687	92.47
176.625	278.073
68.4199	292.407
385.537	347.472
409.476	88.3708
494.258	470.683
239.321	268.379
409.647	213.516
299.087	181.222
447.488	486.725
424.952	153.199
207.25	332.471
253.541	443.318
249.364	288.023
414.036	344.505
79.6002	269.134
66.323	428.821
263.037	412.324
487.592	10.1695
172.846	485.819
72.5687	94.4065
104.634	250.376
177.853	27.1611
371.383	59.6206
423.626	484.306
38.6152	202.865
174.428	31.576
23.859	97.5464
44.8271	438.107
173.068	458.231
356.903	160.996
182.035	273.679
52.3288	189.855
116.317	276.699
198.109	407.418
105.977	62.4817
360.545	233.788
465.848	18.8913
211.932	461.436
456.577	457.132
204.197	293.001
46.4169	433.626
43.5059	478.64
372.762	446.53
189.733	207.503
331.268	330.166
407.268	369.577
37.6086	436.86
340.196	488.22
493.021	418.655
21.8327	431.601
26.25	433.024
462.169	194.093
259.35	76.0695
121.797	491.925
361.036	159.91
99.6372	7.75925
248.343	11.0379
51.2377	432.504
325.416	182.098
73.3311	155.964
410.71	432.912
386.512	57.8611
96.0855	45.0625
19.9644	279.724
159.638	76.5477
490.236	335.789
459.093	197.841
91.3073	37.3545
216.806	448.826
160.617	175.891
212.114	433.314
278.779	55.3698
370.369	418.871
58.0904	490.326
246.977	57.7772
142.516	35.0809
320.21	93.9049
360.415	281.878
212.521	318.017
498.209	245.431
158.493	164.444
63.5954	484.606
161.455	250.078
464.896	315.242
291.505	498.965
352.798	188.256
436.288	160.108
101.725	166.959
367.18	378.918
369.585	391.363
115.118	335.718
139.167	438.438
18.727	112.03
398.372	382.944
172.289	472.466
22.7924	404.39
125.276	265.445
380.416	475.936
278.265	416.75
138.124	290.339
118.897	278.37
283.047	178.01
283.251	47.1023
455.913	65.4778
156.352	198.819
392.077	465.932
193.592	73.6338
333.309	466.063
488.3	493.746
34.9817	311.836
249.24	177.626
202.244	263.112
59.0004	303.293
430.972	472.683
148.911	268.64
333.706	173.559
180.159	328.17
250.102	407.531
388.296	199.739
266.415	456.409
18.2825	459.885
407.217	82.926
480.582	290.555
470.753	70.715
307.272	404.524
303.406	420.379
309.337	187.95
448.976	265.341
218.151	77.4255
57.5126	292.962
307.631	29.9842
408.634	185.522
445.951	248.381
373.395	17.1509
204.293	71.555
182.907	288.871
123.565	452.818
98.8651	164.393
337.753	178.572
488.542	198.254
387.327	374.724
363.964	152.895
128.127	244.671
213.882	334.594
415.104	63.1517
90.5141	497.984
306.137	183.585
226.373	97.4262
454.746	4.62813
231.347	438.544
76.1155	338.868
492.502	260.613
484.026	363.123
335.378	327.519
22.2031	310.665
252.776	166.862
4.65016	105.561
185.959	323.845
466.836	310.789
465.436	313.864
70.2047	343.199
248.947	153.77
110.151	114.614
339.229	8.53077
172.578	52.7321
469.357	217.769
170.779	205.977
357.381	460.251
160.862	295.531
156.594	491.662
295.779	470.685
337.248	346.751
442.898	9.45833
130.888	152.286
40.665	432.672
313.394	334.122
194.139	428.167
118.273	418.236
222.432	230.177
394.472	42.9965
412.355	32.6056
484.543	219.071
386.931	467.047
201.81	205.371
457.704	264.938
87.0153	248.52
419.531	307.058
7.34169	306.537
151.633	413.119
93.816	88.1587
462.006	170.121
436.962	188.807
238.297	155.977
87.2031	233.217
392.707	163.396
65.0072	431.408
376.87	75.7926
10.9966	196.593
190.987	244.832
361.393	475.924
410.984	424.159
486.572	244.053
379.665	59.6434
32.1318	97.7218
332.815	61.1191
138.984	216.824
435.641	428.317
11.3682	190.463
427.959	277.165
235.161	214.595
184.894	258.183
13.977	409.173
378.91	56.3883
249.524	44.401
75.653	494.25
67.132	498.785
43.835	5.00217
77.9785	217.425
406.147	461.214
304.585	413.136
352.263	405.538
409.795	75.1171
273.49	339.227
481.882	160.222
302.219	87.9319
474.584	350.747
196.092	57.9593
277.799	165.809
206.68	176.221
20.536	301.146
393.416	391.632
186.832	33.6847
53.8898	245.077
19.6857	87.9216
293.231	79.4033
228.117	74.2093
245.875	464.789
497.907	79.0464
323.272	324.448
480.823	449.57
160.938	412.671
481.318	466.628
187.646	42.5024
198.474	236.174
359.295	497.713
345.146	94.468
118.971	187.087
382.03	482.175
161.704	300.965
38.8124	173.308
211.208	313.862
398.514	499.922
448.009	495.336
187.417	442.405
290.651	25.9996
158.199	266.338
428.007	409.265
62.3947	17.2441
324.208	342.389
182.958	257.206
302.443	79.7465
421.493	174.656
367.741	61.2235
1.16898	162.325
318.918	150.409
357.895	361.011
219.718	314.289
1.32834	90.3499
351.405	201.308
320.544	328.085
142.667	484.729
457.247	399.363
72.5941	263.622
159.141	477.016
337.106	458.239
117.032	24.7084
107.861	264.555
465.017	161.664
476.363	491.609
472.479	292.786
431.741	315.432
463.958	392.431
170.453	292.632
50.8892	422.608
429.102	437.336
474.745	228.727
396.046	361.596
54.6086	25.1176
14.6413	182.858
226.348	431.355
90.5207	93.9624
164.134	43.66
234.812	427.386
22.7316	287.825
161.748	328.742
476.698	328.041
372.84	488.778
203.23	333.698
210.607	221.76
121.987	104.741
365.649	76.9586
243.004	400.643
379.707	246.112
79.1097	122.996
399.96	289.123
381.469	248.941
73.9805	51.4227
429.753	295.244
8.01737	140.395
114.21	260.764
135.319	45.4665
159.045	172.258
371.516	326.86
113.134	181.89
479.185	75.4483
414.932	295.802
142.025	148.676
389.682	409.419
140.921	426.351
357.16	2.45859
406.493	206.667
483.487	298.11
113.189	481.099
465.681	405.457
82.2163	496.422
55.7845	79.9676
1.17494	448.227
403.325	72.361
183.216	189.311
106.365	19.4089
62.308	28.4243
358.681	289.526
433.705	223.699
188.583	38.0098
408.867	409.414
462.725	256.197
176.541	418.866
131.581	66.6193
73.9476	171.833
154.248	9.03557
334.503	59.2162
150.971	479.369
473.962	247.127
26.5071	247.32
36.7005	158.814
25.6271	248.393
66.4311	31.1726
472.908	13.5755
490.865	196.126
87.8028	477.866
292.171	477.168
36.8573	175.483
25.9294	349.687
448.282	227.034
178.288	17.6396
152.957	160.796
300.296	183.749
36.5711	444.165
23.47	26.5495
91.6702	215.537
331.699	69.4438
141.127	31.5272
445.874	157.249
252.966	49.0676
147.21	238.882
44.7964	191.309
340.283	161.117
405.879	379.177
20.9342	217.231
229.483	171.291
148.102	154.072
453.316	23.8268
222.609	479.648
452.445	373.326
388.319	80.4775
175.084	403.775
185.613	202.231
101.629	444.779
351.357	332.277
283.419	198.12
425.876	404.195
393.768	449.297
351.15	269.767
291.055	79.8894
365.409	205.501
426.181	151.049
172.303	68.7781
359.584	48.9229
301.037	493.903
108.149	208.733
0.71925	486.152
385.86	330.797
388.814	431.806
272	309.324
208.441	218.34
443.469	349.596
400.083	446.574
455.361	219.763
227.15	240.966
295.568	155.877
223.355	166.547
496.581	2.06091
235.377	187.563
420.464	48.1821
483.599	172.148
222.51	66.2552
75.73	234.046
259.431	36.3382
11.3358	495.518
370.703	455.259
3.49377	18.8791
163.695	77.0818
13.6024	204.331
425.022	493.707
468.974	3.93291
399.498	448.85
406.398	358.182
298.044	189.908
451.517	360.326
477.041	454.175
216.009	282.8
382.865	466.437
249.591	35.1534
474.682	349.163
28.7827	337.514
41.9151	141.574
492.782	320.938
383.228	252.869
271.094	306.402
255.551	429.14
456.47	421.927
341.649	342.461
361.14	416.866
192.096	200.087
397.448	215.746
80.7791	275.275
228.485	189.154
474.797	14.9501
99.9946	140.485
362.674	289.003
478.305	416.548
254.556	181.739
320.251	46.1629
184.145	431.32
276.57	189.035
443.163	207.737
124.828	444.161
469.766	375.224
164.622	5.045
44.6144	157.089
180.823	260.999
319.202	497.621
55.0345	2.61603
347.593	56.6818
77.1489	418.052
187.212	498.738
189.505	273.242
371.413	485.161
306.976	15.5657
277.402	332.92
252.447	471.767
453.922	3.48855
481.54	424.393
473.996	342.252
200.006	199.689
268.392	497.155
213.147	287.165
103.237	299.912
278.386	159.26
309.001	41.5995
97.8229	288.314
362.427	325.501
18.5931	69.5223
218.088	41.1978
277.295	150.42
374.288	23.8503
359.902	424.786
499.152	431.822
320.345	48.2943
320.942	461.955
88.9127	244.79
150.986	454.903
250.625	424.499
3.51579	135.443
273.672	27.8984
490.778	499.375
496.47	396.795
274.919	416.993
356.42	280.471
28.3754	250.313
404.748	419.762
219.055	408.847
368.793	335.597
419.097	215.215
343.623	315.979
127.412	254.48
38.5189	85.3255
231.629	30.3513
337.384	481.191
302.923	486.605
464.861	180.395
378.19	264.72
228.999	307.332
409.817	467.802
415.079	175.949
158.951	16.2115
93.8075	465.571
396.573	28.2717
176.691	249.584
214.998	65.82
242.407	471.058
481.542	365.139
2.03633	219.172
59.3879	74.1152
169.927	195.904
410.976	441.257
452.083	4.16944
141.732	198.832
14.8623	274.018
105.127	181.308
467.442	358.535
84.8584	114.668
51.2925	483.787
89.7554	486.943
220.319	235.853
182.093	1.70356
104.286	30.136
20.9434	464.524
151.196	14.313
417.382	229.739
147.671	400.851
249.585	171.481
137.133	41.11
36.8495	434.264
209.172	8.91022
375.776	272.046
126.4	60.9588
49.6867	302.27
366.387	20.4028
466.655	424.624
57.4584	110.109
13.1279	348.47
421.782	303.719
471.871	371.908
86.04	37.0345
149.217	344.764
386.74	166.736
465.958	310.251
357.854	169.281
320.928	180.082
442.332	220.805
183.404	234.483
378.142	300.697
448.751	439.786
84.7826	408.876
162.082	338.19
325.698	327.235
482.068	393.413
363.474	392.217
293.676	429.634
426.596	483.817
144.932	35.5377
499.138	340.171
439.019	92.8406
113.215	10.9877
447.381	309.271
233.872	445.856
266.258	443.719
355.417	9.65324
129.898	81.181
440.963	404.144
247.258	8.15031
116.41	183.856
489.555	273.998
169.793	416.339
321.218	24.0792
424.928	475.045
37.762	25.4959
98.2454	308.545
222.488	280.987
391.145	372.047
165.356	474.034
173.581	231.712
37.8715	432.369
16.651	241.797
54.5811	220.87
456.665	397.067
74.8794	268.3
427.841	157.927
422.229	62.0144
123.55	275.691
47.2615	437.071
398.978	232.895
140.152	293.623
239.643	175.901
433.484	166.574
448.868	318.257
230.792	330.877
273.913	22.0202
62.6159	161.062
481.637	210.887
96.0879	284.48
263.297	416.749
321.338	1.13242
175.149	203.454
452.524	180.186
345.847	99.636
450.228	6.02105
221.261	423.439
368.245	286.15
208.078	252.803
395.282	315.379
46.6137	218.626
100.836	123.737
57.1526	154.049
411.833	423.613
350.292	272.419
456.353	161.424
51.6306	214.229
317.474	471.478
62.8583	82.3204
466.586	200.171
269.608	195.075
292.348	468.842
174.606	315.723
276.852	76.8991
471.713	421.249
241.191	488.706
211.818	462.875
97.86	488.026
270.432	340.074
252.521	53.5806
207.646	471.575
229.324	213.933
282.31	51.1161
44.1674	202.383
265.073	449.799
194.894	239.922
466.284	10.5139
334.106	193.373
146.695	182.544
346.89	183.836
218.973	258.432
328.547	81.1394
41.3076	142.535
125.856	424.424
28.8381	330.772
73.6417	406.89
170.56	270.918
354.483	9.53196
265.502	163.644
278.796	463.528
184.045	414.922
185.22	254.759
377.869	266.325
13.5405	329.935
86.1244	148.98
122.555	205.157
26.2252	150.109
350.232	331.925
410.65	234.771
439.571	242.584
403.605	351.832
360.639	248.918
327.642	452.59
391.49	320.058
33.8096	308.41
352.885	182.063
100.004	58.5304
132.378	462.118
499.642	214.521
40.5003	420.536
385.968	208.002
370.553	347.501
43.0397	406.397
206.378	322.029
103.873	238.955
407.563	485.425
495.773	265.978
34.8496	341.27
108.852	441.774
132.099	289.912
238.161	330.272
256.343	421.267
198.5	268.583
471.506	181.967
484.553	302.155
84.6276	287.27
269.384	178.348
321.605	324.889
123.107	415.335
394.852	52.5246
394.301	442.651
139.457	74.7322
174.381	493.468
87.3611	99.4323
209.906	419.665
227.147	468.319
477.477	428.879
126.921	457.99
132.575	38.1737
322.372	310.177
56.7209	401.555
103.472	66.6796
242.189	21.3074
116.257	88.6361
380.182	241.663
154.249	92.7661
224.828	303.618
302.763	435.244
450.268	17.8954
431.597	388.008
414.752	342.955
4.03933	181.036
382.86	367.132
183.683	263.523
375.807	327.966
431.36	282.617
13.9036	47.0556
12.3984	269.538
86.6842	94.2225
376.535	235.399
487.86	386.73
349.495	2.63037
449.926	317.42
489.88	288.311
136.987	78.8738
365.797	461.171
347.759	336.54
367.034	256.952
115.927	405.342
5.06243	82.6112
285.424	162.283
241.963	18.8045
220.276	418.583
198.283	191.083
343.912	31.2684
87.9392	96.4861
96.5573	123.123
373.176	206.703
305.949	461.993
394.069	439.794
405.738	259.42
466.669	370.846
363.57	357.299
238.483	150.287
415.003	288.252
261.099	94.7061
379.613	364.153
271.2	431.255
65.7674	474.827
234.531	421.933
108.571	127.323
181.342	227.495
321.189	449.994
411.702	97.0009
239.969	0.452439
218.14	316.662
369.783	278.308
147.165	86.1966
227.418	94.9553
393.362	399.337
189.881	400.881
315.18	151.312
377.219	445.098
475.479	394.272
450.342	310.959
396.15	51.5641
168.79	218.954
94.5761	6.87271
431.146	449.413
276.917	404.095
96.636	187.154
114.996	470.304
256.933	21.8693
155.463	211.639
17.2725	106.192
204.366	427.768
30.1103	214.682
197.776	241.079
352.402	412.093
365.341	382.651
320.643	79.779
138.301	79.6291
433.536	223.962
178.644	338.272
178.56	436.548
259.539	321.869
34.8509	83.9117
365.189	211.643
139.999	409.723
212.48	223.34
260.522	165.462
186.832	236.385
497.166	492.997
84.2259	496.021
495.457	350.989
362.648	76.2915
203.317	35.9867
13.9627	300.98
138.539	479.182
347.184	322.782
186.59	246.436
214.972	216.175
352.68	404.023
71.4257	428.591
114.795	254.555
387.836	462.111
437.674	435.935
70.2289	430.632
194.174	497.676
491.085	241.742
369.388	4.18379
124.15	172.341
246.619	292.142
286.234	51.3659
486.011	159.075
372.019	200.421
447.267	314.818
469.065	205.42
463.804	315.125
47.7799	80.4418
454.458	181.226
337.957	338.536
176.349	18.4911
343.21	157.071
344.678	479.475
439.332	481.628
327.747	336.217
310.722	493.438
287.895	410.087
112.617	133.855
380.161	301.624
326.206	314.292
340.574	491.561
26.9427	460.921
183.931	78.2336
254.838	44.0484
438.219	279.333
136.84	253.821
157.2	59.4243
3.1446	413.262
50.5034	436.88
221.836	485.354
467.194	74.066
471.364	290.069
478.468	354.969
332.831	339.683
450.173	456.567
234.146	285.413
319.459	84.9212
386.069	439.993
323.074	161.214
209.313	348.69
468.971	413.077
354.98	490.111
21.0982	30.1613
200.95	262.286
487.025	292.944
70.9497	107.376
209.907	65.4556
237.483	251.921
481.012	211.61
37.2597	346.05
426.69	174.347
337.194	332.582
26.0419	330.303
406.551	162.661
185.242	476.213
5.25771	93.6189
402.723	194.467
402.566	193.677
23.4458	54.4459
72.5642	445.779
356.878	490.426
71.8883	403.331
38.3342	189.463
174.715	455.401
491.112	434.598
150.295	78.2166
125.42	340.464
29.7281	25.8369
61.6431	344.394
42.3325	292.109
394.222	41.7725
178.018	59.7258
110.23	451.336
133.742	244.902
119.19	315.67
29.2454	83.2055
485.027	458.605
310.198	301.145
253.074	168.982
137.338	479.381
154.228	411.457
301.993	312.299
43.6715	496.443
496.803	272.021
123.9	118.451
356.68	248.511
257.789	480.538
223.461	161.671
359.228	425.601
220.348	440.281
91.314	252.604
402.23	371.211
387.579	256.743
148.099	164.648
109.823	153.036
143.004	229.925
454.268	452.671
190.391	452.046
427.315	430.865
69.5282	309.456
117.772	299.741
100.56	44.7531
90.0028	470.835
480.154	479.025
437.091	203.11
31.2568	240.23
410.785	62.4431
397.917	367.223
12.9311	245.846
163.481	226.782
163.267	239.975
423.438	349.398
17.0022	324.947
223.834	339.62
134.904	17.7202
178.621	259.553
81.0006	453.125
486.991	93.4298
85.9387	184.425
475.932	204.58
425.609	168.892
312.387	166.197
297.836	90.3649
475.719	348.18
148.046	448.049
82.8751	276.375
459.98	312.141
164.42	230.735
377.438	90.56
148.768	214.273
365.004	40.0765
387.721	477.226
29.3413	326.443
376.621	98.4878
451.587	154.02
101.707	156.964
266.706	303.048
82.1704	348.364
463.354	459.796
491.714	402.215
209.289	200.82
300.613	451.888
86.3154	243.563
385.267	447.522
221.307	477.412
320.002	185.618
424.15	427.393
331.29	484.244
14.6196	155.655
197.182	255.903
10.4756	31.3892
88.7328	456.865
67.6232	58.1252
101.809	416.631
488.855	264.814
153.536	162.93
123.798	409.058
244.188	466.42
161.346	253.126
67.7801	79.735
83.9451	211.181
324.701	52.217
178.474	55.919
261.368	468.918
39.7226	432.143
247.936	256.585
202.333	434.623
309.665	43.4684
258.466	327.637
223.92	426.696
207.17	88.9847
300.672	10.2133
287.705	430.93
129.718	425.901
402.977	349.959
378.752	247.412
203.125	165.699
393.86	37.4863
199.937	291.146
350.248	19.526
382.522	391.418
210.388	63.7501
261.812	317.003
306.982	85.4612
217.983	453.792
309.895	445.813
183.651	278.029
349.243	196.673
277.716	40.9532
302.075	457.085
488.083	386.546
363.007	17.5599
64.7197	422.164
350.576	286.594
348.732	476.727
110.427	171.261
22.6853	268.307
470.056	333.867
147.262	174.097
429.87	63.6886
168.099	80.4282
3.28779	431.471
273.182	335.345
350.204	295.11
406.543	272.566
457.963	184.303
180.558	298.097
197.997	165.857
268.862	97.5279
450.323	431.325
367.53	491.671
248.723	286.586
224.488	323.848
144.002	98.3091
22.287	215.178
474.723	250.709
33.8968	70.5714
92.9374	287.092
171.138	449.093
179.184	253.101
216.768	201.539
62.5849	100.482
390.636	76.26
391.375	237.091
392.182	49.9165
269.684	159.264
130.244	298.3
495.758	499.609
161.017	237.9
150.197	324.243
128.159	65.6259
28.9539	247.676
209.975	429.462
61.2444	333.576
281.421	61.1005
469.153	286.287
396.624	362.182
498.358	397.776
174.055	28.2531
391.788	246.687
465.193	64.3917
30.5058	494.537
401.931	176.572
79.0462	452.031
471.814	343.824
220.37	218.367
254.192	333.41
126.323	43.6065
437.465	180.602
412.988	37.8433
183.718	84.6979
114.718	429.633
24.6479	331.805
434.556	374.293
103.396	344.831
465.586	22.1912
