Saved a vector of rrt <nodes> points.
X	Y
25	975
34.1808	971.036
42.3684	965.295
42.8297	955.305
52.5951	953.152
52.2979	943.156
62.2305	941.998
69.2852	934.91
76.826	928.342
85.3035	923.038
92.3785	915.971
91.7151	905.993
91.331	896.001
97.9219	888.48
97.3377	878.497
96.4932	868.533
95.6487	858.569
105.217	855.662
115.211	856
122.918	849.628
130.099	842.669
134.403	833.642
144.347	834.694
130.873	824.286
112.788	865.702
131.964	814.345
138.75	807
148.003	803.208
150.727	842.395
146.442	793.331
157.9	801.777
150.334	784.119
167.584	804.271
177.314	801.965
151.216	774.158
158.657	767.478
160.652	757.679
160.29	747.685
158.45	737.856
165.147	730.43
187.261	800.931
197.178	799.646
205.947	804.453
214.919	800.038
224.904	800.591
170.683	722.102
234.688	798.524
154.642	765.671
168.638	712.313
166.284	702.594
164.243	692.805
243.055	793.048
252.871	794.959
262.309	798.262
159.558	683.97
166.518	676.79
271.997	800.741
281.956	801.648
290.99	797.36
298.816	791.135
173.498	669.628
171.334	659.865
169.088	650.121
166.842	640.376
308.8	790.569
168.285	630.481
167.741	620.495
318.649	792.301
324.301	800.551
157.867	622.075
177.63	621.988
324.293	784.047
167.861	610.496
175.315	603.83
172.802	594.151
170.288	584.472
334.146	782.335
168.333	574.665
175.947	568.182
300.978	796.799
173.476	558.492
342.073	776.239
169.868	549.165
352.063	775.81
175.427	540.853
329.342	809.187
360.813	780.652
183.488	534.935
192.475	530.549
155.621	631.819
370.801	780.154
189.33	521.056
378.171	773.395
388.114	774.454
397.456	778.024
335.175	817.31
186.186	511.563
403.687	770.203
411.562	764.04
160.788	553.353
183.041	502.071
411.495	754.04
191.402	496.586
188.075	487.156
184.747	477.725
177.703	470.628
167.814	469.141
328.158	824.435
418.899	747.318
157.799	641.579
184.119	462.957
145.667	632.78
321.239	831.655
163.987	459.903
161.342	450.259
420.723	768.05
193.007	458.374
327.683	839.302
200.99	452.352
161.683	440.265
158.556	430.766
208.347	445.579
327.761	810.599
383.507	765.579
218.259	444.254
155.43	421.267
152.303	411.769
151.33	401.816
429.441	772.948
147.608	392.535
170.48	555.813
425.352	739.679
224.849	436.733
439.248	770.993
433.182	733.459
232.171	429.922
151.874	649.635
440.044	726.185
237.358	421.373
312.074	835.656
245.795	416.004
254.825	411.709
144.443	383.049
447.382	719.391
457.306	720.619
241.174	434.275
302.227	837.4
263.253	406.326
466.476	716.629
144.038	373.057
140.802	363.595
476.274	714.632
258.972	397.289
273.029	404.223
444.389	779.571
486.078	712.659
484.977	702.72
161.729	651.332
496.018	713.746
491.982	695.583
504.19	719.511
294.945	844.254
261.536	387.623
450.473	787.507
269.429	381.483
137.566	354.133
283.01	404.836
292.104	400.676
426.761	725.793
134.33	344.671
301.895	398.641
143.632	655.298
129.455	335.94
513.627	716.203
126.271	326.461
138.94	664.129
522.739	712.083
531.053	717.639
123.086	316.981
540.908	719.337
453.51	797.035
550.789	717.798
559.634	722.462
563.524	731.675
169.568	645.123
134.583	384.713
311.004	394.517
132.097	671.42
320.66	391.913
119.902	307.502
329.062	386.491
551.454	707.82
444.151	800.557
571.918	737.11
581.917	737.267
123.622	298.22
332.51	377.104
120.227	288.814
591.045	741.351
342.45	378.202
116.832	279.408
113.262	270.067
109.873	260.658
106.485	251.25
351.746	374.516
280.038	414.384
113.583	244.206
357.7	366.481
598.773	735.004
300.113	835.692
367.567	368.105
374.555	360.952
122.67	240.032
442.22	810.369
118.295	231.04
373.053	351.066
591.642	751.333
605.312	727.439
116.642	221.177
592.008	761.326
382.83	348.969
611.159	719.326
290.528	838.543
112.409	212.117
391.302	343.656
103.517	272.312
617.553	711.637
600.389	766.781
400.358	339.413
305.327	827.16
108.177	203.057
114.837	195.597
163.308	637.325
624.959	704.918
121.643	188.271
631.15	697.065
131.915	394.35
408.162	333.161
417.93	335.3
288.011	848.221
177.242	638.712
94.1067	275.695
609.871	769.959
323.803	401.406
313.73	832.581
186.63	635.267
405.11	323.638
280.043	854.264
619.001	774.037
636.367	688.533
411.523	315.965
322.065	838.107
136.649	403.158
643.216	681.247
373.354	376.26
343.474	383.595
427.844	333.987
650.401	674.292
627.904	778.592
116.549	179.666
412.825	306.05
410.248	296.388
437.785	332.904
637.837	779.743
121.97	395.402
648.576	664.459
276.319	863.545
448.678	818.005
647.267	783.072
641.516	657.378
655.807	788.274
656.813	658.789
447.42	335.582
457.418	335.747
467.408	335.293
454.218	826.33
269.091	870.455
304.606	817.186
283.771	870.214
111.456	171.06
303.895	807.211
196.054	631.923
413.116	286.807
665.788	787.655
675.606	785.758
106.362	162.455
101.268	153.849
475.987	340.431
483.475	347.059
460.367	834.216
156.279	644.437
654.815	798.225
379.536	384.12
96.1745	145.244
91.0808	136.638
684.824	789.635
146.701	647.314
404.245	338.724
491.724	341.406
657.086	807.963
85.987	128.033
80.8933	119.427
497.901	333.542
636.934	648.489
694.181	786.105
417.285	277.718
507.151	329.742
661.681	816.845
465.944	842.516
467.247	852.431
448.363	808.01
627.201	646.193
423.681	270.03
626.059	636.258
139.88	654.626
125.467	184.19
516.319	325.747
261.983	877.489
666.314	655.668
617.156	631.705
316.902	394.169
607.726	628.377
520.857	316.836
206.008	632.879
609.138	772.391
253.289	882.431
672.81	648.065
678.728	640.004
75.7996	110.822
70.7058	102.217
110.233	187.418
521.211	334.468
134.379	662.977
409.692	271.212
431.523	263.826
524.124	307.385
619.62	652.713
140.355	639.586
533.065	302.906
406.935	261.599
382.759	393.587
99.6535	131.49
542.202	298.841
482.351	356.996
386.309	402.935
663.998	826.573
243.316	883.16
688.491	642.165
65.6121	93.6111
694.983	634.559
127.711	670.43
703.459	789.835
671.038	814.957
713.164	787.422
546.633	289.876
240.888	873.46
138.642	629.733
555.941	286.222
441.33	265.779
314.072	403.76
109.901	197.412
403.245	252.305
677.173	775.882
444.135	256.18
106.803	206.921
514.163	312.666
312.337	385.272
60.5184	85.0056
565.94	286.042
133.009	190.757
438.425	809.126
312.486	375.273
704.108	638.649
137.227	199.823
575.91	286.819
428.87	812.075
721.871	782.505
711.753	632.204
667.702	665.571
102.918	216.135
525.955	343.272
55.4247	76.4001
234.338	887.564
231.456	897.14
213.572	639.421
459.003	825.758
95.1431	222.424
585.446	283.81
594.359	279.276
221.92	644.926
719.566	625.962
597.392	269.747
130.409	640.615
722.488	772.524
241.384	898.337
605.751	264.258
121.09	636.988
643.251	645.858
615.41	261.668
731.089	767.423
447.333	246.706
443.135	237.63
109.02	127.986
741.043	766.461
90.4086	231.232
718.557	795.843
611.215	619.006
615.847	610.143
304.575	369.156
472.017	861.22
221.533	895.899
598.438	632.083
750.169	770.549
387.45	412.87
81.6874	236.125
729.564	626.167
523.334	321.751
50.3309	67.7947
125.635	680.212
738.816	622.374
387.283	384.668
135.115	683.393
625.266	263.358
318.235	412.853
741.072	612.632
709.278	647.209
615.547	251.669
396.718	244.729
441.645	227.741
422.448	804.409
319.608	368.254
616.012	662.04
445.048	218.338
760.169	770.648
76.5296	244.692
234.215	866.012
140.785	619.966
588.438	631.988
63.9104	109.553
745.531	603.681
226.13	653.997
724.788	803.665
635.265	263.276
750.553	595.033
756.275	586.832
645.091	265.135
249.69	903.907
443.081	208.533
315.488	422.468
618.11	242.003
667.885	835.787
146.638	203.207
63.6677	70.7386
674.747	843.06
213.015	890.661
204.158	886.019
45.2372	59.1892
651.542	257.494
677.007	852.802
452.652	205.634
763.748	580.187
116.776	121.674
235.672	651.005
659.724	251.744
772.259	585.437
461.105	200.292
239.525	660.233
504.45	310.286
667.889	257.517
780.268	579.449
304.168	405.141
675.738	251.322
195.756	891.442
733.746	808.108
117.293	685.727
136.019	635.156
125.329	116.493
458.873	190.545
746.897	628.265
473.523	871.106
676.314	765.919
788.512	573.788
580.434	625.993
223.664	660.53
244.879	668.678
617.179	671.971
76.5881	254.692
254.782	670.065
107.405	684.234
421.447	818.776
468.676	188.569
412.326	822.876
387.74	374.679
614.185	600.282
316.761	358.668
684.211	246.01
770.117	771.663
467.239	878.885
759.823	570.99
40.1435	50.5838
140.316	674.852
687.32	236.505
693.962	229.03
186.538	895.32
703.589	226.325
129.366	107.344
572.662	632.285
712.235	221.301
218.34	668.995
77.5209	264.649
454.058	181.781
571.564	637.687
524.641	331.665
136.091	611.136
719.867	214.839
393.874	420.533
434.293	203.761
727.15	221.691
56.1535	115.864
294.282	403.639
686.297	222.608
686.459	849.535
326.484	356.327
777.232	778.691
316.555	432.411
679.324	862.529
625.439	677.608
786.575	775.127
739.162	816.515
530.341	339.881
792.949	564.827
746.662	823.129
137.768	101.92
721.002	204.903
619.14	591.596
80.2402	274.272
658.336	832.815
100.212	233.208
325.736	359.568
610.262	586.995
673.259	265.952
736.763	218.935
259.603	905.22
716.763	195.847
390.063	237.265
458.326	172.737
754.63	829.172
562.237	641.293
288.844	412.025
742.548	227.092
752.129	564.602
453.161	164.174
50.7656	124.288
495.083	313.787
650.765	826.283
743.174	237.072
238.948	857.203
800.016	557.751
753.744	635.553
208.678	666.417
422.077	828.756
795.155	769.99
425.583	794.913
723.546	188.499
257.793	915.055
384.411	229.015
761.507	836.431
633.587	671.809
144.431	605.618
555.289	634.101
449.926	233.347
440.631	237.037
264.933	922.056
731.393	182.3
545.536	631.89
682.085	213.538
278.95	413.476
452.927	154.177
177.178	891.8
797.716	760.324
101.587	692.368
610.949	577.018
402.352	822.161
147.506	99.6474
455.606	144.542
807.373	762.922
536.403	347.835
242.091	910.408
120.081	131.112
423.161	785.211
806.207	549.898
154.293	196.773
97.0543	701.281
753.106	238.238
317.841	442.328
675.741	205.808
72.0385	76.2094
271.379	420.008
141.583	596.032
121.43	101.26
628.271	595.673
397.616	830.968
197.779	901.235
474.355	885.912
414.018	781.161
762.828	235.896
136.242	587.578
449.631	136.523
817.286	764.241
513.285	314.97
766.431	226.568
432.045	780.62
733.733	172.578
411.097	771.598
674.822	756.031
99.623	677.954
739.192	164.2
776.293	224.914
158.165	205.993
479.633	894.405
823.554	772.033
440.406	132.664
784.357	230.828
414.268	762.114
133.492	577.963
144.452	194.996
607.509	567.628
680.205	273.147
246.199	850.317
522.232	310.505
537.747	638.161
274.931	921.875
443.479	123.147
150.846	592.264
87.9819	705.488
735.272	155
786.571	240.58
157.015	96.5536
125.466	571.998
748.31	555.36
548.29	622.276
435.782	116.763
282.96	927.837
160.054	98.5265
472.736	901.647
310.317	351.021
167.243	892.94
795.275	245.503
748.851	161.611
763.996	846.116
792.488	225.007
91.8575	714.706
601.497	559.637
796.447	750.405
78.168	703.567
793.785	255.391
800.116	571.801
82.1784	284.082
816.099	548.438
825.064	552.869
663.366	264.496
679.04	283.079
472.778	911.647
665.981	203.632
262.241	424.071
535.224	647.838
834.441	556.344
233.279	865.44
451.403	117.047
738.324	555.894
65.2737	68.8448
639.759	663.941
843.876	559.658
751.883	574.599
787.069	746.931
832.406	776.685
757.379	156.388
315.785	452.114
757.594	146.39
620.535	686.323
530.745	631.021
802.991	259.297
336.221	358.603
213.576	657.699
520.341	339.923
58.5089	61.4802
168.781	103.409
51.7441	54.1155
220.668	650.649
671.296	289.405
465.606	144.54
734.436	546.681
797.415	753.798
428.3	110.128
460.306	112.493
44.9793	46.7509
837.198	785.462
111.439	100.825
818.531	538.738
159.581	899.365
653.654	266.879
730.473	146.227
546.001	345.029
846.676	788.651
797.024	216.095
327.695	444.029
635.809	589.102
595.31	567.074
685.46	290.746
167.403	202.165
229.587	655.17
419.883	104.73
485.091	314.193
149.689	897.902
601.11	549.645
812.841	261.021
389.632	836.99
806.981	217.023
141.371	892.351
238.519	659.667
73.7564	278.691
822.839	261.225
851.032	566.643
645.802	588.729
724.576	548.351
173.981	94.8666
231.481	850.55
255.546	846.761
49.1585	130.153
121.867	562.668
684.077	752.243
316.472	462.091
623.633	695.831
133.528	898.556
183.032	99.1184
773.953	847.045
125.792	892.219
857.714	559.203
812.19	531.005
781.636	853.445
832.609	259.093
524.816	622.969
853.655	795.813
779.85	863.284
601.006	539.645
265.138	843.935
172.941	210.492
772.92	870.494
387.129	846.671
694.682	286.88
766.826	142.547
864.083	551.493
256.607	415.809
459.244	236.976
318.031	471.969
134.88	608.581
645.77	260.727
336.437	448.886
816.802	522.132
465.555	918.562
119.956	552.853
775.753	138.041
782.175	130.375
341.149	440.065
647.757	657.94
551.96	353.059
300.391	349.801
837.95	267.547
847.087	271.611
417.639	94.9847
720.193	539.363
381.456	831.232
795.453	580.647
103.056	106.277
248.464	660.717
786.182	121.213
191.528	104.393
412.467	86.4258
246.908	418.246
868.018	542.3
411.084	752.634
449.494	234.756
169.342	883.162
686.148	742.46
771.506	880.394
858.353	804.641
809.523	208.42
116.891	896.778
478.96	919.507
418.91	78.7784
182.59	213.116
107.383	899.874
876.661	537.272
108.379	91.3047
676.276	765.924
730.187	136.231
618.779	704.574
272.276	836.931
113.095	82.4864
704.055	290.366
883.495	529.971
402.511	87.3613
469.922	109.749
93.7968	669.827
754.554	584.235
113.6	545.133
258.181	658.354
487.039	304.385
489.308	891.88
246.884	670.592
292.008	923.579
103.267	908.988
792.456	207.199
105.402	539.405
524.592	300.788
271.382	826.971
859.777	814.539
636.244	263.769
745.259	587.924
222.087	640.75
754.069	844.917
295.975	340.829
350.403	443.853
178.81	86.1101
237.006	419.645
560.468	358.315
795.069	116.629
804.879	114.689
475.38	142.426
413.768	112.642
778.567	887.476
191.223	208.068
230.39	427.144
787.235	262.947
159.947	909.359
499.308	891.941
301.122	332.255
462.235	927.995
168.165	915.055
98.6013	895.09
63.964	277.121
667.777	298.765
124.06	882.37
126.766	872.743
481.253	323.427
893.485	530.422
596.526	530.705
201.172	101.748
417.782	68.8422
648.032	578.981
122.456	863.719
902.592	526.29
81.8599	294.077
857.844	573.964
173.778	77.4685
716.566	530.044
515.821	618.6
100.557	530.657
787.305	892.338
569.099	363.365
228.993	874.476
855.158	583.597
285.981	341.188
674.623	748.985
735.29	588.711
796.009	897.261
446.56	244.316
163.764	112.059
260.466	648.619
803.946	104.732
885.782	520.236
404.061	115.046
254.664	676.874
475.56	311.165
481.297	296.198
627.746	258.499
99.8581	520.682
237.588	879.587
590.006	523.123
861.361	789.439
92.4629	513.95
92.9768	679.793
667.489	199.845
790.067	272.538
204.734	653.027
196.413	216.616
635.138	273.708
819.965	512.645
803.08	904.332
91.7026	503.979
577.373	368.981
476.538	287.403
815.286	503.808
219.513	631.087
502.613	882.502
856.61	274.662
659.53	193.79
716.661	520.044
505.846	617.899
642.115	570.919
288.674	933.006
360.371	444.653
673.074	775.398
695.369	738.591
178.4	887.401
129.662	550.448
805.379	914.065
181.427	71.0271
682.522	778.674
861.791	816.114
304.509	322.846
907.897	517.814
604.841	525.151
477.353	332.635
461.723	937.982
45.997	139.64
693.593	728.75
512.608	882.798
802.043	923.492
249.722	838.632
169.401	217.493
487.358	924.936
870.975	820.072
489.86	318.913
813.533	101.89
436.575	243.765
123.845	853.816
467.355	332.41
876.863	828.155
222.484	846.187
420.817	750.34
909.715	533.309
104.72	77.0215
239.958	878.645
915.875	511.784
860.497	283.876
842.324	259.374
96.3457	71.5567
81.9592	501.728
726.15	127.082
810.606	494.97
657.53	655.817
206.387	215.887
108.105	515.025
210.642	626.472
605.981	515.216
845.347	790.248
705.257	300.293
88.7591	893.321
234.872	436.083
496.648	613.974
919.431	502.437
586.303	373.482
745.686	850.369
209.506	225.388
927.943	497.19
848.19	590.769
762.49	151.559
849.867	252.808
301.743	925.864
738.174	856.97
166.565	70.5419
871.045	786.949
885.856	832.528
150.063	910.882
115.446	848.388
73.684	496.114
478.415	104.47
850.754	818.849
327.386	446.157
712.272	545.467
697.981	719.765
218.031	837.233
87.9711	66.0918
521.572	887.231
625.297	696.053
186.709	892.965
676.354	204.473
219.136	222.693
230.842	445.235
856.677	245.486
486.694	98.8614
308.595	468.658
229.322	413.246
189.511	65.1407
824.353	499.589
879.698	781.936
79.5964	60.6269
89.3231	689.102
868.491	289.884
229.875	455.188
104.647	918.892
492.63	90.814
286.9	914.982
815.176	912.059
72.6475	486.168
748.108	597.51
71.2217	55.162
62.8471	49.6971
85.6983	303.311
778.92	257.391
81.6	695.454
891.195	840.984
807.633	931.783
792.719	282.18
896.292	849.587
522.335	611.013
590.547	538.721
210.261	616.479
38.7392	146.519
816.653	936.101
95.3368	305.976
496.157	929.688
825.077	941.489
409.571	63.1347
663.29	647.643
374.046	824.517
644.099	588.175
665.628	782.073
54.759	281.028
204.979	234.305
54.4724	44.2322
136.273	557.951
897.458	859.519
505.232	933.887
46.0978	38.7673
72.8424	700.282
303.655	312.883
269.624	644.603
580.169	524.922
841.527	822.705
135.952	567.946
866.014	241.905
221.991	406.445
242.323	679.491
84.8187	884.13
853.29	791.189
94.9881	921.483
798.959	936.759
497.621	604.021
65.3533	693.655
429.179	237.035
876.824	295.412
107.662	541.627
738.566	130.774
175.749	80.0474
526.369	290.947
552.724	364.642
233.075	683.295
466.032	145.977
588.488	383.241
478.853	133.048
706.667	520.378
784.43	287.774
546.335	372.334
222.437	396.455
225.654	215.109
66.5161	267.452
98.2217	930.946
279.254	647.295
875.648	305.343
392.727	85.291
854.451	291.842
649.623	649.695
65.2696	501.517
506.763	627.857
877.766	315.116
41.2509	130.838
598.44	382.262
531.408	889.034
64.4287	257.672
84.0638	313.177
73.6536	253.812
195.865	896.984
312.858	477.704
88.932	934.647
460.343	154.201
451.78	939.055
80.6389	322.572
503.378	901.075
288.572	650.926
819.596	93.9373
79.5081	332.508
226.527	837.164
493.343	878.752
263.103	682.239
739.551	120.823
226.239	690.594
666.411	308.671
838.201	590.302
220.666	698.897
729.137	852.688
219.877	454.992
790.179	941.544
72.9538	476.173
235.352	212.667
78.0973	244.854
631.078	274.985
368.749	450.114
837.218	784.424
430.556	752.61
469.366	280.434
660.725	308.195
426.433	73.8593
482.095	933.352
54.157	145.421
162.978	122.028
163.411	72.7765
488.147	619.24
311.669	927.078
650.199	190.195
706.41	510.382
378.53	452.192
244.354	208.313
88.8306	286.907
529.875	617.581
655.829	780.076
815.588	906.927
99.801	62.1726
366.096	830.583
645.939	781.554
639.384	789.106
516.357	873.527
215.969	608.268
96.1716	670.317
321.237	924.169
314.208	325.284
899.533	835.465
780.19	942.017
685.296	208.949
602.657	373.195
828.938	90.368
504.146	637.508
239.272	414.245
800.948	492.38
471.189	97.5577
412.403	755.743
95.9191	696.618
413.237	765.708
786.48	250.846
770.555	944.696
885.681	290.77
527.8	281.05
442.893	934.471
793.438	498.983
296.276	644.55
889.414	779.569
915.863	541.196
155.865	919.027
328.262	931.286
834.099	81.8032
257.493	639.071
606.754	387.82
697.01	522.977
833.455	71.8239
297.058	305.368
892.634	770.101
204.076	663.005
394.346	117.417
895.352	288.227
249.176	882.523
824.414	67.5509
893.98	760.192
250.99	200.832
878.737	827.518
67.5758	40.8858
323.753	322.304
831.009	776.585
458.859	337.685
335.802	924.717
541.325	887.747
225.937	431.594
445.924	247.312
100.61	705.45
612.039	369.735
628.503	265.322
760.836	947.048
905.342	287.772
102.823	312.606
403.702	762.697
48.5582	124.011
359.719	434.674
802.266	482.467
530.197	627.575
830.557	949.854
622.372	279.906
882.304	845.562
534.819	296.295
448.747	948.583
88.3808	664.048
502.438	88.8622
885.457	321.507
56.4504	689.101
499.033	314.932
751.459	950.522
831.635	821.237
754.288	589.648
873.281	235.036
78.6305	467.94
459.171	164.132
616.594	386.039
380.866	817.204
905.449	865.531
831.437	766.594
898.739	751.397
443.816	257.088
847.379	600.736
513.028	903.697
714.273	304.62
435.263	743.786
314.037	480.344
915.316	863.904
90.7825	303.067
811.787	87.6909
328.136	941.285
844.667	610.362
112.75	313.812
849.572	238.449
818.203	948.752
311.881	335.009
384.4	118.449
126.309	570.593
304.098	298.266
490.996	596.531
803.283	472.519
188.237	55.2222
906.785	751.247
825.184	57.5806
420.217	241.472
450.868	169.704
155.835	129.026
816.283	958.566
178.594	898.809
617.371	702.151
484.894	884.101
907.39	297.56
628.401	287.885
228.842	704.655
796.046	496.174
647.186	180.659
645.006	170.9
449.7	341.698
572.973	517.978
122.299	316.778
157.959	64.3934
344.468	929.708
393.963	764.969
892.983	743.22
819.027	49.701
55.3191	502.511
85.2382	919.26
637.237	776.626
749.379	607.428
83.8874	943.282
481.013	597.106
671.52	790.153
105.343	693.272
71.4066	318.729
737.29	111.082
48.55	509.872
637.964	580.278
551.236	889.082
539.207	613.987
323.898	950.343
75.6735	916.342
486.021	140.021
742.954	865.753
83.6608	495.432
813.714	41.2289
915.626	755.919
918.783	550.76
887.378	850.205
471.015	597.313
626.67	255.491
461.12	598.755
38.7245	508.012
586.29	517.014
804.833	36.6321
751.002	960.512
832.542	99.6959
883.077	233.027
451.185	597.614
914.082	531.356
707.313	500.423
928.579	552.772
885.484	331.507
565.409	511.436
586.289	392.996
88.5281	469.367
197.159	891.402
54.6436	255.61
126.378	307.648
930.975	562.481
688.473	722.861
146.113	126.684
626.423	387.878
376.661	808.131
885.496	341.507
198.898	68.5892
912.169	280.464
360.586	424.711
751.503	617.2
543.894	605.153
75.7164	341.761
32.3949	500.27
441.437	595.384
807.387	490.733
741.403	963.316
197.261	881.403
445.216	744.75
596.928	372.187
78.8245	457.942
514.203	938.307
195.065	232.992
813.499	101.864
200.27	616.05
219.84	844.599
311	489.872
735.451	955.28
737.014	101.085
278.819	920.871
701.011	492.659
79.0106	875.989
921.061	872.089
729.957	135.861
825.091	758.865
143.05	550.598
232.638	829.248
440.885	170.29
124.728	321.355
757.606	968.021
198.744	906.561
98.4656	468.251
892.938	231.365
698.161	720.386
259.158	883.123
884.825	280.807
205.013	892.613
843.468	85.3011
801.186	462.742
103.906	476.642
804.063	928.16
613.42	284.362
924.399	881.515
410.572	238.831
555.316	879.952
509.888	82.192
694.247	204.492
651.716	594.654
293.004	647.281
238.719	222.083
407.154	747.231
715.506	494.689
106.515	54.7615
934.307	882.867
465.83	171.593
815.06	968.491
943.399	878.702
55.3722	54.1917
249.859	190.896
93.0399	498.901
588.147	402.822
726.595	950.635
81.3414	259.974
85.1138	450.167
853.386	84.0234
400.998	124.884
428.079	246.595
430.851	734.812
165.782	920.309
301.364	492.545
386.033	825.766
564.955	877.291
446.969	958.424
441.235	585.386
380.703	461.953
794.699	455.131
731.609	92.6726
815.041	111.744
207.37	73.9012
259.792	189.734
437.218	727.101
238.667	821.27
187.857	226.061
517.374	75.562
364.832	415.658
62.891	140.551
900.947	833.81
636.081	390.472
804.449	26.7359
401.372	752.872
108.304	711.837
639.987	799.088
48.1624	47.2621
526.926	78.5236
876.486	345.845
909.647	828.881
492.676	868.774
916.537	301.601
436.97	958.246
433.794	601.833
924.143	750.679
154.375	55.0574
214.202	888.667
812.912	469.818
683.978	731.794
419.172	773.756
816.903	460.649
218.639	424.757
681.189	792.703
752.049	952.709
374.663	417.491
247.5	638.694
823.284	452.95
445.57	576.375
581.999	410.708
454.326	350.563
926.226	304.077
661.716	594.688
133.06	300.208
71.5689	451.06
101.564	719.225
568.566	505.251
893.655	347.289
925.834	544.08
900.355	224.657
353.062	934.821
789.041	241.179
330.451	957.897
217.769	598.432
217.351	73.2902
934.841	299
553.03	609.218
703.161	199.958
927.396	571.819
581.543	420.698
840.303	619.359
555.596	509.514
420.86	82.1627
201.79	916.085
862.522	79.9587
443.542	719.354
857.992	92.8996
209.576	922.361
64.6867	31.3122
650.227	200.195
494.987	82.192
493.36	146.813
885.038	737.147
316.608	957.187
52.3768	698.234
789.735	508.272
639.66	399.81
455.827	963.064
590.031	526.287
691.1	531.044
817.091	752.865
134.268	576.648
761.614	582.841
534.43	71.9135
427.082	779.875
937.018	574.544
572.163	527.945
311.737	291.812
666.452	585.88
44.7675	148.861
789.502	463.674
815.17	114.619
293.003	487.059
308.188	962.582
93.6573	924.657
739.678	138.207
544.309	70.3667
523.874	940.849
789.026	446.896
780.739	932.032
104.739	728.707
65.8016	343.064
69.178	874.167
91.192	67.2602
635.157	169.17
220.483	439.976
806.27	119.179
896.816	760.247
921.823	283.071
940.114	584.052
706.996	523.509
243.901	230.636
360.673	444.628
351.354	420.867
389.796	466.113
710.059	207.197
864.065	70.0783
193.672	623.565
362.755	932.364
139.517	119.168
935.039	540.173
751.929	861.342
807.648	756.156
628.021	162.164
504.523	908.957
42.457	158.591
363.624	942.326
917.107	822.222
232.833	406.594
401.838	243.7
608.006	705.657
816.586	445.525
722.975	87.627
380.586	409.434
711.494	314.226
558.869	895.542
727.99	940.733
454.992	746.855
399.78	740.476
425.286	607.088
801.25	45.968
797.724	754.925
679.594	802.575
448.036	242.584
98.3254	736.38
334.545	967.021
932.466	590.494
574.678	537.623
447.129	566.497
713.3	85.0967
401.948	253.7
390.05	412.665
872.403	81.4967
269.791	189.844
339.547	953.742
71.4433	258.55
78.2616	951.549
566.063	529.143
786.141	940.447
216.625	83.2638
431.29	173.107
927.074	823.044
232.336	813.529
474.333	176.855
423.764	175.082
621.661	711.184
932.105	600.487
234.314	437.055
248.199	818.249
890.304	728.646
710.197	324.142
441.684	266.858
329.131	330.735
695.263	710.815
483.51	180.827
507.522	945.748
761.929	861.365
150.555	543.989
479.462	189.971
438.244	276.247
763.684	863.444
415.404	605.555
936.157	609.63
494.907	305.823
686.547	522.141
274.129	180.834
391.841	243.442
315.829	498.628
221.345	711.272
226.545	84.5299
111.895	46.3324
387.729	234.327
157.035	551.606
338.652	333.794
547.312	873.957
455.631	360.478
714.941	332.945
88.6877	253.189
810.222	128.365
216.374	719.949
107.187	463.359
714.086	294.622
492.683	586.674
165.388	546.109
301.704	652.212
453.356	370.215
830.434	617.744
238.454	707.413
605.014	278.945
476.886	199.633
698.008	483.12
457.932	244.027
940.071	531.531
236.409	82.8907
481.463	208.524
899.223	738.199
649.609	400.817
390.997	402.71
884.542	290.803
915.002	521.398
654.109	166.761
67.0941	911.205
464.871	745.305
86.3165	440.24
753.776	851.514
822.11	623.287
688.008	483.084
382.707	108.593
516.342	65.6154
75.205	961.071
789.862	473.667
711.501	284.962
814.517	743.202
849.34	623.639
385.873	465.536
48.1448	519.864
491.41	207.495
717.46	954.704
38.8298	140.815
254.071	826.343
709.177	949.102
113.884	688.071
685.532	810.621
441.933	344.16
219.647	63.5572
772.717	926.061
241.046	697.755
644.058	769.313
558.083	617.848
724.159	336.82
405.617	603.502
383.664	475.289
740.897	136.042
399.44	468.757
269.259	923.806
677.114	781.864
303.586	662.033
223.753	54.4389
459.716	377.933
59.0891	246.653
98.1399	249.924
576.741	390.023
759.307	843.183
789.613	760.773
117.102	464.658
934.799	892.854
794.591	232.861
132.734	327.347
941.813	617.876
98.4808	746.378
125.438	293.735
346.114	340.451
760.963	873.067
342.105	973.566
703.742	728.684
628.744	176.843
48.1363	263.203
641.615	808.954
253.314	234.013
284.142	491.694
424.663	72.914
644.68	601.76
690.505	789.068
343.76	980.047
700.121	738.005
824.368	964.835
63.0759	866.245
703.576	82.7641
291.863	637.346
740.586	960
731.619	343.48
816.539	136.118
865.756	99.2011
779.832	509.658
639.671	818.764
55.7066	526.407
894.793	357.224
230.95	803.626
245.792	688.953
633.306	826.477
453.503	756.744
64.7801	920.933
336.423	337.573
598.058	704.634
574.926	878.054
571.121	495.583
495.799	859.274
890.205	718.646
717.283	344.08
367.665	803.765
61.3706	334.099
882.223	79.6085
817.754	733.741
712.671	352.953
417.156	66.3079
451.438	269.063
294.461	477.166
242.695	408.252
59.1219	23.0037
242.148	709.109
372.938	110.73
144.537	136.559
796.273	119.428
779.792	237.376
349.765	988.044
53.2201	536.093
639.843	381.207
892.121	81.0346
647.552	792.548
693.577	82.6594
590.109	364.873
362.763	812.482
662.758	576.587
396.71	133.918
896.2	90.165
515.608	55.6424
811.951	933.812
263.307	233.658
684.464	78.5422
873.842	355.489
267.333	877.363
743.894	867.295
822.382	730.712
801.758	225.886
690.185	819.472
713.531	362.916
603.865	269.012
905.684	525.03
428.54	789.768
501.379	206.704
892.698	71.0512
750.63	838.212
913.65	511.49
914.16	751.267
913.161	757.562
814.25	28.7192
249.744	679.767
358.787	799.162
455.287	578.737
948.938	526.908
105.774	753.22
887.169	762.88
812.738	499.181
382.001	485.15
767.728	837.79
638.651	834.928
949.162	624.659
894.824	216.326
65.8126	15.5717
780.403	919.663
892.648	366.991
142.785	297.879
237.629	640.291
389.901	224.566
498.692	315.079
415.476	615.555
553.575	606.996
708.731	347.912
230.43	647.232
954.345	633.211
781.806	949.459
963.65	636.873
622.09	279.38
740.415	338.721
917.496	888.751
431.864	966.844
140.741	584.27
98.6978	760.286
354.564	345.799
59.7339	63.1903
81.388	968.93
220.123	588.713
858.032	628.584
944.196	295.467
750.358	337.66
887.682	300.297
192.888	234.703
786.548	250.863
697.622	480.616
185.775	617.43
693.65	700.946
946.676	285.779
391.836	734.403
231.878	48.6099
407.387	64.1712
393.396	258.883
566.663	901.807
406.592	620.144
349.604	803.12
818.221	507.544
590.326	710.975
908.718	230.14
868.399	108.846
62.7693	130.551
599.114	287.02
792.076	517.995
501.897	851.348
630.035	798.109
339.604	803.094
738.066	859.169
780.585	756.474
533.516	938.197
395.932	601.011
398.583	219.603
861.321	60.4621
956.898	644.249
222.461	712.733
901.899	370.79
268.633	887.278
546.414	60.5906
277.859	195.753
145.157	146.54
698.834	814.453
373.673	474.873
581.526	359.742
901.168	65.735
38.2718	518.275
302.156	294.677
391.348	834.237
325.809	497.999
860.5	57.1339
571.77	910.405
512.9	46.0161
460.853	763.524
413.765	174.974
98.2475	915.772
703.369	472.433
281.81	174.432
503.334	146.095
562.477	602.44
897.859	100.026
621.336	183.56
397.971	228.771
242.813	75.2098
204.585	891.41
446.458	556.52
796.144	217.611
777.728	837.776
61.6372	452.227
934.957	902.853
174.006	541.037
676.57	72.4032
749.204	828.314
194.229	244.613
465.344	386.199
864.261	636.407
644.48	774.329
534.449	929.896
746.88	818.588
336.75	812.679
60.7028	856.53
646.599	209.514
890.853	227.775
706.885	808.521
716.08	527.691
437.768	551.572
752.351	810.218
362.937	822.48
970.101	629.232
550.263	864.402
566.794	388.995
943.95	612.275
483.895	873.558
549.655	623.23
358.314	831.348
217.389	608.425
832.338	457.196
628.532	703.918
696.086	207.025
143.034	109.807
550.261	51.3605
799.171	208.08
677.246	518.469
58.7304	350.135
547.144	514.859
455.68	552.655
536.564	947.721
909.357	59.9959
277.056	917.545
222.35	814.059
72.385	133.297
670.467	80.3251
81.7244	129.723
104.429	472.971
365.349	117.242
250.067	401.496
880.239	717.823
62.963	519.527
62.1865	902.492
865.937	361.614
49.1389	23.5877
217.463	702.056
581.337	907.493
400.977	831.537
589.677	913.01
813.427	145.621
926.094	832.996
566.703	496.86
935.84	835.237
203.412	881.479
59.6763	324.244
661.731	75.4582
407.71	463.134
203.961	930.636
900.595	208.16
374.481	491.742
483.407	590.409
717.128	214.271
704.562	197.813
105.561	767.559
220.272	449.973
223.76	579.397
874.613	291.994
319.488	285.495
89.7267	764.704
795.979	229.705
918.196	64.674
704.161	366.41
431.938	344.448
428.378	548.131
386.678	597.223
75.6985	17.0783
704.152	293.471
152.444	300.469
669.467	524.753
741.98	832.954
757.58	573.691
364.058	820.019
814.841	104.625
400.732	597.537
193.983	929.971
887.854	281.367
357.452	950.194
825.1	514.802
327.119	809.987
926.969	69.4732
212.97	810.594
782.992	846.278
907.731	229.109
160.844	295.043
66.0791	879.397
359.472	841.28
665.364	566.933
683.705	537.776
231.772	396.65
119.951	40.4066
354.398	355.798
312.911	277.963
874.077	638.314
146.702	100.504
725.392	531.336
435.77	796.676
559.888	489.542
50.8676	356.313
914.899	501.568
699.195	948.503
31.9786	510.504
604.018	295.735
355.492	947.374
539.961	79.3718
44.3745	168.405
885.024	214.337
907.36	819.988
400.443	628.03
91.3347	967.9
769.961	508.057
540.334	522.181
504.108	323.485
592.827	922.501
652.886	70.7932
588.61	720.827
357.823	110.657
941.05	277.621
403.8	477.757
721.839	540.683
791.796	841.535
332.174	346.625
595.655	263.302
655.476	392.719
545.639	951.922
547.97	961.646
422.152	342.388
460.865	395.14
720.788	310.535
959.04	654.017
80.4989	768.557
500.049	868.326
65.3432	962.727
821.942	934.246
934.872	75.6005
369.948	794.03
222.802	824.048
503.187	841.432
577.862	528.412
911.522	50.233
829.265	973.554
825.842	139.785
396.268	394.211
275.757	486.246
972.476	619.518
826.976	721.83
93.3701	241.135
796.358	252.801
135.306	148.263
104.095	686.026
250.754	81.2869
461.789	762.693
663.126	162.436
679.164	62.7454
311.45	649.974
73.1059	16.84
823.926	438.732
716.178	330.989
952.846	661.868
71.2681	772.403
427.702	82.4411
234.694	794.353
943.432	80.7691
183.982	541.731
649.611	61.3448
581.07	496.594
858.801	354.609
215.443	573.845
438.348	286.247
923.147	746.881
351.321	331.914
900.241	109.738
322.286	818.742
95.4618	680.98
185.519	227.943
634.793	844.154
973.675	609.59
503.985	936.394
543.856	970.761
911.795	896.967
699.273	784.26
38.9757	259.193
921.659	494.2
303.799	473.589
879.214	768.94
833.655	608.277
712.894	469.387
377.75	234.98
654.246	403.502
213.102	709.803
818.762	716.127
63.9758	765.561
289.108	468.719
276.058	482.767
557.838	393.445
959.222	669.572
874.518	726.025
417.697	463.638
329.2	287.877
798.86	525.341
880.725	205.308
130.867	582.686
403.571	637.528
222.006	648.107
936.13	912.784
711.904	274.97
730.172	307.079
370.015	228.642
264.699	932.705
453.803	402.22
300.363	671.499
260.745	81.7102
67.2074	56.546
440.248	296.064
917.694	225.732
543.592	606.397
924.517	218.421
296.685	303.048
719.039	461.498
728.74	862.78
958.649	679.555
54.6649	71.8104
377.154	594.172
186.732	923.085
690.189	944.155
366.592	954.253
268.61	87.8873
71.3512	782.403
62.3492	786.758
279.352	468.839
656.599	209.43
759.736	563.926
192.329	536.225
121.813	586.932
934.167	215.796
499.645	593.852
944.717	891.573
159.316	285.16
123.977	596.695
241.837	787.355
233.866	92.5619
63.6988	76.0984
115.731	578.995
804.815	247.465
318.105	657.438
832.067	507.629
806.747	531.49
58.5786	757.142
382.964	739.015
678.51	479.956
591.049	495.944
815.046	155.489
668.862	482.588
813.28	38.6721
691.732	811.424
430.451	298.07
690.789	691.364
275.833	80.9721
942.087	827.429
295.769	628.141
947.27	269.791
952.073	826.885
685.345	952.903
260.196	941.634
717.781	300.997
915.322	813.938
553.757	384.315
47.1144	78.3671
719.998	370.543
421.36	347.071
948.701	89.2685
36.4141	501.541
876.81	647.934
777.241	254.523
533.183	529.172
545.403	965.617
636.215	371.889
359.538	851.28
882.724	731.741
943.909	896.179
571.532	598.198
640.182	610.691
931.62	495.074
822.564	42.3878
677.034	958.464
467.681	754.613
214.392	50.9209
152.141	310.464
435.721	782.808
625.547	713.462
324.713	507.939
542.165	629.856
384.19	836.135
52.446	272.227
590.044	255.024
950.701	93.1636
737.057	145.275
893.171	347.357
188.024	938.002
683.313	53.6471
351.22	953.643
24.2417	504.168
736.78	342.787
319.343	516.374
85.5005	681.859
904.722	904.036
864.859	294.2
374.529	948.169
112.928	774.321
105.054	908.446
582.49	248.472
649.746	761.089
720.399	857.264
976.935	615.255
807.575	251.145
372.697	938.338
957.67	818.598
457.562	748.268
874.723	345.528
644.366	76.0279
736.407	329.559
964.004	688.001
721.599	869.78
547.653	376.394
871.802	775.653
912.442	40.2755
311.868	467.682
803.839	41.9684
106.791	254.94
50.9819	750.639
708.019	744.138
266.715	97.7061
559.846	376.384
538.689	89.2906
896.114	522.13
579.955	725.836
43.7431	757.538
879.179	725.696
490.913	853.343
273.675	871.302
72.8998	520.649
803.673	541.005
601.994	255.567
696.683	683.286
97.303	465.955
84.6095	21.6163
286.4	913.982
698.733	673.498
377.918	941.286
805.072	550.907
434.495	552.545
322.394	525.898
779.805	512.052
130.517	604.261
710.401	857.434
778.161	746.772
397.788	61.3681
196.998	873.807
578.136	605.708
242.952	678.125
678.637	70.8266
815.767	135.228
276.277	100.633
170.392	292.068
738.966	302.318
709.221	286.622
636.212	768.703
832.934	146.835
599.956	694.816
774.343	942.803
645.453	368.061
180.255	293.719
296.233	915.805
882.342	233.024
180.673	219.195
732.413	143.649
649.1	51.3579
631.082	853.44
340.342	991.393
63.7407	452.663
511.083	206.645
697.621	475.13
743.141	812.321
405.057	128.41
458.47	411.064
351.569	321.917
37.9437	528.27
629.324	286.284
567.89	371.721
680.18	967.956
952.2	301.462
733.794	861.94
509.817	36.5032
203.018	809.616
937.849	206.499
744.946	151.42
51.3715	334.231
932.568	743.53
357.664	861.103
568.516	531.97
198.303	800.797
498.064	305.099
150.627	91.3067
409.765	119.588
252.104	708.173
686.515	204.126
159.864	95.138
187.817	877.771
579.901	735.836
632.109	387.546
950.59	73.7853
188.852	804.063
110.923	900.35
703.575	82.8504
723.644	138.842
125.495	612.908
572.02	737.807
583.096	704.067
440.889	805.267
639.725	216.776
897.588	298.931
200.935	541.317
455.717	548.681
180.253	884.312
960.601	94.5757
433.675	74.421
102.774	743.681
248.724	411.405
921.406	484.203
247.934	779.428
709.058	946.852
116.106	616.35
648.429	199.682
46.3331	500.271
789.969	955.235
979.863	601.735
505.456	831.692
513.276	56.009
294.018	288.865
52.0203	851.569
55.2896	315.257
492.756	201.64
474.333	761.91
634.822	79.0133
40.5016	85.8685
573.197	702.645
179.914	236.224
654.1	215.275
35.1382	537.868
899.097	825.62
786.145	217.46
944.206	281.93
875.192	709.19
690.711	46.9191
443.93	400.629
820.948	979.107
106.411	613.897
328.712	826.405
882.248	702.104
626.305	706.38
402.297	125.432
860.523	618.899
819.873	429.59
62.1436	274.667
178.116	939.354
566.226	589.722
459.676	738.494
65.1831	313.802
182.632	796.232
59.7931	72.6172
87.8517	232.796
239.424	42.0474
296.739	680.82
769.546	561.989
370.523	500.925
271.201	893.649
277.644	104.34
183.772	786.298
373.095	464.89
42.0606	852.466
138.153	95.3154
559.91	867.036
271.632	491.637
249.368	40.9946
537.332	638.61
473.928	872.748
47.4799	253.932
382.806	932.562
707.536	668.753
789.161	761.617
496.23	827.833
458.544	421.063
892.475	70.6773
291.554	311.631
626.483	766.393
941.158	921.428
423.532	177.121
190.144	292.238
941.477	290.057
744.138	323.216
675.615	470.385
364.682	843.004
657.284	561.041
698.065	743.181
557.028	629.985
132.74	572.863
618.046	761.025
587.592	530.718
632.533	362.591
70.2994	957.004
812.235	423.136
531.041	646.384
461.755	728.713
500.023	34.4852
204.43	51.7872
114.579	784.184
68.8997	909.903
600.853	497.913
770.444	498.069
379.738	956.705
190.914	285.179
548.687	89.4583
258.724	411.467
30.7073	546.833
752.604	582.365
362.115	222.511
917.13	475.163
743.26	585.925
295.338	925.764
715.487	877.695
190.192	526.456
577.157	375.478
954.67	311.152
285.83	81.2169
925.569	469.798
817.394	521.176
437.978	77.1416
942.92	99.4457
921.308	35.6501
270.183	464.848
114.091	686.304
716.369	749.641
448.036	302.337
711.385	89.0953
259.281	39.6802
494.41	939.276
733.566	583.469
290.078	279.674
495.391	140.021
466.625	865.917
291.591	176.514
829.118	425.776
38.904	552.562
757.196	591.249
566.34	746.037
292.291	935.289
663.033	408.274
938.757	264.545
55.7725	959.829
674.927	521.264
133.67	618.667
263.086	40.8222
327.951	655.69
168.479	936.683
659.571	526.192
771.123	552.114
404.512	388.551
728.677	458.829
822.359	944.237
551.852	401.455
90.5132	223.156
655.999	411.678
438.454	797.676
403.802	174.119
553.602	98.1671
14.4119	502.331
935.42	468.078
937.784	620.148
770.447	753.135
351.668	118.539
159.567	932.147
46.7228	365.414
897.853	356.193
485.133	208.112
575.325	255.449
207.102	940.13
306.722	680.249
461.04	757.693
121.419	769.039
577.148	598.161
958.254	320.488
328.15	529.017
53.7118	791.797
504.877	932.396
920.826	460.994
352.323	365.58
582.515	910.653
508.135	216.2
81.5768	515.818
747.504	838.299
909.197	493.353
295.251	77.8616
492.575	130.425
51.8379	272.839
895.572	908.069
823.956	924.451
773.204	488.457
95.4221	911.135
198.187	279.046
204.072	705.506
712.288	887.17
890.638	820.285
282.509	315.896
573.724	700.049
976.688	592.252
290.473	166.577
832.089	618.154
54.3633	449.19
513.368	319.709
938.842	468.091
74.1602	49.3587
195.959	46.4723
304.398	73.8204
49.2328	375.094
665.85	152.815
402.84	629.494
254.668	392.617
931.867	916.26
966.036	656.185
682.388	977.71
556.967	83.8504
935.297	610.462
96.6365	616.008
828.517	130.149
414.175	336.357
690.519	949.962
621.132	288.019
128.734	35.6259
568.597	260.207
824.51	624.677
641.975	44.3413
194.709	879.734
257.14	400.327
398.93	403.85
110.968	465.405
749.772	564.78
457.947	538.933
303.594	274.329
67.1466	79.6935
77.6831	675.623
709.832	936.882
906.153	117.804
633.816	602.98
562.919	603.279
941.082	931.428
225.416	589.259
734.621	839.128
805.76	158.888
247.271	669.105
231.931	102.373
671.657	532.4
257.932	779.2
835.162	498.12
365.915	237.762
326.337	800.018
89.2785	509.439
82.9334	216.634
795.681	47.7512
660.889	476.553
430.556	279.979
63.2467	18.5124
582.722	605.501
504.36	135.598
563.514	580.097
675.745	154.264
44.6586	383.986
719.617	893.974
329.965	827.672
106.595	264.938
591.181	610.835
53.3876	20.1848
811.944	934.029
460.655	529.307
370.036	455.369
367.669	509.527
258.152	411.585
682.828	161.323
344.404	355.447
373.477	735.853
665.571	576.931
715.909	528.161
955.508	65.0783
563.999	731.835
413.271	635.097
594.613	292.336
923.892	808.785
45.4622	317.107
941.582	495.947
60.4712	353.526
234.048	788.961
446.695	280.739
120.601	902.868
486.379	945.235
58.3344	759.259
261.474	891.326
111.483	890.366
882.872	195.541
423.408	187.121
58.4925	843.946
207.427	579.824
277.958	88.0961
889.521	916.031
391.596	927.793
816.196	918.143
467.966	388.098
210.182	949.644
268.669	105.736
922.182	25.6884
954.585	893.193
359.196	372.843
741.676	136.406
451.791	762.461
299.269	265.313
173.839	212.628
118.282	472.224
944.593	505.483
448.024	537.688
660.694	488.357
251.644	71.3266
115.557	456.52
349.138	105.7
634.197	834.172
302.965	644.682
649.711	613.726
649.205	751.104
407.087	397.486
41.4651	70.1157
231.833	581.589
180.669	205.324
391.508	829.32
706.21	331.795
752.496	600.076
98.1347	216.682
639.091	288.433
738.775	292.32
176.79	303.099
313.949	70.8603
461.178	772.674
393.792	130.692
953.375	500.7
184.945	868.192
653.63	159.302
419.589	642.848
24.0782	514.167
88.8761	244.204
439.348	815.147
60.0333	343.536
118.671	883.414
875.875	227.799
76.2201	83.8972
713.725	137.565
833.365	442.032
930.672	801.434
47.5803	965.563
697.599	698.687
529.583	93.4251
201.92	571.477
97.1872	515.559
965.335	812.176
718.921	948.497
57.5044	743.059
561.517	857.166
634.253	88.9971
671.59	413.449
824.465	121.007
819.819	908.822
260.857	935.356
77.466	950.669
650.487	623.695
696.292	202.026
56.4656	801.41
394.183	918.133
188.4	858.808
944.228	471.327
388.382	961.734
954.667	510.617
50.2982	842.186
718.912	465.177
890.731	696.809
195.499	228.582
295.041	465.353
779.808	547.157
517.53	219.628
207.383	275.116
601.619	285.2
105.895	212.67
840.35	434.876
172.663	795.449
222.019	103.698
582.216	238.476
672.745	474.006
337.85	654.278
747.319	608.631
896.834	532.104
785.689	47.3312
149.319	284.907
280.813	163.991
963.999	59.7957
73.3427	666.614
703.554	659.58
113.803	476.375
790.276	208.353
456.948	306.873
964.56	328.249
260.184	464.943
231.777	35.6035
163.944	214.074
351.975	128.534
532.762	626.451
199.09	521.893
424.931	470.542
44.166	520.442
838.323	515.43
721.101	958.257
587.072	376.778
771.755	259.069
44.039	758.428
217.245	582.027
790.907	198.373
522.339	100.318
592.888	384.914
438.853	802.072
725.04	532.239
396.979	966.841
190.601	38.0289
942.745	837.407
947.591	208.756
540.679	956.803
484.728	124.226
629.764	215.89
748.05	298.137
984.88	621.327
422.565	291.921
412.866	347.399
353.738	381.223
416.752	652.437
565.577	624.795
490.028	34.144
315.917	458.539
370.341	963.523
832.978	416.552
729.3	374.215
581.892	228.481
125.991	876.601
635.803	758.712
84.3074	957.963
827.871	720.254
875.049	335.533
349.834	867.323
194.132	704.415
891.083	899.133
720.284	532.896
349.531	138.231
462.933	519.57
334.443	356.329
897.27	366.176
771.72	952.452
298.611	690.643
212.462	645.124
924.071	451.535
272.509	315.82
93.8701	17.8425
824.483	634.677
749.139	129.75
850.35	434.994
855.409	297.47
595.957	394.431
544.603	947.605
424.609	480.537
653.763	469.538
195.965	269.297
78.0096	93.7358
674.58	407.348
75.0212	315.594
589.981	917.305
68.693	338.535
886.344	829.316
499.685	947.771
878.581	740.842
205.297	226.581
239.298	574.936
402.968	619.495
273.047	74.5084
845.745	294.896
