Saved a vector of rrt <nodes> points.
X	Y
25	475
32.2338	468.095
38.1222	460.013
45.0331	452.785
54.7713	450.512
63.4938	445.622
73.2746	443.539
83.2287	442.583
84.6863	432.69
94.5612	431.113
101.782	424.194
111.131	420.647
107.706	411.252
121.066	421.789
130.894	419.94
96.5329	416.668
140.829	421.075
147.093	413.28
152.109	404.629
150.942	394.698
157.992	387.605
157.398	377.623
162.825	369.224
171.693	364.603
170.503	354.674
181.667	363.874
92.1369	407.686
176.761	346.874
176.16	336.892
190.074	369.289
172.24	327.692
163.332	323.149
166.133	318.74
162.538	309.409
77.8644	425.378
148.843	372.445
200.04	370.11
167.883	300.957
161.724	293.08
153.788	286.995
90.5364	449.409
143.851	288.114
209.784	367.861
159.016	278.47
219.526	370.118
134.793	283.877
126.324	278.558
227.33	376.37
166.303	271.622
185.798	334.226
167.19	261.661
170.21	252.128
178.881	247.146
121.492	269.803
180.968	237.366
188.167	230.425
111.69	271.78
197.375	226.526
195	330.31
195.886	216.638
207.31	227.67
237.246	377.664
51.8229	443.951
216.761	224.403
236.434	372.232
222.239	232.769
231.389	236.804
238.803	387.542
223.526	217.039
191.478	207.662
241.053	239.371
184.816	200.204
176.401	194.801
147.202	428.782
250.947	237.916
258.674	231.569
178.523	185.029
102.597	275.943
181.051	175.354
268.67	231.882
95.6015	283.088
179.82	165.43
240.67	397.366
176.042	156.171
278.133	235.115
233.698	404.535
250.667	397.102
149.1	426.697
166.055	156.682
257.975	403.927
158.757	149.846
161.212	140.152
234.145	414.525
70.4868	418.627
147.846	436.618
264.337	411.643
176.407	168.037
169.136	134.052
151.648	137.231
142.189	133.985
86.2665	286.674
273.736	408.228
283.085	411.778
271.928	222.428
286.985	230.464
295.07	224.579
140.538	124.123
305.063	224.222
291.397	406.219
189.267	162.152
315.047	224.803
62.1511	413.103
301.367	405.449
146.145	115.842
318.525	215.428
197.24	156.116
320.157	205.562
330.077	206.823
55.5136	405.624
80.3389	421.733
186.32	360.486
117.109	260.815
310.921	402.495
198.03	216.381
180.447	322.035
308.937	392.693
133.004	117.548
161.841	406.927
319.214	233.893
126.707	109.779
336.106	198.845
176.759	296.35
186.734	295.649
118.626	103.889
204.127	148.865
343.408	192.013
229.094	423.155
206.267	139.097
207.716	129.202
328.373	237.907
153.366	439.793
309.409	385.848
112.263	96.1742
346.97	182.669
109.398	254.448
353.13	174.791
360.312	167.833
333.074	246.733
209.828	119.428
369.198	172.42
342.161	250.909
134.046	139.79
168.106	200.386
104.328	102.26
241.203	363.442
143.838	363.787
213.608	152.044
203.569	111.628
79.0112	293.556
355.023	159.346
46.7421	400.821
114.477	86.4224
97.8477	456.231
97.5973	109.656
223.421	153.971
352.732	149.612
91.4571	452.248
318.217	381.112
318.409	409.123
359.804	142.542
264.544	421.641
206.647	102.114
125.696	430.652
368.861	138.303
53.4249	438.614
350.39	256.591
370.599	144.485
88.6839	105.122
374.002	129.725
85.0931	95.7892
286.695	421.103
75.1386	94.8371
199.888	94.744
328.034	411.837
189.294	371.747
293.228	428.674
244.259	353.921
225.648	207.266
371.567	120.026
337.966	410.674
178.618	208.051
80.1822	278.738
189.861	324.072
347.314	266.106
367.045	111.107
359.159	104.958
196.934	199.281
362.439	95.5112
350.072	100.783
338.69	420.648
16.9878	476.532
298.89	435.537
343.926	205.078
129.995	148.933
348.573	422.168
41.2772	392.447
74.5682	84.8533
358.352	424.26
99.0193	410.076
365.389	431.365
65.4863	97.4512
365.267	417.037
380.69	115.932
357.176	267.765
311.276	212.646
206.91	220.271
373.781	436.803
337.735	178.832
202.295	85.038
366.706	264.735
366.625	259.623
26.8412	484.829
346.149	91.5846
368.258	87.3787
31.4267	452.585
375.742	255.514
59.5413	105.492
219.127	423.964
196.345	137.847
101.223	101.043
390.451	113.757
370.059	274.156
69.0422	294.343
104.048	464.077
40.2474	382.5
337.06	87.4153
212.929	431.812
100.946	249.104
93.4358	242.501
50.2748	101.733
204.03	233.99
158.318	163.018
70.3443	75.7892
370.634	77.6649
39.6234	455.265
121.197	153.687
399.725	110.018
49.6471	379.087
219.787	118.526
258.392	429.525
68.8575	304.341
106.628	240.875
271.547	409.49
374.214	412.568
370.642	446.297
42.3891	107.882
334.474	77.7554
222.073	197.927
313.252	198.329
194.546	90.7145
103.032	459.454
326.936	254.628
379.318	277.933
340.112	273.043
78.4485	268.89
389.277	277.024
239.733	233.05
313.926	372.079
58.9507	302.979
383.17	408.12
84.8664	301.663
193.576	112.014
380.614	78.2906
31.4984	377.657
52.3895	295.432
374.462	180.923
184.132	192.794
399.031	274.817
88.372	267.655
156.58	449.262
405.148	282.728
333.732	67.783
114.01	253.06
266.207	435.765
199.575	75.4149
373.811	263.997
329.945	172.562
213.17	358.452
354.006	176.472
385.942	398.512
152.539	309.555
121.689	79.4955
116.816	250.523
392.223	412.368
384.177	388.669
407.196	269.044
138.109	274.443
378.122	452.934
194.997	324.293
53.1852	369.734
410.785	290.988
147.765	318.342
196.587	297.361
70.3239	65.7892
171.282	410.226
393.071	384.099
189.139	343.652
232.799	157.443
162.397	307.504
52.8605	310.911
164.863	321.29
138.26	321.448
383.843	68.8263
211.989	82.5839
202.012	65.7165
387.752	455.63
345.162	157.688
109.593	282.324
126.526	70.7427
120.755	73.0295
218.18	414.009
353.102	276.897
204.466	303.519
113.758	160.37
401.103	378.142
210.514	60.4511
214.411	302.475
178.351	174.374
208.122	230.683
418.489	297.363
297.857	445.484
22.7327	457.526
229.787	118.503
403.004	297.27
166.548	124.393
428.452	296.501
206.945	353.172
104.489	164.122
69.6272	264.18
264.314	445.585
415.956	264.222
166.423	451.024
326.794	216.632
97.3718	171.146
307.252	447.577
240.803	151.448
336.531	58.1827
424.573	259.148
430.642	306.259
380.157	432.175
66.7174	59.2132
438.272	294.613
136.438	72.0604
87.4736	172.57
394.184	292.557
385.365	58.9428
320.722	371.431
159.043	332.182
425.15	249.165
176.256	262.451
410.564	381.384
364.343	92.1095
405.215	118.376
162.804	245.408
333.304	280.367
91.5433	397.704
196.038	154.243
223.962	305.438
379.347	246.186
73.852	432.176
191.552	88.69
71.2516	50.3003
42.3966	104.107
333.834	237.983
170.186	460.289
385.533	48.9442
294.282	234.54
103.677	231.32
327.996	364.568
209.225	441.101
80.6823	111.12
404.197	123.392
336.855	359.929
205.033	52.0873
40.2748	117.656
362.645	277.479
18.2522	448.586
237.651	404.514
90.6873	309.794
305.292	414.647
346.694	358.144
428.81	239.859
367.734	106.574
447.517	298.426
367.842	130.252
320.667	168.831
70.1954	279.251
385.957	459.147
189.644	146.554
59.8552	262.056
185.955	260.41
62.0056	438.971
223.33	144.52
154.616	369.614
184.111	82.0098
219.512	293.874
418.644	387.274
263.822	395.814
43.0427	312.811
427.702	391.511
233.714	303.226
209.47	409.095
199.571	157.794
362.12	451.53
98.0143	316.599
103.253	229.361
275.833	244.847
435.047	232.042
361.909	72.7789
383.42	436.653
111.924	149.944
73.6614	40.595
108	317.139
89.4263	182.377
282.145	252.603
436.999	395.195
201.372	230.82
174.407	146.305
230.168	246.729
347.647	110.485
44.318	451.836
167.027	410.83
39.6282	127.635
60.1487	317.758
202.697	80.1873
431.753	316.197
440.874	223.915
203.116	167.145
404.945	368.909
450.861	224.434
262.737	237.478
104.753	452.073
397.551	453.636
363.284	287.459
175.886	265.731
159.215	275.094
324.499	63.9414
387.095	401.346
407.474	452.394
128.472	60.934
106.167	473.85
50.0332	260.178
211.149	377.24
189.271	79.5294
459.634	219.636
36.3102	488.044
391.692	274.397
151.09	269.265
143.614	366.389
293.803	215.901
250.786	152.016
290.874	237.08
34.7953	136.39
200.427	413.364
113.829	447.874
31.1193	113.634
187.598	233.187
364.479	72.3916
195.631	262.936
213.097	450.321
356.649	459.901
81.273	188.167
75.134	30.704
210.978	44.0469
441.409	313.597
225.333	123.407
220.188	222.328
44.3841	482.144
395.531	49.1596
85.2473	171.61
422.785	320.623
337.806	112.259
102.568	146.413
220.431	59.1632
20.206	438.779
375.619	402.11
325.833	287.015
382.616	87.0776
95.5223	326.284
330.413	205.257
63.8915	38.4622
37.111	95.6182
222.379	435.082
71.2841	187.697
105.262	219.565
93.4499	150.518
121.19	248.121
244.327	232.617
169.452	322.325
399.592	125.055
143.625	65.107
216.044	459.877
53.9307	37.5775
417.238	454.553
335.593	353.339
426.556	458.183
104.732	254.722
353.493	447.87
347.4	120.482
148.159	56.1939
320.436	54.8038
122.061	245.603
206.535	176.542
311.014	235.648
116.129	405.862
306.482	365.402
435.659	462.323
301.857	446.235
124.015	116.953
405.162	51.85
385.125	90.0043
85.0635	31.8889
375.262	141.018
201.712	254.997
315.422	46.152
390.647	467.979
22.1398	465.117
303.081	369.917
234.423	125.05
78.8518	173.109
94.2575	236.451
29.6871	453.557
318.411	163.46
295.276	417.152
414.759	115.39
318.304	249.579
442.703	469.421
87.9432	388.374
383.644	39.1242
324.224	173.162
259.145	454.145
114.431	396.007
240.016	358.871
94.8556	29.8605
181.882	82.7114
124.622	409.197
407.73	42.1855
54.137	269.23
168.246	343.731
383.479	474.952
212.349	469.169
417.384	39.5749
388.673	55.1387
243.655	302.14
145.146	47.8202
381.221	93.1193
184.41	285.991
90.7031	20.7634
195.078	116.796
425.436	45.5043
265.205	385.911
196.476	46.9112
321.821	38.4677
228.81	256.636
307.941	455.931
238.027	346.101
458.477	209.703
348.655	465.908
99.615	335.408
414.489	326.206
220.025	475.578
410.576	317.004
186.454	346.232
435.607	476.467
187.47	42.5648
449.734	288.675
454.336	200.6
357.411	413.913
386.583	484.457
401.271	34.5521
101.488	398.757
56.2888	326.983
299.809	357.954
204.421	455.294
409.174	61.0099
125.674	412.269
366.853	252.71
198.134	157.386
30.1915	145.267
63.7292	308.33
100.146	119.326
187.578	330.999
34.4165	106.222
417.985	29.5929
130.172	239.754
443.384	482.754
360.222	170.418
227.851	65.8664
451.843	196.149
310.201	157.751
73.2428	419.76
242.54	119.209
49.5106	490.73
223.491	419.838
230.005	476.2
200.541	329.627
160.64	207.038
317.677	29.3668
73.2539	186.673
152.349	201.446
184.259	258.765
104.671	31.7714
418.908	238.457
50.274	334.972
170.238	404.628
28.3825	466.798
96.531	156.61
193.209	330.711
251.368	142.033
236.566	125.887
88.3734	388.22
21.1032	439.001
450.303	489.973
380.582	122.859
374.519	456.698
434.857	48.8581
424.755	115.114
334.256	268.62
394.098	486.798
124.735	237.941
137.035	412.355
271.037	413.716
414.909	297.526
188.858	246.473
140.607	378.117
238.535	481.42
24.5302	370.485
163.609	467.822
194.013	405.692
277.381	241.591
352.81	209.668
116.089	121.472
233.474	218.055
71.6469	166.175
96.6077	278.408
301.983	152.053
310.719	356.344
187.922	112.374
34.5596	318.106
127.36	154.01
80.1919	64.1699
58.3091	64.6262
176.847	160.493
235.324	72.5122
308.01	26.8091
157.168	475.471
198.945	65.7313
239.943	292.854
28.4566	155.115
61.7271	335.375
333.523	214.453
58.0348	90.7822
72.873	20.9629
98.6622	186.211
319.261	294.552
241.825	126.607
182.922	164.895
405.839	390.197
302.737	432.542
332.53	343.819
397.945	457.469
413.415	363.595
67.9117	110.964
84.272	235.913
369.211	253.512
469.473	217.849
49.7292	303.303
201.995	439.896
100.053	266.272
113.946	386.019
37.8889	482.696
153.261	242.419
246.046	130.155
211.914	34.0908
456.62	187.364
269.654	382.327
26.2486	373.252
365.084	116.99
466.578	186.454
239.701	396.647
329.33	117.566
222.573	264.453
260.917	139.065
95.0602	468.461
85.0425	55.4251
306.541	50.7488
220.528	29.0115
351.708	475.43
459.552	486.171
215.042	284.929
158.661	299.898
212.149	196.7
274.234	446.848
27.0613	103.298
218.689	444.073
294.783	205.949
472.2	208.228
140.382	375.074
187.826	322.308
317.003	445.361
435.647	284.964
199.176	133.271
420.935	370.186
406.63	314.918
41.4241	335.344
64.1642	38.209
198.582	396.797
178.742	465.465
243.297	418.557
96.3745	195.946
218.728	485.494
82.1124	18.7401
401.29	416.586
290.548	354.181
306.673	360.195
329.829	351.893
409.766	27.315
268.45	132.488
105.553	176.897
336.502	280.375
31.9462	87.0552
378.089	457.912
450.924	316.673
197.87	64.1256
186.921	32.5799
416.52	445.316
211.349	492.243
430.666	367.881
402.754	421.989
331.16	34.8923
469.219	215.481
14.8579	462.723
361.562	477.132
391.404	410.756
298.406	199.168
25.4524	79.4506
448.05	182.209
48.4407	371.921
228.988	205.181
330.567	83.9165
453.894	326.222
248.692	119.155
420.441	334.242
137.144	53.3786
375.839	32.8728
263.875	216.498
111.453	69.3592
451.412	183.419
284.609	346.136
174.623	283.94
92.0737	465.883
20.94	161.711
119.889	55.8033
175.21	75.2622
139.44	426.138
122.674	228.156
313.357	464.337
456.605	281.409
41.6397	254.742
167.675	420.809
33.7391	248.612
387.502	128.762
157.18	300.769
467.526	480.136
144.983	320.401
210.495	328.67
410.165	21.6512
27.0262	311.529
427.269	33.3088
65.523	195.871
59.1787	409.831
72.1129	10.9919
137.627	385.172
459.52	271.844
57.9481	485.363
198.799	155.152
325.456	440.368
320.63	112.635
355.682	126.087
341.205	260.272
311.853	287.834
147.69	478.659
15.1483	373.946
473.06	471.807
110.449	183.85
476.888	473.782
406.783	460.466
371.799	281.006
102.049	220.836
255.543	160.813
201.911	190.932
458.252	275.093
366.677	397.633
209.002	31.8937
325.254	211.824
120.418	183.065
77.958	388.919
248.491	430.924
283.789	419.658
23.254	111.064
50.8948	389.708
180.241	25.1384
125.866	285.449
68.1533	71.216
49.0913	28.8265
266.116	215.028
176.112	475.113
436.114	296.237
25.2439	133.428
367.08	187.669
475.108	462.019
204.821	74.7186
376.361	405.525
301.964	286.348
412.306	230.947
178.899	343.634
21.1175	146.471
248.188	484.029
425.133	301.72
329.884	29.8719
189.431	222.847
424.302	454.404
388.055	250.46
385.52	105.12
96.1477	200.501
130.581	377.059
234.393	196.767
219.417	454.367
271.022	378.443
247.517	236.817
442.621	455.145
247.633	117.486
275.315	125.217
28.1153	256.88
212.459	44.3875
435.993	28.4211
235.652	82.5068
77.6625	305.503
28.1234	380.214
369.474	171.338
477.95	452.431
111.5	24.4656
300.545	30.6852
243.908	439.812
18.5217	72.2419
405.991	425.966
446.89	393.724
58.7534	189.008
80.6844	84.736
163.723	483.023
421.715	464.172
70.3802	204.612
122.166	453.396
434.482	112.793
391.039	430.177
18.451	254.311
268.175	368.857
19.0581	428.845
230.039	32.1019
407.866	367.099
218.63	415.483
142.083	399.337
485.07	461.141
58.0143	459.945
61.7427	209.651
436.808	18.4544
47.1434	320.672
407.836	385.564
455.545	497.716
313.966	217.612
311.2	172.052
474.883	223.723
203.514	473.853
431.306	58.2064
294.596	293.109
474.371	192.72
293.616	282.736
151.195	389.378
244.72	86.7218
141.441	383.045
321.563	79.565
194.179	283.853
187.559	174.773
222.239	277.985
170.417	23.2692
401.785	468.172
444.676	50.75
442.251	106.496
368.748	25.8223
140.021	472.241
117.914	395.503
156.756	61.3022
333.073	293.912
25.877	65.467
396.302	482.683
166.563	270.058
388.462	245.347
303.957	214.072
151.597	303.417
327.763	411.641
308.321	462.845
292.389	289.905
453.771	54.9088
469.956	177.042
356.695	218.883
371.498	120.075
452.899	293.636
13.8139	263.171
211.372	158.702
107.78	225.519
55.8395	203.297
335.13	21.3587
103.84	162.467
89.6742	378.305
299.628	57.975
443.348	96.5563
442.342	492.452
202.876	100.726
248.954	303.049
374.435	153.72
269.745	375.785
259.475	146.32
12.255	246.462
287.774	336.65
273.663	128.261
123.944	76.2251
89.9084	141.301
270.856	435.175
153.823	424.073
121.388	240.2
240.593	64.0135
207.306	392.385
239.377	71.496
85.4947	106.242
138.195	147.047
329.416	449.069
329.534	365.903
258.617	136.337
144.474	247.191
43.0114	387.768
86.6747	45.5592
39.6644	367.128
292.175	150.106
203.339	358.21
462.868	59.0613
392.719	125.864
311.689	81.1489
433.245	496.606
202.382	496.668
88.4971	293.603
374.889	260.324
326.71	293.673
250.124	367.961
425.116	125.108
88.0331	456.923
430.841	125.618
434.274	24.0775
430.106	17.192
371.774	191.437
302.349	276.725
48.5334	247.498
463.606	262.717
250.602	474.325
112.132	75.2128
434.819	114.854
181.728	120.225
463.083	330.168
290.209	61.3318
464.497	340.068
356.671	357.462
119.711	416.334
192.684	499.109
71.7752	298.543
311.157	383.971
59.9753	345.22
293.067	190.713
239.8	29.9282
19.4236	318.026
388.997	63.0307
304.172	471.944
188.228	182.105
300.46	348.481
153.254	470.804
32.6412	265.798
58.922	287.861
312.748	208.716
446.088	172.404
411.318	327.195
231.779	167.391
124.139	81.7117
219.774	463.606
318.653	472.82
452.999	335.278
341.179	92.5066
128.964	421.425
74.5348	187.022
248.144	96.1174
182.913	497.073
167.017	430.453
364.77	181.076
322.679	83.3083
180.066	191.254
155.859	304.346
205.934	287.957
451.749	109.622
423.43	326.39
328.364	165.884
445.838	472.03
419.69	28.0601
429.678	49.6158
31.7476	240.16
329.483	74.6688
87.7349	250.716
249.36	72.0873
358.764	160.131
444.574	384.748
93.9306	478.397
43.8632	20.3021
152.318	107.975
213.69	312.449
307.501	341.38
229.041	343.565
304.225	397.782
242.422	20.278
12.3614	325.105
278.736	230.934
119.502	461.944
9.06085	429.078
61.8109	112.789
290.467	71.3284
24.8764	55.5171
186.409	471.885
248.483	304.949
403.978	445.179
74.4366	237.719
204.234	111.072
431.148	376.965
437.554	244.71
66.2707	304.951
246.348	401.904
86.7185	143.376
264.866	126.811
258.929	378.194
394.703	408.313
71.6437	94.8671
311.202	109.302
431.827	285.252
67.8215	483.777
43.2161	141.783
86.2176	12.4059
239.045	350.554
192.296	314.438
11.4044	312.051
43.9188	10.3022
313.935	303.016
478.555	483.642
267.425	152.386
33.8652	20.0982
314.499	148.722
479.539	184.159
471.885	229.199
364.785	387.814
159.856	376.597
280.491	63.6897
122.235	76.054
86.2081	471.49
336.647	303.252
136.613	467.205
450.988	326.495
456.734	395.484
187.338	49.6632
121.583	178.734
428.645	339.96
60.88	72.4841
326.462	434.041
166.998	171.425
64.5221	95.3852
165.065	442.389
305.124	211.117
446.801	18.8422
431.095	245.596
457.672	330.477
119.101	17.9682
104.56	178.87
378.957	251.877
115.839	310.93
403.772	459.898
301.395	336.468
466.994	49.9522
265.756	391.996
379.207	67.3567
30.679	90.5103
116.434	102.931
361.924	348.953
459.837	103.74
369.964	111.295
425.5	135.1
416.131	221.707
148.476	161.249
451.795	459.124
421.451	124.075
234.409	442.936
454.107	381.727
101.091	252.147
176.637	211.199
200.692	409.487
369.522	40.6245
462.633	252.764
399.837	407.454
15.8947	435.818
255.808	112.129
330.289	127.52
90.6508	368.353
412.304	301.209
328.879	309.549
389.633	475.755
396.785	316.675
340.251	401.247
445.272	316.573
462.498	69.0545
240.99	30.3128
57.3851	121.757
329.162	424.711
371.153	166.025
397.983	244.703
359.259	396.318
108.241	71.8132
183.157	197.555
192.577	419.559
186.463	42.1386
482.503	219.914
331.158	125.468
289.434	181.396
331.812	122.337
118.366	311.811
294.336	196.601
388.077	316.984
464.503	235.945
373.153	93.7569
427.229	53.9968
75.9723	489.57
468.288	236.782
459.505	346.111
449.012	41.7386
105.434	115.967
29.6374	236.931
459.604	452.878
120.358	144.933
433.775	93.6651
44.1844	289.716
342.543	128.036
116.307	434.094
173.182	482.15
188.165	257.386
215.14	97.7205
82.6949	240.239
348.574	367.966
263.628	410.164
83.6066	298.251
114.097	393.825
324.452	415.303
431.096	108.818
95.894	227.103
340.76	312.367
231.679	56.6279
129.106	440.053
453.551	404.964
205.684	451.706
472.289	196.324
371.561	239.911
393.971	389.194
387.845	392.275
53.5368	291.685
24.1509	69.0496
325.354	425.223
407.623	70.8889
270.529	213.184
334.334	320.029
254.523	461.447
35.8935	148.231
176.773	461.148
440.299	249.795
45.9833	204.987
20.6892	325.066
156.75	441.301
39.3869	80.3742
111.316	482.422
182.997	353.335
181.974	499.826
401.349	78.6758
464.03	380.493
196.346	38.0259
463.355	406.931
419.603	141.046
366.116	293.27
192.52	479.801
466.469	370.795
344.75	52.4873
295.313	467.677
44.7141	253.835
222.021	231.544
466.916	375.041
34.6817	384.578
357.146	90.3547
117.873	62.6088
142.247	124.43
352.019	347.574
436.464	175.118
344.738	24.1308
82.9057	78.9775
143.937	78.6767
321.685	385.203
190.898	330.134
193.647	404.322
246.023	284.914
219.668	71.0941
155.69	447.051
46.4567	151.244
352.955	105.751
360.281	152.48
222.344	450.198
383.381	325.813
488.99	187.424
195.275	55.7789
127.869	238.751
99.8198	372.344
358.756	152.342
402.538	47.0852
111.913	303.782
71.5035	304.89
491.615	215.793
349.964	314.135
71.8037	38.207
394.251	276.302
212.692	346.509
198.366	53.0409
473.22	405.29
227.526	250.735
406.943	463.143
232.006	157.182
167.062	307.26
191.996	440.057
471.957	167.244
73.8699	47.9012
373.736	161.597
407.946	106.743
313.299	181.829
469.293	273.964
349.795	61.1217
384.425	416.781
8.65407	259.876
458.976	231.455
409.496	126.149
397.774	436.604
158.488	261.814
51.0409	308.791
105.982	91.679
442.009	57.7414
199.917	466.172
413.441	419.295
176.994	356.299
475.591	442.714
445.139	173.694
223.443	190.298
83.8777	152.311
252.17	404.405
358.634	152.985
384.876	480.883
38.1045	331.577
338.911	267.619
212.434	162.199
47.1549	344.473
379.657	152.555
317.597	242.157
313.369	187.737
146.834	53.3492
205.496	22.5282
472.532	43.6304
173.316	13.6987
95.4954	359.605
160.519	21.8459
81.2114	7.09762
45.8716	364.826
110.308	210.932
314.363	73.0371
364.893	232.459
159.062	147.407
302.359	18.5586
475.653	157.952
201.06	252.663
419.482	376.005
350.104	205.888
394.536	382.235
81.3123	4.26971
429.346	168.094
333.182	11.5503
38.2067	231.777
73.4281	282.362
17.8196	376.337
352.147	323.894
40.5953	205.656
91.9115	131.504
112.43	479.626
52.5521	278.895
138.4	296.498
290.804	32.9477
469.476	101.078
187.007	396.845
359.56	463.459
154.655	98.2517
181.093	194.099
300.281	468.324
32.0545	384.423
353.788	415.206
29.927	394.194
222.134	19.1412
45.1211	94.6337
130.196	327.362
225.216	370.276
25.6961	455.211
122.847	239.428
324.729	271.659
31.4517	396.732
171.679	199.167
64.867	260.098
102.349	203.46
240.609	188.934
51.3746	207.712
102.345	194.589
454.048	225.279
82.7507	292.588
206.005	75.3155
122.341	169.756
411.746	147.232
193.264	214.625
152.138	450.442
163.229	329.418
151.295	58.4222
482.717	461.688
455.725	343.196
146.911	154.245
308.254	236.675
465.313	112.107
180.964	305.423
162.711	313.922
249.058	92.1014
59.2832	264.455
355.985	53.2683
267.689	456.509
307.876	397.564
422.97	422.33
472.977	259.225
141.111	470.332
289.047	413.96
466.833	202.589
29.8462	138.297
24.6753	305.92
57.0433	371.947
180.797	261.909
401.274	393.354
48.7465	305.915
206.083	203.935
159.281	479.943
434.261	184.872
374.107	141.766
209.738	260.962
246.445	340.702
406.425	79.7767
109.685	279.841
177.065	259.157
435.693	347.054
362.391	350.948
332.466	448.456
168.441	19.1482
347.594	110.203
388.564	157.101
91.674	374.876
226.959	127.011
108.925	20.5638
243.451	222.655
294.468	449.989
169.174	311.1
92.8808	286.259
228.828	237.142
473.069	329.65
125.291	395.79
345.254	155.912
459.407	372.92
472.222	71.3887
37.4192	127.535
51.7988	119.343
95.3671	442.599
466.275	188.054
134.028	43.8763
379.392	159.329
255.565	312.009
454.702	229.956
337.103	2.35122
266.374	138.779
158.888	430.797
258.302	299.496
386.392	267.847
453.336	73.0622
278.24	53.9462
71.2074	338.556
77.7323	13.6596
199.785	391.014
339.536	357.479
36.8094	87.5366
273.434	45.9387
354.309	82.2494
80.4547	374.432
139.683	484.65
261.838	234.99
102.324	392.769
49.1461	68.6313
175.506	221.135
380.603	268.042
332.526	112.296
317.213	268.822
402.876	227.62
89.905	208.313
320.83	259.432
406.224	60.7753
481.716	409.729
19.9409	393.667
214.115	349.708
255.105	452.997
299.668	193.933
51.8349	475.474
491.41	453.408
62.7948	338.5
366.248	303.269
478.498	35.6053
464.318	183.571
167.389	226.976
188.329	449.361
365.876	214.921
181.214	7.56448
51.9298	489.42
164.021	94.7461
402.625	143.133
38.6941	118.702
72.0635	488.005
238.078	185.742
445.658	411.104
81.5158	487.797
131.243	477.032
231.262	422.874
380.911	285.328
478.163	321.044
442.782	120.903
331.352	269.073
372.501	48.733
14.2495	259.342
219.871	219.742
349.509	192.127
236.785	312.743
260.169	477.235
377.831	124.745
359.22	330.963
190.748	465.869
24.7166	233.738
204.507	268.841
170.008	157.017
136.929	464.139
144.783	241.832
221.235	51.3943
417.607	70.492
189.481	50.1133
474.15	230.069
328.63	91.1247
432.091	250.462
249.863	13.5982
107.161	310.453
189.342	5.95966
172.465	325.65
320.073	221.92
72.7299	345.125
157.83	12.2142
412.414	340.206
474.134	67.3305
353.624	173.931
387.286	111.77
466.873	485.82
109.811	444.301
433.268	397.771
238.27	112.845
455.714	443.666
9.49578	309.515
248.832	432.436
50.6778	69.3744
431.881	68.1898
342.078	371.055
221.163	62.913
53.6924	238.931
116.339	238.443
107.708	20.4212
110.347	183.364
422.718	332.179
363.413	245.936
13.4922	445.177
470.06	435.219
312.494	179.122
416.223	436.603
363.285	236.458
192.365	32.6246
295.407	11.3703
16.8669	71.2215
436.781	415.709
199.744	339.089
428.547	354.049
253.87	278.716
267.418	378.13
469.859	320.821
243.769	493
138.937	264.477
69.3777	106.531
130.14	464.848
281.406	187.358
389.662	307.11
325.106	337.121
135.593	290.508
62.3359	57.568
104.55	204.398
183.717	484.531
307.72	56.6492
446.987	162.444
408.243	123.718
249.22	8.1271
291.243	256.754
66.1011	29.6109
370.889	108.731
249.556	184.467
293.789	271.555
150.77	473.359
111.589	426.767
55.245	255.105
81.9514	227.313
227.658	402.569
234.5	496.753
13.6357	113.8
93.871	252
311.948	33.938
147.988	46.6743
357.068	332.695
291.042	23.8053
415.432	336.959
138.821	127.116
158.98	363.569
454.585	117.542
297.195	62.5424
215.282	366.309
76.1003	396.679
9.01342	482.566
163.144	486.068
44.002	160.938
155.154	419.364
162.275	237.207
424.404	491.933
153.863	79.8874
25.8256	397.821
222.374	104.625
467.114	121.943
479.535	337.278
292.548	288.547
223.751	146.69
235.146	209.521
243.793	413.374
472.039	148.628
337.867	134.939
418.401	129.308
293.876	373.823
212.362	129.236
11.1088	159.882
456.591	217.384
471.326	483.003
398.284	443.418
166.804	361.339
234.976	234.898
68.6002	174.841
240.614	295.393
216.366	91.7333
226.393	375.608
427.234	122.755
249.685	361.163
409.719	214.034
3.64556	113.356
420.937	293.825
250.032	467.337
414.655	215.361
355.085	370.996
241.224	411.237
463.475	79.0066
183.75	23.7415
247.793	228.542
231.307	472.658
328.135	419.155
10.2864	396.273
155.767	492.82
428.567	244.957
292.96	477.396
395.071	323.505
93.9004	343.614
217.032	426.651
412.321	324.943
334.212	334.056
253.531	231.94
174.834	222.471
451.869	434.435
476.93	123.707
424.552	278.39
479.467	489.338
207.874	223.768
101.947	270.749
376.365	111.573
433.58	86.7672
220.885	299.398
486.912	124.305
189.782	271.048
206.239	119.311
403.471	206.225
36.8319	493.79
24.7934	466.654
241.493	478.022
178.882	37.4938
270.186	119.351
423.879	92.2259
328.521	325.59
368.032	117.328
387.745	111.992
217.406	287.143
454.209	239.395
464.947	181.879
99.7502	265.644
149.595	37.3062
288.682	486.435
61.8317	423.636
301.222	257.407
39.6667	246.453
291.834	289.792
369.215	216.124
467.26	64.2879
297.297	39.8515
439.631	303.697
353.772	266.725
55.0281	200.923
231.404	58.0974
318.513	228.032
59.7832	88.6748
343.838	244.528
115.736	309.943
439.028	128.836
40.1122	489.343
328.128	476.015
229.155	128.867
69.9014	319.968
325.037	274.95
335.63	240.355
289.373	76.461
221.43	337.078
97.1476	302.161
391.224	40.0826
78.5948	183.196
66.1463	257.049
283.689	294.168
184.419	314.365
483.365	66.637
174.413	192.874
455.435	13.7978
374.813	91.2484
344.707	423.83
339.3	137.339
411.715	467.122
172.914	24.0522
49.6715	385.334
53.7107	8.27244
105.343	227.867
217.08	482.106
282.619	118.386
268.768	443.081
464.791	17.3288
107.691	332.006
382.632	80.8192
383.792	467.054
331.82	451.406
483.395	346.503
476.206	395.814
135.004	385.615
409.276	262.01
420.458	231.175
134.536	245.916
58.7625	382.945
51.3448	289.846
250.726	230.613
250.096	481.154
394.234	165.338
285.489	72.3549
191.586	79.292
298.731	266.946
97.783	330.001
400.493	58.6273
47.1662	352.106
39.592	487.614
485.986	314.816
363.824	17.1185
245.164	454.085
264.006	379.657
484.911	390.892
352.055	408.758
41.6379	409.421
307.075	297.034
266.549	38.6864
462.049	82.7866
124.045	403.9
440.617	228.777
478.327	308.387
454.652	268.555
95.938	44.1257
390.249	163.745
395.733	410.608
186.006	307.713
41.1772	378.132
188.042	188.726
77.9876	451.58
99.5195	201.574
36.3405	236.865
171.867	203.221
126.158	218.782
402.363	130.848
238.932	334.102
63.8176	219.434
44.6376	167.551
434.413	260.931
408.361	256.515
456.747	227.119
426.89	18.2974
360.064	52.3515
308.973	57.4861
360.519	349.896
171.087	297.036
343.348	391.738
133.912	288.762
181.79	317.62
411.854	37.7486
5.3323	388.636
409.293	45.5803
408.399	460.517
97.1564	182.305
225.02	221.648
484.86	335.166
306.365	13.1624
424.136	394.256
486.773	76.0384
402.749	259.112
178.063	227.983
176.304	290.369
47.3205	497.159
145.102	140.137
53.814	90.8716
488.617	206.253
196.142	350.79
259.342	126.293
431.617	410.749
292.133	195.933
178.734	108.427
9.55214	365.658
60.363	169.171
286.094	232.476
158.935	40.8781
364.338	179.529
150.683	254.416
71.6446	24.1438
476.351	323.777
368.397	358.944
79.1355	49.9607
14.182	491.127
60.6538	72.0684
26.2417	59.3506
42.8092	79.8928
218.807	292.701
72.13	440.671
226.599	436.717
210.278	221.711
114.791	408.313
184.595	466.44
32.6905	275.798
377.769	210.943
327.178	1.13013
273.474	34.3147
320.712	130.397
13.213	366.345
339.16	288.982
255.691	217.611
166.696	440.739
69.6508	157.558
230.064	217.835
404.798	218.019
92.3428	164.689
260.628	39.5963
8.64147	237.138
45.3109	256.681
390.723	378.554
454.891	241.365
60.7994	103.227
117.947	319.083
53.0303	114.733
150.529	468.213
358.122	8.90342
164.907	397.364
350.823	466.329
182.796	159.385
484.721	114.548
452.66	165.025
26.9204	236.523
311.717	332.312
207.793	240.811
378.049	330.808
319.943	278.046
164.933	303.748
484.564	473.668
160.57	328.153
231.338	240.515
409.075	465.941
476.246	26.2182
283.28	304.159
8.97777	65.0764
78.2782	21.9508
268.711	127.064
210.175	305.556
228.943	255.137
114.574	216.023
170.693	231.004
301.37	223.869
343.304	433.731
489.168	105.592
9.05836	381.9
208.61	375.916
465.177	88.4715
43.5918	370.656
400.173	281.37
180.458	19.8655
292.725	453.763
96.4898	309.636
317.659	146.446
56.9203	310.252
246.279	245.27
255.705	112.999
81.9757	130.372
169.266	482.824
492.107	443.432
286.865	313.494
437.147	8.46013
116.57	276.616
172.575	154.277
429.762	183.279
159.418	51.6802
90.8654	218.693
231.57	321.275
217.932	465.008
270.495	63.4058
75.942	226.214
335.054	472.413
288.909	288.527
31.1756	209.013
83.2217	389.049
302.692	83.4691
348.112	114.124
47.6893	101.654
461.617	219.445
200.257	471.063
477.243	280.03
170.123	469.744
75.3185	213.308
146.791	380.429
157.832	93.5323
400.103	269.685
319.549	132.753
410.857	476.825
14.3603	112.549
173.306	343.993
231.73	281.135
5.94003	300.168
95.7824	286.693
57.5111	131.756
209.375	52.3704
220.46	32.392
289.767	382.888
176.765	424.977
396.204	473.181
360.092	163.403
304.49	216.149
237.497	341.835
382.967	259.247
377.309	213.766
344.866	84.2102
37.2203	309.308
481.991	299.082
294.957	49.9626
250.628	39.5301
80.7564	389.629
327.367	313.455
145.533	232.173
195.017	406.941
426.614	45.2694
437.655	475.411
197.127	106.302
89.1052	494.309
49.6326	241.449
455.121	84.9562
455.514	96.7176
204.626	394.404
241.569	437.426
316.635	352.274
65.8458	68.6794
479.483	353.888
178.595	81.518
485.374	155.606
354.786	187.078
374.421	232.238
131.566	56.3135
32.0081	60.9262
58.0754	14.0067
273.354	374.587
393.137	53.5347
84.54	347.133
207.302	90.7289
70.6353	279.995
46.9613	455.026
58.1247	18.4536
459.538	388.002
357.719	150.258
19.8172	103.005
396.965	198.632
186.686	226.128
424.936	297.812
7.90164	243.716
493.623	79.0456
105.511	121.675
229.224	82.2466
334.755	261.704
109.877	334.832
62.9704	94.3323
89.2912	293.293
422.383	142.693
53.9115	44.443
120.022	228.381
407.158	293.954
98.5264	74.1866
292.249	309.789
55.7374	401.693
52.5218	155.522
439.694	213.985
7.31647	433.726
184.307	71.7103
132.614	382.914
32.336	278.203
199.611	426.667
457.827	426.404
57.7368	423.749
248.721	254.968
140.361	418.225
191.342	330.499
99.2042	85.963
107.079	166.029
39.2465	116.336
268.949	466.429
373.83	359.928
215.099	199.703
280.126	432.845
484.152	116.374
104.822	315.35
87.1036	48.0028
411.84	363.076
485.238	385.704
197.767	478.332
95.4061	182.713
77.1591	441.372
82.4058	187.411
420.603	169.189
33.5194	118.915
32.0592	88.1784
70.1749	324.346
304.625	406.293
89.8835	111.112
39.4227	375.859
37.7528	167.67
175.985	186.673
177.638	52.0953
6.73105	327.546
226.991	43.6428
39.2948	323.18
176.198	219.412
439.094	493.468
100.552	437.416
365.291	364.008
366.728	417.496
17.2438	230.483
6.85435	55.3044
214.362	269.463
483.098	157.098
429.158	448.805
483.427	276.31
103.714	456.501
231.908	127.893
498.421	70.272
174.388	65.2961
141.89	444.65
41.823	396.682
198.043	153.291
350.718	304.163
461.639	269.322
128.861	442.626
368.258	200.798
102.04	304.837
487.118	299.154
242.298	313.416
309.556	133.147
182.581	358.706
341.144	373.416
408.012	355.427
338.503	381.393
361.228	279.577
62.2307	343.596
26.9581	140.666
363.284	8.15613
73.1218	307.29
18.6826	261.148
157.815	175.384
389.189	285.819
335.498	293.158
126.701	210.424
289.717	192.017
15.8642	222.952
160.36	441.428
315.187	280.32
105.079	281.59
443.056	343.515
208.888	425.52
254.775	414.388
226.494	226.533
467.185	122.98
441.007	447.748
360.934	444.989
490.762	177.583
239.765	68.9014
54.7874	449.131
141.444	299.392
283.691	424.452
495.466	129.485
388.279	123.131
189.59	355.582
181.879	215.875
345.751	268.373
484.541	82.9343
482.529	256.599
349.355	239.581
140.239	35.068
372.83	183.664
483.157	445.177
181.162	56.2649
414.139	347.495
403.646	296.502
51.4732	294.716
171.128	397.339
362.177	163.179
105.168	481.439
16.4785	272.809
347.655	286.32
57.2251	133.578
472.315	288.731
414.834	494.833
219.806	404.23
459.501	226.996
449.738	450.215
67.7357	201.29
196.869	205.196
151.047	62.4885
233.744	220.63
35.0798	5.62543
258.218	214.592
489.465	489.519
267.293	127.78
31.9575	411.929
150.383	290.183
326.838	329.02
125.43	235.507
337.756	334.284
221.11	118.216
494.325	451.749
69.0038	322.918
470.885	320.123
58.0949	188.715
118.311	45.9285
349.639	190.587
307.885	34.3625
250.843	365.231
229.071	222.417
49.1779	156.937
489.401	60.0405
153.206	142.208
457.83	252.126
191.023	43.8847
368.952	386.5
154.217	72.482
121.92	129.596
415.608	386.533
400.742	248.44
320.349	179.535
146.883	464.616
318.195	306.229
428.451	447.314
102.59	234.293
323.077	260.418
446.514	135.465
460.533	220.563
471.555	52.5081
399.446	206.642
76.5741	152.239
219.693	432.584
102.358	485.422
116.268	14.4107
196.75	137.099
192.054	343.57
144.925	431.984
46.7737	226.619
80.7177	390.4
389.983	129.06
78.9496	438.349
213.98	62.1761
252.842	426.319
428.917	373.993
143.837	81.3612
403.198	97.9427
128.171	269.072
16.6033	301.134
114.664	288.536
54.6581	152.224
388.654	330.085
202.754	452.63
319.574	329.612
178.027	332.306
430.748	181.361
400.221	482.382
116.217	342.565
238.507	480.375
367.237	329.218
93.2429	245.496
206.158	86.91
453.526	23.0636
64.1086	442.77
290.487	140.25
223.462	259.726
334.327	215.206
87.5191	82.7076
234.826	264.624
321.197	239.744
307.883	455.967
456.671	441.837
304.296	389.752
350.008	327.804
300.645	210.829
409.759	406.476
117.704	381.917
284.138	495.343
69.1896	326.536
334.206	318.507
79.9926	185.94
241.533	350.022
5.33443	479.163
121.694	273.877
429.908	178.241
243.307	234.402
400.221	486.457
240.403	146.025
100.998	197.248
275.83	213.574
56.9092	56.467
37.1448	164.199
170.006	165.981
454.557	141.408
364.908	117.049
16.5218	489.126
445.709	177.298
23.9732	202.076
391.329	261.9
137.787	65.9904
375.636	285.894
211.478	376.084
43.6081	370.334
230.682	171.95
460.057	17.7321
16.7686	291.135
366.631	59.7648
494.222	465.169
113.633	269.131
378.116	388.151
87.5087	393.774
32.6826	134.702
438.991	437.954
421.885	9.63985
424.308	358.064
446.627	206.126
92.9562	40.6456
105.35	126.968
105.08	378.44
108.186	264.066
373.445	459.846
68.0337	250.428
225.416	130.75
287.243	389.721
25.8807	148.973
237.415	379.457
72.2367	432.847
80.9008	58.1597
355.841	346.572
47.7276	297.798
26.8059	440.066
142.994	443.047
95.3938	38.0524
252.594	292.205
469.586	361.418
489.945	488.348
275.277	115.077
118.104	301.111
99.7045	28.8688
378.163	203.931
226.887	448.276
426.455	142.826
278.684	79.6821
414.539	378
273.51	421.116
42.0227	334.802
28.3184	283.688
40.3216	61.6837
123.106	404.634
0.560533	431.467
394.19	425.034
201.586	481.66
5.88198	223.548
361.978	55.0945
233.846	476.399
197.637	409.84
208.68	170.201
135.969	404.718
192.084	372.934
389.293	389.911
100.047	129.037
133.681	102.613
77.7857	8.03469
275.303	105.077
3.42383	363.512
478.826	16.5569
94.0742	165.922
183.889	105.875
293.3	451.124
441.826	298.904
266.568	454.542
299.43	181.688
362.309	116.244
185.256	164.147
418.982	42.0508
163.345	278.803
179.537	373.934
114.668	226.457
433.528	341.312
398.824	264.658
406.63	12.2972
213.969	200.439
291.136	365.775
343.47	104.01
1.43182	379.978
440.051	248.298
385.099	467.195
199.174	26.9619
4.93343	165.468
279.065	124.998
18.3125	481.598
142.368	202.066
266.574	427.355
102.478	232.303
409.602	260.369
443.916	387.826
257.202	73.7651
226.789	410.805
239.419	14.672
381.871	159.049
182.708	372.914
82.0968	414.503
42.0349	274.679
141.946	490.458
309.31	106.484
97.2908	24.1983
440.88	264.236
253.41	426.823
83.8626	104.9
349.87	336.565
43.9677	83.9237
492.532	148.624
134.642	256.172
104.02	231.689
331.631	44.8812
108.723	7.84755
314.811	239.564
11.4838	97.4773
370.422	82.2964
236.497	360.957
51.7676	203.866
37.0273	211.678
111.85	127.715
87.7137	389.886
343.479	339.949
195.736	25.2764
59.2998	305.566
443.62	231.767
443.596	75.3254
428.323	234.786
134.762	124.47
226.476	56.076
437.074	233.715
269.77	442.38
201.332	117.718
179.309	338.427
248.112	444.048
51.0807	461.303
144.118	136.921
149.945	488.107
405.83	233.345
332.86	115.4
364.838	152.19
490.514	250.579
120.865	193.055
246.843	385.597
278.487	240.626
472.905	82.5429
245.05	87.8442
85.0743	154.584
243.401	269.291
455.084	474.28
407.493	423.749
113.878	288.501
154.535	64.7509
478.52	6.56154
283.595	154.664
486.229	361.27
430.256	61.2111
254.508	84.6505
84.5918	181.316
97.5878	392.395
82.8318	234.955
146.26	301.589
199.361	280.193
58.4527	79.3462
467.044	35.2706
488.185	33.1226
296.286	379.416
196.052	120.284
488.314	126.316
171.524	155.471
138.865	431.224
433.316	303.414
414.318	378.1
204.715	400.997
362.367	349.921
427.257	288.929
363.606	117.333
145.014	154.132
450.28	416.036
230.287	46.8223
439.071	362.464
457.459	393.305
216.311	30.5785
99.7542	173.577
359.528	364.609
66.937	339.839
488.771	15.5113
477.826	119.489
245.565	29.5991
184.35	313.535
198.468	412.906
455.017	216.234
62.3682	149.624
285.485	41.4156
495.614	97.9463
262.89	365.507
420.815	266.513
353.257	479.143
317.353	482.735
41.123	472.501
422.643	122.851
336.054	179.848
338.788	47.6935
127.849	204.994
95.5293	101.656
429.846	394.451
210.58	380.379
301.683	112.952
437.765	332.54
111.648	125.496
293.256	43.3561
235.042	50.2268
223.919	303.069
417.167	57.3607
467.642	404.647
348.764	95.4027
489.277	216.665
288.482	71.2875
286.534	290.878
203.326	465.295
189.03	59.133
380.106	254.022
58.787	196.1
149.202	163.711
10.8512	366.93
102.082	358.488
162.833	94.2696
426.956	300.588
218.488	74.9777
416.281	57.2496
495.911	191.283
358.094	409.982
465.005	217.297
336.77	267.373
256.188	67.6907
42.6071	215.632
190.878	401.54
188.421	298.093
424.794	275.728
319.726	64.3785
492.007	213.073
111.063	149.764
13.8673	282.963
243.632	3.16608
168.276	223.982
190.536	378.976
4.18601	448.837
78.4046	85.3793
7.67289	96.3411
155.561	212.475
351.04	79.6604
234.12	91.1892
454.081	221.581
104.993	24.9105
53.3273	119.473
274.437	140.76
457.71	340.961
23.3962	57.5345
256.602	467.263
496.589	69.9208
440.242	341.338
4.93125	74.2211
78.0344	343.84
228.139	455.506
152.668	262.954
297.173	332.988
418.379	490.035
407.431	401.22
46.6754	41.2943
217.196	48.967
158.33	345.025
425.136	84.5936
24.2159	295.733
265.238	141.156
487.101	158.822
378.98	386.299
227.507	133.142
110.289	398.218
454.75	85.4329
233.416	196.863
156.84	349.248
128.532	283.228
367.366	371.75
264.956	42.497
335.798	257.123
59.0032	404.571
246.969	309.823
383.652	261.07
432.307	159.522
288.138	419.203
489.541	205.15
421.82	437.569
15.9618	498.916
453.695	50.2014
59.8062	94.9043
326.495	202.044
123.923	125.147
224.732	448.98
156.369	482.023
314.45	410.79
408.017	258.26
212.134	334.598
377.176	455.66
418.196	136.741
283.189	156.246
123.79	7.82134
430.646	379.604
314.451	69.0886
134.873	477.725
186.79	260.759
449.967	5.80729
302.006	205.39
147.854	375.031
359.502	150.37
43.029	56.6889
167.829	190.597
141.618	476.414
191.915	499.853
416.802	371.161
365.091	129.219
263.727	479.917
420.308	256.398
92.8965	381.658
481.822	318.337
7.2092	233.403
311.811	385.85
342.155	38.2773
265.24	387.885
483.049	353.712
41.1925	469.136
128.133	436.358
312.043	34.2556
266.312	305.483
175.047	161.14
236.423	91.4269
426.074	65.6897
451.629	262.12
43.7395	142.564
61.8767	129.208
92.2067	285.595
269.868	215.066
174.493	274.206
166.651	50.0952
171.264	86.7968
422.702	156.739
234.5	233.662
89.0273	187.335
5.94724	306.805
488.415	78.6519
378.042	109.544
30.3353	492.062
77.4578	144.535
68.9772	139.236
31.8274	464.184
226.935	195.237
174.116	471.272
54.6856	318.966
234.713	83.9688
352.117	304.648
315.597	320.437
372.294	411.426
294.451	349.722
396.494	149.942
347.035	57.7452
148.464	464.235
362.507	449.241
363.908	75.1154
490.019	346.111
229.536	119.33
395.983	216.317
361.51	122.531
92.3668	101.149
26.033	423.657
37.1507	115.489
442.056	14.2622
204.616	365.923
164.451	203.683
390.539	395.16
316.238	338.752
296.662	309.798
378.715	59.8774
375.124	467.056
440.005	261.26
335.865	399.545
467.01	80.8806
132.65	298.903
337.096	399.024
222.904	216.387
334.197	416.839
407.03	291.267
153.737	483.351
287.45	408.87
376.667	60.0436
6.38892	487.103
139.239	433.678
234.924	189.702
100.947	363.935
248.932	241.943
483.753	36.1459
376.996	487.301
437.016	170.204
307.04	385.612
129.983	72.6398
246.081	343.804
268.874	252.028
162.01	124.736
134.605	314.886
136.216	157.892
494.088	464.726
187.58	235.188
2.3104	331.915
94.6545	480.007
350.093	100.905
288.128	110.041
444.179	1.32834
143.454	402.572
309.132	3.5529
140.349	37.905
2.50836	112.112
123.94	127.124
457.883	444.143
433.019	206.539
303.5	234.704
340.857	344.959
59.9867	373.005
15.2767	284.541
168.367	403.246
302.694	306.31
339.046	439.134
320.709	484.332
31.8503	439.72
308.109	24.6077
276.816	305.587
336.252	393.751
9.2231	457.267
298.222	333.814
195.032	296.195
118.368	123.511
198.333	176.026
167.402	72.5771
25.0622	313.595
477.253	300.882
183.975	278.298
66.8873	129.491
294.012	326.905
36.3957	49.2056
375.094	125.099
142.298	246.674
184.153	457.666
491.564	69.8172
468.018	97.7518
301.274	442.598
59.4507	251.407
362.601	200.054
391.779	422.745
378.644	288.051
154.344	402.788
208.947	146.091
31.3698	485.203
125.46	477.059
285.004	87.431
110.141	482.536
227.845	48.8839
390.755	77.9033
252.438	497.984
102.004	2.07843
79.2443	255.187
219.417	142.765
150.283	236.206
305.184	221.066
52.6078	481.997
38.8862	300.184
485.619	161.439
469.409	425.24
322.471	339.52
184.865	450.536
316.694	337.517
472.419	362.543
1.86802	218.412
349.346	254.539
224.98	295.121
472.492	221.832
354.14	13.2741
317.097	297.329
471.372	69.7712
310.155	195.784
168.404	74.9329
276.632	72.0587
36.1164	357.778
293.513	7.32494
399.81	55.3416
30.1808	95.2483
283.694	193.866
373.587	107.265
491.079	336.738
120.806	424.683
241.544	363.364
36.8746	131.776
420.661	281.207
128.772	402.951
70.8493	444.18
407.138	407.342
102.912	482.155
36.4191	259.077
304.219	190.912
286.002	192.188
379.821	246.477
439.633	158.724
346.454	478.807
455.499	271.528
164.946	69.0797
108.42	319.723
233.073	325.103
490.81	386.408
126.107	229.578
229.599	287.121
281.185	22.1216
136.009	457.906
240.011	239.1
277.942	438.277
292.653	231.111
50.453	350.172
206.714	122.208
460.575	127.404
346.306	262.891
201.736	186.316
224.402	304.776
249.196	72.5028
230.431	229.727
16.8439	74.8751
374.408	393.623
307.635	170.652
448.356	364.963
486.162	454.8
391.556	297.164
458.679	424.213
188.539	108.112
114.316	337.758
231.094	211.243
474.953	395.341
302.7	403.345
447.745	127.556
493.696	220.707
5.19709	250.37
251.827	165.827
268.852	37.3305
477.935	271.315
238.694	275.108
251.773	49.4643
311.206	458.758
348.919	378.439
441.428	420.236
233.66	23.4251
143.664	58.0165
80.1815	490.182
274.594	498.329
374.571	286.548
112.768	89.9386
219.213	364.82
387.336	274.574
423.707	319.975
31.7418	175.662
60.1556	122.852
104.408	430.698
463.195	378.268
82.5132	162.803
454.766	483.715
159.288	338.298
33.7928	82.4467
379.756	229.82
376.654	289.149
203.18	78.2564
432.633	275.353
114.426	157.544
89.3758	315.025
6.05168	493.065
135.946	428.542
446.958	428.311
2.52445	475.329
472.486	319.795
120.726	460.054
197.143	235.08
283.408	388.895
461.74	113.499
463.873	228.917
324.649	265.374
344.569	319.799
108.306	398.393
430.872	419.006
284.014	322.623
325.798	337.13
457.478	208.428
497.178	98.9288
418.849	107.565
69.2974	414.942
145.185	95.0395
370.577	271.686
25.9066	365.344
191.462	37.4198
142.058	398.758
378.196	209.479
381.965	427.553
478.009	156.408
29.357	85.9046
279.757	452.832
347.263	139.393
135.294	100.636
55.7473	120.877
205.78	89.4729
16.4408	449.694
356.215	483.081
452.678	280.848
244.635	452.842
183.791	252.18
250.503	122.089
4.8958	420.814
72.1003	426.418
335.221	68.7585
320.374	437.105
187.154	34.7587
434.26	63.9616
308.426	98.1299
111.03	136.276
378.478	398.875
367.778	40.5056
420.452	186.929
61.5261	369.223
319.424	224.837
238.256	380.551
417.265	343.276
131.735	406.401
237	114.046
228.592	65.565
83.2284	376.746
458.725	329.955
441.303	246.42
499.309	155.102
355.278	440.692
299.793	101.055
65.7028	401.911
270.388	258.16
329.39	210.503
491.555	304.376
396.466	266.664
443.918	206.064
266.433	50.9883
381.608	378.658
432.676	436.55
73.5409	205.713
313.145	268.899
286.911	109.246
43.3598	358.73
171.704	402.256
339.491	339.926
252.326	209.122
444.966	412.483
219.311	420.436
75.9825	99.0605
421.497	78.2919
45.8757	172.613
283.696	5.4237
46.4278	431.47
330.349	359.718
413.854	164.695
79.3855	455.38
424.356	431.91
67.0803	261.693
354.457	180.794
66.4702	2.73596
345.294	346.898
112.577	185.127
341.579	441.049
441.24	110.484
241.001	15.5001
485.248	244.351
337.861	53.1416
127.751	51.4881
491.823	242.434
334.877	259.564
498.633	235.506
447.474	415.293
212.507	36.4912
239.507	121.996
47.5034	62.3014
208.802	445.241
155.92	115.884
425.317	183.811
353.377	162.75
24.0833	80.1906
41.4878	28.1668
42.9931	252.64
77.176	171.701
58.4862	491.622
235.047	254.403
435.226	26.6656
142.845	155.843
236.672	287.62
151.428	393.002
394.163	204.75
14.96	275.785
474.71	153.134
362.878	174.638
375.125	280.554
460.018	59.6403
75.9967	21.288
141.771	222.908
10.3201	395.025
353.442	98.6593
102.759	486.425
472.392	2.96681
273.51	31.9001
113.877	135.622
322.806	447.856
220.865	361.641
112.988	35.649
399.399	463.613
171.947	360.474
452.592	222.965
389.535	429.316
79.5456	238.586
454.518	291.784
137.784	476.815
238.401	284.925
59.8995	210.81
332.837	440.358
283.809	448.921
290.939	431.333
173.296	72.4077
443.88	276.734
92.1721	206.101
416.875	373.692
375.184	408.853
129.981	238.963
449.439	83.8386
436.695	232.796
135.583	433.78
21.2218	482.036
14.2345	99.1159
12.625	164.301
193.273	250.385
367.354	101.32
435.682	248.858
489.127	51.7445
325.991	476.639
315.638	232.126
445.998	275.89
495.158	228.297
368.935	442.711
66.7999	232.535
372.667	4.69699
490.518	473.493
389.806	110.089
344.699	488.652
93.3123	121.847
361.926	229.229
161.829	428.02
304.864	248.095
403.957	299.451
48.6068	191.873
214.235	153.007
176.597	52.2773
163.637	473.606
160.855	25.8671
106.756	251.304
169.582	392.411
155.996	161.065
335.396	174.818
55.2915	418.322
306.631	275.751
233.518	473.595
265.844	308.38
81.1638	461.684
460.038	125.85
405.269	476.456
443.856	141.41
261.61	493.999
491.499	407.657
495.289	204.367
425.187	421.283
219.317	47.0215
204.139	292.585
440.313	66.0986
449.746	369.708
459.557	157.784
321.547	448.082
493.561	342.823
140.304	455.919
304.416	377.188
132.884	92.9392
198.093	366.646
405.619	148.715
112.99	1.8086
91.4012	239.192
120.867	145.742
98.0482	146.993
141.441	401.569
187.219	50.3007
352.184	187.048
280.821	38.8498
20.1919	278.769
93.3829	198.326
58.8081	408.808
66.0412	340.077
380.858	152.475
17.2402	289.606
196.064	200.596
438.202	289.65
301.322	360.673
368.077	108.67
90.5965	361.377
155.191	418.532
45.2603	444.827
131.163	254.55
192.784	124.236
441.851	263.716
213.167	47.3521
31.2462	456.715
108.018	335.659
481.931	370.255
243.144	105.036
4.23791	268.729
15.0296	247.852
431.442	298.097
141.575	311.479
273.841	498.151
184.603	473.213
407.648	88.219
9.40232	115.191
7.46326	75.4057
288.928	462.95
453.195	90.8809
453.413	291.481
487.921	232.551
436.67	402.561
368.589	452.43
308.484	90.6093
44.1044	104.429
141.943	224.329
189.521	487.074
88.8976	332.152
387.355	147.903
7.40036	477.39
472.671	69.8011
428.156	412.411
441.518	421.847
59.1004	337.966
383.951	413.129
103.488	98.6949
499.656	216.778
155.043	139.024
89.0974	127.723
206.194	375.938
356.952	208.202
375.153	95.272
155.812	368.864
113.647	306.797
446.033	167.059
100.953	213.042
314.974	155.385
281.808	155.879
284.346	1.6931
20.5013	114.741
360.638	116.154
495.775	82.699
489.234	352.219
259.504	75.7173
402.148	383.33
241.617	79.8607
334.355	308.378
112.882	460.242
89.9077	45.4985
12.9281	103.916
496.949	480.382
158.116	108.75
364.666	14.4272
55.2688	93.6159
300.74	79.8802
157.493	16.9087
28.5569	113.723
435.034	241.296
172.658	418.024
49.1399	26.9945
420.451	11.3355
69.8554	267.046
326.117	474.051
55.2437	160.897
102.799	79.4063
435.59	478.251
312.685	335.695
194.499	290.054
369.265	421.359
93.5223	18.4587
325.724	312.638
474.953	173.341
293.598	154.731
415.448	163.444
18.3182	322.914
314.869	147.914
183.37	194.244
125.494	445.293
373.516	369.679
469.269	30.8818
30.5465	164.837
494.233	95.7414
431.414	268.937
164.166	365.903
490.377	478.332
84.048	297.481
326.627	11.3843
415.469	347.026
162.721	70.8978
32.1464	31.7359
48.4082	450.19
186.931	346.247
220.922	29.2356
467.65	303.671
363.825	357.515
257.681	74.1918
16.2834	81.5066
140.941	449.193
43.574	282.029
47.8393	107.574
107.735	466.977
466.904	100.361
166.256	316.421
476.798	100.869
391.491	310.882
425.698	267.975
271.644	106.479
370.558	83.5524
68.7521	295.236
57.0066	475.176
350.153	319.386
387.647	87.4728
212.705	285.781
191.144	472.87
166.177	352.043
339.751	489.5
366.487	338.108
174.885	138.687
243.022	63.9234
442.903	233.428
342.91	238.074
168.388	447.104
159.661	63.4796
101.743	110.875
326.153	469.88
489.125	350.924
484.225	246.463
268.516	404.595
292.659	238.912
393.268	127.958
492.69	478.147
432.471	163.605
476.941	127.541
187.871	88.7237
12.3786	141.61
467.518	271.642
421.219	129.533
295.645	116.955
375.585	79.0918
417.409	79.0298
334.611	273.042
102.514	250.076
405.75	149.471
399.552	476.848
376.352	220.136
65.5297	463.608
320.035	250.188
34.25	318.219
50.3345	427.761
258.962	273.987
291.345	344.544
440.182	409.085
336.091	87.1705
230.222	304.176
183.452	31.8537
3.14191	208.494
121.851	34.8544
246.094	88.8199
315.651	492.959
321.345	34.8135
267.618	139.269
343.091	137.884
416.088	411.454
159.844	295.367
55.6608	146.652
454.293	235.314
92.4069	209.595
118.482	244.239
371.718	297.236
303.424	98.2828
185.481	481.414
30.4767	317.903
47.119	130.601
205.796	79.8739
126.921	430.633
168.258	377.07
464.921	456.025
450.512	441.965
139.26	436.949
261.789	447.034
490.369	300.201
133.546	389.667
244.957	397.319
62.7141	76.1301
135.915	137.454
295.741	233.845
231.667	443.448
436.679	178.944
359.013	488.035
229.354	72.2807
443.616	483.845
174.638	217.224
231.6	497.987
243.88	91.662
177.551	297.001
116.217	372.028
392.776	473.846
151.631	386.239
277.755	247.638
179.509	88.6188
354.074	53.4642
418.065	135.566
33.1369	257.117
388.035	198.87
100.262	53.1422
437.532	333.223
491.771	380.725
293.026	349.984
102.645	24.3511
181.83	94.4886
453.31	2.56646
283.367	280.203
219.323	424.966
148.591	208.072
280.726	46.1252
189.773	378.305
487.93	87.1386
371.586	334.611
203.853	468.727
471.622	383.773
274.86	143.111
454.219	383.548
396.315	324.772
80.3361	312.991
336.793	262.858
320.94	498.163
411.209	183.113
124.105	103.991
176.77	91.988
373.811	388.082
292.887	49.3497
115.447	459.16
428.165	363.06
176.183	362.495
266.676	234.49
63.9869	154.397
381.378	384.719
169.247	365.224
304.95	376.226
260.492	396.814
367.942	146.01
61.4992	71.6806
277.861	320.077
474.64	57.6706
352.709	64.0929
341.967	314.023
213.479	121.685
444.254	403.72
320.934	114.494
454.534	125.341
197.09	71.5843
265.32	429.01
273.198	419.434
259.957	287.522
44.5208	72.6869
233.453	203.549
45.6354	343.932
335.918	472.7
493.057	253.539
231.305	69.4507
406.95	35.4751
363.243	26.4641
411.541	200.32
28.3063	243.121
326.578	212.066
229.256	327.968
267.009	283.536
418.562	198.436
262.108	471.519
116.456	185.175
374.343	133.85
95.3001	20.1688
266.516	112.946
225.571	256.62
342.547	327.115
230.567	179.291
387.395	369.124
480.185	284.042
196.086	256.488
38.9222	204.576
413.211	241.009
370.36	444.893
441.224	71.6639
447.497	223.038
306.942	235.293
72.065	136.035
374.874	352.892
1.86171	415.778
240.406	446.044
64.3687	178.865
88.1007	300.942
358.437	354.329
407.392	35.4278
32.7801	146.009
266.484	441.291
165.912	453.394
303.502	292.237
470.933	240.288
157.946	363.489
117.656	342.981
346.888	42.8541
382.483	40.5324
134.175	461.647
398.496	294.325
90.2482	431.494
206.774	284.411
305.747	318.71
65.7314	94.4918
143.422	442.187
497.166	381.25
40.0833	101.524
208.854	289.606
200.234	319.669
467.333	3.86824
395.401	384.772
95.9597	239.823
287.378	31.4375
75.734	195.657
347.082	6.92584
284.307	22.3318
480.001	160.369
96.4899	315.17
50.0329	21.9088
196.319	375.708
57.2139	85.4465
15.088	63.8535
454.764	378.908
2.66726	119.727
223.429	9.22547
37.6109	491.321
354.574	276.728
420.14	79.3307
187.129	22.3191
177.223	281.373
96.3918	243.633
262.07	269.406
50.3278	451.564
431.92	496.002
5.26649	412.036
287.184	474.506
138.828	476.521
370.765	140.887
124.762	63.8591
372.848	66.812
274.655	129.956
443.34	180.018
364.24	281.935
198.623	15.265
462.307	455.555
349.564	274.025
277.204	46.4695
97.5266	168.233
435.253	101.445
19.8134	221.358
142.126	454.699
29.2669	326.981
387.663	152.233
66.3032	272.433
283.339	114.728
294.545	72.9087
43.1284	490.312
314.37	18.6744
433.227	364.69
286.836	382.994
279.298	149.23
304.664	440.912
475.948	180.585
405.857	299.969
88.0783	241.561
402.925	77.2943
370.797	40.2942
51.0182	499.219
166.79	273.218
328.897	177.445
330.615	366.871
14.6482	290.927
125.174	421.039
188.387	291.818
47.5019	171.143
362.563	483.223
75.2161	411.571
238.05	334.558
135.296	311.369
469.022	167.062
405.269	206.084
281.662	54.8079
209.547	86.8277
36.1848	304.273
169.786	218.868
191.863	388.363
187.864	116.04
410.225	267.569
64.4591	120.17
419.633	334.6
443.883	266.643
162.107	284.244
39.3236	378.691
24.4918	212.65
428.875	18.2283
45.7983	151.59
153.136	197.664
389.916	495.881
295.503	16.3166
100.828	414.859
432.413	192.443
100.015	489.03
426.179	281.044
378.851	84.8598
242.658	419.192
335.071	185.785
463.282	454.619
439.089	50.5272
259.595	284.815
482.13	285.058
492.434	109.009
381.026	384.717
14.2821	238.074
61.4975	359.223
484.626	191.219
408.028	381.412
349.259	22.0821
235.696	229.695
238.473	46.3455
42.7301	389.864
460.597	330.54
393.578	452.679
172.736	118.368
298.477	100.083
208.089	83.4799
477.721	319.52
428.008	249.132
462.189	216.918
56.5732	354.602
439.786	316.528
402.799	245.032
294.318	210.001
37.7752	277.814
1.98365	366.786
460.34	412.219
321	187.299
386.549	210.21
243.616	495.679
133.934	362.403
315.248	109.52
53.0822	87.9514
191.515	112.56
340.267	253.29
19.8233	494.033
306.301	274.841
494.279	486.831
490.5	396.728
84.8036	394.833
261.616	319.971
212.275	87.0916
216.138	231.882
243.332	110.979
415.441	34.1572
125.353	219.855
311.1	390.334
49.6337	306.427
65.559	80.9893
237.616	453.155
485.985	116.576
76.396	15.7238
369.31	210.523
348.497	233.037
294.079	111.347
281.668	374.546
131.191	310.614
217.697	298.373
184.872	393.682
291.729	216.987
203.227	268.526
466.708	121.821
90.519	28.53
333.358	115.789
396.2	68.9873
214.575	232.441
120.985	472.804
330.699	335.935
283.161	351.843
84.2527	272.472
212.517	134.757
165.906	18.1131
290.178	233.985
206.146	356.909
432.944	153.894
175.729	446.311
48.2504	36.7706
286.629	218.507
371.029	161.636
433.541	360.874
431.754	41.5443
277.906	148.633
483.34	240.339
309.392	82.7543
357.251	6.20859
241.427	352.719
372.619	444.376
415.43	134.432
57.3798	103.102
187.405	79.3081
259.027	263.75
334.245	141.183
109.994	362.083
107.893	340.776
189.581	228.064
455.913	325.843
312.987	474.368
351.052	8.82314
401.442	320.639
351.583	328.837
102.498	320.411
92.1197	69.9486
486.489	355.622
438.501	219.182
113.183	61.1612
169.213	226.806
279.465	394.062
182.673	249.804
47.3724	75.5805
202.7	6.13389
202.731	455.436
76.4839	152.821
460.17	158.739
257.221	422.552
485.872	441.997
28.9249	377.143
377.351	447.879
411.8	167.943
369.033	58.0534
430.055	337.291
283.072	445.391
495.922	315.948
338.846	110.153
421.496	493.579
278.877	122.619
361.199	195.612
449.204	136.408
442.921	382.223
288.52	361.781
182.038	482.195
257.148	45.341
336.456	238.144
328.615	100.42
57.2354	324.826
74.5714	267.063
114.394	490.734
93.8561	7.02366
19.0297	484.571
346.245	167.146
164.344	174.984
104.771	475.968
255.584	291.458
304.613	8.54348
485.41	134.878
361.573	274.185
209.11	22.1446
301.178	397.461
418.844	87.2053
335.111	493.629
441.685	336.883
40.7803	148.08
245.575	320.762
325.601	70.7518
46.5252	54.0408
411.031	364.684
121.54	4.39827
37.8902	117.05
306.678	447.139
61.5761	13.6191
186.188	473.946
54.452	263.386
80.0654	274.026
214.584	129.497
136.704	497.821
442.976	141.569
346.793	382.759
436.329	166.528
423.368	31.2925
216.248	125.157
334.49	211.611
479.253	289.002
300.467	401.384
226.57	199.782
2.90692	210.999
436.671	23.796
152.078	118.838
69.5431	313.106
154.403	112.464
325.437	409.559
435.857	434.235
87.4018	437.001
395.78	309.337
319.339	324.318
87.5035	172.202
149.557	387.337
419.089	307.13
358.555	19.2649
494.477	376.214
406.866	46.734
26.1689	229.838
444.78	267.958
462.747	243.808
35.254	249.919
148.7	146.322
314.781	405.821
455.638	164.35
13.8309	251.247
80.9895	250.79
312.714	116.046
172.466	101.808
270.206	81.5027
448.472	258.854
188.751	365.255
66.8504	283.799
433.482	30.1237
293.7	198.609
442.619	134.009
29.799	383.201
54.7403	494.522
221.644	13.3495
290.575	377.739
431.763	260.376
123.816	293.127
151.614	462.46
98.1797	366.519
327.119	213.341
86.5468	438.467
89.351	407.306
173.313	347.809
253.113	165.71
332.458	6.44227
132.037	230.82
254.336	159.671
353.239	66.2249
468.687	291.405
41.5415	112.328
31.8969	382.371
398.5	392.516
105.597	446.523
272.264	386.295
189.013	419.532
199.551	464.704
447.715	181.266
320.497	492.318
441.052	460.154
235.415	309.713
184.097	224.991
7.17852	100.438
154.503	445.767
457.495	187.524
224.531	254.421
17.7257	493.182
380.596	390.314
32.847	329.233
89.3139	455.86
233.891	119.377
114.717	372.575
169.737	247.214
488.177	296.978
302.425	211.703
270.259	47.91
456.315	135.134
418.286	272.377
402.475	447.097
362.448	276.166
63.0131	451.151
112.051	75.5778
138.923	491.586
65.8583	192.688
307.829	204.679
296.09	126.555
483.185	415.754
150.668	162.936
427.207	316.734
398.969	147.648
265.205	399.138
171.727	431.797
182.466	491.164
476.458	414.999
288.445	362.915
23.115	242.422
419.698	331.63
189.1	137.176
427.52	54.2702
354.629	290.179
9.15114	136.966
116.043	314.235
406.499	185.318
209.415	267.405
329.953	385.796
148.459	244.342
173.001	242.635
122.454	437.633
13.9197	77.9491
138.93	65.5385
90.4651	87.2157
189.932	47.0369
84.0848	293.854
464.542	177.592
86.6778	271.882
446.285	389.422
267.962	478.422
376.147	84.3837
233.849	251.01
406.508	247.674
192.718	486.859
231.019	476.753
13.4465	387.354
293.948	110.967
458.273	144.644
316.261	132.314
365.052	54.5921
482.369	230.905
229.191	337.801
76.1709	247.648
499.011	138.836
444.199	283.915
69.9957	460.17
281.224	270.436
286.951	309.953
137.842	326.103
51.1183	455.777
438.747	88.2669
109.661	496.675
139.421	489.701
73.1418	482.581
350.253	108.542
9.36988	310.977
208.024	411.077
380.024	249.407
163.311	447.685
281.047	448.935
152.62	450.087
430.205	438.078
191.472	63.835
136.311	458.881
475.956	262.723
293.256	499.45
24.8317	160.505
447.112	47.9861
193.552	192.21
7.92833	483.568
24.0108	77.8152
347.337	125.026
422.92	328.115
80.9681	151.662
55.8221	447.851
147.604	388.58
195.554	196.321
391.042	209.15
413.95	3.80547
85.1308	36.6909
285.182	149.453
367.505	187.951
55.8492	323.212
55.1744	417.805
470.655	383.697
206.857	355.832
168.147	329.157
376.173	416.918
26.1364	131.878
200.631	186.511
360.663	343.911
473.078	286.889
485.171	133.995
311.82	316.887
118.574	132.282
330.251	385.622
326.74	330.189
426.298	262.611
417.865	467.39
499.354	59.0703
343.075	61.2568
328.506	283.565
382.759	113.605
228.491	404.982
314.652	402.293
475.366	252.219
135.179	157.303
243.803	293.948
490.704	410.7
217.586	282.092
486.153	249.569
350.127	124.241
487.854	484.788
81.1668	499.551
423.859	493.438
123.777	422.599
162.186	452.272
300.232	478.49
220.622	287.82
78.1399	93.4277
110.075	94.5545
316.323	412.897
5.02572	220.392
191.34	214.724
198.086	261.836
454.596	393.722
147.263	290.49
373.214	399.573
443.535	280.959
347.884	303.064
269.921	128.244
263.604	72.3199
458.313	396.366
26.3243	99.2549
278.906	493.983
344.734	423.813
428.644	306.772
75.6429	68.4007
390.538	35.3725
447.109	402.757
130.376	89.9797
188.951	253.54
367.938	450.175
432.753	167.838
279.227	271.567
190.836	104.882
339.247	104.72
95.1185	412.488
10.9306	241.769
151.928	64.3972
196.727	334.222
233.109	222.709
24.0424	207.419
283.634	179.499
461.822	123.362
177.22	433.16
240.278	174.766
411.159	321.609
167.11	215.544
37.6292	268.711
186.057	493.799
76.3198	141.132
495.253	7.89613
377.768	214.296
345.197	246.084
41.4193	414.035
53.1981	3.79365
116.13	420.708
239.488	5.37289
124.91	28.3404
173.634	179.399
380.644	70.4392
125.704	259.617
483.324	110.96
309.593	346.186
134.705	278.402
63.7627	403.682
151.617	35.9658
104.159	453.564
38.032	380.775
319.658	309.668
277.892	218.197
308.531	50.9972
378.11	288.214
197.696	102.043
416.153	284.155
434.764	387.5
221.68	486.14
183.9	30.0854
161.156	47.0877
285.497	165.976
243.165	486.764
446.613	193.665
403.074	245.518
308.985	110.377
321.927	343.637
330.13	296.636
49.7537	51.0142
86.4371	455.844
2.18191	445.538
244.114	129.155
166.284	36.5317
408.243	470.269
232.584	286.976
321.607	433.227
139.271	476.733
339.951	143.39
189.121	246.2
182.403	51.7277
365.885	82.686
130.884	124.4
429.446	93.9544
220.314	416.225
211.514	252.509
449.354	224.22
259.963	130.832
58.2112	279.316
83.3443	333.033
394.328	304.92
475.826	216.264
347.847	179.43
111.701	440.694
271.331	319.897
265.988	107.37
194.041	231.218
180.734	302.637
300.017	147.855
442.119	151.927
169.949	80.7213
338.338	132.018
445.206	276.788
437.271	39.3402
63.9618	204.39
417.881	207.482
247.198	189.03
120.555	409.048
13.0627	63.8029
15.6037	478.643
344.589	250.41
465.996	224.682
228.688	282.826
254.048	464.149
374.288	46.8998
14.061	153.236
200.2	245.816
472.364	259.128
268.919	82.4415
367.948	42.9798
138.686	217.927
178.209	387.81
193.992	36.6304
272.673	280.372
161.818	493.822
198.305	1.20194
174.053	270.157
236.957	262.46
55.0269	163.256
14.1294	248.035
38.5447	370.76
138.645	305.349
411.794	348.351
303.025	321.514
299.091	400.317
333.906	13.1796
8.14216	318.508
376.073	459.013
450.634	497.641
470.442	12.6734
398.813	156.318
109.879	326.187
104.983	218.188
80.2193	403.851
103.804	109.374
285.324	201.889
98.8459	455.396
445.139	347.35
151.947	163.798
164.641	85.0955
280.232	392.914
143.385	329.205
164.377	85.077
462.801	448.777
230.871	259.441
356.302	96.1906
220.694	284.569
339.593	134.021
129.584	225.959
348.409	465.655
203.083	346.713
207.445	133.104
435.589	373.836
134.445	465.494
180.09	408.514
22.2538	33.198
105.165	279.242
40.887	461.241
498.32	48.3143
37.0271	291.469
328.238	115.282
146.066	410.938
364.158	331.864
408.352	305.172
142.7	52.3702
304.434	479.724
55.866	183.773
366.565	233.073
63.2952	283.984
21.5248	443.765
478.12	431.339
194.215	395.615
375.177	283.892
363.244	407.07
288.53	270.874
79.9171	14.8596
463.355	274.388
398.551	305.536
224.035	42.1055
256.95	304.065
461.12	120.377
211.319	454.115
36.4138	98.4504
125.63	268.186
226.917	442.385
47.4599	193.953
489.96	226.63
125.696	484.908
1.24302	367.398
330.643	223.202
430.335	60.5131
73.3673	286.144
303.34	389.962
164.136	394.718
408.809	335.478
49.3811	393.339
59.0226	209.316
153.685	245.036
472.117	0.485433
52.9757	261.108
493.022	65.3804
278.567	445.194
171.28	74.3722
266.091	404
225.928	174.669
74.1156	11.2613
212.933	132.51
370.964	108.207
271.439	275.279
177.561	384.941
194.956	257.181
223.281	384.569
287.059	362.539
330.262	240.107
70.5388	203.888
212.835	121.333
101.498	128.783
124.588	367.389
185.588	433.753
469.923	342.875
11.453	150.455
425.449	2.42504
379.549	199.503
286.389	166.777
432.955	335.799
295.666	469.611
449.99	28.274
213.021	131.477
199.449	207.408
398.262	269.335
269.341	329.697
311.81	148.796
106.233	196.874
49.6527	425.899
181.682	263.201
350.368	322.805
341.715	217.915
211.071	90.8066
34.6753	129.504
55.4628	499.122
186.285	279.731
129.1	498.212
453.395	219.933
470.576	161.647
472.273	164.827
462.846	400.963
349.42	422.047
151.585	235.033
325.967	490.759
474.939	232.578
40.4793	339.087
353.325	421.626
150.034	318.336
29.2025	100.16
359.979	114.371
340.965	236.314
202.781	160.934
166.487	162.068
179.434	98.3751
237.48	284.815
92.9443	312.023
168.657	346.642
246.584	495.694
2.73396	418.011
314.859	390.4
2.95685	83.0413
73.9902	495.939
9.39504	220.189
45.4362	57.6001
472.105	458.142
158.31	282.498
340.483	425.535
219.18	345.776
460.561	191.608
297.633	142.386
418.158	392.747
459.172	405.469
358.583	269.821
308.792	267.106
65.1758	370.29
63.3982	393.669
131.423	467.94
142.177	52.0966
188.002	475.882
360.532	18.8101
326.713	496.228
466.883	432.474
12.4891	31.0417
91.5286	357.701
483.261	420.777
289.221	227.095
170.931	397.074
187.956	132.787
275.24	403.188
24.9933	211.308
146.846	308.094
106.133	105.689
78.7871	249.647
224.038	440.682
106.192	377.314
202.392	134.626
235.753	416.803
55.0157	213.006
435.577	456.172
277.497	244.621
235.899	228.831
253.969	233.652
221.299	166.648
452.58	286.68
382.06	99.6177
367.099	272.053
271.069	203.199
423.378	180.069
153.412	196.377
359.782	43.3949
481.14	123.893
187.573	241.363
109.913	288.21
69.6883	87.3808
347.547	224.012
494.159	318.056
33.4006	456.379
257.108	386.512
319.082	168.836
294.844	27.0231
374.844	93.8823
42.9109	134.145
3.69344	164.995
16.8121	311.276
298.914	469.05
236.815	444.921
375.028	150.113
481.325	304.06
176.151	274.907
112.706	95.8124
434.364	378.26
68.9879	457.212
241.432	471.699
331.249	459.967
488.066	235.652
392.51	434.168
92.9252	318.566
476.261	89.4445
71.3844	376.732
390.247	134.684
50.4272	275.193
333.86	302.654
170.914	294.801
310.221	259.547
423.859	17.0453
155.01	215.181
212.155	23.8396
338.493	94.3966
491.681	238.124
64.2863	313.749
356.858	67.4266
198.503	213.459
40.9572	98.702
445.542	25.9884
78.9084	102.512
25.5525	133.492
58.7092	63.2214
363.136	106.367
223.781	67.6466
29.1555	152.48
413.336	415.941
415.207	35.8198
436.268	191.275
291.758	454.07
282.899	463.26
286.208	297.773
213.179	332.717
355.005	328.471
319.377	499.181
25.4189	126.034
389.58	276.322
199.368	56.2251
332.734	453.66
407.143	377.071
342.423	302.217
361.565	454.788
354.147	336.616
24.4504	294.845
157.525	448.733
220.2	12.7321
276.131	243.24
447.538	112.968
117.574	423.108
114.243	18.8685
271.935	471.175
146.708	418.808
210.115	146.694
447.664	458.943
43.4554	388.958
91.2728	89.9384
365.354	366.25
44.8689	331.967
221.892	419.033
89.1001	201.52
436.393	70.2622
96.3222	229.256
13.1396	79.9067
337.924	296.755
401.582	72.2843
345.845	366.256
284.525	351.874
450.736	368.817
415.812	422.686
236.216	30.6772
410.818	369.041
66.3524	102.144
373.999	194.705
102.03	354.801
304.872	462.259
401.126	209.249
415.981	281.64
40.4668	192.481
240.608	466.282
219.242	484.51
85.8151	333.438
336.516	340.824
52.6861	44.9332
289.974	428.345
410.068	36.1555
30.2638	78.8513
200.684	90.4176
145.308	365.053
425.006	183.109
212.508	187.289
367.097	472.583
206.309	468.593
100.486	489.38
415.814	184.433
106.596	25.8648
380.346	120.651
121.282	415.667
112.519	173.38
29.3531	297.557
473.287	73.1983
135.293	385.903
409.95	370.431
343.192	403.684
25.226	80.7009
499.221	141.347
162.269	196.655
44.0547	261.73
468.286	495.719
360.029	51.4131
183.187	465.516
63.7615	301.854
2.7483	432.815
365.128	242.766
473.225	486.563
425.185	489.787
345.401	322.55
231.086	359.336
8.6107	303.986
182.436	478.552
138.57	252.125
198.12	315.148
227.345	54.5043
144.048	294.659
383.974	288.129
264.552	417.071
265.829	56.1445
332.357	11.4296
92.8823	297.429
128.45	37.6421
91.3354	389.572
36.5745	326.998
23.6646	393.928
19.2535	204.862
104.446	465.68
235.21	264.484
127.534	326.078
148.629	364.707
86.1261	318.916
185.832	32.918
402.784	218.696
245.294	243.633
472.762	263.077
314.122	411.756
408.838	128.583
66.9221	43.7564
495.688	470.509
451.309	402.276
182.749	353.91
478.834	469.573
67.0327	134.351
358.069	98.3208
406.008	101.464
115.82	439.609
379.566	470.383
220.228	412.546
83.0121	368.762
193.447	78.5317
456.759	498.33
39.4106	386.428
32.9531	76.1377
233.025	194.383
250.999	314.538
119.44	117.025
130.089	398.702
324.663	367.814
94.2556	212.606
101.104	85.104
474.378	64.5077
296.609	349.362
406.597	167.321
387.288	131.973
155.689	281.623
16.0143	302.14
152.754	468.473
115.785	122.101
321.906	38.6362
450.403	453.6
215.351	124.679
298.124	425.225
489.967	424.639
271.124	130.081
313.167	252.175
352.715	18.293
482.208	481.404
97.3677	132.403
147.915	319.831
211.854	304.68
219.43	217.935
181.099	81.6122
303.511	183.803
110.259	276.658
441.802	193.019
230.314	463.105
65.4976	138.392
374.469	220.372
435.161	117.179
375.859	97.3704
213.677	353.791
458.065	174.647
482.146	268.998
150.54	362.49
229.875	233.611
176.849	117.37
172.628	232.363
121.617	291.203
112.791	236.711
20.9339	103.965
95.8058	343.567
345.146	19.0288
4.46023	96.502
147.75	404.379
371.009	383.318
152.108	236.577
472.81	52.0215
218.513	132.338
430.875	226.83
331.115	380.118
379.504	225.665
133.957	232.264
270.375	297.986
54.8705	203.284
163.203	384.208
407.985	83.0035
91.976	492.884
25.386	86.6018
45.2443	84.783
7.85843	151.978
421.096	97.0303
424.994	133.984
149.204	165.513
33.08	445.606
306.522	425.076
198.117	207.62
496.888	13.257
82.3237	403.516
356.108	30.1928
159.982	363.158
261.832	157.581
400.968	439.499
85.7913	206.05
52.0542	336.105
294.18	193.838
124.453	102.836
63.5074	394.27
130.608	474.638
410.983	133.645
413.191	161.077
492.116	284.533
241.242	142.411
385.731	40.5684
79.1887	402.361
67.8536	212.204
329.815	318.153
120.47	92.7534
22.9409	474.354
284.878	474.648
321.696	153.509
331.108	15.3782
43.5708	377.836
285.08	471.309
87.9999	435.18
426.472	205.485
240.828	13.3132
133.784	59.0789
144.88	229.449
185.884	445.248
33.5588	338.988
489.975	232.146
44.1585	345.246
99.5292	330.125
249.346	59.709
352.548	439.66
272.681	408.906
29.5396	49.2308
398.693	406.331
136.498	435.027
148.682	228
27.1705	255.617
220.227	68.8231
11.8828	300.231
456.37	90.4646
245.862	201.571
117.862	182.153
387.793	224.122
233.412	289.574
306.107	312.633
223.559	474.905
296.011	443.533
227.531	50.9804
203.2	401.729
178.548	395.63
384.083	261.492
292.096	452.973
324.055	297.925
153.087	31.1288
55.9275	98.9194
342.066	90.6362
369.969	306.164
116.513	191.468
298.125	187.957
254.461	92.3795
398.116	322.84
44.2399	372.095
1.24415	235.604
255.097	110.787
444.975	351.744
72.1788	10.8205
203.177	406.962
371.616	152.964
76.958	6.6194
303.896	482.717
189.927	59.9035
23.7042	77.9923
195.831	342.63
490.047	289.842
20.2896	205.222
319.123	50.5041
287.576	173.322
307.33	214.914
456.707	177.366
351.119	248.757
112.807	310.267
250.646	265.786
474.418	101.18
219.426	229.84
34.2801	435.816
255.803	388.465
325.281	143.327
410.453	131.254
328.306	455.999
429.357	381.516
347.89	291.187
143.642	366.379
445.657	229.24
297.802	303.091
238.667	226.41
155.034	368.063
293.928	383.584
473.62	183.996
346.145	356.441
467.541	159.065
232.673	469.484
115.881	498.509
209.477	419.407
42.0611	343.963
385.146	478.922
466.646	389.592
101.847	184.682
411.784	306.353
149.178	415.103
300.024	222.738
391.934	152.202
365.726	278.859
330.846	209.205
1.40076	97.2498
108.969	327.577
161.896	294.286
74.6107	20.1211
347.312	391.976
220.006	392.22
288.863	372.23
369.614	383.471
155.488	445.658
398.178	100.16
11.8993	318.831
195.136	181.38
464.888	43.6994
65.1692	56.9632
27.6842	296.8
238.035	360.462
327.273	456.825
454.47	438.053
459.719	35.7723
356.812	462.101
199.805	204.322
491.113	327.531
106.654	48.2891
106.053	405.149
97.6622	202.829
449.313	327.069
49.4324	164.624
472.724	263.267
374.706	436.914
430.285	135.889
200.841	276.881
138.967	82.9548
496.305	321.379
50.6126	228.432
357.629	397.477
192.902	267.423
144.428	34.4404
485.142	391.212
485.547	177.816
498.669	223.987
428.078	185.74
363.131	166.888
133.451	280.999
290.34	333.436
457.282	458.438
263.729	307.123
487.358	3.91226
92.2358	32.5237
67.1581	437.579
1.71402	383.523
211.059	81.2541
98.9479	235.807
333.826	473.309
447.842	452.006
57.2319	4.57606
398.463	213.484
223.32	152.31
367.133	288.271
461.664	393.4
187.027	428.047
277.091	303.814
364.595	424.619
206.596	198.085
310.079	30.1994
269.948	201.265
201.759	63.3705
191.057	451.82
235.014	494.557
348	312.446
43.5621	480.274
332.627	408.588
206.307	424.294
105.405	70.7495
299.174	312.505
403.334	114.775
5.09808	97.7683
333.072	58.5322
125.097	288.156
248.042	80.9254
323.298	22.8268
448.034	493.827
177.77	353.431
175.803	62.4724
431.503	150.406
353.538	145.155
19.2696	32.2865
412.091	406.1
8.47793	390.478
34.5771	286.39
470.211	130.186
406.637	449.578
459.603	349.648
20.1765	327.035
33.6202	381.504
497.366	485.149
401.334	87.4748
179.527	215.51
347.582	374
363.775	472.886
456.759	33.178
486.245	321.467
62.7031	479.17
330.845	308.717
202.779	157.597
46.472	325.69
451.716	316.289
232.459	80.8001
302.207	310.529
121.02	487.404
286.942	102.099
483.464	399.031
267.024	294.12
267.443	165.345
62.2058	492.084
35.6718	39.0144
198.847	279.158
293.113	127.086
110.813	374.652
478.551	281.348
26.1383	291.67
326.929	233.177
477.579	262.129
107.502	357.609
474.431	444.329
425.755	383.29
20.658	227.883
129.82	102.581
11.2566	326.44
314.334	480.264
213.716	197.185
108.736	78.1172
333.361	403.898
102.844	468.627
360.586	384.57
335.733	235.42
499.925	282.751
30.5485	309.222
190.576	303.194
298.889	368.409
413.76	411.653
130.697	122.081
179.271	499.006
125.007	432.556
368.522	397.597
20.176	163.638
419.43	263.382
232.337	285.837
99.4725	321.258
405.812	169.508
44.9306	468.215
146.368	111.297
259.567	331.811
278.988	278.499
227.129	494.061
15.6744	488.86
379.595	302.158
277.148	152.156
351.789	0.3647
245.784	79.4207
237.386	271.514
66.4777	117.22
14.471	33.5141
70.602	326.862
271.34	253.721
111.58	492.516
267.92	236.028
218.743	183.492
169.286	404.424
329.123	201.687
356.892	410.552
375.128	427.508
350.604	94.0113
177.706	350.894
135.469	377.999
110.279	324.525
46.4746	14.7381
313.953	224.227
216.535	482.118
294.19	363.087
298.836	182.693
118.791	264.254
79.8642	302.149
392.614	136.885
201.502	260.545
155.603	269.06
148.164	428.399
104.43	491.946
104.168	58.3148
36.9582	234.684
387.154	289.361
85.568	143.46
434.269	440.062
118.183	337.485
435.169	148.592
162.652	153.322
364.244	251.564
453.307	144.692
465.516	372.043
458.94	68.7383
64.0869	418.398
411.859	478.168
312.922	354.755
222.91	367.318
229.306	207.194
214.246	237.696
469.881	225.268
0.953017	142.692
307.416	378.413
93.1172	460.696
82.2515	232.569
82.7885	452.409
176.2	382.202
348.247	291.77
498.216	106.476
162.389	416.001
425.721	489.705
230.146	162.778
253.113	77.3013
29.7236	69.5168
286.512	457.661
283.256	196.724
468.683	53.6226
281.396	3.24066
97.7502	16.0546
274.102	123.558
52.6457	401.318
107.251	325.059
407.651	77.6842
243.738	91.4645
331.654	154.424
441.505	85.3035
402.032	161.283
48.2553	194.862
120.326	122.377
178.723	225.642
33.4607	365.961
380.71	445.542
395.342	85.5527
443.332	267.547
72.7187	114.306
299.067	283.497
135.14	281.38
304.416	393.138
158.88	269.922
272.9	321.867
315.237	443.301
139.356	362.817
152.979	54.3513
2.30628	78.9687
50.7049	462.705
414.07	321.387
372.037	49.7167
416.44	248.265
51.6505	334.475
312.309	282.192
350.591	334.263
256.028	203.025
301.655	280.994
119.708	492.665
121.674	43.7189
476.477	124.299
144.766	164.671
496.552	32.8155
182.012	94.6886
208.671	207.061
322.712	255.747
332.273	214.939
32.1129	169.372
174.977	150.217
33.4966	55.6099
285.734	223.969
346.045	0.824437
116.266	149.046
191.024	232.6
459.297	188.329
302.228	222.683
52.3932	127.068
145.567	460.482
187.155	405.637
451.314	394.963
71.6424	436.941
290.175	462.319
125.186	52.6997
289.294	478.827
23.3546	272.857
9.2023	211.314
233.774	314.394
289.746	292.014
341.249	236.938
376.996	254.036
442.11	159.689
52.6085	260.503
415.77	290.867
389.689	240.769
386.064	381.883
432.407	205.453
336.23	76.4652
159.747	407.848
437.957	487.271
312.898	376.583
44.2427	226.556
160.72	20.0279
321.394	206.874
80.5059	175.879
