Saved a vector of rrt <nodes> points.
X	Y
25	475
34.8716	473.403
37.1308	463.661
43.9497	456.347
50.0179	448.398
44.1991	446.35
56.2005	440.539
65.8068	437.76
72.9307	430.742
81.1484	425.044
91.1369	425.524
96.2376	416.922
92.1428	407.799
98.4716	400.057
106.062	418.786
115.895	420.607
125.413	417.537
135.218	415.573
138.638	406.176
38.2293	482.822
148.544	407.541
158.522	408.212
168.444	409.459
178.197	411.667
185.461	404.794
65.8363	427.76
195.32	403.12
57.5239	455.006
205.213	401.658
214.853	404.315
224.468	401.566
233.984	404.641
243.982	404.797
249.361	413.228
15.527	471.797
259.203	411.46
266.09	404.21
276.057	403.396
265.767	419.005
286.054	403.136
295.463	406.524
118.438	430.278
303.617	412.313
177.366	413.974
136.337	425.51
310.845	405.402
47.0655	454.386
63.8642	462.739
260.176	415.163
302.155	415.175
320.246	401.994
326.113	410.092
333.286	417.06
73.7604	464.176
52.6772	431.18
341.935	412.04
347.383	403.655
144.661	429.417
355.526	409.459
364.253	414.341
263.56	428.758
255.467	434.632
369.523	405.841
378.258	400.974
39.2817	437.642
15.2705	461.8
378.533	390.978
37.2886	427.843
92.5366	432.726
325.783	412.461
377.245	381.061
385.213	408.159
373.159	371.934
369.602	362.588
91.261	442.644
371.929	352.862
29.8458	461.242
379.944	346.881
384.617	338.041
385.936	328.128
388.702	318.518
380.357	313.008
380.78	303.017
388.193	296.306
364.46	376.868
372.742	297.068
269.02	437.136
398.427	320.848
407.232	316.108
394.803	288.802
97.1169	450.75
150.53	437.514
321.977	421.708
392.337	279.111
389.191	269.618
380.428	264.801
377.896	255.127
370.31	248.612
369.478	238.646
34.0628	418.378
371.837	228.928
365.688	221.042
355.698	221.487
366.143	211.053
387.384	417.921
394.197	403.768
287.351	406.396
249.222	442.442
234.269	413.612
361.378	202.261
143.157	444.27
321.641	431.702
101.762	459.606
246.726	433.098
363.457	424.309
353.028	196.759
346.331	189.333
391.019	304.02
359.906	360.142
341.475	180.59
38.7361	409.537
404.339	285.793
83.9841	422.924
145.859	453.898
347.808	172.851
387.798	256.528
414.315	285.096
30.8675	403.365
332.363	176.471
361.126	244.146
380.884	224.667
323.266	172.319
314.011	168.531
352.761	164.164
305.469	163.332
295.661	165.281
413.349	324.018
287.188	159.97
322.835	441.631
277.402	157.911
374.062	381.72
306.624	153.399
422.132	328.799
362.778	297.92
309.586	404.528
268.472	153.41
362.469	161.765
236.839	434.601
258.863	150.643
248.863	150.592
298.92	419.613
243.925	450.924
369.109	154.288
140.774	462.508
238.889	151.322
148.89	468.352
389.888	427.602
229.163	153.644
54.8676	460.733
408.675	332.859
219.199	152.79
209.508	150.323
102.815	469.55
72.0479	474.029
377.062	160.349
322.834	451.631
422.695	279.639
248.601	160.589
197.218	412.938
157.588	473.284
199.698	152.26
199.994	422.545
189.703	151.942
432.583	281.133
184.475	160.467
430.528	334.231
380.099	169.877
356.554	431.544
174.541	161.615
164.541	161.525
284.221	163.951
225.178	417.777
402.584	398.322
272.095	166.386
358.784	370.586
395.863	435.621
158.09	153.885
440.272	274.74
148.515	151
141.109	157.719
352.827	249.724
270.671	443.192
396.135	297.972
437.69	341.21
442.173	264.922
131.186	156.475
450.012	277.005
164.337	162.146
110.756	475.628
129.52	166.335
354.795	351.547
66.5547	417.786
459.378	280.51
464.813	279.631
135.906	174.03
384.601	153.779
236.037	457.071
404.336	430.31
126.368	147.712
116.532	149.519
109.742	142.178
139.8	411.457
102.027	135.816
136.367	184.019
474.36	282.607
269.403	176.017
477.366	273.07
105.87	126.584
112.102	118.764
111.351	158.072
406.118	289.896
412.853	297.287
139.824	193.403
108.945	109.275
196.327	407.041
394.446	249.058
479.544	263.31
481.46	253.495
391.487	444.613
177.729	423.968
92.4454	132.953
58.488	463.628
422.566	276.758
322.571	165.901
414.315	430.963
113.224	100.237
371.48	269.267
84.3694	127.056
434.265	350.605
445.857	343.54
135.835	202.573
317.417	423.929
378.395	350.272
299.08	429.611
480.4	243.551
75.2685	122.911
352.955	299.792
270.948	450.574
268.182	185.942
482.093	233.695
343.096	301.464
269.259	195.884
142.665	204.058
94.3716	474.908
397.424	452.66
405.942	457.899
233.546	454.079
242.878	160.172
177.432	405.145
387.275	216.976
150.937	448.31
412.152	438.154
370.909	165.901
121.592	94.7625
143.588	214.016
38.4271	492.82
387.605	206.982
187.454	170.013
397.45	208.739
319.283	406.969
53.4879	421.213
312.847	452.148
291.275	174.268
364.05	173.179
126.376	205.817
68.3199	115.72
333.15	300.429
359.759	246.092
95.7541	406.711
367.756	343.775
116.433	134.746
231.031	455.734
116.614	207.983
79.2121	135.623
329.614	458.981
384.11	451.364
106.749	209.626
472.441	231.08
104.495	95.3573
366.917	273.46
243.843	445.894
455.819	344.412
438.047	359.862
124.354	85.1513
415.731	459.942
352.809	238.594
63.8438	106.778
436.14	325.955
471.343	292.141
462.983	227.834
221.032	455.859
459.066	218.633
63.3262	96.7911
66.1271	407.795
310.91	429.467
150.267	221.458
101.406	218.079
132.944	80.0325
94.1594	484.906
396.57	438.185
157.777	228.062
61.8386	86.9024
425.228	463.072
353.002	341.709
441.96	277.064
200.031	432.545
91.8065	215.278
99.6599	227.925
160.321	435.481
206.919	401.759
53.6677	81.1373
152.604	202.951
51.2451	71.4352
70.8158	107.664
373.301	252.723
476.036	254.584
83.1525	220.288
142.383	76.7283
435.011	465.143
361.28	245.304
156.038	237.909
108.193	402.399
97.589	237.708
450.361	223.554
384.74	211.745
152.368	76.1846
463.83	338.427
155.951	212.374
206.579	400.495
159.929	69.6404
163.284	244.801
283.953	181.079
46.7302	88.3395
455.677	354.411
441.92	472.373
155.661	158.147
270.771	157.877
488.641	267.461
420.612	423.195
407.124	427.711
15.5408	479.756
353.629	159.977
365.247	405.902
394.303	156.201
137.564	198.996
211.104	454.66
37.0395	90.8073
461.687	228.61
146.855	241.869
399.973	163.922
97.7424	102.733
73.523	222.985
464.967	210.559
68.0327	214.627
382.361	279.802
168.49	64.4715
398	239.711
401.72	410.357
302.854	451.788
126.07	215.813
167.268	253.973
289.853	433.025
331.876	468.722
455.268	232.109
32.578	99.7569
156.178	195.987
101.561	222.501
143.094	251.134
130.836	463.617
48.3177	491.345
147.872	141.021
58.686	218.183
472.931	212.508
94.0246	247.052
5.54197	472.344
407.893	157.817
50.7527	212.095
471.575	344.753
73.3738	210.798
380.387	370.565
372.146	410.72
254.745	162.195
156.888	68.3295
61.7152	123.229
102.886	149.326
80.2377	129.296
424.012	318.978
52.6469	61.534
102.639	85.5311
151.444	433.708
56.0397	131.462
467.072	200.783
76.8465	475.704
41.7665	471.688
415.504	151.33
364.111	334.463
158.616	83.9923
209.282	464.493
436.104	455.203
461.333	362.658
97.6235	463.438
240.312	439.899
42.9873	470.033
50.8195	139.991
71.2574	88.3228
101.961	75.5542
378.048	352.517
428.964	364.045
23.054	96.7083
112.812	417.791
45.5332	203.565
90.1903	256.287
208.553	474.466
357.039	195.114
403.347	467.557
98.6463	261.625
47.1189	193.691
77.1135	201.523
80.3369	257.993
42.6366	184.752
73.1293	264.925
125.933	131.622
476.508	300.703
263.855	159.827
96.3	270.249
215.489	162.076
44.5692	219.954
486.508	300.824
94.5261	91.371
103.705	65.7076
333.999	478.494
351.808	438.12
174.115	72.7395
42.5228	174.753
105.342	228.203
419.611	367.583
396.285	392.867
258.477	419.181
177.596	160.761
199.907	461.013
424.595	289.457
446.072	454.406
259.972	415.114
399.98	390.879
40.7777	82.9499
169.424	263.738
400.262	252.263
222.302	426.128
67.5513	273.225
293.41	448.5
52.4232	176.161
343.536	481.502
72.0051	454.332
214.93	482.169
379.2	214.439
184.114	72.6738
118.484	116.141
373.372	312.612
190.109	64.6699
47.0728	127.035
233.682	451.599
343.097	343.084
69.7409	437.432
384.841	453.612
288.922	419.826
406.465	321.657
286.581	423.992
207.826	489.207
352.244	289.818
214.474	172.024
300.354	441.305
423.817	296.068
463.722	354.881
373.358	240.245
101.542	55.9444
195.532	56.2679
467.183	249.935
341.981	422.04
442.026	317.87
70.0886	282.898
59.614	183.11
127.17	170.139
350.893	150.358
125.506	455.156
436.292	445.205
194.954	400.554
462.685	372.566
390.248	372.223
37.3109	226.833
103.353	107.706
357.145	271.339
177.571	269.537
425.199	473.072
154.086	58.7301
367.972	321.029
417.381	441.461
133.588	186.939
157.789	169.705
178.98	279.438
334.067	338.786
188.977	279.658
133.699	125.322
432.751	353.366
174.747	247.335
194.105	177.48
33.1354	171.307
177.05	266.596
135.144	209.314
351.46	475.402
144.101	215.853
170.275	284.36
62.8059	289.75
393.409	442.177
129.282	431.187
198.697	282.008
142.419	261.112
57.4901	128.139
112.707	61.3516
456.042	453.625
205.364	54.4451
108.737	466.041
13.1627	98.1789
70.4271	296.225
206.706	287.996
146.535	460.271
181.773	240.22
79.6668	421.4
106.997	449.513
33.5302	76.0597
171.765	294.248
445.937	336.972
155.482	48.828
137.306	269.706
191.145	236.732
355.399	295.189
167.863	303.455
67.2105	230.741
465.323	382.212
121.114	130.18
342.145	426.306
117.508	158.553
96.7594	267.312
214.446	58.632
199.252	186.054
215.442	292.862
121.815	425.941
164.473	312.863
291.064	458.222
222.284	419.166
402.438	403.719
324.071	339.07
284.634	410.003
144.081	419.709
439.102	462.519
427.406	359.186
300.314	453.078
190.863	79.0091
128.374	71.4826
73.0698	302.313
384.014	377.961
104.034	276.589
39.5542	87.7874
219.023	49.7409
193.4	46.4978
66.3357	309.705
225.273	294.696
474.752	378.881
289.257	189.556
405.901	171.976
32.1565	235.402
115.546	69.4257
99.3475	102.684
244.887	164.529
291.578	163.235
20.984	404.887
151.252	39.7667
467.334	366.137
381.331	422.973
199.324	432.039
67.6107	177.106
22.2409	236.698
21.0737	246.63
314.108	338.22
138.061	193.754
395.193	394.237
158.113	32.4922
85.4863	91.7004
86.6934	91.6354
82.8622	143.799
474.916	310.576
205.456	193.897
349.929	163.231
302.325	440.137
160.416	93.8289
443.447	438.219
220.918	39.9222
58.6931	316.154
230.28	36.4061
458.454	241.588
11.8284	404.14
182.321	253.864
60.0962	280.777
460.215	217.265
56.9136	134.069
