Saved a vector of rrt <nodes> points.
X	Y
25	475
32.3593	468.229
40.4032	462.288
47.6375	455.384
57.6113	456.109
37.4601	459.628
36.5189	459.136
37.6338	459.734
39.4795	461.208
50.346	461.221
48.0431	455.836
48.8075	456.869
50.0613	464.881
53.1523	447.043
30.1035	464.685
51.4342	446.133
49.1703	445.503
67.5087	454.68
67.561	455.107
64.6898	449.045
64.4424	448.805
67.6078	456.374
46.8994	445.412
66.8581	452.301
47.1377	445.397
62.0034	447.125
60.2571	440.005
63.0917	447.744
67.4553	457.868
65.4818	449.94
53.6234	436.376
75.828	447.881
81.9607	439.982
61.4571	446.878
77.4824	453.955
60.9176	430.027
64.5157	430.957
77.3027	457.365
77.507	454.069
66.9364	439.301
49.5518	435.51
67.1254	453.029
70.4453	440.808
56.4233	469.163
52.5905	426.429
54.1384	416.55
60.9805	409.257
76.1903	448.708
67.2414	401.459
77.6022	456.707
67.3844	453.99
46.9343	435.399
47.5702	435.406
87.5711	457.495
62.1579	442.695
58.968	438.908
61.3062	441.254
54.5126	437.135
58.0759	438.339
61.3598	441.33
57.4835	438.029
61.3657	441.338
84.8871	443.646
54.8	436.717
60.2843	440.033
91.7874	438.128
59.9516	439.71
60.0342	439.787
60.4506	440.206
73.4389	446.628
77.1529	452.036
55.254	436.892
50.1396	435.55
73.1643	446.433
49.8372	435.525
77.3443	452.874
77.5385	454.437
49.5708	435.511
70.0427	440.598
69.3722	440.209
72.9041	443.342
76.8059	450.997
67.6867	439.346
71.7072	441.921
48.5313	435.523
67.5809	439.311
43.2698	427.019
43.8158	417.034
43.3267	407.046
77.6058	456.573
101.712	436.904
66.5698	439.034
69.9564	440.463
45.2285	435.552
77.4225	453.37
46.7571	435.413
76.3627	449.193
77.5283	457.632
77.4074	453.26
70.5654	440.899
46.8868	435.4
77.517	457.718
65.0099	437.587
67.5725	438.819
64.1283	437.353
64.0159	430.739
65.1101	431.262
58.626	430.139
66.3751	432.095
63.1536	430.434
77.6042	456.639
56.7294	430.648
97.1812	454.73
66.1445	431.922
68.6505	434.569
65.7806	431.669
66.4978	432.192
61.438	430.075
59.9094	430.011
65.8323	431.704
67.1502	432.761
57.4757	427.148
66.902	432.532
51.5757	426.588
111.55	435.111
83.3061	441.242
84.5304	442.954
85.8073	448.523
80.4939	439.036
88.5951	432.5
88.1036	432.091
86.8131	431.238
91.5361	437.099
89.2312	433.116
87.839	431.892
90.5163	434.805
86.645	431.147
86.3024	430.974
83.9156	430.175
91.7108	437.76
91.6143	437.373
60.9548	420.027
61.3119	420.035
36.8241	440.971
91.534	437.092
68.1026	421.623
91.96	440.105
91.9564	440.275
89.5904	433.518
90.3587	434.553
67.6812	421.472
91.5596	437.178
89.8485	433.835
91.8723	438.655
91.9604	439.909
86.2418	461.848
54.982	421.979
86.4403	431.041
60.8681	420.027
91.9325	439.231
61.2956	420.034
89.3468	433.241
61.9437	420.08
87.8332	431.888
89.7462	433.706
57.6126	420.589
118.393	427.82
41.1585	430.074
69.2298	422.138
50.3278	451.167
121.235	437.6
120.635	430.932
117.773	427.283
130.063	427.599
136.628	420.056
145.447	415.341
154.036	410.219
163.582	407.243
54.2286	416.564
173.495	408.565
31.1425	450.704
183.271	406.461
54.2902	406.551
111.504	434.875
191.34	400.554
69.1502	403.49
65.2746	400.226
68.4245	402.58
66.2366	400.75
67.7881	401.932
67.0858	401.337
59.7849	478.581
68.1822	402.319
110.393	431.94
111.687	437.618
111.542	435.066
111.702	436.463
85.6553	462.864
111.709	437.171
111.606	438.358
45.3923	411.702
111.687	436.189
111.691	437.561
91.9047	441.039
111.701	436.441
111.105	433.473
111.711	436.755
91.9606	439.939
111.583	435.3
111.404	434.439
45.0336	445.55
111.147	433.59
111.444	434.604
97.559	457.003
97.2948	455.161
111.085	433.418
38.8444	443.249
97.5179	458.525
97.0329	454.259
97.5704	457.616
97.5696	457.669
97.5486	456.825
126.973	422.682
97.001	454.167
122.64	418.766
97.18	454.726
125.475	420.759
127.561	423.826
125.853	421.159
97.3153	455.248
128.814	425.179
139.923	429.266
138.575	422.351
144.983	414.561
150.172	406.528
152.13	400.402
153.861	400.22
170.52	400.041
53.6892	406.579
97.5454	456.779
179.593	400.64
54.616	406.572
192.949	403.943
190.961	412.853
192.098	401.762
192.864	403.638
59.2091	478.767
109.154	422.212
23.9505	443.756
117.933	427.413
49.4494	480.945
94.6619	445.756
121.542	434.709
116.92	426.675
118.535	427.955
118.172	427.618
120.071	429.877
114.679	425.613
115.264	425.827
94.761	442.063
117.844	427.34
100.615	433.43
101.582	436.113
101.684	439.564
117.52	427.089
116	426.156
118.53	427.95
115.999	426.156
101.398	435.365
117.495	427.07
39.8442	403.382
101.486	435.693
114.669	425.61
100.261	432.818
96.4712	462.054
118.258	427.695
118.684	428.103
100.307	432.892
117.012	426.734
118.674	428.093
116.508	426.427
101.448	435.547
101.546	440.311
100.885	433.977
99.8577	432.223
101.666	439.679
101.051	434.361
101.405	440.866
101.664	439.695
101.645	439.809
115.919	426.116
38.3504	450.854
27.1296	438.518
101.265	434.939
100.093	432.559
100.186	432.701
101.786	437.955
99.4908	431.752
101.653	436.492
103.94	466.19
101.093	434.468
37.5601	450.944
101.771	438.706
101.751	438.987
101.687	436.712
100.997	434.232
101.338	441.093
101.76	437.385
36.4099	450.963
101.177	434.687
101.741	437.161
100.18	432.691
101.654	436.498
101.339	435.166
101.621	439.948
101.787	438.11
44.607	413.524
99.6364	431.932
87.6362	456.983
101.784	437.855
101.424	440.799
73.0997	412.961
101.356	435.223
200.888	410.022
44.9468	412.611
202.92	403.185
202.607	401.351
91.4817	470.365
200.585	415.569
202.333	400.423
96.3535	462.277
199.837	425.541
204.549	434.361
123.657	419.317
126.745	422.319
128.393	427.74
123.13	419.012
121.022	418.171
124.208	419.684
122.942	418.914
128.35	428.751
130.416	441.565
129.886	427.135
123.452	419.193
126.372	421.791
126.065	421.405
138.586	422.368
139.863	429.589
139.741	425.081
145.01	414.602
146.389	405.386
154.564	411.232
152.987	408.772
151.714	400.492
60.1102	410.056
60.1984	410.05
171.164	400.722
122.288	445.759
182.481	412.951
179.783	400.789
179.189	400.345
53.24	406.613
111.257	439.886
111.62	438.257
33.4556	428.938
111.636	435.67
109.548	430.692
113.721	418.14
111.219	440.005
109.315	430.407
66.8124	410.005
65.9944	419.232
110.94	433.051
111.695	436.324
111.689	437.586
110.446	432.034
109.485	430.613
148.628	401.807
111.703	436.478
108.257	429.343
111.659	437.938
110.88	432.909
111.672	436.012
109.507	430.639
110.223	431.653
110.322	431.817
84.1065	464.118
109.601	430.758
111.287	434.018
109.491	430.619
33.93	415.527
111.642	435.725
109.804	431.028
111.082	433.41
111.58	435.28
111.364	434.289
109.076	430.138
111.693	437.53
111.712	436.813
108.932	429.985
111.235	433.851
109.342	430.44
108.816	429.865
111.543	435.071
110.674	432.466
109.477	430.602
110.35	431.864
108.491	429.552
110.067	431.409
110.276	431.74
109.715	430.907
111.682	437.676
111.657	437.951
109.656	430.83
109.425	430.539
111.66	435.884
111.704	436.488
110.212	431.635
150.21	400.979
110.469	432.076
39.1793	403.866
110.794	441.09
110.42	431.987
109.29	430.379
111.288	439.785
74.7467	428.59
108.745	429.795
111.574	435.247
111.259	433.928
111.525	434.977
109.694	430.88
210.343	406.766
82.3437	416.775
210.615	412.344
217.297	419.784
225.024	426.131
109.59	430.745
212.675	405.383
109.889	431.147
107.103	445.326
49.8492	477.448
210.384	417.565
197.356	435.229
234.513	422.975
241.226	430.386
251.222	430.692
261.219	430.447
110.542	432.21
270.837	433.181
274.343	423.816
283.717	427.297
290.078	419.582
298.89	414.853
308.456	417.767
312.994	426.678
314.242	409.611
22.4041	452.839
322.669	429.207
106.97	456.772
318.128	400.397
332.574	430.579
78.1191	404.312
111.532	435.012
342.384	432.52
121.665	408.814
284.677	418.417
82.7586	410.371
108.287	429.369
350.082	438.903
359.8	436.546
65.8585	440.102
106.629	458.006
340.85	437.043
369.683	438.071
106.794	457.486
105.545	460.212
375.806	441.665
149.55	431.974
180.383	422.728
109.033	430.091
108.681	429.732
380.105	450.694
374.39	429.248
379.43	420.611
46.5195	468.72
108.235	429.324
195.176	421.921
108.534	429.592
382.007	410.949
108.732	429.782
382.462	400.959
108.4	429.469
108.994	430.05
200.617	415.453
199.591	417.905
104.197	461.856
383.628	391.028
120.585	430.825
117.747	427.263
59.3004	488.766
120.228	430.142
121.224	432.577
117.778	427.287
119.753	429.391
121.298	432.879
119.012	428.454
118.763	428.185
121.448	436.535
118.972	428.41
120.857	431.454
117.275	426.912
120.312	430.291
121.435	436.626
120.717	431.114
119.775	429.424
120.999	431.836
116.705	426.542
121.265	432.741
117.146	426.824
121.443	436.574
120.428	430.508
118.511	427.932
120.341	430.344
121.534	434.537
102.576	417.066
119.029	428.473
118.929	428.362
67.4754	404.766
121.51	434.221
121.55	435.079
120.718	431.117
120.882	431.517
120.355	430.371
118.656	428.075
117.85	427.345
120.171	430.043
120.576	430.806
119.154	428.617
381.643	381.227
121.55	435.005
381.462	371.228
120.857	438.769
121.485	436.252
121.509	436.016
121.549	435.293
119.311	428.804
121.333	437.183
117.163	426.835
384.383	361.664
381.746	352.018
121.472	433.865
378.757	342.475
368.905	340.761
366.395	331.081
113.135	408.158
121.482	436.278
70.3609	400.656
121.439	436.6
360.966	322.683
121.517	434.301
388.354	339.663
121.494	436.168
366.159	314.137
361.219	305.441
76.1464	404.031
362.344	295.505
121.548	434.919
112.287	431.402
362.473	285.506
368.691	277.674
375.697	317.14
359.288	314.833
371.723	268.145
376.769	259.511
382.405	309.723
120.729	431.142
382.538	251.343
353.661	280.778
381.239	241.427
375.435	233.284
227.02	422.119
115.503	425.926
115.847	426.082
25.5448	458.99
368.885	225.727
232.077	433.221
234.279	422.344
367.453	215.83
361.178	208.044
351.856	204.426
221.469	400.622
365.8	199.177
244.313	420.987
372.812	206.307
381.861	202.051
121.432	433.581
270.886	433.003
227.435	408.583
280.477	430.52
109.764	433.391
284.176	425.634
33.7695	423.898
298.528	424.93
306.422	421.431
86.4875	407.674
312.033	408.429
255.474	421.642
324.18	410.719
317.925	400.314
282.734	423.924
326.435	438.471
35.219	454.674
327.184	438.13
120.662	439.231
120.853	438.781
107.487	475.54
341.929	434.112
296.255	408.363
352.156	430.398
118.33	427.76
24.3408	428.915
198.921	438.122
116.968	426.706
116.595	426.477
350.454	426.615
17.1868	421.928
15.94	412.006
40.9771	482.062
347.149	448.463
117.667	427.2
240.874	440.38
32.0927	450.363
117.659	427.194
120.754	431.2
377.123	431.389
117.538	427.102
119.45	428.98
121.445	436.558
374.154	429.126
381.489	433.437
283.952	408.444
381.207	433.249
113.436	469.326
377.097	419.622
378.999	420.374
19.9404	403.472
208.589	403.643
388.969	417.609
383.203	411.35
206.521	413.358
212.824	404.57
383.214	401.022
383.131	401.012
116.323	426.324
382.146	390.964
212.769	404.917
69.226	429.619
381.844	390.978
29.705	459.672
212.865	404.232
207.034	423.212
210.292	417.974
39.6215	432.007
381.355	381.289
209.833	425.831
128.008	430.57
73.2889	405.802
121.102	418.193
128.321	426.62
128.199	429.78
128.096	430.24
127.294	432.379
128.385	427.4
128.323	426.634
125.697	420.989
128.365	428.57
126.69	422.237
123.733	419.365
128.319	429.04
126.831	422.452
127.998	430.604
125.771	421.069
125.113	420.414
131.039	435.63
131.211	438.296
128.82	425.187
131.231	437.308
122.696	418.793
123.557	419.256
129.355	426.036
130.413	428.838
125.888	446.453
130.504	429.319
135.816	419.419
137.214	420.608
137.488	420.9
114.549	417.817
145.571	415.581
141.469	411.306
143.482	412.774
140.78	410.958
154.636	419.288
151.816	407.632
54.1815	496.922
148.444	405.801
163.792	408.027
163.617	413.082
158.988	401.532
154.663	400.239
130.016	442.386
172.415	402.554
172.242	402.241
148.494	401.895
171.788	401.527
150.607	400.825
173.573	406.802
173.582	407.363
182.879	412.02
183.465	409.332
182.552	412.802
183.208	410.94
180.643	401.572
182.446	404.106
127.455	445.431
183.401	407.197
46.0402	439.675
193.166	407.906
193.194	407.696
193.207	405.332
193.168	407.889
191.348	412.357
390.029	353.411
379.954	352.699
191.369	400.594
193.166	407.907
383.081	333.458
384.029	333.978
110.656	408.622
200.694	404.092
201.335	400.243
201.34	400.658
129.211	443.633
200.982	403.207
200.868	403.589
200.779	403.858
201.167	402.408
33.5218	488.727
128.472	444.502
200.453	404.672
201.332	400.954
361.947	305.066
145.072	421.577
137.75	433.995
362.839	295.573
201.336	400.268
186.838	415.803
359.827	285.827
200.975	403.234
150.126	401.015
369.759	267.731
361.564	270.659
363.834	268.933
196.935	408.843
201.326	400.03
364.919	260.817
349.373	313.532
201.328	401.047
376.119	249.532
124.833	446.931
198.724	407.299
375.633	244.11
374.447	234.088
374.78	233.793
371.574	224.06
151.281	400.606
392.379	249.57
200.043	405.48
381.674	225.469
367.605	227.063
200.929	403.392
361.912	218.56
399.941	256.114
77.2981	423.136
357.973	212.65
389.414	235.669
408.662	261.007
362.153	223.814
200.685	404.114
365.151	198.867
102.88	462.947
128.128	444.846
355.868	195.149
352.292	185.811
418.277	258.259
342.342	184.807
332.372	184.031
200.842	403.671
325.514	191.309
316.864	186.291
129.397	443.379
235.042	411.544
388.256	194.363
199.141	406.812
201.339	400.705
307.712	182.261
396.876	189.294
307.789	172.261
311.951	195.001
196.485	409.129
187.218	415.649
128.357	444.621
297.713	182.364
310.847	162.74
288.447	178.602
399.789	179.728
312.387	152.86
201.03	403.025
201.142	402.534
200.564	404.418
280.186	172.967
271.835	167.466
265.504	175.207
256.824	170.242
201.327	400.033
201.246	401.92
250.316	162.65
403.702	170.525
242.898	155.943
316.525	437.638
413.702	170.586
201.265	401.777
201.307	401.373
198.132	407.894
233.98	160.469
201.307	401.362
199.911	405.707
201.332	400.149
225.755	154.782
419.097	162.166
427.251	167.955
424.529	153.77
200.954	403.306
231.172	170.067
316.22	447.633
216.121	157.465
200.813	403.758
436.298	172.216
306.842	451.106
207.656	152.142
445.532	176.054
201.245	401.928
200.34	404.913
197.912	154.391
73.9392	406.834
201.139	402.548
188.745	150.396
181.225	156.988
177.047	166.073
167.151	167.511
163.238	158.308
115.378	447.619
196.716	408.987
105.304	463.329
153.29	159.326
164.974	177.271
220.091	408.995
148.257	150.685
220.304	405.881
138.361	152.119
226.815	422.851
217.963	400.29
233.079	420.206
128.454	150.757
128.595	140.758
119.149	137.474
234.592	423.224
121.335	157.779
111.584	159.996
234.951	427.335
147.963	402.274
229.133	179.856
184.079	173.184
235.013	426.606
186.882	182.783
221.321	400.358
119.16	127.474
124.728	119.167
120.763	109.986
110.882	108.45
248.653	423.69
102.635	155.532
259.917	425.755
258.853	424.231
42.1713	478.507
269.365	424.648
124.778	100.827
264.803	421.111
235.389	437.325
101.363	105.386
284.326	424.396
184.111	192.391
277.531	414.338
296.159	411.643
238.676	446.769
177.994	200.302
303.198	405.829
312.214	408.5
299.081	404.855
22.5175	445.643
97.7111	164.236
181.504	209.666
318.333	400.486
133.434	95.8215
266.123	426.734
307.598	423.853
122.359	408.77
127.587	400.246
312.826	433.866
136.418	86.277
105.552	168.726
332.66	429.61
340.984	425.169
340.958	436.029
91.0653	171.708
81.738	175.314
350.34	439.492
92.8532	100.134
351.403	436.84
357.931	446
352.37	432
269.557	443.099
71.7461	174.91
101.812	148.894
310.112	434.915
26.3597	455.177
142.469	404.882
351.942	435.46
111.769	116.165
231.138	453.34
127.435	81.8835
327.239	420.313
368.913	440.663
84.0561	95.3793
363.302	445.913
369.745	437.596
62.7748	170.493
70.1435	184.781
277.454	431.725
271.61	434.837
374.26	429.18
225.293	461.454
376.524	430.777
126.435	71.9336
119.897	64.3665
145.189	81.4737
61.9872	190.567
110.077	66.2512
67.2313	161.541
269.603	453.099
187.03	218
79.3569	86.5521
274.275	442.572
220.069	452.926
108.853	56.3263
58.9457	200.093
152.653	74.8189
230.188	470.174
361.398	441.445
48.947	199.935
202.496	400.969
166.169	416.301
40.0038	204.409
100.17	51.3668
90.1632	446.459
202.411	400.708
383.007	411.273
199.189	418.536
197.227	420.647
202.343	400.516
202.807	402.266
92.8245	44.5809
202.825	402.377
39.3261	434.5
202.29	400.299
194.615	224.517
197.369	420.53
202.938	404.4
61.9005	209.647
384.977	391.281
69.485	88.1476
383.678	391.034
59.544	89.232
198.657	419.238
203.562	228.984
31.13	483.804
388.044	382.055
66.9577	485.548
84.8394	38.5611
52.9498	81.7143
384.781	381.094
162.383	72.5103
163.623	62.5874
36.2217	213.667
383.026	381.046
202.357	400.494
383.523	381.028
65.0952	433.355
43.1029	83.4574
211.75	223.242
173.495	64.179
192.542	422.727
34.7029	223.551
386.013	381.316
42.2501	230.111
202.407	400.649
38.6754	239.45
57.9934	157.712
148.156	400.477
202.787	402.152
386.598	381.479
27.2214	461.602
202.929	404.569
200.519	415.795
47.8544	243.418
382.254	381.122
202.862	402.629
383.726	381.028
182.188	59.2358
49.5988	152.277
42.2222	159.029
179.387	49.6359
220.083	228.77
44.4298	252.814
197.577	420.351
342.568	306.204
202.696	401.71
224.013	237.966
192.861	415.863
383.859	381.03
338.936	315.521
104.936	465.231
195.416	421.806
202.914	404.777
36.0712	151.145
200.506	415.837
209.956	213.876
196.738	421.016
34.4013	88.3851
386.757	381.53
418.146	264.178
332.986	303.343
200.15	416.799
187.249	422.138
199.949	417.238
200.609	415.482
134.792	452.302
36.8506	464.3
87.0445	425.374
346.96	177.351
386.842	381.558
119.056	413.138
15.8898	449.674
398.482	231.453
327.876	175.099
200.377	416.22
307.99	190.902
385.607	381.225
202.948	403.967
388.584	230.028
200.453	416.001
307.326	189.295
306.885	186.945
199.506	418.048
305.877	172.431
24.7717	222.38
303.609	163.177
380.827	381.428
298.255	169.244
382.89	371.305
202.863	405.248
297.819	183.72
50.0391	261.092
199.39	418.235
202.714	406.097
287.824	180.872
384.822	361.81
315.028	153.656
407.375	173.212
386.756	362.745
281.27	171.639
394.595	171.183
281.221	171.689
391.413	353.896
49.0573	271.044
199.397	418.222
265.71	159.561
384.204	361.612
200.726	415.011
248.534	175.835
252.567	179.291
387.833	357.09
380.488	342.098
100.76	471.088
234.711	161.686
233.027	157.547
262.865	184.853
55.7654	278.46
202.891	405.013
65.7177	279.436
363.752	321.437
370.367	321.904
363.954	321.384
222.752	247.886
200.36	416.267
223.988	160.859
202.919	404.716
224.405	163.354
360.294	312.706
352.648	317.132
351.047	321.411
30.8852	433.381
23.7056	426.421
202.934	403.396
202.223	400.116
202.819	405.545
228.112	256.329
359.875	295.532
84.7377	419.047
357.287	296.247
365.157	296.249
357.053	287.02
227.236	179.259
233.809	264.547
196.087	421.439
197.775	150.604
231.6	274.3
218.864	260.135
189.499	159.797
363.235	269.294
187.914	154.187
366.718	267.871
370.282	267.801
370.264	267.798
176.039	176.022
173.915	150.164
157.495	170.111
154.698	153.104
157.061	150.444
200.301	416.426
156.574	150.852
153.297	157.225
374.392	249.798
313.552	437.826
391.783	306.253
200.599	415.52
377.027	242.998
41.9832	424.859
349.381	316.195
200.326	416.36
202.593	406.585
202.733	406.008
128.797	149.199
202.808	405.611
202.867	405.218
202.948	403.841
365.743	230.822
381.037	225.001
200.58	415.588
162.845	187.042
358.965	224.469
365.04	216.496
392.459	252.597
202.687	406.214
369.104	215.73
352.014	327.139
357.963	212.679
300.608	458.925
300.847	459.109
390.797	304.285
302.766	468.923
202.206	400.069
349.029	194.834
367.774	189.373
202.946	403.699
190.702	192.024
371.103	190.698
103.554	101.646
111.306	98.459
118.625	123.888
86.548	409.212
110.218	169.902
367.549	189.331
387.531	193.814
381.237	316.853
376.221	255.794
198.446	419.485
392.111	307.317
307.985	477.453
94.3812	98.2271
391.849	202.53
202.93	404.554
391.743	203.58
202.917	404.74
266.023	421.361
97.8919	440.791
182.747	202.297
133.239	95.4982
384.925	192.532
367.543	216.128
359.642	191.298
200.306	416.414
387.259	244.38
132.411	94.3669
349.529	336.825
202.923	403.222
389.647	195.775
376.541	209.705
387.909	301.374
202.792	402.178
313.287	485.932
388.827	194.876
202.928	404.581
99.0632	95.6544
392.435	252.775
384.569	192.425
349.307	314.219
202.872	402.711
76.9434	406.428
186.243	218.472
145.192	81.4795
142.079	78.0339
108.511	485.488
364.294	189.291
227.846	283.568
362.254	189.826
234.303	291.204
391.178	198.42
82.2616	185.3
202.884	405.077
234.027	301.201
363.398	189.469
387.591	193.855
202.913	404.785
93.0306	90.1359
177.955	219.015
82.8645	100.609
398.347	340.021
407.379	344.314
391.905	254.842
364.377	189.278
402.802	342.769
416.823	341.026
90.7382	90.3606
421.21	350.012
274.424	415.937
387.39	193.719
200.714	415.064
74.566	92.2269
368.015	189.425
115.071	482.058
63.6402	180.766
246.017	448.956
202.675	401.618
430.58	353.506
364.11	189.32
325.805	443.97
89.8884	158.007
390.604	197.198
363.48	189.45
202.684	406.229
386.878	193.401
392.172	254.022
233.853	411.422
363.075	455.91
202.848	402.528
59.0124	200.114
97.6699	139.792
363.1	189.548
440.516	354.636
53.2845	195.492
151.941	74.0974
234.754	401.462
107.808	178.469
372.515	459.211
260.146	456.349
379.867	465.989
70.647	81.6392
369.267	241.156
386.821	193.368
49.0318	471.231
6.31936	414.734
367.445	189.313
386.827	193.371
71.9565	79.8265
196.224	221.934
385.759	192.842
161.98	71.2127
385.605	192.778
108.199	188.461
141.537	74.3228
210.016	405.937
36.5848	213.807
196.513	217.609
212.893	402.447
212.483	400.263
52.0534	476.976
65.5238	207.625
123.414	468.661
209.784	414.591
212.903	403.771
146.39	90.4722
205.138	419.074
212.733	405.109
212.885	402.348
155.301	65.1759
204.266	424.867
31.6694	209.936
180.425	225.508
177.839	233.86
62.3546	166.566
99.8757	418.481
59.5035	88.7556
83.5778	40.7733
31.9111	409.47
112.903	47.1829
211.526	235.032
209.799	426.407
212.855	404.321
188.372	218.964
53.972	80.9282
214.536	434.879
94.0615	59.2845
204.376	238.95
75.9154	489.994
212.916	402.893
58.8244	156.125
69.0518	216.636
214.534	434.917
168.757	54.0059
102.787	120.561
214.536	433.852
21.1462	483.235
93.2121	412.622
105.431	140.679
209.273	417.007
41.541	93.3347
214.498	433.351
62.2079	423.781
110.935	149.029
220.669	227.764
210.451	444.045
123.429	468.945
40.0747	92.9879
171.138	241.283
214.549	434.272
96.879	414
35.8831	400.293
20.4078	431.114
121.85	81.3674
214.487	433.246
52.998	172.594
156.011	56.1013
212.786	401.558
181.823	69.7155
181.347	57.9866
214.502	433.394
196.209	439.878
107.361	198.426
105.354	201.26
213.902	437.901
79.2236	30.2869
214.175	437.07
214.549	434.289
69.4353	32.3336
211.946	441.091
146.452	53.1668
145.972	412.785
91.884	35.6945
46.3359	262.63
45.9876	168.293
95.5586	153.12
214.497	433.341
87.6933	108.7
195.302	438.168
216.5	225.844
33.182	84.7131
214.463	435.676
74.797	491.757
174.477	40.9246
214.111	437.29
212.918	402.999
18.3777	466.27
12.4533	430.841
54.5023	486.671
214.451	432.962
214.505	433.424
137.411	448.711
233.256	241.782
111.105	209.441
183.573	36.7705
48.3037	262.033
202.161	444.072
322.986	303.403
191.281	231.676
185.09	68.8053
30.1529	75.1829
197.177	452.741
57.3475	246.562
129.317	423.004
173.981	41.2235
191.644	461.071
76.2205	481.78
214.47	433.101
212.92	403.123
194.903	470.525
213.544	438.731
214.216	436.922
69.2787	29.7845
116.097	156.882
423.948	272.322
151.64	404.547
214.549	434.395
431.308	279.093
165.598	35.7705
214.54	433.935
200.786	478.612
212.911	402.776
212.906	402.663
195.017	70.0169
61.9703	423.856
214.5	435.352
69.3175	216.354
17.1792	437.04
28.0659	145.152
214.544	434.684
214.309	436.542
16.0775	217.439
212.91	402.732
36.8161	259.297
66.9909	498.007
46.5199	262.593
322.986	303.345
78.2254	27.3186
214.318	436.499
86.1513	52.0286
21.1108	440.255
204.907	71.4932
213.304	439.194
213.124	65.7943
59.7425	263.51
214.318	436.502
214.025	437.558
214.542	433.974
10.5182	441.239
216.997	56.5747
59.4637	482.199
97.8265	68.5487
72.1403	168.625
196.329	440.056
211.87	441.174
214.406	432.673
210.843	442.132
213.467	438.887
224.276	49.7174
207.419	53.701
107.571	412.338
29.8658	404.039
234.1	47.8505
243.832	45.5499
251.38	38.9912
107.998	422.824
298.151	154.798
26.915	257.894
389.333	337.432
55.7504	278.474
90.2526	36.8669
50.212	286.777
237.75	167.052
213.989	437.663
389.257	337.29
36.5481	204.414
89.7825	427.345
211.971	441.064
214.547	434.591
155.018	402.227
47.8374	243.47
258.346	31.8159
245.58	55.3958
196.833	400.477
213.961	437.74
399.529	356.533
27.9667	65.4248
211.319	441.722
27.111	95.23
214.549	434.395
397.843	366.39
214.092	431.372
105.234	46.634
176.824	42.2808
232.739	247.364
214.51	435.253
268.345	31.7218
277.668	28.1056
214.436	435.863
219.452	261.331
25.1658	94.8669
53.6945	151.373
85.2691	422.282
400.015	353.933
115.173	445.469
149.559	432.039
214.491	435.441
187.73	404.616
235.616	153.629
301.169	153.323
36.4423	150.614
72.2325	81.9792
261.965	194.812
85.8112	41.1476
53.1544	440.898
270.234	156.743
24.6917	154.565
23.1866	416.434
356.763	324.625
287.367	30.5431
44.2881	203.147
56.3076	288.446
212.917	402.935
65.9504	291.094
399.912	351.889
210.186	442.621
400.026	353.175
355.293	258.105
44.3602	222.59
53.1759	297.943
214.531	434.962
214.473	435.596
404.254	374.065
231.885	284.295
165.603	25.7705
214.472	433.122
71.1168	152.326
136.973	449.115
95.8385	420.613
233.429	284.131
212.868	402.168
271.942	195.498
210.359	265.395
212.917	403.419
141.886	457.825
214.387	436.158
243.488	262.031
212.912	403.587
402.012	246.885
296.356	34.9243
49.711	303.612
201.637	260.503
75.1177	156.503
209.783	264.322
210.58	442.338
230.599	284.249
25.917	55.6371
121.403	455.719
55.4426	280.776
53.5457	144.752
65.2094	20.6499
54.2822	261.824
212.775	401.487
409.937	255.845
205.809	274.3
155.605	157.372
228.184	283.698
379.805	228.24
409.57	270.966
107.858	478.132
39.8205	305.088
210.843	442.132
151.771	166.608
213.108	439.533
34.8674	216.703
351.458	329.087
399.916	354.909
349.447	187.483
39.0997	270.124
347.493	189.685
214.383	436.178
342.747	182.827
95.2371	414.162
23.5666	230.156
209.187	262.655
214.382	436.183
354.02	175.961
108.842	179.807
369.071	200.49
212.828	401.832
66.2786	218.637
9.89482	441.67
315.781	176.35
20.8926	416.824
307.941	181.778
312.117	177.49
310.512	178.568
196.476	425.733
214.315	436.513
399.674	356.051
214.445	435.805
212.725	405.149
214.493	433.3
343.428	174.866
343.571	174.882
331.263	174.093
297.966	180.022
378.622	308.386
311.761	163.084
354.129	175.981
57.6577	241.445
301.111	164.818
214.543	434
298.229	169.329
60.665	447.5
35.0568	313.88
355.386	257.795
313.821	164.285
291.042	189.814
290.137	175.836
214.388	436.151
214.042	437.505
279.699	173.757
26.0394	318.203
13.9271	231.817
340.963	318.942
401.048	169.807
402.038	169.984
144.688	438.348
333.071	197.242
214.53	433.735
214.518	433.569
196.249	277.232
401.205	169.828
272.354	166.749
404.719	171.027
403.491	170.438
210.331	442.52
257.258	169.55
409.786	179.463
247.349	167.044
261.414	184.333
409.227	176.421
27.0433	408.276
340.164	309.635
17.6074	312.827
29.182	327.696
240.36	163.591
322.349	153.731
404.71	160.576
214.549	434.425
214.387	432.566
42.6583	240.918
57.8628	283.929
405.727	270.567
358.037	342.081
250.05	177.598
214.387	432.564
323.282	485.621
232.972	154.722
402.28	160.627
224.343	157.799
402.104	306.943
225.221	155.644
365.847	187.138
214.064	437.44
236.529	310.882
224.563	157.104
224.884	156.314
255.821	154.302
214.522	433.618
215.757	154.996
214.522	435.101
427.59	261.899
398.256	230.998
347.289	328.991
436.13	256.696
63.3827	472.999
214.548	434.555
400.878	160.932
228.108	179.586
439.17	247.169
212.51	440.414
216.178	157.661
64.4639	415.414
206.467	160.071
342.37	174.807
262.592	184.774
419.078	248.291
128.347	413.665
339.559	311.611
19.2933	329.184
187.792	406.396
214.538	434.848
435.537	362.191
454.379	171.392
370.892	462.147
363.899	350.183
445.626	259.831
243.025	318.485
25.4044	325.644
193.98	163.585
253.085	179.517
33.8964	435.601
210.742	442.213
55.2893	264.462
135.374	450.25
62.0844	469.264
455.53	176.233
176.067	176.025
188.724	283.819
450.507	355.074
457.336	362.379
183.227	173.935
179.363	422.452
44.8076	415.266
397.107	263.383
341.073	336.825
252.839	179.414
458.571	372.302
156.352	151.056
286.594	176.735
220.096	404.556
167.244	177.51
143.385	157.95
24.5435	484.323
5.63699	450.719
219.086	401.911
32.6406	332.848
243.909	288.425
220.602	412.854
220.557	413.422
130.703	158.55
226.292	415.415
227.291	420.135
251.881	323.129
234.18	422.109
132.892	143.747
136.712	142.256
132.889	143.749
183.998	417.192
234.988	426.98
126.699	130.939
234.981	425.201
234.735	423.745
234.471	422.852
120.748	157.13
177.828	172.234
108.752	449.63
234.814	428.169
116.52	127.825
235.007	426.716
109.547	134.683
99.4248	453.236
109.466	134.977
233.964	421.651
122.375	128.008
83.8682	406.892
234.456	429.454
112.54	408.21
74.849	35.894
27.723	200.747
26.5095	481.597
101.956	157.295
228.434	189.832
233.227	420.411
185.314	192.659
221.416	400.525
70.5266	288.204
241.935	416.273
316.288	154.906
6.81913	424.722
46.8424	298.242
251.015	428.342
241.663	415.984
112.491	132.007
313.337	170.191
168.144	231.406
256.065	421.943
126.774	101.995
101.492	105.012
265.891	421.605
108.658	98.7005
267.283	438.398
184.974	192.599
104.807	100.507
139.221	146.038
263.78	420.78
280.703	431.546
274.227	423.773
275.057	424.115
77.0582	295.776
284.202	422.147
279.121	438.784
279.25	415.103
278.641	414.787
291.241	420.71
177.848	200.186
293.525	429.245
240.812	440.378
91.8982	102.159
13.9829	444.56
227.856	189.775
125.092	90.8323
308.875	415.405
302.277	405.444
86.3905	299.369
135.699	450.056
312.714	408.719
313.7	409.253
98.6909	164.722
172.091	208.373
148.693	150.471
312.159	408.478
11.7253	458.766
321.968	431.09
295.381	405.489
322.937	404.672
318.689	400.655
64.8017	438.396
9.29538	329.386
140.521	88.7658
87.9602	162.018
323.422	405.645
196.196	152.733
88.8553	309.06
332.653	429.767
15.5233	460.095
130.159	162.485
319.638	401.192
87.8952	162.326
187.355	195.068
104.259	115.942
331.392	434.097
89.4594	158.587
92.3963	100.959
341.654	434.769
131.738	474.508
142.133	78.0706
172.959	214.86
36.9037	265.952
87.5225	181.059
93.4018	99.335
91.3918	104.627
73.7196	169.338
176.763	218.47
132.679	77.0023
61.2717	26.5581
174.935	217.205
347.085	441.346
145.384	81.8492
179.314	219.423
186.153	293.483
61.1314	422.603
236.747	418.393
94.4458	149.794
145.02	81.1772
174.05	216.332
352.373	432.046
82.4397	421.376
72.7277	184.862
347.68	441.002
352.139	430.319
68.0383	184.198
76.7444	487.966
83.3248	185.187
313.445	306.396
64.1036	168.461
313.327	305.991
328.125	400.148
357.329	432.013
112.53	131.072
114.416	211.184
253.472	420.949
146.28	160.812
113.277	221.119
104.788	476.154
369.372	433.653
194.723	66.1217
364.337	427.635
185.616	64.1661
196.115	294.352
94.366	448.323
147.411	448.744
74.8224	99.2184
366.517	429.138
112.914	201.39
179.882	219.533
186.676	476.211
175.389	217.578
69.5281	194.762
187.359	435.466
378.617	442.563
375.115	429.675
197.651	480.141
68.1231	194.575
375.455	429.905
220.968	470.47
71.262	194.718
107.479	129.317
185.324	218.907
64.036	192.699
385.252	444.95
109.958	177.703
230.514	473.448
123.956	208.186
85.1618	182.024
191.487	209.086
188.141	217.145
381.209	433.251
383.56	435.35
192.36	416.174
204.021	65.668
8.37906	466.435
184.985	227.789
162.876	157.638
57.2903	199.395
204.949	68.8532
381.99	433.807
48.9345	449.247
179.763	224.87
203.918	65.4603
192.209	226.555
89.4293	109.53
107.762	440.124
107.353	46.4394
227.665	154.564
182.15	226.728
143.634	151.248
20.1551	151.269
221.191	59.884
102.058	48.9895
70.2225	90.6217
180.949	225.939
381.16	410.762
70.0392	436.801
187.292	227.997
338.419	446.743
225.219	50.8822
383.253	411.371
148.602	435.262
87.579	94.7296
196.175	222.045
30.2376	206.559
103.12	203.41
88.6837	319.059
382.434	411.073
387.748	415.06
390.579	405.798
391.623	408.203
45.135	447.943
381.487	400.963
182.773	227.049
239.979	414.601
97.7203	91.3987
15.4748	471.046
132.302	122.275
380.57	460.684
382.116	390.965
392.269	399.007
58.2928	157.057
34.4939	196.064
132.873	472.23
384.842	391.247
203.836	228.386
78.2116	421.242
78.0934	82.329
109.537	111.445
41.3048	214.324
54.6115	176.269
380.394	391.175
84.9393	325.892
199.99	203.822
381.624	390.995
72.4709	417.501
59.7776	85.7463
30.9673	403.875
384.951	391.274
248.436	62.9339
55.6318	217.438
387.251	381.707
377.584	408.09
390.06	449.75
380.021	381.701
262.08	22.5393
135.419	87.828
46.4885	205.505
393.61	391.629
44.4609	294.957
129.727	132.438
242.511	56.5318
123.615	55.0832
174.411	216.714
389.421	447.061
374.049	393.898
54.6138	295.756
385.085	381.134
387.133	457.808
385.379	381.182
136.427	161.931
172.146	57.3574
202.678	238.944
56.7047	216.586
189.754	233.256
141.608	72.1369
383.795	381.029
60.5685	219.557
386.305	381.392
390.027	451.937
227.617	479.837
382.181	381.133
387.342	381.743
399.022	456.307
46.591	296.098
24.4327	412.396
95.215	446.995
205.527	238.789
219.013	230.116
141.289	117.89
183.427	63.0168
386.169	381.356
82.5263	328.142
390.357	383.63
257.286	434.939
384.087	381.038
390.677	383.934
334.856	420.843
67.0483	151.542
392.562	386.535
383.698	381.028
393.315	393.511
380.754	381.449
390.997	384.268
179.247	72.3589
374.018	388.263
131.506	160.28
49.0932	153.152
372.725	407.229
110.563	473.683
49.7266	152.085
386.49	381.446
188.19	232.179
71.4986	299.414
388.041	382.054
71.3358	169.342
53.9039	306.706
102.286	455.436
202.599	238.937
390.969	413.027
37.7015	428.663
290.613	40.0015
188.784	66.7522
384.106	381.039
54.1047	143.35
125.84	115.112
384.523	381.068
58.8854	493.618
47.308	253.404
296.068	25.6143
26.2832	212.56
382.476	381.094
219.259	238.736
57.2286	246.9
77.792	31.4665
381.424	381.274
393.601	391.769
40.2593	261.903
385.722	381.249
389.556	382.974
387.176	381.678
106.658	96.9035
391.482	414.146
282.354	408.691
32.6813	162.024
310.445	436.348
87.6178	108.654
198.795	445.125
304.89	29.7117
191.823	258.585
35.3712	152.393
33.4888	86.1249
383.569	381.028
385.573	381.219
304.754	421.196
388.03	382.048
179.032	224.002
36.4938	95.6627
192.103	60.5375
380.757	381.449
393.508	392.571
384.577	381.073
326.507	401.106
234.757	486.839
385.735	381.252
244.541	488.907
127.322	57.6679
273.573	442.8
40.6849	241.617
219.698	246.987
75.0125	40.4139
293.196	44.4118
96.716	149.673
324.733	308.99
384.486	381.064
339.014	446.873
37.6903	260.202
230.316	245.729
175.101	40.6012
310.518	37.9777
392.601	386.612
50.5811	135.202
124.438	55.4568
228.566	223.475
120.093	162.67
384.57	381.072
25.1351	220.643
68.4202	217.229
385.881	381.285
76.0633	489.682
68.9903	475.757
194.646	304.243
193.638	314.192
29.8899	159.005
391.819	412.879
183.972	316.755
373.66	390.235
382.965	381.05
383.567	381.028
125.558	105.545
122.316	78.2522
424.672	262.626
79.519	146.904
71.1631	213.415
187.991	44.539
10.8389	458.305
427.442	267.863
27.8067	145.515
383.58	381.028
374.291	387.448
387.568	381.836
348.159	448.716
191.944	215.947
70.5453	214.673
384.77	381.093
385.985	381.309
195.814	274.617
124.325	144.924
197.98	45.0004
386.844	372.686
385.279	371.911
390.043	449.586
91.2571	47.3333
300.322	425.596
382.639	371.276
379.928	371.375
378.644	371.687
388.231	363.868
380.862	361.246
157.972	54.3371
377.435	362.075
182.281	430.817
54.3569	312.468
378.131	361.799
382.806	361.319
381.955	361.241
391.216	369.024
27.596	328.081
185.618	310.3
35.3897	257.089
384.08	361.577
165.554	81.994
70.9401	216.51
376.982	362.288
173.248	215.309
387.222	363.054
383.259	361.391
384.878	361.83
228.234	189.816
28.7602	80.128
181.455	39.852
384.688	361.763
69.5991	48.8219
382.432	361.276
11.467	236.608
35.7497	75.7845
54.1537	206.603
323.717	307.097
380.274	361.299
392.639	356.023
57.0762	277.019
223.007	247.915
380.692	460.677
386.726	343.346
16.4901	216.775
114.611	48.15
391.242	348.883
53.1339	73.0687
384.459	342.393
390.085	451.317
392.413	401.94
380.273	332.591
21.9117	487.68
382.001	333.016
379.476	332.501
32.7343	255.191
197.744	445.221
270.565	414.557
359.068	338.965
240.4	484.987
34.3593	65.8816
252.579	180.875
62.3893	285.952
143.608	127.617
178.068	324.826
221.647	257.163
362.907	321.709
53.0709	243.909
74.927	283.333
19.9453	84.8501
363.538	321.498
361.061	322.622
85.295	147.217
360.66	322.889
368.156	321.238
197.332	445.229
372.327	323.031
351.006	435.709
368.799	321.375
23.8958	259.869
342.347	422.52
374.107	453.53
164.84	404.101
354.675	314.91
306.072	403.844
37.4398	238.265
110.982	473.291
370.413	319.401
305.517	414.138
372.506	457.196
274.322	442.555
215.731	255.007
23.9334	415.269
361.013	312.683
332.91	488.323
283.624	408.473
365.129	304.19
372.459	306.371
221.158	474.47
278.237	413.601
15.0257	455.874
355.05	297.571
352.183	287.991
358.546	295.805
358.265	295.888
123.784	409.214
359.119	295.665
398.175	337.783
364.386	285.715
398.137	341.733
366.751	286.528
356.586	287.329
59.6626	192.144
369.438	288.456
362.064	285.509
168.074	325.172
143.765	172.601
190.449	233.607
366.381	286.356
54.4198	97.8194
398.242	338.174
35.8282	98.2827
369.926	278.838
353.128	281.948
371.98	268.23
15.1861	241.737
186.761	242.903
32.7962	212.178
5.95564	448.528
363.995	268.845
135.52	434.354
381.722	309.158
389.619	453.774
394.36	362.34
372.145	268.289
81.0819	166.114
18.3715	339.142
367.184	259.234
389.987	452.222
370.096	252.064
369.331	252.827
394.243	363.329
45.1002	73.9541
370.215	251.959
42.1591	278.284
383.2	251.853
369.959	252.189
368.836	253.424
404.356	362.603
384.996	253.827
76.6293	32.852
352.578	284.059
353.469	438.704
377.318	242.813
75.6883	278.67
390.533	257.349
75.2655	35.6731
74.8003	283.62
33.0128	282.327
386.811	233.124
373.664	234.899
79.3107	30.2285
177.182	432.212
382.027	225.765
377.308	223.461
367.895	226.715
368.249	226.33
225.336	282.095
462.138	381.645
372.197	448.187
369.531	419.193
39.2567	141.666
47.3998	449.076
368.137	226.448
390.041	451.818
389.709	447.91
366.772	228.289
364.727	223.599
32.9083	78.4972
469.501	374.879
209.427	263.442
75.551	277.618
180.526	225.596
391.436	255.905
190.723	442.712
371.89	216.19
396.867	334.416
359.022	224.08
157.76	185.833
392.533	251.029
182.097	291.308
376.613	219.38
359.234	223.109
371.486	371.932
362.919	217.702
93.8437	440.185
79.9752	104.509
197.339	428.092
358.412	211.559
461.459	381.876
390.219	237.028
380.752	460.674
351.186	208.433
392.225	307.834
319.223	438.595
389.616	235.967
392.483	252.393
171.801	212.082
349.467	194.716
38.9046	199.934
84.2573	413.249
452.831	386.933
364.68	189.24
24.536	86.7494
374.393	194.062
389.88	300.565
78.7706	293.864
391.735	255.269
356.878	194.296
10.5463	345.368
60.9932	271.534
368.771	189.628
36.9288	244.271
365.103	189.201
388.705	234.775
29.2709	402.515
385.875	192.892
84.221	403.249
395.615	332.788
334.743	444.961
384.082	470.103
208.864	260.165
209.026	261.928
311.248	404.057
387.718	193.946
390.762	238.375
31.8134	246.724
79.4081	283.608
367.675	189.354
387.08	193.521
77.7574	295.112
361.44	413.316
389.677	195.813
448.418	377.959
86.9416	294.253
387.123	193.547
378.704	380.32
394.557	337.451
210.568	449.807
110.355	179.902
198.643	445.146
384.857	192.51
390.104	450.571
392.404	309.651
133.103	412.841
108.039	459.605
367.753	189.369
389.998	196.238
102.091	100.087
386.201	388.596
398.245	338.19
397.888	336.647
373.251	365.52
234.709	442.868
28.9951	279.902
313.123	486.033
338.735	346.548
232.443	443.214
392.369	308.881
371.792	379.508
390.862	197.694
389.193	454.867
389.706	453.491
45.5927	142.38
55.0632	236.488
229.169	442.789
351.23	271.078
83.8914	439.21
16.504	255.928
349.301	314.329
227.82	283.558
41.6727	248.154
210.365	254.865
135.544	403.143
324.685	436.471
125.523	434.595
364.387	273.337
389.368	454.461
342.688	344.119
169.816	335.02
339.562	336.015
223.234	434.741
390.353	352.857
383.759	192.233
211.01	266.324
21.764	195.037
186.385	230.197
389.922	452.595
388.867	455.513
181.875	413.707
142.208	459.01
212.078	267.48
362.847	189.623
34.8301	98.3759
391.787	200.834
42.3991	475.004
321.449	447.139
62.2114	483.719
388.262	194.368
256.498	411.694
389.378	454.437
392.371	388.483
219.109	288.432
391.844	201.466
363.379	189.474
391.981	411.668
48.1953	437.934
384.654	192.449
389.594	305.975
389.075	423.252
232.788	421.178
63.1691	149.155
398.059	337.254
439.689	382.839
32.4823	108.096
361.195	179.716
219.646	289.291
157.039	195.183
387.518	193.805
390.072	451.503
386.162	193.023
116.946	405.397
352.773	174.323
389.397	454.388
124.223	442.821
171.876	226.955
391.779	203.332
383.303	383.62
210.668	265.864
348.507	195.004
351.297	164.433
234.933	442.804
385.928	192.915
52.2832	142.644
39.2376	240.183
51.2884	25.9796
229.781	310.255
377.473	379.981
347.533	448.573
392.506	250.542
392.467	250.157
371.956	456.491
42.7003	20.8567
242.901	417.725
361.609	314.572
268.787	407.677
22.6357	109.841
366.08	189.18
391.832	412.814
351.433	325.701
313.425	436.287
388.378	194.467
389.481	195.575
111.826	479.209
42.4067	278.512
339.734	338.837
392.538	251.359
392.022	306.982
50.0033	14.0508
391.358	205.181
367.816	189.382
82.8692	317.071
386.382	193.131
391.566	199.639
312.755	410.207
198.403	448.109
341.703	456.85
194.821	453.62
113.988	467.26
64.5035	403.836
276.583	445.796
32.89	22.7953
118.537	182.258
11.5197	403.036
6.68507	257.823
342.179	343.605
71.1243	108.509
53.2772	288.146
401.421	197.942
209.104	262.312
386.985	433.044
308.796	315.25
361.922	189.959
394.584	448.543
338.668	196.791
293.216	471.889
342.371	457.248
177.394	436.298
366.78	259.05
23.3152	288.132
49.7168	96.8786
206.113	294.144
202.115	447.598
170.469	424.035
435.16	391.755
301.631	308.275
367.205	189.276
371.645	380.999
443.743	364.101
348.691	194.94
446.993	362.255
392.379	253.115
176.819	228.95
392.501	252.206
364.678	189.24
98.438	306.202
365.218	189.194
360.499	465.573
408.82	191.215
365.365	447.091
433.997	361.86
329.926	191.934
411.682	181.634
29.6496	148.3
419.525	175.429
363.705	189.399
45.5881	234.99
367.983	189.418
171.803	226.898
151.776	89.0062
108.05	308.962
367.59	189.338
81.1611	313.814
418.391	359.607
423.346	166.188
218.48	287.073
224.31	303.564
390.795	238.483
87.6843	139.256
345.024	458.235
104.89	458.799
395.336	194.814
368.067	189.437
366.407	189.195
69.861	74.9825
362.923	189.599
91.6683	416.826
389.75	464.467
389.013	470.032
79.1951	168.214
427.593	157.134
34.9818	102.607
53.5571	291.004
362.506	189.735
209.388	256.94
245.431	411.05
450.41	353.182
389.526	361.835
175.705	343.101
341.066	456.4
445.389	344.534
138.855	410.785
292.872	475.688
56.7652	410.17
374.548	384.429
437.593	157.179
389.654	463.937
413.139	174.338
34.43	252.759
183.146	303.02
265.522	448.242
87.6728	139.551
386.874	300.777
366.077	189.18
392.4	249.691
300.758	321.199
41.1202	457.101
180.498	301.73
451.324	336.485
20.6735	409.826
73.5407	312.137
142.019	124.636
367.045	282.792
103.385	448.363
54.2637	288.347
381.642	192.053
392.185	253.977
184.453	425.48
397.723	412.776
379.73	307.704
89.1584	433.968
336.963	454.238
85.8099	311.187
28.7077	486.077
5.6497	471.735
444.647	150.091
366.288	189.188
450.386	356.243
117.797	178.926
112.479	231.087
296.296	330.148
367.442	189.312
148.76	100.187
286.638	483.507
55.3278	288.451
363.082	189.553
350.966	322.723
243.789	449.946
451.029	329.266
362.33	189.798
120.21	476.682
278.866	477.214
253.463	57.8664
367.432	189.311
352.614	328.182
36.5417	400.607
191.192	444.467
98.2699	474.596
410.812	347.639
108.651	38.1318
222.061	300.777
154.658	450.665
366.179	189.184
365.438	189.183
51.7963	241.991
395.754	462.876
107.143	409.894
187.152	405.213
442.544	364.428
117.789	185.627
400.035	450.451
460.061	324.973
460.5	314.983
398.791	419.489
154.803	95.8783
391.701	200.271
446.91	362.325
384.096	192.304
209.659	264.043
277.342	400.94
379.564	349.183
367.414	189.308
362.768	189.647
389.185	195.243
63.158	147.113
365.168	189.197
166.809	347.669
120.093	224.605
205.728	199.963
156.975	345.857
363.145	189.535
66.8466	158.994
387.927	467.776
398.48	414.521
449.618	350.493
366.072	189.18
363.042	189.565
337.816	419.969
466.665	307.109
364.303	189.289
251.801	48.0053
367.427	189.31
170.973	251.282
64.8708	289.4
391.8	255.112
386.95	455.959
372.264	367.303
383.567	192.198
390.719	304.167
164.33	248.608
306.374	413.425
448.083	348.098
363.612	189.419
150.707	59.0607
438.789	364.486
117.44	181.155
317.729	403.096
451.307	157.551
173.864	250.905
131.99	474.111
365.009	189.208
101.037	194.715
459.887	152.414
107.295	136.304
408.49	459.524
466.229	332.845
300.652	413.143
211.576	452.428
233.289	488.073
164.544	93.6171
79.0231	20.2889
365.079	390.448
391.12	256.476
276.356	455.793
303.108	337.469
373.756	463.411
32.2374	93.1651
363.314	410.611
367.953	189.411
448.545	360.598
295.708	327.873
464.878	161.079
354.061	308.649
418.14	456.899
389.582	195.696
443.501	356.222
43.9825	440.681
450.286	356.77
15.5398	435.218
144.042	66.5156
305.843	23.5048
45.3429	438.696
293.641	49.532
391.825	202.899
419.037	446.939
383.615	192.206
65.0812	443.355
457.783	302.514
365.827	189.177
88.8121	331.239
398.565	420.421
187.855	441.426
98.601	320.342
348.014	195.194
200.679	447.966
348.937	194.862
365.176	189.196
349.343	313.784
97.614	454.276
218.738	287.697
285.942	452.945
390.716	304.162
388.677	440.389
313.1	31.1124
361.056	190.373
78.5845	112.827
309.208	330.838
428.911	448.517
90.0892	68.4617
386.652	193.273
61.5834	298.844
367.093	189.261
95.1369	480.521
358.347	305.503
295.711	333.578
73.8192	225.427
322.385	34.8255
436.301	455.254
371.17	203.096
364.684	189.239
235.442	448.777
185.368	439.311
390.923	238.936
375.657	431.599
393.487	389.354
226.156	307.369
72.308	409.469
386.385	193.133
368.039	345.337
364.984	189.21
329.847	28.1684
293.585	59.5319
324.494	448.281
398.351	339.881
70.2691	287.625
218.817	287.867
193.569	37.0793
359.294	343.52
317.36	311.67
107.253	200.26
62.8019	139.475
285.714	333.336
99.3521	464.996
62.8892	83.682
462.29	293.587
104.437	112.931
317.118	419.15
175.095	81.4558
146.298	120.004
348.119	195.15
365.94	216.114
308.709	446.196
98.6239	320.151
390.933	206.258
377.743	255.528
421.952	282.121
280.968	440.508
32.7847	95.8411
49.45	476.991
388.321	194.418
398.91	418.695
36.916	172.501
228.633	442.609
242.329	450.274
164.57	248.824
349.681	194.666
8.41463	467.129
385.624	192.786
356.571	385.192
35.9476	181.225
359.599	191.332
14.5563	449.611
99.1669	184.891
389.744	195.898
394.218	363.473
81.7254	338.294
317.524	443.412
139.812	75.0279
398.455	420.775
44.9729	404.461
169.446	403.581
204.151	65.9468
364.387	401.707
29.605	476.262
382.083	475.741
351.698	458.069
333.788	421.965
350.403	416.615
331.442	309.496
192.386	484.038
300.533	66.7239
182.668	486.395
440.675	464.247
67.869	408.96
205.006	70.4817
161.191	422.772
362.201	189.847
204.389	66.5289
13.3403	227.057
348.291	458.398
74.0729	344.731
10.6787	225.857
166.382	33.0557
240.804	235.222
38.5319	412.056
205.01	69.6439
210.715	434.344
398.805	419.414
297.251	76.1699
206.263	423.389
212.451	64.929
386.883	193.404
391.67	203.998
391.282	198.698
319.843	41.5888
420.984	457.116
245.962	226.655
448.869	469.979
302.955	84.3832
327.885	413.893
83.0384	164.668
195.217	80.0149
222.869	63.5513
34.0442	415.209
50.7226	316.633
163.18	247.339
25.5676	66.2962
68.6273	485.16
373.538	463.908
377.029	476.98
398.932	418.465
319.853	41.5644
137.702	71.2984
405.894	463.572
390.196	196.526
167.983	250.773
223.878	49.3181
327.05	48.5219
58.6761	436.418
80.927	217.023
70.2138	21.7573
127.726	72.0023
231.682	42.9981
97.6248	474.986
79.786	150.575
169.5	82.2301
168.816	229.548
307.44	456.116
97.1342	27.1836
171.202	82.002
182.729	465.601
27.5901	56.5028
391.268	363.142
385.381	192.691
40.5257	445.265
261.35	38.2175
37.7613	98.3325
112.657	483.468
388.536	194.605
430.163	363.497
441.255	280.115
387.163	193.572
446.117	288.853
23.7268	248.416
391.83	202.842
117.442	217.177
362.161	207.285
37.1464	156.89
6.76159	433.12
83.7955	52.0729
375.852	271.374
248.26	216.922
60.038	25.9623
320.486	38.7788
35.3083	420.936
369.359	439.495
317.071	311.466
392.536	251.534
399.957	354.609
233.465	492.381
122.386	430.211
322.627	447.717
217.922	284.794
364.458	189.267
32.7804	454.123
172.75	487.674
168.224	326.586
364.078	189.326
366.087	189.181
388.133	194.262
386.739	193.322
391.389	199.016
211.206	277.941
27.4605	440.028
56.5089	127.148
387.29	193.653
10.1404	209.05
348.497	458.372
298.659	93.4131
398.035	337.159
337.537	451.219
169.1	29.9793
389.71	464.224
387.904	194.084
391.834	202.788
249.158	206.963
193.212	39.4352
385.568	192.763
399.773	355.657
245.1	53.0598
348.562	417.525
120.954	104.247
203.327	81.3677
371.909	389.839
439.867	273.922
267.084	26.954
390.396	196.84
220.174	72.8864
389.178	195.235
164.17	22.1561
278.285	30.6279
425.006	466.271
24.2787	104.82
406.972	473.513
42.0073	292.494
86.2354	53.136
26.5823	55.5211
354.54	452.341
391.816	203.002
286.205	33.3144
218.699	407.851
130.431	402.086
398.843	419.19
391.405	378.929
168.648	321.471
370.757	277.366
387.148	193.563
223.864	495.176
174.902	334.312
31.4099	142.455
243.205	240.774
287.468	30.0963
287.668	28.0453
289.401	97.195
62.311	242.281
102.161	18.5389
390.78	238.434
18.1758	268.072
114.154	402.088
389.36	195.436
398.965	417.328
114.136	55.1475
391.269	198.662
456.522	476.415
146.923	432.1
287.63	27.2331
378.23	427.765
41.4056	291.515
386.478	193.181
207.48	54.4186
222.883	251.126
244.128	198.32
387.423	193.741
386.672	193.285
287.667	28.2846
398.148	337.645
339.913	481.184
78.5368	51.3062
209.948	44.0262
56.556	496.766
390.967	197.918
351.193	457.609
391.814	203.023
69.3072	300.514
239.276	221.3
399.678	350.788
161.972	245.281
367.959	189.412
386.508	193.196
366.7	189.217
282.783	94.3477
391.683	200.173
158.566	322.077
69.2286	150.734
166.631	18.0717
22.1253	436.251
110.582	13.1451
158.464	327.938
247.618	447.764
342.889	488.97
235.953	440.543
438.862	285.644
215.558	422.049
414.819	276.406
332.822	405.688
342.168	320.466
405.188	337.747
101.201	430.159
385.81	272.288
293.655	426.995
196.712	451.348
252.448	456.52
387.974	194.137
126.443	456.8
398.834	419.247
259.743	21.914
24.9397	55.894
26.0466	345.552
308.008	419.16
15.7032	348.779
44.5189	302.948
391.845	202.609
23.1094	56.6838
391.745	203.568
439.134	285.317
389.306	462.686
74.8899	295.576
23.0381	464.522
120.664	47.5728
379.023	434.924
110.761	219.435
340.257	309.421
297.366	30.4051
403.365	384.025
221.565	66.2004
114.221	218.944
408.662	383.041
226.614	254.682
249.964	19.8209
399.789	355.585
320.052	406.412
382.693	192.086
367.509	189.324
386.154	269.467
373.751	216.32
464.253	482.758
15.2937	157.983
202.488	91.3324
302.361	42.9208
412.855	379.166
341.678	319.919
409.855	257.42
120.028	213.956
77.154	222.566
475.53	377.761
46.3525	250.915
153.496	441.231
404.714	415.912
390.545	280.835
400.006	352.732
343.167	321.373
399.788	355.589
247.453	188.889
391.355	198.912
50.4887	313.582
473.392	486.818
59.56	305.394
147.445	445.978
85.8264	151.031
379.102	304.1
233.312	276.063
273.983	436.911
75.6481	293.535
183.068	449.147
301.267	43.6351
367.847	189.388
251.185	179.611
483.126	371.257
197.199	279.385
390.997	251.691
78.8867	441.461
40.7728	456.941
417.058	255.576
365.642	188.879
457.142	395.956
32.3841	311.774
213.929	496.312
152.705	313.974
399.67	261.106
415.232	268.546
325.042	448.373
347.442	189.764
385.32	192.669
69.3517	297.275
54.1068	107.814
52.294	107.115
343.052	181.986
399.789	355.585
424.51	472.402
387.029	193.49
342.31	185.209
390.17	303.423
425.217	251.059
335.539	177.478
358.681	178.118
187.509	248.906
159.651	423.829
37.0857	434.276
322.382	184.47
324.483	177.887
324.165	178.319
357.707	177.404
427.206	262.761
26.5944	147.834
489.864	378.646
339.382	313.103
54.2114	165.636
355.409	176.309
326.706	175.791
339.394	314.187
312.557	177.266
275.35	403.344
306.866	186.498
27.6383	162.124
424.38	250.337
8.18618	443.159
426.179	252.131
422.891	249.387
307.985	181.691
309.607	193.172
67.2531	433.79
313.604	176.838
450.082	396.547
331.12	174.11
330.972	174.13
372.161	393.478
244.487	462.57
313.233	176.974
389.15	308.662
108.38	420.213
340.718	318.541
53.5776	312.835
332.111	174.035
397.941	336.82
405.687	329.704
458.331	395.285
41.8491	314.88
397.048	179.295
423.151	249.527
356.851	423.383
44.4641	285.336
178.091	401.953
297.928	170.601
366.976	436.271
313.951	164.385
298.36	168.932
309.983	162.505
75.635	293.586
297.714	182.05
406.753	187.731
455.808	396.479
314.729	153.703
26.4969	135.276
298.415	168.781
19.3578	103.007
395.741	183.049
285.012	439.432
298.978	167.533
287.779	183.186
312.312	163.342
297.835	171.306
427.067	253.491
353.634	175.901
465.834	401.895
238.517	470.593
294.354	434.824
288.323	178.925
287.912	180.374
360.604	180.252
390.465	194.5
469.622	411.15
399.012	179.525
162	245.344
315.115	153.697
162.112	411.695
279.443	174.252
34.2544	321.951
321.604	156.74
282.724	170.401
114.347	482.816
45.3302	288.76
396.796	170.186
301.168	160.228
339.401	314.285
188.406	433.307
279.925	173.37
400.612	169.762
281.501	171.408
279.179	182.357
282.896	440.223
31.5938	299.403
294.303	152.957
75.8901	292.191
267.253	418.442
40.694	289.844
273.754	180.623
103.359	225.429
243.051	450.14
261.942	168.927
456.213	396.343
262.16	164.938
53.2159	498.917
265.388	159.821
265.518	159.714
402.456	170.09
378.84	226.81
22.6382	420.228
160.136	337.529
360.7	216.609
7.08984	445.306
109.301	219.277
396.219	170.387
407.958	173.96
83.3005	285.476
237.186	401.777
53.0766	210.704
248.805	176.217
240.625	165.116
262.182	184.639
202.947	447.276
361.364	347.328
247.83	152.963
260.95	184.11
260.728	183.993
74.4152	296.419
204.182	413.608
234.431	150.622
367.369	350.642
409.559	162.42
391.608	305.812
101.277	467.96
262.442	184.727
234.025	151.331
400.002	352.677
233.096	153.961
37.1635	295.447
397.432	448.648
18.2006	451.873
400.028	353.518
233.578	152.317
46.2086	442.589
248.79	176.197
399.971	354.478
234.416	150.647
42.5447	432.083
234.805	150.069
238.773	428.858
448.619	482.542
218.278	412.627
302.439	153.881
224.541	157.166
228.745	151.949
39.8148	228.551
225.935	154.53
361.884	378.15
33.4037	220.877
420.076	162.881
403.811	160.526
9.36764	470.608
244.722	316.616
415.41	160.733
420.449	163.205
426.732	263.597
12.2744	314.975
418.301	161.706
481.313	492.922
40.9318	263.372
428.272	258.557
48.586	417.349
215.783	154.028
245.418	315.464
388.613	237.247
12.9117	107.508
479.499	409.589
289.579	414.219
215.881	156.367
216.074	152.275
58.8898	440.387
243.592	450.003
106.237	408.543
229.723	169.517
402.856	374.561
364.533	325.715
352.852	265.752
387.492	230.78
215.828	155.989
66.177	291.986
215.8	153.828
393.161	256.866
390.153	326.073
216.692	150.555
35.1946	254.919
216.533	150.914
371.544	289.056
39.8761	279.471
332.896	482.868
368.104	232.346
207.06	153.235
276.965	420.827
207.001	161.567
390.084	451.341
354.806	333.611
445.13	478.917
86.4629	429.327
386.842	405.063
390.223	176.814
381.35	360.675
485.154	417.837
346.992	157.039
56.4102	311.037
437.206	476.296
263.397	184.983
137.057	403.53
398.172	337.767
19.7215	405.251
375.675	435.566
449.165	247.468
299.136	317.834
400.029	353.368
198.468	156.09
243.223	155.565
371.879	372.166
224.748	177.73
199	157.149
224.016	159.351
454.306	180.852
321.108	456.357
423.21	266.957
312.343	172.716
451.986	168.416
332.219	404.771
383.487	450.135
248.264	446.969
347.32	465.937
442.138	369.703
196.937	416.068
63.1465	256.927
356.091	152.89
378.551	478.433
398.247	174.7
400.028	353.356
247.229	475.504
240.407	450.369
333.041	487.802
172.194	152.695
194.713	447.194
167.222	167.933
180.487	289.489
454.887	256.059
328.669	196.984
161.336	159.375
195.62	447.562
157.91	163.69
33.4026	292.19
162.791	176.51
153.658	161.175
180.716	289.808
158.811	173.028
156.753	163.418
184.242	177.848
333.282	485.712
423.022	166.061
62.1287	410.568
153.52	160.669
180.396	414.92
153.558	160.817
153.484	156.101
36.9763	333.961
346.231	158.367
145.682	152.836
227.749	179.462
249.872	325.773
171.637	181.174
321.13	196.691
79.4625	414.525
454.232	264.923
209.935	165.322
298.125	456.006
237.947	449.942
147.899	150.904
424.937	156.315
444.871	238.953
299.147	403.377
158.847	185.174
264.698	160.461
391.222	477.105
142.164	142.756
144.13	141.576
234.961	307.368
171.33	184.991
348.474	197.404
366.292	338.586
39.945	454.202
455.22	346.255
40.1347	419.127
320.922	456.459
159.05	185.327
318.385	457.396
364.24	205.327
4.43677	267.567
167.265	187.005
200.112	432.253
383.034	215.634
154.481	429.167
38.0399	341.265
288.167	178.717
454.667	263.263
260.004	317.296
157.584	184.007
229.131	179.856
255.373	319.212
248.862	157.617
227.517	168.867
448.329	185.655
450.571	237.455
120.884	157.291
120.252	127.534
164.274	187.246
109.896	141.266
468.571	372.3
155.982	181.646
389.875	452.824
462.346	381.562
116.859	159.411
465.351	356.399
100.881	420.716
106.034	168.315
115.521	128.155
459.389	232.74
165.722	187.243
120.099	127.519
449.417	166.84
126.786	162.567
398.97	161.716
142.638	433.665
454.67	180.115
299.932	312.404
181.086	290.273
391.058	436.34
139.56	127.484
445.028	163.866
20.5586	471.771
122.606	128.09
317.914	319.356
456.79	328.658
116.841	127.744
120.303	127.54
55.8537	311.503
382.664	421.9
39.6974	339.933
335.068	344.821
163.006	187.075
357.206	183.299
75.556	293.875
448.097	163.825
241.675	417.106
105.916	438.978
309.639	460.707
306.645	401.627
196.809	181.575
181.871	458.956
153.752	408.147
393.208	202.909
461.206	384.871
52.3919	401.177
121.654	100.026
8.40433	308.915
432.422	477.27
142.774	434.633
189.554	192.419
418.354	349.607
369.598	189.911
102.125	103.622
177.262	296.583
365.377	277.693
312.632	417.261
256.042	332.222
76.2249	296.422
339.707	316.094
437.972	351.24
232.019	189.431
371.223	299.451
471.908	360.383
225.881	297.519
103.209	114.862
94.3173	161.083
134.28	116.208
94.7855	161.727
426.363	177.916
109.261	169.723
157.1	183.435
350.643	426.186
100.542	407.227
76.3474	296.335
396	164.148
488.327	488.694
80.8568	424.298
96.1024	163.103
408.659	383.042
92.6922	156.596
392.223	448.619
132.634	94.6407
461.125	381.971
179.309	287.19
101.464	105.089
163.428	187.15
469.193	329.05
159.959	459.144
202.254	447.55
186.477	300.467
478.489	352.853
88.7306	429.75
339.971	310.125
92.5461	110.105
231.307	189.617
376.984	391.842
170.327	282.794
404.128	161.34
128.02	91.3675
131.764	93.6721
353.86	229.402
426.545	252.634
448.838	166.617
94.9621	161.945
408.781	419.046
170.669	165.253
147.281	348.313
396.661	476.475
341.687	192.996
497.438	492.817
424.619	250.528
181.635	202.08
2.70366	460.279
49.2125	423.972
92.8263	153.588
98.6822	474.523
350.096	416.621
390.716	221.197
128.323	91.4771
109.858	169.846
304.728	189.315
296.522	303.004
453.889	181.546
469.873	316.095
386.574	160.809
356.402	188.557
69.024	287.496
359.353	359.09
419.477	248.331
154.457	247.015
389.558	453.956
467.397	377.004
110.494	169.937
45.6419	498.62
230.76	189.723
389.576	453.903
369.881	351.683
155.615	177.933
169.903	403.506
399.051	349.098
71.4122	289.155
85.1275	430.71
91.9306	102.065
263.698	185.043
96.942	429.712
404.564	467.607
488.312	478.694
410.37	412.992
108.798	150.28
88.9372	169.034
88.3521	167.759
210.063	461.869
17.1282	464.39
466.276	160.106
426.001	251.908
235.036	155.716
91.9932	172.44
191.236	190.627
392.987	254.044
91.7025	107.97
173.08	215.054
140.633	88.8802
108.914	450.805
345.119	319.233
451.755	310.134
332.288	341.603
464.576	161.246
98.4242	146.462
129.193	86.7655
301.893	301.105
392.303	215.756
427.652	254.781
98.0009	174.232
182.643	219.601
175	217.261
376.331	397.711
261.348	164.448
189.181	174.676
387.801	150.885
357.76	204.89
389.861	335.497
466.405	150.107
182.908	219.567
184.601	347.67
355.948	325.556
145.154	86.7805
451.723	183.908
110.805	177.235
142.73	78.5208
322.032	155.498
233.294	181.744
466.073	378.914
271.556	406.319
286.951	300.108
74.4411	182.152
200.347	441.221
143.129	78.863
137.348	76.3203
176.961	218.574
94.7863	97.8533
184.43	219.228
85.464	318.468
16.4731	468.561
301.293	459.425
72.0507	172.833
87.4857	91.6969
118.686	92.8968
231.06	189.669
85.3891	93.4795
36.2329	342.18
120.399	180.057
339.76	310.776
71.349	402.52
196.675	402.162
156.231	182.124
72.2667	178.522
349.453	416.963
364.018	192.186
299.581	57.5765
459.249	347.802
42.3343	335.304
390.942	479.844
33.8517	474.028
176.913	289.66
142.628	84.8377
91.8296	149.489
88.2793	91.2417
320.488	24.3732
169.446	203.059
82.9591	101.585
138.574	76.5121
309.949	460.611
332.37	34.2713
299.523	331.109
405.452	383.993
75.1423	188.144
430.631	438.666
114.938	400.739
42.3588	335.205
37.8768	293.813
47.6787	416.283
296.882	468.399
176.226	294.684
267.889	452.959
330.207	41.0558
56.3274	412.066
140.468	77.1338
444.602	449.677
298.176	478.315
103.923	178.593
373.821	458.474
156.899	183.169
400.026	353.173
443.885	461.772
404.69	405.978
63.2552	169.628
38.9487	292.103
64.0142	181.252
62.6699	179.108
146.331	84.9575
145.949	89.302
368.764	236.463
83.8598	95.7618
370.146	348.522
83.6133	339.781
411.955	248.65
187.413	217.733
449.762	178.913
288.44	178.307
221.788	416.923
80.0824	86.2027
78.1005	87.3462
197.308	219.177
191.617	434.081
173.677	215.889
177.05	297.621
70.7081	184.856
231.994	189.439
194.465	346.029
80.7905	85.9275
193.497	404.778
329.706	416.512
433.644	372.011
131.885	98.4399
471.088	341.585
374.468	436.732
467.995	170.581
417.692	406.181
326.935	43.7306
338.574	33.0517
78.2862	87.2118
197.588	152.954
96.7033	157.572
121.867	73.5769
347.227	38.064
237.959	401.979
51.8944	338.237
439.759	464.637
217.335	426.666
284.157	187.635
14.6107	319.658
39.4085	340.21
52.8223	169.519
356.486	41.842
88.1888	161.182
29.1397	342.215
215.423	443.026
362.255	184.952
93.6828	98.3681
341.682	346.807
111.746	58.5737
219.655	480.384
127.569	57.9514
338.059	401.293
326.628	198.543
112.04	175.015
55.079	164.107
287.445	343.185
294.293	69.5068
311.65	316.234
346.822	29.6276
155.027	79.6799
78.0558	190.896
100.731	65.2032
65.0579	182.931
290.318	187.605
172.806	214.599
74.2973	97.5622
466.553	284.541
102.088	60.2359
451.895	168.34
466.196	282.231
98.6671	57.1654
76.1027	89.3176
101.309	61.4414
148.79	165.481
146.493	407.597
389.934	208.802
332.869	18.6359
226.493	458.151
173.416	490.189
467.124	360.327
341.503	30.9195
292.137	170.304
420.936	175.595
234.339	403.448
265.786	185.203
125.766	94.2072
409.405	382.636
297.577	470.992
67.0893	199.167
248.558	162.303
69.4452	85.2264
205.281	80.4779
375.825	284.682
52.7784	207.965
244.731	170.262
181.364	226.241
180.815	225.835
388.592	244.182
85.3182	342.16
413.288	468.298
403.613	316.829
159.003	67.0938
366.201	39.4724
54.441	209.021
74.7994	438.181
49.9873	204.537
162.332	72.3061
357.353	232.587
268.726	463.06
161.256	69.7211
63.6004	152.223
375.27	35.2603
325.573	19.1279
134.861	452.24
69.3728	85.9892
117.65	482.467
184.771	227.742
196.47	86.137
400.317	388.592
352.414	21.9476
105.262	406.592
113.388	47.4135
390.547	175.91
455.357	381.771
83.3779	95.9282
181.836	302.503
426.139	264.438
123.878	86.2143
320.077	197.89
268.707	442.118
105.356	166.447
464.903	283.934
129.279	199.72
165.115	155.622
351.441	39.5753
191.485	432.074
87.021	323.475
466.398	378.527
64.0123	438.315
394.448	448.877
59.9117	210.046
312.78	86.2444
260.58	414.91
305.396	461.001
101.036	106.366
400.029	353.395
66.3955	206.764
70.4436	91.0855
94.0249	327.513
344.008	39.5153
88.7603	324.629
94.1843	207.9
228.686	33.4572
139.532	400.567
70.0415	82.9159
405.023	259.382
60.1177	210.024
162.585	75.981
452.47	183.256
116.227	133.518
305.837	312.886
385.193	34.0168
469.061	335.147
63.1416	209.17
56.6808	310.783
189.47	227.698
30.4904	201.328
58.4696	156.721
439.484	278.62
475.768	288.426
98.7573	421.497
64.8805	184.743
341.293	337.791
139.262	200.305
102.477	119.86
394.273	38.207
234.431	450.23
82.857	43.7756
58.0007	157.694
69.4343	85.3103
482.055	280.65
204.103	227.676
454.768	185.284
301.17	67.1906
101.492	452.411
89.662	403.883
70.1353	90.4203
70.7941	81.387
159.568	67.5952
403.939	35.6444
162.652	74.6912
54.2348	165.29
413.581	38.293
196.778	89.8924
424.394	266.169
216.967	466.993
157.967	164.849
301.959	94.3335
111.317	442.274
452.284	168.678
372.779	33.193
131.105	113.997
356.018	341.939
30.0375	203.589
127.041	214.371
68.1573	151.584
410.891	174.75
185.317	202.24
214.5	460.854
87.3504	451.985
84.6255	38.8558
212.692	233.063
161.541	70.2367
58.8727	219.177
271.292	37.1352
397.969	383.278
104.919	451.454
67.9527	217.607
428.086	362.821
240	468.243
125.832	424.674
377.836	366.669
22.4882	488.836
206.26	238.613
486.707	283.645
453.015	345.394
80.0997	89.7065
453.146	380.702
162.73	22.2705
299.73	441.794
30.725	200.68
288.685	92.685
307.723	314.598
339.829	310.547
400.046	161.218
452.283	350.039
43.413	84.7224
378.564	25.0364
319.023	457.233
468.055	328.074
172.497	57.9782
13.7069	445.935
162.734	187.017
54.3875	81.1575
65.3962	219.016
153.41	87.1674
326.525	31.19
422.161	33.1556
310.681	424.316
204.424	91.3074
377.943	255.512
68.0679	217.518
84.3354	28.5738
172.35	57.7052
58.4602	156.738
352.172	223.193
53.6299	166.447
130.213	218.502
85.3137	335.885
270.769	177.439
227.319	155.804
338.556	186.244
460.869	361.656
172.339	73.4476
173.578	63.5349
84.9355	313.628
154.981	177.646
474.622	342.924
408.833	454.374
424.791	265.846
417.841	153.868
242.296	434.181
72.0921	185.52
406.524	449.695
407.056	450.352
444.827	339.654
353.733	175.915
92.8802	473.054
99.3384	8.94549
212.157	97.6472
204.665	238.923
303.174	76.841
393.258	48.1554
356.445	12.796
250.829	154.363
29.7463	232.236
97.6994	323.385
301.997	195.968
211.55	438.059
183.264	62.0422
399.928	354.827
425.773	264.877
231.87	488.888
50.6492	427.575
69.091	216.596
186.278	303.482
432.128	33.9713
310.743	157.87
421.286	292.099
438.706	41.5027
129.223	228.453
79.7599	104.409
59.2839	406.861
446.449	266.393
23.3751	321.673
89.8675	29.9172
125.333	80.8037
33.1109	83.056
98.2765	321.884
190.477	219.857
160.849	52.9797
58.4973	147.724
39.5605	249.411
312.833	85.9419
372.393	407.937
109.662	483.226
398.043	382.154
447.279	267.209
399.395	356.914
221.093	226.807
366.257	331.967
346.615	488.606
243.018	439.83
301.449	160.426
0.899387	448.942
36.3694	249.181
442.875	447.718
73.8702	112.491
187.723	231.763
431.73	368.58
39.2059	92.6668
196.901	407.44
461.007	485.353
306.471	461.099
274.13	175.721
217.806	481.774
307.586	196.508
33.105	83.6638
225.607	400.62
193.826	202.454
456.848	382.152
385.764	216.822
270.957	463.007
107.178	428.152
97.9622	438.41
53.7145	467.946
435.335	50.9173
39.6565	151.205
361.56	298.508
388.779	183.286
91.2007	48.6646
51.4169	146.315
20.8862	336.569
218.358	215.737
57.1091	247.207
200.766	238.585
76.0779	489.65
406.496	462.95
187.691	44.0628
53.308	167.271
401.644	198.084
228.135	234.7
72.5264	328.187
208.129	437.088
341.088	400.059
448.131	262.649
305.913	23.8612
224.798	237.589
188.727	46.0628
199.124	237.945
176.609	217.344
426.156	264.416
48.3069	142.361
326.76	445.434
393.53	58.1517
309.068	429.66
112.194	217.97
130.653	200.759
352.951	227.728
398.027	381.466
398.978	66.5372
405.996	327.78
55.6784	316.548
182.128	226.165
255.737	411.209
399.875	355.155
408.103	460.493
406.683	449.879
49.2067	326.517
105.518	482.069
23.6089	469.07
56.3062	238.074
13.5413	343.355
149.59	90.4531
187.81	439.327
115.388	170.531
273.575	98.2485
189.43	233.067
467.144	479.324
445.038	265.362
425.721	264.935
462.799	468.631
50.1476	261.018
274.157	468.315
157.737	69.5396
68.6036	496.293
328.936	315.487
74.8539	38.0223
427.719	261.551
141.987	476.347
398.529	161.967
233.958	239.014
46.2237	262.652
289.198	49.9008
304.032	460.703
486.057	271.486
271.075	477.828
50.851	142.356
284.901	164.148
197.145	304.299
480.385	479.67
354.912	319.39
336.692	325.266
467.999	322.615
201.746	208.167
61.4714	489.284
20.5152	448.567
440.621	59.4057
42.7697	432.241
377.891	278.454
27.173	209.41
473.237	343.74
276.509	408.434
329.381	312.572
304.087	460.719
182.95	302.956
126.915	166.078
322.079	150.399
63.3415	149.262
448.659	40.5333
79.3293	114.249
53.1633	257.685
381.679	456.111
65.7396	33.9078
307.065	461.103
188.485	441.65
192.095	57.8743
399.34	161.527
314.874	29.143
411.555	155.599
420.256	246.101
286.149	51.5071
428.128	263.584
458.138	37.3468
29.9823	244.393
282.184	445.173
314.14	33.511
78.6806	30.6828
464.633	479.615
184.266	189.487
313.679	24.9423
478.799	478.406
417.118	274.125
281.979	342.612
52.7755	170.373
343.978	457.947
52.766	465.829
57.0355	212.881
453.993	47.7087
453.293	182.36
380.042	460.694
458.782	491.129
463.564	50.608
45.7137	262.731
218.051	247.343
182.967	302.962
42.5322	73.4737
408.981	457.214
469.217	58.8569
440.598	182.845
179.088	224.077
323.366	453.17
437.618	65.4051
89.0781	84.207
447.486	267.445
347.109	167.352
324.279	308.261
398.007	381.191
242.788	279.258
312.526	182.78
405.337	74.2549
330.8	477.066
267.857	462.945
28.4319	221.659
75.6022	437.408
172.253	42.6288
446.176	266.163
4.37759	481.654
197.342	323.481
332.313	413.774
224.298	247.962
145.142	444.355
40.8894	142.382
313.237	47.6008
242.149	496.286
332.866	323.468
87.5626	440.558
186.424	42.53
317.833	44.7964
325.717	195.444
69.6078	400.615
399.554	356.456
306.678	461.104
56.2538	144.813
28.4424	144.679
243.338	191.745
26.8864	81.7876
61.0998	86.6082
320.517	37.827
63.2556	153.698
126.258	421.67
455.184	178.668
223.843	247.964
188.685	151.08
118.911	81.3614
224.848	470.178
376.09	386.295
466.713	68.5385
453.662	170.232
201.237	320.693
398.351	339.432
424.103	474.441
361.494	181.898
317.208	418.663
382.57	460.386
387.145	365.523
188.697	45.9854
454.016	181.348
472.07	76.9827
427.98	265.991
347.853	458.712
41.3568	472.532
123.391	68.3101
99.9296	37.544
90.2023	30.1208
443.81	177.222
40.0673	73.9293
173.639	461.435
313.315	438.714
187.975	44.5127
450.156	167.188
398.435	162.025
52.866	258.183
218.233	494.048
291.417	188.851
191.344	55.216
296.198	427.693
220.641	462.235
18.3909	478.153
353.31	169.626
335.07	324.744
408.966	457.358
190.335	33.3265
191.906	56.8773
471.518	492.67
134.03	138.483
400.053	226.774
413.459	73.0009
471.311	70.1213
46.9981	270.619
398.464	162.007
188.608	45.7657
235.917	409.596
447.39	166.228
54.843	269.863
73.7163	225.711
38.8035	74.4288
141.441	459.771
236.984	218.077
180.562	225.627
391.336	174.386
285.435	93.5839
200.421	238.477
191.61	55.8851
171.799	212.077
319.664	434.294
47.009	270.622
397.828	379.987
9.68092	423.555
447.751	267.77
474.19	401.422
162.338	167.229
478.232	84.8585
48.5269	125.415
37.1868	259.709
138.43	461.616
333.557	407.403
244.456	173.652
318.427	31.8584
383.761	248.801
117.672	447.405
437.37	75.402
444.931	336.663
436.58	250.408
391.32	172.185
222.26	420.065
316.683	45.851
108.252	72.7134
191.823	56.56
34.8457	255.668
330.242	320.463
383.391	274.209
345.86	317.164
465.323	30.3913
46.6312	413.364
184.092	46.5321
327.253	300.945
324.482	308.605
437.88	192.469
318.956	43.3436
395.956	77.719
274.479	347.754
122.686	76.7901
256.762	154.763
247.538	179.847
208.095	99.6125
459.392	172.561
398.72	415.39
324.203	308.124
387.537	83.1145
359.193	353.52
174.267	41.0463
386.994	283.527
58.415	274.57
245.94	488.679
272.28	152.346
401.393	353.257
51.6175	418.831
471.612	44.6731
227.322	247.402
356.62	255.238
318.448	31.8855
453.225	169.665
322.996	302.898
58.2628	274.951
124.154	55.3178
60.0058	260.278
176.624	323.537
100.26	104.517
168.043	201.285
112.328	176.081
90.9845	424.301
434.208	246.17
449.536	30.9068
428.245	257.464
179.835	39.6459
423.236	72.3209
42.8434	412.697
69.3667	177.141
410.005	80.756
39.8121	74.0144
157.97	157.544
77.5154	169.683
425.008	74.2852
397.061	386.379
401.338	355.12
471.06	22.2006
441.915	246.602
157.993	184.43
89.6333	453.781
454.944	172.676
383.365	324.477
424.087	272.221
397.658	384.806
427.693	267.152
31.4974	199.152
122.328	430.065
50.9941	287.249
323.021	304.172
75.5832	281.071
233.068	421.791
188.809	66.7296
185.849	164.149
248.536	72.9334
298.322	52.9979
128.496	462.76
387.129	318.537
384.65	170.134
257.861	69.3217
371.364	190.867
60.335	147.99
189.748	65.7813
347.1	300.057
190.308	65.072
151.634	89.1195
253.978	320.402
404.663	448.05
330.408	320.744
36.1878	191.995
437.018	330.549
323.186	301.352
6.61469	306.731
11.7463	424.912
59.6854	174.005
42.3839	244.843
408.928	454.942
398.695	415.283
367.748	219.291
77.7354	191.29
319.475	33.5306
100.338	469.875
50.0695	251.99
280.468	446.423
58.6415	159.703
317.06	457.598
467.878	23.7335
467.185	78.3783
480.219	413.634
72.2625	482.982
441.074	188.817
253.448	484.363
386.643	165.119
198.917	52.5848
408.968	457.341
180.593	334.502
41.7513	428.033
394.756	393.37
74.7083	283.814
274.774	447.646
39.1358	74.278
370.552	217.448
217.333	256.29
98.7732	234.315
77.9671	147.089
31.5691	94.8095
96.0545	243.939
408.624	163.927
377.807	371.178
87.0462	239.597
396.566	153.633
39.93	240.09
428.276	258.223
35.1035	218.796
451.907	183.758
353.531	172.039
136.449	171.931
405.009	150.598
428.125	264.822
480.791	19.8972
407.344	450.763
57.645	78.8786
94.9054	178.028
320.419	36.5743
77.6508	138.85
228.928	189.854
485.399	498.859
174.025	41.1951
419.538	274.08
213.965	252.66
424.95	271.506
103.36	152.92
426.91	268.994
320.102	40.8334
406.459	449.621
92.5801	32.2301
227.657	272.43
392.402	309.934
149.056	130.647
409.517	74.0504
65.1722	151.56
253.122	155.532
188.375	45.2507
409.963	74.6182
24.7728	88.2826
14.6773	349.558
452.376	168.763
424.378	271.998
22.9521	193.958
86.7431	28.744
286.684	424.616
274.027	154.008
77.6379	336.866
33.1689	163.276
200.958	211.463
350.251	167.908
400.882	302.072
76.1852	40.4388
241.134	405.484
39.2946	143.986
459.075	248.811
317.795	44.837
295.01	54.2458
13.7262	197.816
38.0471	141.342
455.772	254.974
313.558	431.273
471.131	417.806
54.2542	215.238
481.432	42.783
58.0369	107.142
232.792	240.283
390.115	201.617
376.893	484.248
18.3434	75.063
399.934	251.659
15.1774	70.1834
449.416	237.471
445.586	373.09
300.528	174.267
162.976	73.1004
411.309	248.061
471.839	92.5481
217.353	230.867
407.771	461.149
427.27	268.27
57.4763	240.695
295.213	54.2062
408.842	458.193
369.512	441.326
453.947	170.652
117.219	110.619
113.074	488.423
157.411	448.858
268.261	414.332
201.671	216.468
478.827	99.7012
320.742	176.714
212.144	254.712
188.844	46.3854
173.053	41.8985
72.7093	286.586
228.056	222.735
199.189	50.7228
69.751	288.587
143.858	70.0596
352.025	264.26
455.284	178.266
320.511	37.6004
174.69	324.974
65.1356	149.895
9.59896	61.8839
397.9	383.745
112.119	495.988
337.62	314.444
388.684	82.092
377.682	416.789
158.164	323.835
224.798	281.63
72.2422	271.858
480.149	40.3155
90.7378	433.364
242.489	332.517
230.291	423.424
209.313	263.098
319.92	34.5705
34.9552	88.1047
42.7197	328.491
401.353	352.797
392.486	296.278
38.6794	340.818
320.067	35.0082
241.122	277.352
424.897	254.834
79.1428	340.711
464.562	253.53
169.827	91.0352
341.35	493.686
18.1388	95.7653
67.8559	289.205
233.189	160.834
357.893	177.943
33.1521	228.189
144.805	137.01
401.794	412.167
303.864	153.57
201.359	170.466
170.269	45.5308
179.818	91.4598
211.841	267.254
11.1627	416.293
254.935	334.397
50.8036	287.143
454.146	235.217
87.0612	481.187
15.3623	218.994
386.863	164.841
143.13	457.823
158.353	150.313
24.5656	168.373
464.47	261.286
353.008	227.861
330.339	320.63
178.953	223.896
75.521	335.278
80.2009	445.01
15.0472	165.308
459.315	189.507
38.6228	349.574
239.997	468.231
90.2261	157.605
296.056	53.9941
37.1585	131.888
401.4	354.406
61.6116	84.2389
53.3517	453.604
48.132	284.92
92.5909	400.201
325.617	435.894
19.7581	440.958
20.7356	197.617
246.857	170.943
377.395	277.922
269.963	316.391
75.7087	279.861
359.839	344.981
340.71	456.01
363.014	455.909
112.41	130.055
160.107	196.659
191.805	61.9757
52.5212	142.714
114.722	161.905
171.53	43.4504
282.593	161.727
357.27	283.476
142.986	442.794
359.548	158.405
464.656	263.733
382.928	485.587
187.156	231.177
29.7263	234.988
185.115	156.457
248.265	335.643
55.2752	421.32
18.7928	214.364
342.894	487.75
400.593	349.928
396.871	479.482
280.383	434.939
468.789	389.112
78.7034	154.477
363.931	347.308
160.33	331.499
139.242	461.257
56.4212	260.246
45.7678	426.109
390.138	310.199
409.007	456.862
191.716	56.1992
323.413	300.453
452.961	169.361
130.064	112.785
243.711	263.145
163.956	334.285
295.82	476.117
34.6795	438.119
48.8233	285.658
197.102	323.573
187.822	67.4974
206.087	209.084
406.153	270.688
367.578	333.709
208.973	261.607
216.67	241.236
75.0085	36.7298
27.5893	81.0641
94.3752	424.15
10.858	51.9635
281.776	433.602
394.15	338.175
210.138	255.25
455.512	175.421
248.309	158.137
337.324	411.152
88.3422	471.267
116.972	137.911
182.077	466.801
192.075	57.7379
210.998	200.373
143.566	457.1
359.659	341.709
407.714	461.251
273.058	164.739
382.331	437.854
324.502	459.759
24.2165	492.681
51.521	287.515
269.469	462.274
91.7481	417.198
253.514	410.949
49.0266	285.849
84.6076	337.923
422.833	344.865
227.423	283.386
316.109	418.817
223.401	280.026
397.849	361.549
182.468	40.122
200.303	447.588
457.922	395.54
74.3368	112.768
33.4712	133.509
113.538	480.539
12.6431	159.864
272.139	446.891
427.597	165.505
342.349	491.625
282.372	172.92
200.292	253.502
323.651	306.93
400.922	310.315
415.334	180.452
100.714	96.6744
46.2583	452.99
380.064	199.111
189.333	233.008
225.124	281.92
48.6243	285.461
50.2626	286.81
398.501	177.236
40.9492	106.872
350.361	279.747
46.2729	288.084
111.799	51.7948
98.8324	119.756
451.879	168.327
318.907	32.5349
165.951	338.664
115.202	178.572
211.067	266.397
449.072	400.195
402.069	308.233
476.007	382.473
332.952	323.534
74.7648	283.696
232.193	284.282
381.192	399.696
401.073	416.977
434.801	171.377
438.435	378.546
84.4299	434.079
170.558	439.703
175.957	73.8712
148.72	123.401
173.7	405.903
191.943	227.286
382.351	253.023
40.8436	242.931
173.063	41.8903
264.47	406.629
269.821	319.2
192.025	57.4381
374.091	372.961
192.744	197.782
20.5725	457.872
233.039	479.758
407.126	226.425
308.338	171.889
27.0245	95.1366
20.4636	154.548
269.406	150.269
183.464	402.241
405.2	194.835
41.8794	247.557
160.959	52.9486
15.0907	494.033
71.9629	287.246
491.152	488.977
222.287	476.303
472.852	352.961
386.391	411.875
27.4988	81.1493
323.228	305.531
324.445	308.544
312.968	471.045
102.823	130.71
312.051	489.146
323.361	306.054
188.837	46.3628
62.1339	288.772
5.22907	43.6982
426.359	269.883
336.367	325.186
149.019	255.406
309.842	47.9548
160.664	285.367
357.189	359.106
400.399	480.67
204.065	151.862
380.973	479.607
320.401	36.455
401.109	351.446
466.447	390.669
419.645	339.69
72.6599	286.634
319.126	490.868
157.459	411.869
370.432	353.575
417.751	460.266
427.349	268.09
362.191	382.307
114.024	47.7672
233.218	234.12
120.473	42.7885
122.047	474.41
208.698	453.653
10.5553	35.2347
84.0439	95.917
379.312	360.615
52.5732	187.194
324.58	150.696
237.512	282.364
261.983	340.266
52.0687	400.413
464.947	99.7933
51.7978	71.7809
421.246	158.719
342.879	489.113
191.855	56.6778
262.422	191.546
190.381	64.969
111.653	499.445
449.445	396.342
48.56	285.395
188.282	45.0647
452.554	168.935
401.32	303.245
474.905	155.051
209.519	263.695
189.732	65.7999
391.668	292.108
192.003	57.3222
320.518	37.9487
96.8539	130.747
231.743	480.052
91.2408	413.032
157.451	195.462
172.67	324.769
155.104	167.401
50.1229	286.716
107.64	179.564
145.997	245.874
76.2245	103.337
93.9153	287.086
79.0938	189.241
348.009	346.709
221.924	276.828
191.935	57.0016
40.7528	162.47
289.351	53.6433
189.009	46.9092
93.3517	143.563
49.2083	277.839
236.776	477.697
366.137	400.006
190.147	65.2895
171.828	344.815
258.41	341.938
345.1	454.971
458.547	395.138
257.307	419.48
91.9046	31.4842
401.732	199.789
323.071	488.001
244.28	410.233
185.668	454.789
111.322	416.354
180.778	226.846
67.0887	287.267
318.786	43.602
379.519	375.412
243.763	440.722
66.8305	466.496
389.544	220.085
320.489	37.2116
181.635	47.803
485.345	493.85
364.481	200.711
189.126	47.3654
58.6547	444.372
401.971	308.982
183.434	40.4912
433.313	170.448
65.8976	162.539
401.033	167.522
468.175	389.617
331.707	155.967
84.0279	338.029
315.322	46.7481
421.387	273.638
405.549	150.678
29.6616	79.5796
76.1872	33.5472
319.961	34.6876
52.9026	181.621
122.232	474.082
53.9125	67.3722
161.848	341.062
244.188	292.718
142.868	99.1406
209.582	263.856
481.249	471.615
451.65	236.26
401.357	352.839
253.154	417.311
188.973	46.7865
468.24	237.394
5.18398	495.395
417.98	452.815
320.517	37.8822
58.0197	442.247
99.5544	37.1843
43.0431	484.984
378.012	314.428
142.269	458.942
224.976	275.13
164.515	183.535
233.645	269.962
67.6491	181.39
398.176	486.749
170.124	345.015
233.972	237.061
218.139	285.97
171.487	226.641
171.928	344.794
90.6534	82.9778
155.383	348.691
86.5223	433.355
478.169	310.511
341.279	38.8118
410.755	186.925
27.2646	81.3803
49.4035	286.176
466.917	390.428
381.953	214.852
458.373	191.376
342.249	32.7214
160.088	455.309
172.7	462.945
353.967	154.796
16.426	227.889
90.2838	115.292
27.5437	81.1068
28.1028	499.916
95.7354	93.6053
55.3086	144.068
401.48	260.806
125.712	155.329
430.827	347.271
73.6414	273.336
389.207	488.219
361.016	162.079
62.2343	95.8103
81.6746	337.807
202.708	422.8
463.211	185.402
49.4318	286.199
27.1135	146.7
24.4758	89.6039
313.904	163.51
320.895	479.442
120.596	32.7893
475.336	164.34
370.019	281.667
467.277	161.265
385.235	423.11
219.979	258.574
281.322	188.469
188.981	46.8127
74.7805	283.663
339.531	336.671
407.256	226.656
188.631	45.8208
447.429	166.236
242.743	260.053
161.678	458.426
381.031	198.199
168.594	205.234
434.464	162.861
9.83565	263.38
301.695	462.76
408.688	458.868
102.06	178.276
151.579	152.269
178.706	430.995
319.589	42.1865
169.1	79.9185
233.502	234.811
16.5398	472.744
32.1314	141.953
175.553	40.4002
193.39	343.367
71.736	271.45
430.845	487.145
156.417	421.814
442.335	193.66
69.4507	78.1477
390.806	339.622
87.2552	432.932
230.649	480.163
74.6782	271.187
64.8384	414.066
82.4987	338.142
353.652	39.2019
381.434	479.746
168.231	221.349
356.845	35.3284
113.196	455.714
210.222	265.165
79.3735	406.926
39.1018	270.102
323.004	303.938
218.504	287.135
140.023	128.916
272.775	163.428
84.3211	268.538
71.2677	287.755
175.242	40.5356
74.2085	284.719
32.2744	277.408
325.404	451.313
459.37	177.792
243.801	288.076
365.663	432.097
445.357	203.192
342.93	318.291
225.946	194.512
169.282	345.005
283.667	166.97
288.412	168.19
240.615	304.801
304.3	179.799
26.9976	95.1071
237.121	477.38
235.014	311.152
224.326	303.628
396.978	202.995
440.319	355.778
172.853	88.8297
261.988	415.805
74.6291	451.664
36.1221	76.2972
237.22	482.258
192.066	57.676
330.949	321.538
141.688	442.274
337.447	177.933
190.381	64.9688
160.697	339.125
365.406	46.3621
212.071	154.376
72.665	85.0388
464.788	254.652
74.8219	283.573
362.928	49.4903
244.027	301.242
209.75	264.25
366.461	41.1436
144.467	136.119
366.883	460.929
27.8021	156.768
396.079	176.923
36.3309	203.621
141.046	460.104
181.776	404.347
365.816	38.2441
174.186	228.277
237.767	476.697
75.3673	41.7672
450.25	356.927
411.419	155.759
364.736	36.1908
38.3794	239.244
187.041	43.1992
381.008	221.546
240.604	308.733
394.86	218.856
242.862	268.796
137.288	348.67
366.463	41.1707
89.3712	442.086
180.922	39.7544
357.87	156.897
361.316	398.835
317.789	14.7441
447.358	347.343
358.41	58.4118
123.256	23.1496
153.386	174.447
355.038	23.9259
318.972	32.6366
191.905	56.8748
376.166	38.6447
362.143	384.116
124.49	482.095
38.1004	415.604
375.368	266.454
376.198	39.2495
33.0827	116.92
224.863	305.202
419.871	168.078
320.468	15.5548
12.3715	191.605
174.191	208.653
157.06	181.519
185.75	466.089
323.172	484.421
197.491	403.52
220.821	473.675
389.865	465.777
454.396	447.66
423.539	333.617
50.6837	287.073
86.6339	264.366
437.539	401.468
208.844	459.657
476.469	231.712
115.013	301.785
233.656	311.194
267.845	193.652
450.485	355.425
93.7205	416.108
119.327	111.716
198.939	87.4389
312.346	451.28
39.9479	73.9681
29.592	79.6175
457.905	92.6933
400.423	334.583
174.636	228.448
359.443	68.3584
362.874	304.445
258.885	459.014
12.1409	429.281
243.581	234.291
361.433	24.3998
171.899	43.0085
393.118	429.127
29.7043	266.683
396.902	194.269
407.931	201.574
115.824	90.014
242.93	305.754
89.2459	29.5843
186.678	42.7918
291.53	462.032
359.77	50.7468
174.426	40.9534
120.666	15.5587
378.944	413.219
59.6153	76.7129
453.664	459.681
192.173	59.7802
209.672	480.953
384.218	30.7947
469.591	256.379
147.674	117.68
448.261	360.962
163.077	82.4862
209.009	258.442
237.567	28.8603
112.458	152.874
114.476	196.246
109.495	449.51
80.1432	85.3031
384.34	31.0486
8.88575	442.537
50.5894	185.862
243.879	299.488
9.47813	253.387
381.429	43.1386
33.0261	492.203
445.925	363.047
436.257	444.209
239.19	309.765
46.7112	447.5
222.434	447.299
449.935	357.996
30.2925	425.493
369.203	70.5351
394.316	29.9215
475.785	157.011
373.241	473.479
103.105	331.703
457.477	395.788
92.7296	138.467
416.389	274.022
366.573	70.5538
309.24	313.153
184.593	66.7546
372.959	332.338
111.143	50.3682
75.4067	471.639
452.182	233.985
354.281	154.888
396.948	476.118
130.473	72.0059
274.773	430.874
156.474	427.046
397.028	383.317
163.913	403.835
243.521	266.929
228.794	465.584
178.063	39.724
92.3885	349.232
399.666	419.282
389.866	466.16
389.803	464.857
339.845	443.751
64.6677	422.333
383.865	457.315
79.1987	78.18
126.476	424.282
389.737	467.595
441.451	364.592
82.5871	68.7716
67.2204	46.0858
489.607	286.284
66.5279	408.017
241.07	308.3
293.19	327.735
354.482	326.128
241.272	477.273
422.138	33.1173
26.3804	82.413
342.378	415.267
128.398	474.439
423.51	39.4897
180.684	476.704
33.956	140.555
191.96	57.1131
350.873	293.943
389.202	469.575
337.161	410.941
27.6855	156.592
336.672	423.479
341.302	450.788
246.153	23.7335
192.03	57.4673
159.578	433.768
154.399	188.831
269.954	47.0454
239.308	309.692
172.731	242.457
33.735	116.728
229.781	169.131
113.346	37.1927
341.296	174.262
63.3478	98.1319
174.789	426.381
89.7119	69.1022
276.479	425.12
243.398	401.259
371.095	379.131
128.61	88.3622
58.654	345.606
13.7987	334.84
360.394	398.26
238.15	405.049
155.149	444.837
276.696	482.428
183.435	349.445
356.814	156.092
146.662	428.974
355.035	262.34
244.297	291.56
28.5532	334.934
12.5555	444.738
113.021	197.222
389.253	291.465
90.6186	30.4002
37.9432	409.535
74.4778	36.6271
218.948	288.131
252.658	16.1386
426.165	396.124
192.179	58.8181
179.797	176.046
172.945	308.284
82.5984	28.8155
428.101	263.236
29.9343	143.748
486.077	234.484
408.294	255.915
446.831	182.87
71.636	225.859
72.8547	69.8669
162.47	197.034
14.8028	223.168
224.363	303.769
236.467	233.762
458.594	185.452
149.886	56.7687
419.929	274.017
87.3662	424.092
335.277	8.93015
48.9261	285.756
75.5328	281.35
351.535	211.385
491.978	242.558
459.925	324.699
192.042	60.9377
167.872	234.672
89.5993	67.1301
323.036	304.338
14.9709	220.394
404.734	467.276
322.685	489.349
99.0813	488.817
169.002	238.541
232.902	476.228
388.125	22.1043
98.8526	140.826
121.098	415.866
443.937	364.033
72.006	287.212
218.73	287.68
248.564	188.455
353.474	15.7582
28.0362	157.098
33.3743	94.8369
443.216	364.265
393.097	385.096
53.5697	205.342
162.403	188.009
68.2522	289.11
83.0866	475.076
96.2156	463.775
268.434	407.929
79.727	29.9667
387.567	164.069
91.0749	68.8281
58.066	450.541
72.7238	286.572
410.068	199.217
373.051	384.762
198.288	246.883
229.153	410.595
174.479	232.292
214.106	247.358
129.115	145.218
104.664	330.561
406.383	407.775
185.233	346.137
127.151	165.914
64.4351	340.944
390.437	162.088
388.507	56.9545
89.7324	304.853
424.289	250.268
126.659	129.43
444.895	363.626
338.762	453.114
392.242	161.463
49.3752	175.679
72.0575	226.174
443.522	50.2666
75.3671	235.61
4.42311	414.438
388.514	213.044
263.333	437.422
440.041	211.662
8.92228	470.759
449.214	319.432
447.195	362.078
476.975	174.981
246.31	423.624
52.7615	287.999
312.235	18.1353
223.736	477.814
154.427	155.536
243.999	300.453
384.596	153.971
243.679	262.935
148.415	466.851
211.661	260.916
192.813	248.897
92.1467	35.9468
166.566	81.5932
391.604	54.7202
99.9088	64.7006
222.891	267.846
404.763	270.216
263.369	56.5028
80.2082	31.1082
339.418	5.08623
474.319	300.674
30.826	79.0461
169.362	255.312
425.41	251.251
132.281	473.596
27.3893	267.706
304.88	182.364
486.968	174.617
443.316	364.236
334.456	412.878
191.88	61.6981
190.304	75.0131
218.554	287.263
444.263	49.8167
389.826	465.087
291.516	492.236
289.083	328.261
319.699	425.196
219.099	288.415
439.38	362.645
218.095	285.784
365.284	344.797
177.854	180.011
427.939	255.684
372.639	257.363
231.577	310.896
76.3818	443.002
447.655	438.934
28.467	80.3362
323.273	486.457
170.322	251.25
425.475	270.981
412.66	468.613
168.771	218.075
291.48	161.889
442.65	354.534
29.9656	79.4227
389.512	57.4273
375.349	461.92
80.6248	308.983
65.5001	480.072
356.092	313.878
191.821	69.5358
400.76	26.163
148.595	49.3934
193.241	449.427
75.701	280.014
457.843	395.586
157.476	253.069
277.605	174.248
242.845	305.917
349.46	68.9492
119.07	103.35
25.581	83.673
361.281	165
417.632	455.471
249.502	26.1879
82.7605	110.609
358.144	318.461
147.778	43.2552
33.2731	231.532
186.079	42.2045
377.063	222.236
217.938	284.919
348.815	16.7832
136.49	151.972
232.596	280.324
76.4795	20.6708
166.338	44.3027
235.721	38.6884
120.457	40.6311
398.647	346.964
239.453	309.601
149.01	472.557
455.059	195.28
115.975	472.609
461.997	307.747
464.042	189.025
15.0309	349.903
62.1993	39.2358
428.363	348.783
418.612	267.615
449.834	358.267
305.121	407.886
270.245	150.648
184.931	50.652
396.855	276.337
476.055	330.987
410.523	383.122
309.658	337.401
363.145	343.083
269.276	39.42
290.297	481.82
121.097	41.4511
350.363	78.9083
178.778	349.255
62.061	222.137
352.363	414.728
429.257	363.418
125.472	119.889
21.5609	231.85
52.0768	244.246
38.4044	247.527
224.014	188.726
312.541	466.812
16.8256	228.451
458.158	160.242
63.4811	470.094
13.5604	289.797
100.561	423.538
185.182	425.444
419.321	188.088
185.077	346.591
117.426	479.259
218.063	285.642
297.887	58.5858
240.776	419.153
301.049	444.652
185.312	438.618
161.89	245.089
232.412	48.1251
428.141	263.866
94.7418	37.4403
368.656	350.148
265.612	194.468
8.72797	405.412
472.555	167.487
447.765	361.524
198.352	246.932
244.266	292.062
75.8729	223.949
301.164	14.6669
21.4747	293.2
206.223	454.888
437.146	454.19
238.67	292.003
72.6964	412.723
322.672	482.479
115.543	41.4427
291.689	11.469
26.0641	201.654
366.322	463.474
54.0616	249.548
424.586	252.629
458.917	346.817
113.243	219.21
226.218	408.478
314.321	421.927
210.479	265.583
166.022	206.825
191.73	30.9851
47.5765	250.68
451.445	349.582
292.992	303.237
352.387	201.421
247.535	433.708
277.054	182.491
32.8265	141.686
428.286	180.249
39.9182	158.717
72.7898	494.382
222.474	159.416
168.369	250.892
164.333	248.611
244.185	292.735
34.0827	100.994
78.8128	191.072
10.7761	428.751
212.998	445.317
101.822	316.839
389.412	295.841
481.519	267.958
326.667	453.933
9.11312	462.506
65.1721	23.2878
18.8763	442.885
156.701	165.353
106.127	127.818
193.487	462.035
79.3874	114.329
57.6943	440.234
447.982	304.498
182.68	79.6787
358.768	404.856
434.321	446.351
31.7885	246.701
357.886	445.203
364.326	243.248
454.164	151.075
226.473	195.75
442.785	155.134
188.095	39.042
128.649	413.185
114.767	218.747
146.682	43.1695
74.1422	214.1
211.456	266.852
192.064	75.9728
61.3309	98.8649
442.99	462.687
223.519	296.595
422.5	254.154
290.952	69.1789
224.623	478.482
419.905	359.878
64.916	469.816
445.38	459.446
245.245	439.164
465.551	30.6357
347.669	88.5386
78.3983	40.7729
118.01	309.848
104.642	217.072
439.444	75.237
211.647	254.105
88.7086	116.635
269.891	407.023
217.955	285.042
111.306	153.552
164.772	248.995
358.112	359.304
31.2867	142.364
446.122	453.368
207.913	200.295
204.341	248.95
352.253	154.479
462.133	337.348
489.58	225.118
394.298	282.224
143.419	86.5328
401.766	387.655
330.101	24.6237
273.081	152.803
401.422	310.963
424.341	334.432
75.7129	279.126
161.252	242.787
83.9004	36.6674
