Saved a vector of rrt <nodes> points.
X	Y
250	250
256.896	257.242
256.542	242.437
257.909	267.19
267.84	266.015
240.685	246.363
277.582	268.272
253.746	232.835
246.254	226.212
284.956	275.027
262.189	227.475
293.434	280.33
301.262	286.553
260.874	225.821
308.597	293.349
302.969	301.616
318.448	291.63
236.711	229.201
248.812	271.343
230.609	221.279
228.104	211.598
231.851	202.326
296.153	308.933
241.145	277.762
263.484	216.168
237.925	287.23
221.962	200.842
292.993	302.3
241.607	296.527
270.13	208.696
233.404	302.247
272.359	198.948
223.836	305.156
213.875	306.034
324.71	299.428
226.003	314.919
330.788	307.368
275.064	189.32
279.92	180.579
212.372	198.008
289.749	178.737
204.938	301.547
303.707	311.588
221.536	323.865
212.688	197.101
273.057	217.196
305.193	321.477
297.863	172.893
299.316	162.999
298.628	153.022
202.434	196.894
288.96	150.468
340.725	308.488
348.271	315.05
304.838	145.184
355.469	321.992
194.951	301.038
185.451	297.916
248.875	295.438
285.85	140.964
177.63	304.148
169.722	310.267
311.722	137.93
364.591	326.088
160.514	306.367
193.193	193.072
154.03	313.98
323.289	305.687
223.492	333.672
183.2	193.432
144.117	315.301
321.462	135.666
331.34	134.112
223.399	343.671
323.198	282.831
296.622	326.629
286.15	130.969
368.578	335.259
178.35	184.687
171.089	177.811
337.653	126.356
138.077	323.271
181.59	288.691
232.973	346.558
371.712	344.755
341.49	117.122
178.189	202.086
164.628	170.178
155.928	165.248
351.008	120.186
136.458	333.139
381.052	341.183
300.151	280.639
282.028	121.857
146.68	169.054
340.409	107.18
133.318	342.633
388.92	335.011
143.762	159.489
137.836	151.434
289.805	306.914
127.894	351.034
361.008	120.066
398.9	334.372
137.382	141.445
407.071	328.607
136.998	319.231
346.312	99.8956
371.005	119.837
180.473	211.821
362.413	348.434
385.271	350.25
235.823	356.143
374.854	129.066
274.283	115.532
169.314	161.344
127.386	141.186
231.479	365.151
236.101	374.018
239.249	383.51
117.532	139.482
266.419	109.354
127.407	361.023
376.777	111.67
146.348	159.029
386.276	108.547
389.757	359.187
108.678	144.13
416.975	329.989
258.86	295.993
171.426	151.57
139.85	131.754
384.303	132.34
117.917	351.713
186.592	219.731
125.086	370.75
168.211	201.422
130.25	311.851
108.033	350.195
234.333	392.219
193.299	310.901
392.821	137.578
396.25	107.827
355.321	95.5535
347.226	300.89
123.088	380.548
106.039	153.775
218.691	347.285
100.03	139.108
266.036	185.019
352.866	292.631
389.322	369.178
266.339	99.3547
390.012	379.154
122.736	305.253
163.92	312.121
277.451	146.391
142.148	122.022
400.012	379.113
422.689	321.782
432.652	322.636
303.711	181.005
435.903	313.179
256.428	109.758
99.2102	354.902
361.227	287.146
266.269	89.355
114.129	384.991
246.844	112.615
240.222	196.856
403.775	388.378
137.147	363.285
353.888	353.66
395.828	97.836
230.196	401.322
368.969	290.694
401.833	398.187
439.952	320.505
297.734	336.567
404.398	92.6833
405.406	407.527
95.5509	130.168
410.987	85.1612
377.654	285.737
91.0174	143.441
92.3578	362.185
183.333	278.844
427.914	312.538
274.027	83.0449
257.646	84.2912
88.3048	123.276
145.451	112.583
114.814	394.968
85.5286	369.49
83.5484	150.09
73.7335	148.175
420.931	84.097
124.092	398.697
353.281	363.642
79.3615	377.362
439.529	308.548
425.525	75.215
382.745	277.13
143.349	102.806
429.975	66.2596
277.014	113.443
82.9292	114.844
255.939	74.4381
230.584	411.315
113.109	302.546
211.81	354.541
105.988	295.525
205.955	362.648
305.706	133.643
171.976	172.573
311.088	187.755
277.001	152.942
449.529	308.495
220.598	410.781
75.9062	107.725
351.861	86.1712
64.4186	151.812
172.312	296.254
390.749	283.125
388.889	269.24
101.402	304.412
228.718	368.336
398.683	84.4773
79.0104	387.356
300.27	147.935
143.053	92.8107
220.066	197.867
147.614	83.9113
149.632	133.831
252.936	64.8994
99.0978	288.278
91.307	282.009
388.816	378.66
54.4437	152.521
432.568	56.6017
72.0549	394.541
91.4452	305.34
154.127	76.3231
238.331	417.638
242.722	103.504
404.046	114.091
454.207	299.657
123.54	408.682
91.17	109.179
217.72	420.358
403.119	104.852
352.266	357.74
49.5451	161.239
81.4516	305.697
51.5558	171.034
147.224	69.0885
244.065	425.831
350.673	76.2419
290.829	343.801
303.064	274.155
229.328	220.682
352.998	287.245
78.7933	98.151
64.5696	401.172
459.18	311.115
349.959	373.074
241.107	340.741
250.521	55.1956
116.618	134.255
79.0755	401.662
192.37	311.908
397.842	414.068
344.039	68.7595
245.92	372.122
104.035	163.573
428.115	91.0525
337.922	94.4546
40.377	157.245
283.88	194.039
452.148	289.871
224.41	295.173
140.17	176.644
394.201	260.768
402.128	141.237
442.48	57.931
75.437	88.731
35.4105	148.566
315.346	196.804
175.243	272.965
106.15	399.961
152.953	323.922
281.397	76.2854
252.956	430.407
147.003	112.853
258.579	438.677
415.18	405.415
93.9905	313.451
411.343	145.12
418.706	151.886
345.586	58.8799
69.8479	80.4388
78.062	362.838
240.866	57.8
93.1793	272.186
403.263	256.538
340.287	375.614
279.231	216.248
118.983	294.453
119.597	284.472
329.978	301.797
452.49	279.877
209.762	296.56
269.592	234.197
83.2893	82.5389
349.981	277.711
288.375	74.1773
161.206	69.2597
331.612	115.562
319.834	182.907
424.769	144.317
246.129	122.589
308.221	265.588
353.782	53.1507
420.308	414
217.194	418.329
364.736	98.9234
268.525	439.708
451.899	293.753
400.271	151.063
354.846	378.283
338.548	51.7761
341.353	109.169
287.657	221.633
248.162	388.044
138.327	129.344
54.8742	403.621
458.609	271.968
165.085	60.0426
452.436	58.8652
47.3471	397.037
60.3604	170.973
145.628	158.517
394.797	95.5293
425.964	422.247
239.228	200.743
102.622	409.318
230.609	283.324
95.4588	353.829
208.103	423.097
169.837	74.3094
257.671	448.635
60.7995	76.1813
400.467	78.0242
324.311	201.234
129.051	417.027
86.3851	73.0302
50.8706	74.9909
201.639	430.727
283.107	338.272
301.044	289.642
192.809	435.42
343.01	120.784
57.8881	413.156
90.9998	64.1587
257.188	47.7427
158.807	332.03
400.296	68.0256
278.149	442.424
61.1186	422.62
280.366	432.673
338.447	141.148
197.347	367.737
422.218	161.249
184.755	441.348
335.375	59.9633
41.142	72.677
467.391	276.751
256.974	37.745
134.715	336.661
169.875	84.3094
413.228	139.395
353.966	331.878
31.2814	71.0132
413.375	401.486
56.197	431.325
38.843	391.776
395.921	423.882
367.979	356.741
396.631	366.31
326.566	210.977
69.3844	357.868
327.055	220.965
129.157	383.117
175.605	92.5054
240.094	102.798
330.226	68.5358
476.684	273.058
386.522	427.298
127.082	426.831
62.6799	438.939
267.167	48.3843
171.363	183.603
44.8369	178.441
36.53	138.629
432.8	429.545
159.509	51.7412
233.145	64.1553
161.742	41.9936
336.311	208.734
248.457	76.3898
78.4832	401.169
441.162	427.485
33.546	61.273
72.2618	301.754
168.701	34.8126
377.517	431.646
314.063	145.755
180.476	155.824
284.791	179.633
174.401	83.373
249.939	30.638
426.06	436.932
344.609	114.884
129.033	281.16
454.252	49.0316
177.145	149.499
100.232	104.95
171.994	193.518
62.5977	304.324
342.496	355.61
158.097	335.745
352.316	275.046
54.1974	298.899
434.768	144.373
128.199	271.195
379.784	359.923
444.677	143.025
192.521	218.433
425.556	49.4726
137.254	68.3121
171.775	87.1218
65.3641	448.572
373.609	367.789
59.4478	356.744
455.809	278.338
236.897	126.432
68.5187	458.061
245.848	108.622
45.3479	294.242
309.506	191.682
317.078	221.63
412.859	384.197
428.453	169.067
288.548	353.537
65.5299	421.046
158.324	67.4192
155.879	303.755
418.127	443.02
356.011	265.754
465.167	274.547
286.061	109.182
341.997	311.744
402.127	58.1946
24.5957	78.4497
358.178	95.326
352.114	43.2908
349.182	33.7304
388.407	410.754
174.955	58.4344
285.379	449.333
93.56	262.193
381.845	384.923
100.869	65.7708
238.634	92.9053
237.982	346.726
344.85	203.53
410.186	449.098
288.709	458.763
387.988	118.287
123.157	383.078
132.126	261.998
191.507	321.87
248.751	216.529
435.029	176.601
448.078	420.262
68.9068	402.537
274.901	42.0446
455.892	414.022
109.332	109.095
129.702	157.252
118.572	292.405
182.203	100.019
213.31	320.63
49.7251	354.405
462.224	406.282
418.962	376.275
95.8434	55.41
118.586	410.089
30.7816	158.094
229.012	120.281
124.924	334.624
442.49	279.851
380.615	388.542
68.1456	177.249
212.079	405.545
210.222	395.718
330.072	97.0923
38.3781	287.071
97.471	125.365
94.6092	45.4864
30.5634	397.384
282.468	35.507
267.144	154.625
24.7382	166.061
437.771	93.6527
460.767	422.753
341.457	150.684
23.7217	88.4114
402.95	404.388
382.852	393.021
320.758	98.0361
93.7026	350.362
79.8156	146.467
408.945	416.32
230.416	134.047
44.1343	362.696
244.872	234.784
289.554	428.725
448.303	280.291
31.9593	94.0809
352.808	388.073
451.097	39.5425
38.0932	301.124
205.983	439.734
280.491	258.704
454.448	145.153
343.191	62.3086
175.171	27.187
392.741	124.529
426.096	39.4872
35.124	51.3982
334.123	383.488
85.5225	41.3115
429.515	30.0897
174.96	158.796
248.228	20.7854
76.6087	463.939
104.318	173.569
175.957	51.0606
67.9078	347.978
302.822	182.894
400.743	246.861
89.605	89.918
395.793	97.9962
155.846	33.9169
71.2139	472.359
285.507	419.58
423.771	173.103
69.4475	466.031
34.6443	103.714
137.943	173.918
224.104	141.803
84.5273	92.8985
16.9197	72.0404
53.8382	66.0008
35.2752	367.335
419.232	182.013
427.019	81.1784
286.638	468.546
412.672	107.811
412.618	189.513
31.0491	308.222
471.231	401.938
314.54	231.303
43.2076	405.289
190.107	425.792
414.926	457.903
77.8596	34.8865
42.9701	130.979
324.764	379.966
217.36	290.759
30.1247	318.179
410.136	243.429
373.766	296.961
27.2491	45.235
421.906	465.064
276.821	223.893
99.004	306.777
460.018	136.848
77.1497	480.407
40.1136	317.708
295.759	355.524
123.813	354.625
418.604	131.714
416.23	37.8593
463.158	130.265
158.806	204.821
106.159	140.164
472.937	392.084
254.613	20.1455
412.787	434.566
460.878	37.4618
443.64	171.515
178.556	433.903
479.233	407.936
298.707	458.974
303.23	319.599
409.074	30.8742
328.533	317.111
141.615	185.187
116.025	153.239
48.5521	163.879
33.1935	104.916
84.5228	160.043
48.8587	128.599
162.929	33.8818
255.052	368.048
108.901	182.457
445.301	436.588
419.718	196.555
402.853	187.356
331.37	148.184
387.313	113.787
337.983	311.003
139.049	416.823
456.427	262.209
234.022	230.143
290.382	276.319
184.684	451.348
271.721	275.766
139.141	383.679
276.525	194.46
481.239	264.155
36.6779	277.217
46.9743	435.19
86.748	343.176
307.208	464.24
79.2936	24.9898
351.332	331.99
139.729	356.831
411.195	82.2454
304.774	123.687
62.6693	477.554
440.735	413.474
61.1429	147.643
270.506	196.706
263.934	442.772
399.623	27.6041
145.912	32.7712
409.796	31.7171
153.408	84.0651
467.334	121.179
131.939	425.924
339.926	218.058
385.099	96.6754
88.2975	121.439
295.896	110.991
58.9655	290.109
471.358	269.393
401.935	454.748
359.547	73.7795
168.842	436.279
465.211	28.4494
187.987	443.427
474.691	31.6326
136.16	193.568
466.519	430.933
332.48	122.874
442.426	330.195
314.036	471.546
429.088	200.047
78.1411	177.55
73.2561	17.0181
72.715	145.253
165.327	55.4682
86.7165	483.319
62.3384	341.225
129.73	282.409
190.055	459.783
146.471	300.366
233.252	189.686
330.877	158.172
448.155	256.59
27.6456	387.819
414.96	156.309
238.719	17.6931
484.148	34.882
436.279	23.5144
408.261	265.199
371.246	372.664
325.474	58.5593
163.407	444.673
389.816	29.5593
140.281	201.907
418.803	238.441
87.8754	120.654
37.2162	437.376
345.563	77.7176
142.125	261.919
44.3643	106.064
20.612	380.711
41.9607	434.996
360.021	313.088
398.859	464.263
197.139	466.841
121.205	429.232
256.843	458.601
439.433	304.967
250.009	25.0799
438.195	204.178
223.598	428.449
334.67	292.965
250.133	198.194
185.709	330.018
323.518	235.708
343.843	222.208
132.491	269.378
149.545	125.337
393.188	28.4368
41.6754	187.928
438.32	258.401
455.991	398.463
475.172	114.969
431.834	466.263
166.805	161.281
97.6402	253.063
296.015	310.003
42.0693	296.4
332.543	393.363
133.945	205.747
144.022	167.599
390.702	394.694
319.867	125.794
287.608	316.67
44.0686	197.638
475.634	382.455
79.6095	368.929
40.9015	316.076
26.8384	279.001
102.471	39.3062
367.809	429.244
225.014	58.3338
137.655	392.674
326.642	198.908
240.801	356.421
96.3844	485.874
33.3475	130.43
422.44	55.5912
320.457	220.502
41.3669	268.384
445.55	416.869
175.473	424.39
339.186	34.0262
162.865	146.403
291.083	220.504
115.364	422.193
374.879	391.605
286.966	409.687
99.2218	243.189
204.561	473.543
454.697	68.6063
183.649	46.9048
466.66	317.752
82.1603	455.622
27.2847	438.545
44.1711	322.625
368.271	399.111
132.049	251.999
397.065	80.2878
191.189	415.851
489.418	258.401
452.935	175.203
461.831	420.328
180.324	140.017
64.2469	12.6781
21.0195	314.045
140.592	24.3035
150.693	256.761
382.18	391.608
241.177	381.475
352.734	197.378
472.647	438.835
477.356	447.657
97.566	479.061
67.3412	313.128
316.917	243.219
263.028	448.743
298.326	149.762
364.493	65.0883
101.923	486.294
423.141	246.183
167.991	145.752
345.07	41.3975
437.421	338.852
63.6211	334.69
277.028	410.8
104.947	54.8467
165.317	45.9925
430.539	15.3257
242.053	126.556
83.8202	264.46
167.924	337.594
420.092	306.308
481.806	122.451
53.2347	480.869
402.381	319.775
480.542	373.742
396.221	473.909
490.138	248.427
166.916	85.4279
215.896	147.516
437.664	437.392
486.875	414.385
14.955	163.99
363.691	126.438
105.373	472.813
15.4622	94.0488
386.359	391.219
105.108	155.199
390.305	481.972
488.3	417.884
323.971	470.409
287.889	341.335
114.075	50.7647
428.597	238.929
456.972	306.27
407.845	444.212
207.762	421.648
102.38	463.271
299.513	429.628
447.246	208.43
29.3304	44.0943
241.515	184.053
354.605	396.188
483.728	109.793
449.279	391.05
135.958	15.442
411.252	261.3
231.512	341.732
30.7589	34.1968
369.42	346.52
443.37	316.6
127.202	189.123
131.073	27.3667
121.493	420.535
308.387	230.554
402.263	112.816
40.0973	37.7737
87.9883	175.809
378.44	128.326
321.657	480.068
276.512	418.831
112.412	38.2217
225.421	387.682
327.136	460.923
221.027	226.258
215.615	316.042
143.29	357.062
412.08	408.501
251.09	341.336
152.829	360.065
34.1611	198.994
227.743	48.7132
123.545	53.9778
81.4824	315.697
437.635	95.2203
403.099	377.439
341.719	334.745
401.222	197.222
130.394	47.6466
43.7152	151.151
240.737	334.836
157.113	249.095
474.432	324.045
390.748	246.548
30.4844	208.294
176.215	108.028
36.0123	204.622
119.324	109.511
94.4373	304.827
484.371	322.946
63.1542	471.801
221.069	438.124
203.812	288.523
322.568	394.077
337.126	460.48
268.341	299.173
188.098	133.727
380.48	480.109
70.5897	90.3691
44.7336	475.603
180.307	288.582
298.967	114.592
277.907	455.98
25.412	61.2267
264.097	435.409
163.161	241.131
161.071	58.7565
392.511	202.133
392.9	54.3395
255.664	373.362
186.622	282.936
124.327	186.568
192.01	52.391
487.651	424.798
288.605	169.398
73.6725	82.2144
105.367	422.448
177.389	108.424
84.9967	467.058
279.898	475.933
347.069	23.9562
92.74	144.363
382.603	266.201
196.852	43.6411
252.42	304.789
58.1695	317.112
284.175	144.088
106.072	96.8326
244.654	136.211
267.434	451.434
447.707	246.6
414.597	267.181
24.7907	135.605
157.03	23.9872
342.511	394.155
154.57	353.802
444.669	18.0738
450.733	32.5175
483.777	102.343
224.867	137.619
439.687	153.079
116.623	350.413
397.325	101.279
482.045	428.454
39.481	282.553
16.8774	278.119
165.938	325.019
26.974	361.759
93.25	303.007
105.806	380.889
102.748	303.473
491.657	96.1858
181.916	76.7752
83.3128	410.72
31.8574	186.029
243.065	282.796
228.83	16.2028
277.516	249.157
320.294	67.3718
263.431	362.59
452.721	213.895
327.124	184.39
92.392	41.2987
411.055	434.738
347.098	459.724
164.306	314.419
150.026	252.576
49.7555	147.756
173.339	132.861
80.4951	255.029
412.812	327.248
246.241	307.916
404.429	132.704
168.886	178.912
37.2387	292.16
181.674	265.308
210.866	346.128
492.396	238.686
104.006	161.147
441.919	199.471
56.3382	67.9242
101.941	233.566
174.952	414.404
68.7915	363.382
126.886	339.904
226.249	57.8783
43.9775	280.88
214.448	475.043
126.128	13.6031
13.4136	268.738
387.392	193.542
41.7024	27.9034
361.878	361.282
241.713	364.763
412.027	197.572
398.287	374.628
85.3029	23.726
345.886	211.888
219.384	187.89
340.282	23.0099
231.989	282.153
403.488	18.381
124.747	209.671
260.472	310.718
359.878	200.434
347.563	157.9
386.775	20.0332
205.362	295.785
62.1436	137.693
391.971	453.907
63.2068	74.9848
206.613	322.415
361.156	194.94
333.415	351.422
291.003	285.652
151.451	155.006
202.069	205.509
97.4868	100.076
467.792	406.626
160.521	454.248
244.379	146.208
301.282	113.74
152.247	212.369
396.778	131.894
273.497	247.696
22.3126	214.058
105.824	36.0154
40.6396	133.42
230.703	440.804
183.152	21.1622
404.043	203.421
257.36	182.78
212.939	157.069
374.582	472.034
288.047	259.739
52.9393	84.1422
437.943	328.971
71.6527	391.267
462.567	276.58
417.748	296.587
143.188	92.9848
23.3266	404.285
347.128	261.162
13.8144	373.376
281.17	258.104
192.654	427.209
187.894	200.997
454.948	276.918
254.486	295.987
229.442	450.724
394.509	116.6
135.893	5.44225
211.639	484.641
339.539	35.2648
286.073	399.727
93.4271	233.786
492.593	86.2297
77.8338	245.389
476.818	457.642
56.3825	280.448
306.47	262.748
166.842	204.629
44.0611	346.164
121.814	393.911
334.483	450.836
313.723	252.696
220.045	466.756
489.961	228.986
219.87	157.156
103.25	432.221
438.609	105.173
18.8235	443.875
416.985	408.878
494.998	431.582
414.186	162.306
271.176	477.713
307.296	202.737
321.272	245.008
172.827	238.568
46.4459	286.741
65.2778	77.6157
438.631	473.598
393.534	191.514
396.842	339.363
270.575	124.819
24.1934	26.654
276.718	124.189
330.729	484.273
265.635	463.365
473.382	108.996
228.817	94.8104
303.199	150.999
335.808	355.817
396.4	48.8761
402.138	124.956
467.4	461.004
224.019	363.038
123.514	299.652
111.823	484.879
84.8497	116.862
94.3942	103.588
340.691	324.798
424.094	474.821
304.561	151.664
26.5606	71.7452
27.8064	51.0765
445.763	394.582
191.096	337.534
317.741	52.2182
82.4695	412.064
212.015	345.273
366.345	196.722
69.0725	240.568
490.014	128.163
353.39	25.9852
254.607	297.082
13.8483	208.733
485.435	100.896
348.091	280.065
459.725	467.414
391.133	238.1
430.143	59.696
461.853	170.679
318.128	116.521
367.733	79.5225
71.1838	230.794
282.479	473.786
423.785	173.513
430.97	418.952
361.889	64.6354
197.537	367.163
100.645	58.6905
187.358	367.27
101.743	161.823
48.8109	205.407
92.8021	224.524
396.432	400.365
150.077	333.82
111.778	466.744
380.013	351.77
236.932	217.746
420.669	339.281
21.0032	279.516
18.0649	18.752
32.4924	199.524
14.218	321.375
77.7226	8.07106
385.896	127.746
309.022	57.1146
177.79	188.508
78.4169	390.106
442.08	479.328
47.6365	103.898
122.262	209.047
397.382	489.037
487.951	128.082
107.723	248.456
203.422	39.2601
220.122	437.982
258.79	340.055
75.211	6.77996
42.0052	193.778
259.309	29.6194
92.0037	32.6045
178.492	24.3154
272.724	71.7845
180.155	275.724
17.7378	222.95
165.572	422.986
286.761	27.4161
377.84	346.425
258.931	196.706
487.308	123.825
210.563	366.958
487.694	219.247
93.3643	225.875
331.186	164.514
413.882	171.464
365.835	130.808
31.3601	397.083
62.7831	64.2769
63.5438	468.361
489.024	368.445
243.236	99.6778
47.5462	160.665
135.628	289.864
404.395	19.8669
428.921	77.9406
387.981	88.7277
26.7304	441.802
113.244	374.907
214.013	233.386
397.482	490.049
126.276	354.969
479.005	102.239
320.488	453.453
214.891	408.809
401.556	8.56938
221.144	213.284
394.283	230.884
298.327	148.308
179.08	180.013
279.608	341.41
31.3638	60.0819
29.6942	298.044
110.527	40.381
105.27	440.374
261.824	365.319
432.012	266.16
399.395	316.987
56.028	198.485
264.962	356.046
4.76962	270.91
235.184	176.312
279.756	239.669
238.495	59.0135
314.776	380.457
424.787	384.403
293.592	322.965
338.162	29.2589
158.046	298.442
369.731	367.053
180.177	245.348
172.104	313.454
429.901	251.122
22.0386	184.134
17.2784	180.842
455.407	276.204
9.63007	18.6481
133.679	89.3297
155.336	234.905
334.155	453.749
96.3963	397.754
40.4156	258.429
450.385	240.695
107.942	26.2423
80.182	28.1601
54.2895	142.665
319.582	403.621
177.714	52.345
54.7671	296.689
485.01	137.64
125.344	438.335
23.8056	277.671
20.8836	55.486
238.357	357.328
202.304	488.225
133.964	381.996
288.502	226.555
34.802	97.5167
471.168	456.021
398.497	228.11
54.1988	317.626
474.588	101.869
373.809	136.905
348.075	167.887
488.134	119.429
232.716	376.018
61.3977	312.415
401.733	114.84
368.354	361.695
241.264	273.112
493.719	109.356
97.7147	86.225
280.466	308.309
438.5	193.712
38.4173	414.067
116.644	176.129
68.3289	335.264
388.832	182.689
96.0099	96.555
221.063	88.4953
267.884	148.987
60.3291	348.526
235.928	168.935
143.409	33.6908
314.871	68.2785
276.882	455.768
43.4914	465.68
88.5172	393.036
168.637	329.655
311.471	218.566
447.449	381.219
260.111	423.42
214.69	179.061
311.255	307.484
164.813	70.383
29.9498	137.741
168.816	25.7031
445.777	403.256
281.638	148.543
33.622	467.291
247.214	438.594
279.023	319.163
447.199	340.948
168.923	229.362
55.4373	301.8
496.646	252.164
204.58	213.517
297.58	295.424
429.109	250.768
173.734	409.922
288.072	482.076
469.872	165.156
482.057	219.366
261.184	286.267
230.922	415.915
72.0662	400.972
114.654	398.501
175.156	78.4876
324.077	403.224
405.065	381.707
87.252	247.534
483.093	83.1052
187.431	219.534
157.12	288.485
418.154	420.749
272.095	321.497
260.781	12.274
252.822	237.445
207.047	419.542
335.068	382.649
90.1397	110.767
390.755	48.9161
55.3786	323.068
399.215	192.428
448.144	102.16
473.173	316.915
386.292	209.964
5.11397	9.72591
62.6183	190.964
309.462	428.616
85.2056	140.482
494.084	375.372
356.719	153.879
247.766	252.152
207.266	188.139
443.548	62.5988
267.284	368.992
142.554	114.249
352.652	468.039
378.991	112.456
439.641	321.568
482.847	393.423
429.633	104.831
400.592	362.277
374.284	78.9423
148.578	192.364
197.722	377.73
8.25892	381.691
293.785	307.334
410.235	422.749
285.323	45.0908
121.591	413.078
415.879	81.0476
456.372	301.934
209.935	242.517
337.205	262.405
56.7204	489.646
355.166	173.043
458.479	21.0551
290.384	81.8551
75.5212	415.181
104.897	459.733
215.335	339.299
53.1383	157.488
27.2693	406.533
408.118	440.385
158.686	358.421
107.688	381.372
204.418	219.605
19.3335	178.52
357.777	288.081
60.9929	61.8561
106.093	281.132
215.166	246.278
7.9076	365.307
85.6507	11.2403
399.795	47.8577
243.958	76.5848
148.424	151.298
336.194	317.071
47.5641	125.259
372.539	408.154
121.554	118.849
383.323	56.2828
94.7381	287.761
81.1833	295.7
266.066	116.49
24.0068	470.039
62.1862	420.154
328.357	230.897
161.958	94.1123
186.72	177.378
257.293	446.472
378.458	63.025
403.041	396.944
78.1465	403.789
412.768	324.081
209.875	321.559
45.9405	297.218
134.099	443.168
479.806	164.006
365.423	103.134
336.714	16.3671
457.131	285.164
382.049	327.745
337.779	464.381
349.492	382.573
232.338	284.747
30.6077	84.5253
239.841	353.542
429.853	180.29
164.822	456.053
352.18	75.7477
296.494	25.12
128.916	425.36
161.224	465.383
381.992	453.257
446.576	231.449
208.503	397.503
198.016	493.189
104.657	173.332
48.3096	257.6
451.3	438.411
444.929	220.162
484.692	436.858
212.493	254.839
46.6123	151.153
30.6324	142.721
220.366	261.004
32.2253	215.313
383.404	431.525
344.032	101.994
23.9158	230.813
486.593	171.35
391.189	234.235
318.471	210.882
104.406	78.7934
281.451	81.2879
282.606	440.981
452.511	185.194
72.5283	428.189
89.5278	181.474
28.5742	458.659
73.034	420.493
27.8229	146.421
116.104	383.166
98.8781	316.993
206.314	262.702
319.017	231.413
99.9103	155.574
452.528	179.158
420.033	294.949
362.699	59.9016
285.776	230.206
316.03	422.188
64.4987	444.475
245.158	367.596
208.166	423.803
6.77717	15.0964
253.566	23.8222
317.278	279.231
283.918	491.172
69.0869	221.016
431.228	35.1707
300.379	62.1442
479.753	309.384
149.363	79.6513
45.5646	313.384
237.314	77.8416
449.823	10.1875
203.691	195.018
333.507	128.442
409.883	433.96
168.136	84.9163
455.85	277.635
232.645	171.846
179.8	172.327
492.71	217.743
498.206	209.389
426.792	484.451
245.915	168.443
75.0351	354.407
204.79	265.458
59.2179	238.869
52.2068	368.45
474.124	223.659
317.025	376.505
180.267	374.321
259.263	417.481
67.194	155.283
462.962	22.6653
396.933	52.4402
83.3158	221.36
241.403	275.351
27.7212	327.886
30.5753	403.391
112.711	476.784
403.962	271.27
424.811	126.2
246.511	331.536
353.146	401.766
380.709	336.148
418.398	456.918
494.087	141.838
15.8278	236.694
196.79	383.215
412.397	424.965
492.792	394.477
333.157	158.105
381.849	188.099
49.7261	163.052
265.284	213.242
419.495	307.96
485.45	368.335
381.09	452.346
315.423	130.979
129.528	270.728
231.723	168.048
309.359	330.568
78.5453	14.2764
316.768	488.791
153.269	249.835
205.543	357.87
98.3004	461.34
86.9927	391.253
307.046	51.2498
421.91	10.2717
408.039	405.554
255.665	340.837
354.357	477.893
289.03	390.175
274.746	332.672
328.3	27.6048
337.66	136.188
39.7506	368.597
125.189	316.609
466.117	410.173
340.363	29.0936
343.506	335.441
76.403	448.548
212.784	42.7741
317.866	374.358
123.211	4.0382
68.6817	382.226
167.565	320.364
288.655	413.187
301.856	61.4012
424.096	77.7534
158.785	335.406
204.971	163.112
96.606	141.418
135.417	41.4882
192.02	16.5401
275.293	496.234
397.833	483.338
108.908	67.3179
306.431	26.2381
314.957	496.556
327.925	370.479
265.76	442.223
370.038	421.138
70.8724	116.366
175.081	401.178
37.5442	304.82
135.843	288.466
159.335	475.203
196.028	127.635
311.67	138.801
303.176	429.755
70.5104	255.58
72.9514	403.806
63.924	178.319
66.2946	2.25263
496.465	422.152
373.536	464.557
202.1	465.289
254.253	363.111
159.016	478.274
262.653	374.53
199.36	331.986
378.779	274.172
175.959	27.2474
419.449	366.287
262.184	251.863
42.9266	294.682
105.881	45.1331
377.605	350.036
427.479	291.634
486.807	458.113
273.451	54.7164
316.952	173.331
427.023	209.832
133.077	243.647
386.422	422.675
477.929	467.58
26.6609	193.348
117.389	343.149
103.077	442.681
287.59	459.348
172.108	396.394
111.958	145.181
66.6774	211.311
86.2269	151.334
451.582	320.18
382.262	43.637
347.939	82.1875
405.168	403.07
141.335	412.895
159.164	201.521
199.973	243.39
100.004	232.772
65.8201	14.9734
458.942	400.943
268.499	414.904
142.518	158.496
190.176	371.021
457.171	39.9179
478.651	167.458
364.929	209.065
113.336	32.6676
337.538	491.597
166.817	174.621
115.666	355.216
380.062	351.68
263.207	271.241
23.0778	446.007
392.656	133.546
288.01	297.668
75.8947	347.293
142.127	186.485
87.9753	191.353
485.018	474.634
302.952	439.752
144.282	83.7262
456.087	300.338
267.892	36.7857
40.6019	125.358
271.558	379.078
359.256	17.8864
19.2286	155.619
96.1841	339.865
41.4922	60.6234
256.767	236.29
407.527	33.475
124.053	3.41102
277.298	456.482
448.294	112.159
215.807	394.053
472.486	470.17
479.103	360.608
346.863	316.163
194.101	427.253
81.7544	177.525
196.825	369.497
103.807	333.393
281.919	76.15
184.389	468.023
422.496	493.481
24.7136	11.2823
228.915	460.34
314.3	414.512
25.0874	10.1439
299.119	218.557
42.6506	426.897
329.93	358.087
227.081	472.343
127.22	419.93
363.922	168.211
424.231	482.294
394.954	67.4261
119.419	381.329
393.321	472.402
360.446	102.113
71.1999	452.673
83.297	216.75
60.5104	255.562
336.146	16.0114
234.834	283.871
385.412	228.593
231.353	181.973
186.215	171.552
457.33	101.953
450.887	55.7874
309.71	368.572
423.589	312.315
65.5778	234.935
335.905	80.3107
411.998	232.404
234.977	67.8159
299.036	462.255
276.292	443.821
1.60638	22.4964
179.767	11.7525
65.4456	494.532
142.767	401.269
258.966	427.431
426.748	284.103
411.058	431.13
350.737	119.317
91.7489	216.465
128.996	106.972
96.2955	403.156
103.242	297.092
9.13937	284.453
259.943	377.85
416.149	379.34
126.448	385.944
314.323	190.487
396.15	307.528
325.924	80.9263
387.237	302.995
49.012	21.0793
334.243	46.9691
1.45758	389.022
121.023	447.354
0.62116	384.933
152.022	397.482
73.7549	306.807
51.8159	304.445
93.8299	206.684
375.417	228.282
358.828	332.839
357.058	135.6
196.316	165.648
407.809	295.483
48.8395	11.0807
169.449	231.685
215.65	61.8434
331.663	258.467
195.82	429.81
155.118	262.148
281.198	287.619
76.9532	101.608
100.833	468.343
362.772	70.5831
440.924	212.529
149.405	474.022
413.716	423.856
476.201	455.295
137.908	274.969
484.12	314.842
146.154	258.811
194.53	482.539
215.812	60.5219
268.396	27.449
267.392	103.772
152.193	298.924
87.4354	156.335
32.834	89.0034
473.906	87.0532
86.2551	292.288
367.904	337.132
192.646	34.7573
188.312	495.603
53.7762	265.973
418.262	39.3934
475.619	255.884
284.047	174.506
46.2884	434.619
64.3982	443.35
218.098	432.976
489.86	230.262
247.273	212.833
239.457	160.136
31.6516	108.006
256.926	407.758
462.257	468.453
68.2522	179.348
468.703	392.839
138.817	121.054
181.998	142.74
306.284	430.232
314.332	433.697
125.517	216.64
354.197	116.222
234.65	66.15
175.866	21.3563
232.906	159.741
209.338	201.531
137.806	248.449
349.265	230.611
330.081	232.308
473.088	457.311
284.139	491.246
188.077	127.918
467.956	326.174
449.692	239.126
155.525	108.418
255.533	35.4049
41.7459	305.629
252.272	95.6045
251.664	194.476
47.83	132.127
141.922	436.939
255.383	269.198
275.813	457.445
472.371	453.162
36.7792	328.477
207.705	229.332
168.473	315.791
370.102	92.4476
263.204	152.867
70.4131	36.8282
364.527	288.615
353.241	101.523
368.405	355.559
118.105	428.501
152.439	269.53
440.26	489.161
17.3796	178.149
383.217	189.355
277.988	151.37
91.0822	196.773
416.382	435.311
68.8287	471.358
58.6154	56.9869
407.21	37.3501
484.43	303.341
174.95	266.184
384.868	363.905
165.231	402.636
340.899	473.882
367.304	282.472
256.866	368.643
101.039	348.448
174.174	234.904
248.726	321.784
347.55	188.826
86.0573	139.81
7.79137	207.097
47.9096	194.302
420.026	170.818
449.809	244.239
224.867	371.775
469.128	361.316
67.416	255.821
115.687	218.48
34.9589	185.78
327.565	448.864
292.211	471.039
485.086	264.323
494.36	304.519
206.417	322.435
32.4973	320.066
255.125	383.847
170.541	36.0614
382.192	394.191
226.798	460.807
445.83	373.695
216.822	403.545
316.76	105.726
210.562	264.884
371.941	141.617
193.179	58.3515
313.963	134.167
396.893	211.122
398.845	136.481
101.39	100.649
417.446	312.079
147.61	74.2134
19.9146	190.505
56.9773	182.118
336.525	297.233
69.4682	310.865
358.717	486.892
478.265	357.624
75.4521	336.829
53.925	153.865
152.689	272.211
327.315	217.543
243.391	434.36
233.507	344.418
90.8724	10.5791
37.3474	223.902
440.646	233.578
155.485	388.1
178.617	423.498
274.814	262.291
62.2241	70.3559
144.436	365.916
218.023	280.781
34.4724	343.326
488.594	125.196
256.341	456.755
384.472	279.119
27.9463	98.698
123.556	428.243
365.549	284.337
46.438	282.148
206.803	244.923
310.974	338.292
4.64413	320.714
470.485	155.174
477.218	258.36
68.9819	251.569
258.501	299.49
381.673	250.65
436.612	64.0362
368.692	223.81
237.048	473.154
74.5848	437.341
23.0218	18.1967
60.8017	39.5889
435.838	497.155
179.692	367.911
123.274	2.76471
253.161	366.155
236.651	483.146
10.2318	151.254
117.998	120.395
473.956	78.2135
175.983	445.883
63.2414	330.855
268.916	99.3209
81.4363	491.584
360.349	306.893
179.148	70.6211
252.047	438.34
174.315	164.26
373.464	165.222
466.475	45.7485
438.211	15.6971
490.976	249.992
255.886	203.628
472.489	145.377
498.577	313.587
17.1611	129.141
78.4381	442.757
172.372	380.116
88.8024	85.4556
324.293	126.417
410.655	364.266
300.868	269.562
430.358	379.936
432.165	426.397
240.406	7.83641
223.533	230.501
80.7013	129.734
247.851	185.766
488.353	91.1417
22.3291	136.996
49.7117	393.399
330.932	410.505
10.9852	259.037
306.583	424.309
372.613	362.251
116.947	12.3517
13.3184	71.1826
464.873	364.099
479.797	279.663
129.721	326.434
274.641	353.532
230.959	248.688
178.75	47.6182
66.3832	47.7332
308.655	454.345
490.422	358.543
109.585	280.522
472.054	116.197
123.077	147.801
483.107	147.457
117.132	23.9715
2.19461	330.409
442.307	91.0047
223.204	298.202
23.1098	429.9
98.3336	185.254
123.616	320.131
151.814	232.232
163.99	259.762
455.051	277.192
453.803	43.1792
43.3982	229.552
368.082	330.392
77.5459	239.906
194.118	44.714
97.6303	177.734
348.853	68.1268
337.951	456.069
365.281	99.223
470.284	144.265
410.499	4.09395
267.409	287.261
9.89353	244.743
414.836	262.74
67.9251	62.7218
339.452	312.849
241.435	298.851
114.988	453.819
474.038	287.838
194.015	426.702
334.721	383.179
151.417	155.615
309.057	275.635
190.479	120.22
210.459	418.758
173.206	32.2128
265.704	274.652
214.251	32.8823
95.9372	23.4105
357.871	428.136
17.8945	477.953
13.929	407.704
326.873	45.7185
348.088	256.57
260.414	19.9588
273.182	386.966
438.997	153.435
147.795	200.878
308.101	16.3784
184.286	443.873
234.8	142.129
398.822	459.664
44.9962	352.976
488.343	25.8041
315.506	9.65759
152.538	468.056
353.667	140.324
5.59253	282.838
120.499	264.815
345.862	240.014
10.3062	132.154
459.831	206.862
271.873	421.74
257.3	377.387
78.7386	195.184
228.554	234.554
427.955	342.096
22.3947	422.938
212.42	83.4649
367.82	327.171
328.127	288.543
486.81	280.359
354.501	354.223
413.816	406.859
348.417	284.195
161.887	485.879
111.718	7.8241
411.659	260.985
476.714	233.318
220.181	77.1581
213.523	262.765
230.431	365.308
429.527	90.6349
131.727	374.544
165.402	71.375
150.17	417.58
375.15	329.19
327.263	438.868
195.991	354.911
261.129	103.619
130.307	131.379
265.686	416.804
55.4064	51.3628
107.727	336.138
377.485	140.464
152.87	105.336
133.949	167.743
170.987	286.594
47.2073	425.996
403.741	450.312
462.315	328.631
196.931	356.044
219.438	12.7697
239.969	108.933
169.801	90.004
92.5786	330.538
491.538	76.4254
363.119	342.848
464.844	465.668
421.669	192.105
141.157	468.369
152.986	230.417
223.808	158.792
340.022	222.841
86.2406	278.258
233.388	180.852
139.954	30.3432
130.794	49.9463
434.101	144.119
297.602	311.713
62.3516	111.132
413.798	71.2665
182.799	147.148
183.593	55.4249
119.235	270.413
17.2166	318.396
299.058	59.0374
293.812	381.431
441.014	331.836
416.956	57.2222
302.538	183.656
358.507	333.234
169.178	136.1
387.39	172.793
12.8354	130.59
191.513	323.32
489.409	165.497
80.2544	467.542
151.033	473.843
391.875	425.545
33.1538	51.3694
118.377	167.751
428.458	361.947
183.429	256.968
157.153	187.218
301.358	114.647
256.392	55.9353
242.605	397.615
228.177	90.08
221.434	285.138
230.501	59.3676
32.2126	157.413
39.6229	170.596
354.469	320.836
25.6754	1.36163
234.446	385.19
370.936	237.221
261.181	478.019
20.1435	487.697
251.654	398.743
166.86	202.504
11.5323	492.781
414.987	431.625
38.6972	416.021
331.021	172.314
429.352	334.262
310.676	270.165
148.435	414.932
471.999	475.787
262.651	324.785
217.104	64.5279
455.768	359.965
176.143	367.785
414.428	484.269
28.4748	321.772
417.424	75.2964
393.276	115.224
109.788	186.859
488.55	332.031
490.579	322.769
309.825	153.597
60.2049	14.0709
349.778	167.112
12.2529	50.4352
7.3649	8.47466
196.902	308.065
132.613	357.837
441.229	408.019
57.7789	371.822
367.035	172.657
60.0907	204.631
76.9227	204.564
378.852	239.868
287.519	160.002
395.086	139.851
135.17	200.559
371.547	420.28
220.334	345.904
30.7944	332.125
43.0003	7.71923
386.617	240.453
176.524	440.961
386.943	69.4413
463.842	455.181
63.6938	89.7017
203.387	87.755
310.474	377.803
358.942	217.075
457.162	103.017
87.777	157.035
50.8351	310.927
223.846	35.6996
460.37	241.242
309.694	19.5655
145.605	445.345
48.6065	289.487
72.5942	214.789
440.057	382.522
225.222	415.607
65.052	351.806
270.371	368.931
404.871	69.667
94.8593	432.531
255.606	112.742
332.008	216.187
218.032	440.049
202.368	37.1751
210.452	399.939
224.881	195.502
110.018	403.181
74.9356	131.442
12.7099	408.419
243.468	169.219
416.841	362.688
37.256	146.953
131.398	340.65
116.401	255.693
442.03	337.944
205.63	29.7667
134.917	283.812
199.936	295.077
409.66	279.488
427.31	499.34
227.695	99.5739
383.114	347.003
448.552	315.608
110.947	265.195
123.173	134.103
121.535	287.713
84.407	278.837
253.341	205.464
44.6889	178.214
480.471	101.358
455.224	351.946
332.646	306.548
244.23	399.5
489.891	42.5725
461.799	332.205
274.307	257.253
133.482	265.32
394.954	224.504
160.102	259.111
120.685	452.47
300.733	353.309
395.789	210.297
121.642	429.597
366.392	18.7679
51.5484	259.6
107.136	32.0397
83.3917	477.841
16.3047	189.813
339.637	467.937
377.268	60.6279
483.993	483.45
4.48751	50.0365
487.602	224.545
91.9471	469.579
206.305	97.3198
295.037	77.2207
132.427	468.649
149.469	460.968
258.416	161.496
2.87544	208.501
244.289	131.091
469.293	485.414
51.7378	186.589
327.193	161.755
291.659	493.46
471.043	481.766
316.981	19.6572
385.995	36.1282
5.88862	93.9511
42.5358	425.301
53.6217	334.578
467.857	13.9456
330.918	448.57
162.348	202.516
315.737	303.626
310.42	114.311
316.624	171.851
346.725	166.647
377.449	99.9409
325.107	386.882
95.1723	263.304
159.114	78.1611
148.106	440.345
216.622	184.942
438.703	418.949
313.469	183.541
401.287	206.646
231.253	173.11
409.815	233.297
449.194	355.018
85.4047	272.42
105.857	264.931
467.473	277.788
124.066	86.5733
454.791	18.6688
378.978	422.482
118.268	304.862
467.153	167.1
416.563	204.065
63.3836	55.7451
432.995	300.992
365.191	79.5745
166.307	172.935
15.129	258.774
420.945	289.465
197.502	390.546
117.22	18.972
9.22099	446.666
370.993	91.0037
13.9973	498.969
11.2539	442.092
146.769	125.763
236.831	119.402
460.967	480.405
278.129	137.07
94.7925	351.298
415.747	242.424
384.52	131.902
475.873	96.133
432.827	157.862
361.622	31.663
265.718	308.901
178.442	497.208
407.35	169.605
330.644	165.405
168.645	124.031
62.2781	107.509
461.273	328.015
413.892	8.98503
160.206	240.969
202.266	340.462
249.37	376.893
248.113	348.404
435.336	363.098
344.293	294.11
357.487	258.509
227.519	280.796
348.938	363.468
136.226	254.822
85.3003	338.292
228.583	221.4
415.024	136.35
187.563	189.611
290.076	190.766
198.637	103.738
379.256	404.863
321.18	53.8661
235.941	462.739
277.611	428.365
178.768	75.1918
423.456	164.715
287.081	181.264
0.562229	337.067
291.474	398.452
485.372	68.5522
295.223	15.2011
208.613	74.2181
260.689	81.0513
282.926	388.879
268.966	428.673
107.056	271.845
202.284	120.013
187.15	112.376
463.444	70.2697
202.413	66.6192
478.365	210.072
323.26	206.161
362.179	493.727
26.0695	191.188
492.19	122.91
216.457	17.4341
261.449	456.69
111.034	89.1517
310.977	478.148
426.741	357.613
85.1902	165.152
2.6592	129.641
200.237	421.983
385.165	279.242
250.962	101.836
162.149	296.946
98.1734	168.271
229.148	486.448
212.857	185.036
461.398	394
136.466	404.245
26.7826	380.227
471.861	371.724
348.137	125.629
490.125	445.254
492.758	166.674
390.887	25.6482
456.741	31.0518
51.517	183.169
38.171	416.554
17.3585	404.826
49.1132	430.582
498.525	75.3754
443.724	93.1808
89.8427	495.917
453.234	135.926
168.375	472.024
121.565	353.817
377.13	335.442
297.272	101.086
271.648	276.05
260.572	33.9305
77.808	61.1965
207.635	193.859
234.47	258.052
8.76233	76.6153
118.99	89.676
497.056	392.269
87.989	388.02
470.126	457.544
398.131	488.43
9.02642	342.392
293.144	406.482
152.888	462.568
82.3287	338.114
13.8585	254.478
262.946	274.402
372.245	434.983
3.40782	278.679
152.088	51.9894
180.118	6.07438
247.495	89.3763
452.346	319.216
322.292	407.123
328.248	131.315
36.0348	325.178
7.10614	433.427
280.965	116.907
70.6424	6.43402
360.478	36.4332
282.423	432.859
279.246	375.427
213.731	234.009
380.956	80.9159
482.786	117.237
110.249	172.958
54.6283	422.456
378.241	303.671
322.705	130.713
351.89	372.47
314.44	456.897
234.649	467.732
147.194	483.775
132.236	45.7782
154.451	326.743
222.673	463.533
70.0737	50.022
102.234	37.1756
323.301	434.942
183.263	296.635
81.2898	97.4221
443.462	118.123
368.69	368.396
367.451	315.372
494.567	374.072
233.413	354.057
242.444	285.157
314.404	160.266
20.3543	163.475
264.391	108.376
237.107	486.108
29.7348	11.7588
56.011	357.852
299.557	144.134
415.244	258.782
114.045	33.4913
170.938	116.222
171.924	165.982
348.019	365.474
385.12	353.79
19.5449	418.953
312.465	273.637
450.494	208.976
285.815	414.591
136.314	90.7916
23.1402	270.813
339.762	311.741
412.751	58.2462
250.504	148.402
415.423	275.664
497.128	93.8648
133.127	234.371
151.128	320.76
94.0743	430.566
95.9914	240.481
418.059	330.674
498.179	302.34
439.217	91.8029
150.641	133.476
233.717	26.3523
38.1448	482.204
18.6042	439.783
397.893	491.146
107.913	382.931
246.07	144.292
291.847	371.626
209.139	167.127
45.007	90.2314
473.308	144.243
31.6636	138.437
319.444	437.662
354.479	336.608
371.094	225.86
434.509	274.679
157.19	347.46
417.86	450.448
286.464	361.445
40.398	446.857
74.4904	24.5781
497.388	102.309
127.928	450.88
361.774	200.304
191.624	201.945
292.378	291.078
346.379	49.5246
161.715	449.752
83.1576	337.394
181.017	457.124
330.966	232.203
438.867	211.749
23.2634	405.78
172.681	50.3284
6.94663	169.979
416.435	433.039
477.689	200.095
127.362	166.416
58.9393	379.419
320.325	89.6594
33.3082	319.553
240.278	486.752
264.106	455.943
91.0304	429.062
5.71226	268.951
81.8694	355.68
139.42	377.054
331.37	387.284
484.239	236.383
6.19356	456.197
101.104	266.455
460.037	432.562
412.089	479.205
116.927	184.654
126.735	152.592
419.36	67.6275
313.428	376.027
388.715	66.3375
134.976	353.176
366.734	44.2341
301.224	200.385
396.018	126.01
310.676	116.655
244.241	254.01
409.307	425.729
251.623	21.085
358.495	402.914
250.667	39.832
459.463	203.743
268.994	39.712
105.25	176.094
229.373	94.8406
425.619	446.547
317.749	282.001
363.293	366.58
228.535	419.555
198.752	251.758
110.918	465.154
91.6368	135.77
193.965	389.198
186.734	76.1696
389.424	472.537
269.291	191.564
226.753	480.119
413.685	39.2869
382.341	373.074
235.048	178.36
243.901	211.458
169.578	16.9059
407.496	191.319
158.662	445.318
147.804	109.267
242.5	10.6639
85.3938	483.376
133.086	414.509
185.017	61.5023
141.959	366.741
166.41	264.581
153.182	109.814
404.351	302.549
427.712	433.219
237.018	398.402
429.334	179.112
62.7946	488.664
110.362	237.846
430.283	175.852
248.821	115.112
388.512	162.856
393.006	16.9134
477.294	249.788
408.612	78.6901
381.78	431.764
87.8139	271.155
98.6701	232.609
339.366	415.878
435.518	63.576
18.7714	231.713
336.316	216.514
14.5963	306.38
486.506	323.842
268.48	85.6931
27.2482	157.72
259.926	229.287
483.246	79.0567
481.118	179.718
449.25	477.832
130.101	378.318
373.363	72.5402
477.434	256.685
338.397	6.26792
429.326	453.505
418.702	481.819
73.5947	431.168
428.995	313.46
132.903	199.818
138.475	437.099
146.185	373.091
304.137	215.058
462.462	194.203
492.248	355.548
196.121	73.698
40.5345	330.64
366.355	188.947
348.332	70.6963
439.454	29.1835
315.536	16.1456
283.059	180.114
331.759	333.852
294.111	26.622
176.982	35.9192
357.701	409.159
303.722	109.408
65.6794	53.8968
338.595	361.391
429.264	259.092
425.156	249.627
67.0635	387.524
350.914	146.152
28.292	493.494
165.03	373.327
357.951	283.032
73.7855	322.081
196.938	454.307
163.752	197.203
417.839	78.2955
155.104	398.962
213.743	4.54951
28.9433	494.513
249.281	386.6
201.39	76.4373
128.834	205.438
139.729	128.188
76.553	200.895
469.45	441.748
52.665	356.534
293.595	478.076
264.296	204.682
373.01	308.823
69.8709	57.922
415.878	258.249
20.99	278.054
111.187	75.2374
319.977	357.12
351.381	335.781
304.182	60.0082
204.739	412.963
348.341	7.32169
415.897	104.488
398.506	474.428
253.366	274.638
382.294	147.328
243.066	342.698
464.336	126.345
398.122	338.426
323.024	19.2236
222.373	114.116
0.350031	41.5156
47.5521	272.068
356.099	375.636
186.78	417.885
126.02	24.3977
245.974	243.353
375.538	276.738
361.305	363.815
116.505	250.898
449.799	408.392
317.961	212.171
362.407	107.966
475.899	297.664
327.945	340.132
498.759	248.89
466.837	213.998
192.445	356.67
361.599	240.803
292.577	283.825
179.176	412.684
145.41	213.699
46.3183	54.6778
448.835	353.169
337.601	26.2974
42.3751	347.826
75.7209	478.196
478.971	471.963
320.958	98.7598
308.766	472.007
443.502	128.123
176.499	119.674
180.547	415.504
156.222	141.244
315.114	231.185
371.859	367.263
347.872	427.999
162.393	206.366
54.6262	235.501
70.4963	346.23
163.301	137.32
395.867	119.381
119.824	351.796
9.84534	159.956
238.092	124.614
417.707	247.84
119.214	116.817
186.162	237.337
392.387	321.737
182.227	17.076
326.882	463.843
438.671	393.881
198.263	496.851
225.274	247.635
283.451	113.326
373	155.898
251.868	23.1068
214.299	310.365
119.537	10.419
302.641	80.851
302.745	384.989
449.479	31.3016
144.191	394.226
384.248	207.021
474.504	245.09
213.265	467.398
415.148	240.496
294.151	69.0998
359.467	420.054
214.248	468.867
293.209	362.397
380.264	369.506
309.438	224.845
180.225	254.142
306.226	468.684
105.467	373.54
493.34	427.473
392.74	353.949
192.094	383.459
201.104	392.856
376.233	252.762
434.374	169.978
440.964	281.992
34.2159	137.606
368.097	403.297
488.936	126.506
43.2656	351.638
26.6168	31.7942
4.41158	120.266
367.247	187.437
287.468	249.223
342.359	402.711
243.159	455.818
443.224	182.213
25.4943	479.216
46.9267	17.0653
192.765	452.872
169.449	467.188
73.1202	22.3485
37.9274	449.159
61.2026	104.456
16.4595	247.261
79.0448	118.666
221.829	6.56666
387.134	462.934
238.506	484.843
10.0456	375.811
319.464	157.561
323.121	276.254
55.6652	362.324
433.676	360.004
136.47	304.855
18.9909	489.707
413.683	40.3578
298.29	25.4765
47.7972	432.354
262.321	10.2153
284.384	374.911
254.298	179.854
224.67	463.283
245.279	111.881
64.5889	128.874
490.038	475.429
339.668	22.5798
307.697	36.1577
392.975	133.364
12.8243	247.432
93.7264	305.196
412.657	10.6636
24.3111	110.234
352.422	213.382
387.825	89.6398
225.828	457.914
270.102	298.943
393.942	129.349
287.534	277.957
313.329	464.119
124.71	198.146
17.8072	135.433
257.556	482.286
352.788	6.00166
42.296	256.618
263.532	438.283
187.737	202.554
301.404	116.076
363.078	260.035
221.031	432.197
351.078	2.93631
330.288	287.938
455.154	196.905
204.007	216.055
247.618	372.318
419.27	464.028
271.977	421.443
29.7072	342.015
309.79	221.601
87.0385	275.264
351.163	418.819
330.806	203.736
279.251	355.616
369.2	280.193
204.846	271.805
108.881	196.817
288.607	210.815
289.131	358.478
444.315	389.753
339.31	168.06
29.7672	84.7411
105.151	346.766
114.413	75.2638
472.722	79.1561
482.485	113.371
493.626	104.535
498.41	368.105
150.486	402.505
311.917	339.152
403.554	478.44
168.775	58.2313
303.526	318.316
247.504	159.728
363.478	269.53
425.385	443.287
142.207	403.522
164.625	300.576
30.355	337.663
350.424	144.131
217.227	274.031
18.3771	115.118
405.32	36.9641
364.531	237.817
329.126	44.2848
285.348	144.014
438.569	25.5327
101.442	183.045
184.789	144.08
342.719	445.163
123.323	159.929
198.815	22.2195
103.118	299.036
149.53	27.729
199.294	100.486
49.1773	443.176
422.208	118.1
436.628	142.125
305.75	128.509
465.836	412.932
58.1047	499.333
461.653	27.2157
38.8324	117.736
13.2019	44.3612
148.772	73.2386
262.694	363.536
348.111	104.968
489.658	456.878
35.0864	235.112
130.976	320.302
335.168	442.713
140.815	320.583
67.86	320.533
231.813	145.258
160.16	402.147
340.023	282.454
426.175	17.3155
74.5523	403.143
229.735	480.793
461.877	96.7233
80.0121	444.525
143.188	160.317
86.4212	419.998
178.748	305.031
114.008	411.71
134.21	246.426
399.451	370.43
278.55	114.132
270.367	246.753
206.533	144.006
33.051	49.9777
461.546	431.248
322.677	322.836
133.703	47.8386
94.8676	341.693
52.332	54.9631
251.14	221.283
146.348	365.526
384.717	55.5739
473.029	123.593
188.57	466.083
53.0555	64.5027
364.179	95.1095
39.3729	320.432
8.76171	103.53
118.499	304.977
351.883	329.827
268.201	60.3169
378.454	471.326
395.471	127.45
190.089	478.571
72.8568	63.2872
261.619	480.119
126.935	295.331
138.045	44.4777
65.1794	55.0804
48.5258	302.327
7.50326	207.915
66.5944	466.846
428.613	270.413
344.243	278.133
93.8324	43.8196
55.1262	173.089
47.8823	16.5937
217.462	209.353
139.28	411.207
93.4008	229.067
247.38	301.485
85.9715	484.327
241.619	410.775
455.729	178.716
457.842	305.214
256.514	2.07445
35.9267	18.5802
306.382	281.242
111.398	51.6958
390.129	315.478
470.91	257.73
344.645	498.58
290.143	465.749
136.195	308.08
221.484	361.418
254.186	275.779
386.633	299.244
40.8342	17.2027
420.607	450.475
120.132	393.476
282.22	143.52
166.315	465.155
499.776	92.6378
217.373	278.431
227.863	387.854
230.338	334.329
351.26	23.5625
410.002	466.342
407.368	287.826
314.762	310.716
214.451	431.342
353.42	413.714
166.806	219.588
276.182	436.542
245.237	101.705
22.7789	66.2436
26.3538	245.811
417.874	31.9583
57.8227	336.532
489.173	169.701
326.733	214.416
428.96	386.551
242.926	493.711
49.1569	2.81543
483.309	447.761
52.2726	148.002
233.788	422.931
10.3003	191.211
337.186	499.504
80.0731	150.933
233.099	241.669
216.682	364.637
315.025	462.683
330.145	122.091
451.223	374.206
385.731	490.864
267.464	242.82
330.831	177.308
31.3897	138.449
356.546	344.484
91.6687	386.062
86.6026	474.675
453.713	49.339
163.536	393.263
306.198	279.81
164.039	355.135
319.22	212.888
266.852	8.32123
278.736	253.88
464.212	17.7451
376.348	171.275
299.529	28.6218
233.577	102.202
369.818	496.466
446.28	443.223
400.459	125.887
387.132	466.548
343.94	421.049
446.553	184.111
396.088	247.337
27.4588	148.78
297.576	423.774
446.031	170.016
370.598	9.69531
180.977	158.659
313.146	274.361
35.1341	314.399
270.176	231.202
9.61835	489.599
55.8208	230.031
357.177	459.446
284.988	392.037
179.163	465.698
51.1558	428.958
189.879	332.187
24.1945	400.82
377.642	178.816
252.056	379.008
217.768	112.589
91.0413	101.92
272.949	404.862
295.589	427.181
1.87373	255.884
326.866	196.581
16.7744	108.984
431.141	145.478
195.429	279.286
61.0487	111.239
445.697	193.396
318.097	117.92
189.853	204.255
50.6047	59.5718
141.766	445.539
256.889	88.7646
353.439	245.422
445.846	477.022
476.409	8.76215
94.7322	209.949
100.777	320.141
58.7368	343.204
109.091	453.049
179.163	410.827
474.485	416.05
256.122	150.608
437.435	409.361
12.4026	326.467
377.943	410.516
48.4218	168.725
230.863	396.109
155.384	333.566
257.001	280.351
39.9688	120.841
53.1667	479.21
435.217	444.826
154.57	468.75
1.85715	88.1431
314.771	54.4025
142.028	301.423
134.471	284.395
266.462	495.198
40.9503	168.768
485.455	341.54
25.3211	81.3122
468.469	327.854
391.715	239.266
1.55263	279.292
443.778	405.304
48.2958	161.929
148.605	339.603
79.9057	258.633
50.3292	460.599
199.653	408.819
210.319	172.607
258.698	78.7534
287.629	81.628
370.206	157.79
300.944	38.9814
8.19012	172.717
389.099	111.645
42.373	354.993
71.2427	303.287
176.473	457.19
50.2492	403.862
338.913	52.5681
418.479	78.8238
121.838	140.116
245.198	72.8385
326.754	447.402
412.667	226.516
43.9128	371.649
167.212	289.53
338.43	7.20947
242.546	59.6271
223.518	446.373
384.082	220.135
295.941	209.773
146.731	133.365
35.1266	255.606
73.0061	362.913
417.819	196.859
280.888	281.67
175.605	269.117
186.174	128.107
40.4222	2.21299
136.585	23.0595
105.641	144.511
153.223	172.304
302.938	298.96
414.008	353.744
120.527	38.7891
473.436	362.376
318.938	162.708
219.424	129.23
216.579	350.893
59.0345	308.933
335.605	288.064
487.23	354.245
380.982	435.202
55.572	267.253
112.308	35.1363
445.944	225.222
307.327	236.361
84.2895	474.058
244.141	289.935
225.686	134.476
260.092	250.892
256.648	242.47
383.042	215.966
75.9167	321.181
90.6085	302.052
249.134	177.588
200.025	168.292
422.164	201.653
83.788	195.651
24.1093	73.4256
306.879	351.919
429.31	388.628
158.128	55.3928
195.749	442.989
52.7108	183.383
142.099	230.111
425.693	258.997
46.8805	241.826
318.151	55.416
442.805	47.9363
294.102	232.391
157.992	120.821
289.11	222.257
287.437	399.658
398.117	363.435
422.322	48.7023
328.066	446.999
38.0134	42.4592
27.8304	38.9856
373.81	135.685
360.061	381.017
116.729	48.0699
44.4629	371.409
66.2535	395.224
160.029	403.754
403.162	469.107
228.304	96.0883
451.593	87.0093
395.065	30.5771
212.659	392.509
9.22125	204.628
302.466	102.925
43.2619	312.972
14.3847	68.0191
497.556	240.443
200.968	287.833
162.868	338.246
57.5956	34.8679
498.916	120.759
389.626	127.368
252.545	200.263
198.867	119.768
64.7093	297.902
164.213	141.028
193.313	109.941
176.605	21.6895
142.094	315.183
499.763	313.152
280.192	291.241
142.954	154.148
185.682	84.1581
467.753	162.033
481.423	470.087
331.377	58.9722
162.527	495.859
203.787	75.3833
251.762	481.286
283.273	167.251
26.3574	218.482
148.102	236.423
120.428	155.218
165.582	273.163
54.2385	315.141
355.263	167.55
93.3549	341.444
94.0552	483.954
171.599	303.982
305.496	40.6262
483.461	214.63
413.704	220.995
430.31	338.406
61.429	103.675
413.802	438.114
448.752	181.983
447.472	191.437
59.4735	395.76
117.028	364.827
75.4948	490.748
422.55	124.67
124.535	157.869
280.964	367.729
52.5994	246.21
406.528	465.338
161.35	21.213
144.715	213.662
279.87	432.706
393.833	432.579
362.313	283.869
216.897	174.979
342.411	281.901
358.585	137.296
212.518	272.869
124.535	226.592
263.99	240.98
313.651	339.462
260.172	44.2748
34.8733	91.8498
199.406	78.4246
405.688	250.412
401.249	258.325
147.205	440.276
258.105	410.878
207.264	285.026
313.11	88.919
62.4525	339.006
370.155	52.8583
110.464	492.121
63.6129	316.762
274.861	384.87
351.538	18.7198
262.242	390.536
333.517	144.845
24.3587	474.704
92.4822	156.747
350.561	409.168
159.01	122.311
215.557	128.286
364.925	274.338
176.68	424.993
264.438	159.168
265.752	394.033
186.322	63.2475
88.2096	458.499
104.12	440.96
122.759	459.205
355.34	301.692
319.736	205.871
233.502	126.315
216.722	406.77
391.549	252.406
279.78	225.176
106.465	241.888
351.859	251.826
205.611	253.582
142.214	195.203
140.306	123.543
12.5912	12.9794
388.15	8.17148
11.662	372.686
315.821	446.951
388.352	265.895
483.176	346.387
462.837	274.448
175.258	487.728
293.964	481.343
228.369	149.459
183.02	353.327
133.377	58.2027
361.836	376.662
379.555	12.189
377.464	498.067
28.6807	303.099
285.468	395.223
336.709	150.152
286.537	101.21
435.684	443.388
410.258	24.9856
296.711	384.751
64.1732	350.609
272.503	435.789
403.302	43.3803
474.518	300.264
56.9408	474.569
113.888	401.233
155.209	29.3335
223.658	494.806
479	489.472
211.455	59.561
390.876	120.899
417.441	286.078
479.148	84.5232
327.196	203.854
142.914	189.943
153.044	175.106
348.73	104.608
240.319	106.056
434.484	428.764
265.615	15.5896
358.67	477.734
97.1678	51.9121
139.689	361.71
266.232	374.283
15.901	145.288
89.8347	210.81
25.8135	106.927
13.7808	296.414
453.811	262.177
192.473	413.023
480.784	391.092
386.794	17.6013
185.991	443.415
470.26	235.886
48.2077	196.391
302.687	417.93
431.377	312.945
236.848	329.41
98.618	202.126
462.32	429.647
198.446	307.887
223.987	343.841
157.762	100.185
375.532	153.343
140.548	335.561
425.027	317.073
185.367	393.925
251.194	58.5876
481.793	375.951
493.491	233.378
40.6686	154.956
98.7365	59.9968
377.993	364.157
265.692	466.539
169.694	361.053
159.753	276.996
334.754	160.998
284.308	342.908
18.5819	232.398
409.571	363.999
29.0886	380.487
160.761	202.623
95.3148	347.46
154.347	160.035
489.762	321.307
293.518	159.831
154.88	295.8
461.139	39.7307
383.32	152.121
315.312	476.622
155.811	209.449
171.6	331.935
319.496	443.021
197.235	492.866
494.283	480.798
359.487	82.7079
482.91	180.275
492.739	178.403
296.933	374.693
50.524	356.508
76.8906	421.956
72.3687	81.9462
76.2027	144.299
224.342	348.795
87.3448	289.488
370.72	265.691
361.141	282.259
133.691	216.277
370.583	476.302
427.076	274.268
471.085	143.762
453.755	427.724
362.761	16.1418
429.219	499.189
439.58	54.9762
333.255	0.853309
41.674	438.726
200.512	285.826
127.038	2.66271
41.5598	44.736
169.276	53.0243
213.125	111.974
193.45	395.706
424.365	303.97
144.88	127.178
432.122	460.752
278.147	481.534
83.2353	65.773
263.263	205.357
301.083	196.721
480.421	107.336
485.135	455.7
265.05	274.82
363.035	258.644
101.795	415.162
311.587	380.539
365.425	407.113
438.977	127.763
76.582	365.778
491.313	210.992
153.092	31.9616
292.297	182.851
235.08	198.184
97.0582	246.451
403.887	459.87
23.2617	119.178
360.443	215.44
167.185	215.686
206.823	89.9788
366.462	15.2118
428.422	36.4986
118.237	17.7921
186.902	198.677
422.142	456.127
322.471	308.155
160.15	482.643
162.204	330.833
346.717	312.157
401.483	455.634
353.683	168.057
172.018	126.363
291.707	99.6269
389.822	426.02
212.314	183.448
27.8927	149.141
386.165	348.72
279.532	440.33
307.414	293.997
234.783	370.072
61.1039	285.97
225.537	271.43
221.405	131.25
91.7714	74.6698
293.364	79.6618
71.9441	262.084
439.401	235.144
258.169	210.607
431.199	319.468
308.848	192.845
453.918	456.409
88.4412	92.5822
216.411	68.672
44.3643	448.743
52.398	265.697
462.15	386.746
294.624	89.9685
438.565	301.798
12.2303	285.411
310.778	33.4129
431.379	282.896
395.109	422.239
449.888	284.644
251.725	90.6531
98.1779	128.704
28.0189	433.141
428.841	345.017
81.537	444.448
217.734	68.8108
277.312	446.895
472.208	261.079
493.193	165.972
355.173	122.573
366.739	98.3938
61.201	164.736
196.758	107.52
79.6539	349.219
146.542	422.353
1.69169	247.066
436.467	434.177
189.115	265.291
51.3544	263.545
391.424	290.768
188.862	411.571
98.5366	78.5731
79.7421	444.137
43.1193	254.657
175.256	369.416
47.8756	37.5848
75.7764	292.107
13.5725	239.218
181.632	107.439
132.372	36.0237
22.0664	371.62
180.152	393.846
170.04	184.639
155.995	44.0326
275.608	15.963
386.702	277.084
290.558	447.304
78.1209	420.835
100.389	105.249
85.6427	284.953
297.089	324.582
477.424	262.499
140.146	153.278
192.378	285.521
11.8561	234.215
242.874	456.201
184.025	238.777
287.599	88.243
455.376	125.42
398.261	42.3268
302.164	353.06
238.342	61.7954
402.107	424.333
266.048	118.673
204.95	498.769
348.326	248.137
372.638	124.494
82.8893	487.706
229.603	140.742
35.9937	83.2743
452.221	127.813
295.95	95.8634
451.739	93.247
44.0544	217.928
14.0393	364.041
101.966	452.026
41.6791	453.593
338.35	270.078
366.817	314.32
266.16	179.458
250.958	482.164
220.887	30.4739
42.3525	188.51
242.485	235.914
471.065	422.75
39.3087	247.973
304.043	467.777
168.424	277.32
228.922	374.83
28.2186	71.5014
233.722	472.729
244.55	87.0437
280.24	429.105
243.224	232.29
396.227	67.7728
291.126	62.2253
258.01	462.894
284.131	312.397
71.6164	208.285
14.5595	162.792
313.538	418.83
176.015	106.729
441.706	223.373
430.438	201.321
131.447	363.561
27.3881	73.175
345.029	186.352
133.536	393.533
81.6407	104.906
416.43	34.4768
36.5938	324.664
277.192	53.0632
268.935	101.04
278.703	140.711
292.285	421.846
233.183	296.129
275.201	417.234
346.549	281.733
138.975	3.8412
141.382	300.27
234.858	368.979
83.7636	20.2417
168.222	354.152
490.434	216.867
168.399	71.3753
423.063	390.561
124.669	442.352
265.115	0.411642
303.204	473.029
332.968	215.653
188.592	133.445
465.892	118.785
36.563	446.475
433.966	264.429
298.167	475.54
323.872	430.323
424.182	212.443
275.789	361.207
245.72	68.4916
154.091	59.7865
112.903	335.504
117.245	264.906
306.504	413.257
101.902	244.171
7.70762	198.352
384.878	311.647
44.4687	268.589
313.541	419.568
441.574	221.179
247.995	129.992
426.103	87.0884
226.844	82.6208
491.484	475.604
26.6808	232.637
117.586	133.949
485.667	139.267
33.461	362.817
87.9367	224.75
111.712	406.777
19.8673	341.597
21.264	123.439
420.228	371.257
78.2595	251.508
34.8563	61.3721
8.72313	186.098
270.044	125.507
292.613	12.9031
133.455	318.874
496.048	304.655
262.786	187.261
463.477	61.326
197.99	64.0346
431.66	185.935
167.443	168.767
373.05	66.1814
304.195	476.476
298.951	127.868
11.9682	396.403
420.174	432.095
468.429	143.758
338.748	174.863
126.281	149.209
466.053	56.595
182.714	418.089
274.579	138.036
127.971	337.785
268.037	251.132
65.1111	31.8744
268.362	363.437
254.89	81.1065
53.7957	117.914
272.989	390.889
138.558	51.5907
431.911	186.259
120.505	409.099
88.6433	280.688
232.019	493.939
217.788	179.901
427.19	324.529
413.658	326.791
250.145	280.675
335.507	442.962
74.6156	299.963
188.405	4.96831
437.235	450.261
390.438	414.535
13.3444	146.006
303.873	261.702
297.616	224.294
174.119	196.705
242.924	488.219
60.0269	179.87
345.307	183.904
129.833	184.129
293.225	479.843
276.564	190.415
235.943	144.759
275.83	92.7552
439.866	205.217
36.2649	387.577
21.8279	269.589
161.663	100.588
424.719	51.4248
459.443	316.566
202.116	284.828
133.309	261.016
326.922	244.744
431.139	200.059
368.348	49.0644
377.508	249.127
443.488	372.819
209.644	48.1648
256.892	17.1058
60.022	285.639
452.054	484.606
316.06	467.678
62.4638	111.583
20.945	182.239
191.447	213.165
366.261	300.669
15.5674	456.803
171.326	303.056
213.171	91.9472
415.941	310.254
350.548	491.647
301.561	492.472
47.9675	62.68
314.83	418.43
116.033	57.1032
21.0964	80.3045
378.103	275.305
418.086	122.858
327.365	99.3618
341.98	458.034
122.077	480.288
285.276	157.089
315.882	227.264
130.473	85.6097
89.3757	44.7123
337.367	97.1035
296.906	316.22
138.584	41.3027
365.066	470.016
333.427	41.4828
31.069	175.395
492.558	102.51
343.937	169.673
232.426	81.2289
13.8801	261.094
135.614	326.065
263.149	490.335
417.698	242.859
101.748	231.011
479.526	422.172
354.929	399.884
70.9954	434.032
308.556	35.7844
305.388	393.372
492.296	337.086
149.664	239.657
322.79	8.84208
268.495	122.769
461.223	374.284
283.454	48.4899
310.009	283.554
405.341	367.267
318.123	482.978
155.193	108.495
283.827	226.717
226.931	309.223
114.385	51.0854
69.4034	33.4926
366.922	406.37
155.26	165.153
340.944	47.3833
140.029	360.415
69.2025	113.663
334.582	51.2756
153.932	201.674
395.359	480.922
199.744	115.045
485.743	389.202
269.593	368.69
170.965	304.753
488.617	240.685
499.131	86.906
182.143	113.702
484.089	369.164
42.1068	89.524
442.788	211.387
110.903	247.972
141.655	90.0117
342.306	306.147
242.42	410.308
243.834	494.666
24.4681	354.351
419.656	238.394
19.9004	459.71
475.363	322.934
154.112	276.892
78.1153	307.695
48.3535	149.315
22.1214	407.762
387.212	228.092
456.068	25.061
379.132	43.2867
471.659	448.822
82.4434	137.449
437.481	256.81
421.571	499.739
56.7782	106.551
57.3303	35.081
450.396	437.201
180.114	114.948
293.553	67.2867
103.5	378.675
67.1603	205.847
232.017	442.913
110.856	487.507
254.685	120.295
38.5198	350.573
127.264	259.635
365.313	432.641
154.274	449.785
203.097	318.871
468.562	403.691
232.98	370.839
303.469	280.095
66.1662	200.618
364.41	463.378
72.9977	458.079
312.941	78.9204
464.17	96.7455
416.769	340.978
74.2115	162.408
414.886	494.785
301.307	240.294
236.139	403.263
301.363	107.749
185.066	171.141
227.404	165.848
95.8606	494.121
62.8976	46.0572
392.82	361.431
486.502	489.874
182.335	418.775
229.071	99.8469
436.122	376.24
493.702	420.988
250.462	111.15
236.141	395.915
74.7068	139.54
91.5134	208.714
429.335	292.828
112.479	110.363
405.515	441.599
348.074	374.651
163.026	436.47
199.778	300.994
445.126	56.9108
380.545	156.005
193.691	369.727
429.197	438.003
148.787	473.566
222.17	403.189
238.01	463.445
330.761	230.003
490.37	318.077
419.657	468.538
390.169	360.373
189.479	180.951
44.7825	468.534
53.5022	433.482
223.121	63.8247
431.244	448.11
486.173	470.322
310.499	35.4975
115.018	249.336
430.308	215.628
83.2358	215.947
317.642	344.268
129.694	483.508
204.026	497.116
205.653	275.183
92.1082	31.0672
482.611	403.067
15.3239	93.817
231.595	442.488
445.306	5.43795
299.809	335.749
181.74	300.937
304.82	6.93202
457.087	401.573
383.62	26.1396
114.89	227.45
44.0959	16.5543
90.1866	18.1582
34.5583	470.561
435.734	147.959
369.212	128.644
303.237	102.107
382.43	179.813
206.513	358.212
261.223	418.642
294.791	452.799
25.2207	130.727
150.885	446.528
151.791	268.105
383.43	303.989
251.776	246.099
423.859	479.694
71.6805	346.913
489.139	491.237
162.82	46.2026
209.64	271.575
447.426	31.7009
245.881	364.514
487.598	198.747
380.065	139.806
348.221	494.742
16.494	481.515
185.229	399.502
114.243	68.9977
459.87	30.2054
420.129	280.628
86.6892	401.34
53.6877	55.4781
262.474	381.68
432.394	42.3305
435.422	111.158
90.4497	122.092
218.853	419.551
374.02	412.361
482.779	75.356
468.852	22.88
318.27	390.578
203.305	87.7183
88.5945	296.1
196.823	1.61764
88.8923	138.758
42.2617	475.944
476.449	425.497
474.942	370.9
71.6775	309.271
223.66	48.318
301.034	427.722
163.359	207.098
335.592	136.407
237.235	164.1
85.1811	127.71
290.136	403.755
182.769	424.964
226.904	43.1369
414.514	62.6507
55.5924	103.07
142.159	254.72
163.608	440.246
121.302	249.579
48.6287	465.344
239.644	445.774
378.917	147.398
370.433	20.0107
281.691	37.8478
225.052	193.684
350.033	421.14
198.112	472.918
2.26171	247.576
67.9645	235.285
263.564	104.86
178.032	368.162
379.974	110.122
435.453	485.371
249.048	478.915
463.371	300.932
5.33891	278.005
163.8	437.847
37.5098	314.733
378.708	114.513
299.939	422.639
210.798	275.617
357.506	211.421
337.623	162.533
348.941	279.068
158.16	34.8074
182.26	66.4164
492.885	105.86
253.875	41.4682
195.28	374.695
440.222	382.052
331.001	362.203
405.812	353.33
14.0525	91.3923
278.044	127.961
326.198	105.784
432.372	277.531
154.47	281.519
240.555	394.196
162.547	205.884
31.3361	189.209
183.631	384.343
330.024	257.705
305.01	68.8084
191.078	415.345
251.313	310.204
89.554	360.604
287.443	244.235
77.3198	18.4719
233.568	341.234
424.832	109.072
362.242	92.0462
409.765	447.592
474.077	283.903
355.58	233.329
366.906	440.703
372.999	296.486
427.012	5.49805
65.6119	109.343
288.772	370.293
358.518	395.899
200.33	58.3596
162.786	354.279
118.084	412.285
368.429	316.79
358.202	349.15
285.976	413.467
110.491	93.7535
89.2419	32.7494
52.0881	19.2556
496.57	459.464
135.765	297.8
98.7937	176.842
454.458	462.469
478.025	429.009
28.6861	314.684
209.824	424.894
230.326	79.4878
94.9955	133.657
283.981	135.158
322.798	290.33
305.935	55.6961
52.2921	423.792
422.688	79.4654
34.5391	193.529
451.78	70.72
192.923	374.255
149.683	415.715
325.691	117.6
485.541	352.389
9.25711	394.184
364.515	202.95
70.8347	444.187
484.023	244.41
430.531	211.012
493.93	293.287
228.559	199.175
492.692	427.355
213.97	196.875
293.332	19.2614
462.592	97.6232
305.956	157.805
349.445	461.988
475.477	59.9412
9.99616	20.5159
414.079	425.526
181.979	335.077
54.0363	376.861
398.066	424.4
369.735	225.551
288.348	22.9969
299.385	124.036
77.4926	115.317
103.026	397.044
71.6837	213.654
296.249	223.956
28.3499	94.7452
205.913	271.291
264.614	367.748
206.28	230.148
254.227	481.612
315.717	278.802
290.413	250.182
262.141	275.23
285.958	282.049
496.242	91.3515
283.085	446.702
221.311	79.5382
299.755	252.4
396.472	373.005
287.853	336.148
410.866	78.2929
23.1346	206.003
375.299	134.871
173.71	212.818
191.428	179.044
144.934	422.349
156.607	193.723
231.222	286.331
112.542	144.836
318.63	476.69
48.1148	498.883
439.521	109.095
371.831	127.499
324.562	352.316
220.71	24.5927
25.7185	417.306
228.588	64.8452
278.587	226.386
156.916	332.749
93.2541	206.928
408.722	381.3
76.3554	284.642
30.2403	316.681
271.012	399.658
323.356	111.097
46.5189	140.221
424.095	433.644
474.964	115.518
194.977	360.98
273.448	266.556
218.883	346.949
47.2676	4.5346
254.37	215.352
330.415	184.947
134.297	142.724
183.725	389.037
81.0902	100.635
131.099	408.642
388.674	492.312
402.759	380.955
334.381	345.56
102.59	388.668
316.466	401.084
298.742	186.752
357.339	437.554
128.282	493.408
203.028	183.003
216.679	32.21
225.998	332.915
367.011	294.437
4.71151	408.09
80.7337	425.298
219.393	434.54
158.605	220.287
96.6294	471.36
251.634	12.3794
93.6716	402.247
291.037	473.907
362.103	19.1068
421.934	22.402
395.986	143.786
339.886	488.606
435.29	429.123
192.481	242.931
342.369	429.161
281.953	35.6402
378.091	403.116
452.5	3.34981
17.6811	368.159
82.1869	296.679
355.009	9.73748
32.3898	468.969
374.625	65.4454
448.733	255.308
435.844	433.635
188.497	332.147
145.865	127.862
177.918	401.596
211.131	465.516
219.213	368.132
299.324	212.539
314.834	124.909
245.388	1.83396
235.469	53.9342
432.601	285.184
355.398	360.919
298.225	207.662
454.052	76.0376
334.393	183.846
224.609	108.89
245.238	497.124
495.243	341.586
381.288	204.452
286.725	490.209
153.355	381.932
81.3127	369.681
21.8011	465.544
208.121	449.503
128.834	402.31
136.843	455.411
250.55	426.771
338.507	47.6779
405.894	374.6
455.163	59.1318
165.483	194.745
200.021	310.51
440.895	47.5713
74.3875	301.053
495.799	487.137
55.7446	222.128
462.526	285.24
402.698	469.497
37.2055	475.223
109.705	125.984
164.73	20.5611
216.746	289.083
428.633	210.72
117.02	117.391
373.538	456.545
386.323	98.52
298.566	447.089
295.615	453.303
359.154	254.066
409.35	229.596
482.079	35.8434
337.647	272.333
194.192	475.399
150.879	207.061
88.4565	269.983
230.863	489.238
463.833	235.451
240.663	57.0133
433.469	381.39
460.958	211.729
285.627	61.0979
316.144	280.258
380.315	361.243
324.127	191.529
195.971	271.054
28.4294	320.648
461.576	462.937
493.608	69.3473
234.476	370.893
392.542	195.256
231.526	478.611
338.473	350.581
460.231	186.47
417.668	57.9507
480.969	15.5595
398.355	413.673
434.552	459.863
118.808	257.838
117.307	188.059
217.982	448.475
180.773	358.721
402.257	24.8123
223.159	277.589
36.5463	120.951
439.45	407.78
173.645	320.205
159.024	310.473
62.2731	346.441
139.801	413.452
177.035	262.82
169.866	464.841
374.883	434.646
399.974	370.23
140.823	169.829
322.414	117.839
92.9835	316.863
165.133	191.734
218.841	265.863
72.9084	334.064
474.433	112.666
341.768	168.985
70.4658	197.352
259.347	177.003
348.033	418.384
124.722	2.14141
143.571	456.323
367.742	499.023
280.222	299.254
130.57	229.656
304.058	149.909
74.0295	158.671
290.21	429.602
332.516	319.083
245.512	23.4394
306.544	364.621
437.459	393.763
221.15	422.646
440.078	291.417
147.413	195.495
295.848	44.1548
70.7054	278.154
29.678	492.002
60.8871	146.853
227.365	32.3335
97.4017	363.651
147.53	263.631
259.617	408.786
307.577	168.002
407.141	15.2786
495.962	420.244
385.309	89.5339
65.5886	190.763
417.239	494.839
311.392	161.115
68.2379	278.65
321.871	334.347
301.534	268.341
479.716	34.0027
106.23	216.218
319.332	190.747
101.513	432.493
310.083	453.973
185.036	266.859
405.566	147.646
191.508	116.106
439.759	473.16
159.953	343.687
377.627	483.08
280.44	13.7945
432.215	28.3268
159.008	106.167
363.449	148.374
150.485	372.492
19.3805	358.821
390.81	109.415
328.125	153.768
301.963	438.66
277.59	225.558
295.566	98.0346
322.783	444.276
47.0079	339.465
198.93	363.283
340.68	280.546
307.366	223.969
496.5	262.178
147.362	271.498
364.369	63.5063
421.63	424.774
278.954	498.915
430.496	110.823
250.905	68.9563
123.282	253.836
332.751	345.52
217.053	266.687
449.241	74.8306
459.826	240.24
417.488	392.289
445.858	487.189
43.1272	304.528
197.24	240.908
202.298	361.202
76.0786	159.082
184.476	312.383
197.045	375.559
401.548	31.469
73.0736	66.6076
277.902	239.554
373.606	439.344
386.704	321.199
291.641	12.5545
147.321	353.596
257.513	119.341
164.057	321.843
325.428	334.085
35.1119	70.1196
72.3323	201
371.653	164.758
229.071	364.727
45.3146	74.6062
478.686	460.173
168.609	112.845
447.43	123.119
183.194	69.1861
445.328	273.128
95.4931	93.4955
481.042	159.329
240.848	99.2017
370.761	409.921
207.163	24.5895
27.7276	163.68
48.2421	63.8027
205.15	253.637
325.236	424.067
209.582	214.995
223.418	26.3709
478.549	42.3712
312.83	16.305
450.452	277.274
311.529	40.0481
358.452	284.269
50.2542	91.2158
349.135	460.808
422.801	247.028
364.981	85.8395
278.735	189.359
191.934	247.926
334.7	196.956
424.931	154.53
27.8684	366.292
107.845	159.38
366.011	82.4514
489.273	383.591
356.753	408.853
14.893	38.9539
333.592	233.921
167.079	120.707
52.0116	75.8483
170.526	237.775
15.4697	220.93
53.7408	296.858
157.611	289.912
477.593	385.603
281.809	119.693
224.8	426.354
445.796	196.294
69.3197	380.954
104.603	294.371
71.0174	164.481
105.222	391.239
274.976	147.796
346.657	471.543
208.984	150.982
284.282	91.7551
223.509	384.934
232.245	223.895
269.245	293.343
210.257	496.008
495.901	200.634
388.493	47.1151
284.719	459.429
130.088	137.095
397.701	291.865
211.344	225.467
315.546	292.629
5.58667	382.372
204.252	17.9402
163.081	119.557
416.236	315.49
498.991	86.7995
113.561	23.5799
251.485	42.1068
78.6654	146.39
356.181	387.146
166.386	411.012
101.457	65.4163
155.93	471.392
121.99	116.862
332.093	233.943
189.42	133.673
76.3068	492.629
80.9827	488.249
255.931	168.935
14.495	437.004
372.841	197.401
368.491	469.435
273.331	442.906
333.351	283.431
119.582	395.969
74.4652	473.084
465.135	231.521
155.318	277.223
305.737	386.034
200.55	465.519
178.266	331.902
120.099	153.091
298.972	467.703
336.337	43.213
113.239	361.482
101.097	17.3053
65.1972	221.844
456.666	360.206
400.938	235.226
68.4879	26.6494
496.92	403.585
465.813	54.994
431.563	390.672
235.276	140.417
223.57	413.394
462.963	251.66
410.318	290.061
111.887	223.492
373.157	296.129
265.802	381.542
226.866	285.335
370.278	189.639
168.932	439.399
114.108	286.211
116.993	147.514
406.341	482.636
298.057	423.004
5.55812	222.257
70.103	354.962
346.531	308.181
144.282	106.14
359.442	38.4926
84.7231	478.009
211.544	382.571
400.404	43.57
249.174	35.4483
203.176	93.7523
462.898	492.855
315.402	235.633
459.769	257.828
473.026	330.314
426.338	424.815
452.825	297.912
16.8221	436.894
408.951	138.528
130.652	188.082
465.696	317.06
451.757	301.292
277.259	116.112
115.571	147.975
491.193	273.963
102.959	253.452
68.5332	28.5906
229.834	261.08
319.005	339.806
209.222	201.561
452.79	102.603
433.984	157.8
487.705	77.6879
75.8325	309.328
385.518	374.908
277.22	129.572
154.12	205.141
362.351	185.729
415.914	100.932
385.357	24.6113
422.15	432.45
10.4029	395.679
108.122	249.681
290.065	431.606
27.3233	286.735
472.661	102.495
271.367	411.79
85.9065	325.533
15.6819	0.999207
233.316	69.3253
150.414	153.026
168.236	62.7353
67.3722	192.654
329.669	240.28
39.7078	430.811
342.541	456.104
264.491	223.288
344.871	363.107
89.8127	452.255
378.545	303.864
320.467	69.9848
195.162	242.994
459.279	406.095
333.585	489.779
191.209	54.9529
362.734	238.226
40.2218	445.242
98.5881	38.1517
356.177	268.746
224.518	383.434
153.364	376.982
260.889	143.003
47.0412	277.14
290.302	325.577
224.973	342.302
174.568	280.422
70.0012	409.197
47.6262	333.677
324.078	340.422
63.4166	464.714
406.695	62.3226
320.942	469.79
22.5057	426.574
438.497	177.917
196.805	342.645
387.959	183.178
230.202	401.205
471.507	411.401
363.445	492.476
221.901	177.188
54.0195	400.845
53.0456	352.784
440.736	324.065
137.44	285.295
267.487	477.285
11.6149	89.2262
233.742	10.4544
423.048	464.771
50.085	263.759
468.256	289.602
245.982	64.635
151.555	117.798
24.2198	3.88131
278.094	53.0247
267.189	166.278
112.016	2.34439
48.9278	408.96
338.39	262.116
378.223	447.272
339.717	200.534
156.858	171.523
144.713	34.7202
225.854	410.409
126.703	237.605
52.1315	251.302
8.42015	459.477
399.517	254.999
405.868	117.573
101.102	213.456
428.094	304.083
72.1079	236.711
65.4085	271.766
302.719	317.92
339.77	304.335
200.717	53.7668
9.09295	325.946
343.187	218.603
477.93	199.497
432.053	367.083
278.846	351.768
126.003	437.397
186.772	9.96994
62.1001	480.057
114.236	396.244
337.72	466.39
377.292	91.0737
483.618	140.634
182.097	104.695
309.193	469.256
124.824	317.555
102.415	394.713
15.3086	177.687
436.045	473.925
300.705	114.825
357.117	25.2174
216.246	315.744
118.645	89.1202
239.977	267.928
438.351	103.202
69.1225	225.334
44.7254	345.074
105.486	69.2652
196.858	11.8169
468.738	460.007
254.027	189.132
241.215	24.1909
494.191	118.535
498.557	232.78
16.5619	136.862
180.512	340.661
311.531	317.026
153.701	75.225
367.052	362.382
222.88	300.069
395.306	450.622
430.466	122.003
144.6	84.4481
228.018	388.424
397.402	326.137
348.769	414.798
497.219	396.754
20.8425	131.202
2.61625	385.061
228.145	79.3639
163.626	66.0924
275.31	264.734
221.337	279.263
457.529	261.493
42.2419	250.514
398.136	342.091
3.82839	402.79
112.782	365.143
43.4211	433.509
145.172	200.831
356.587	138.774
41.398	7.24276
18.1627	258.893
156.216	296.242
335.553	311.118
83.6326	195.894
131.749	401.955
48.6091	349.787
398.14	163.149
252.514	410.209
405.219	459.431
479.49	266.354
119.424	24.0556
43.739	371.173
106.15	311.879
77.6736	468.008
483.928	73.1922
97.9431	314.462
397.613	468.349
476.091	322.023
396.498	272.555
53.6061	153.257
403.23	21.3489
30.3182	477.767
55.5692	30.577
398.831	87.1784
14.1151	436.827
412.381	438.431
349.808	71.0765
464.35	106.117
11.7295	367.42
417.392	255.34
21.6966	384.149
98.9454	442.281
321.485	305.787
38.82	128.818
201.803	18.6167
325.279	49.187
41.4836	42.8055
311.858	122.85
452.207	386.699
443.608	456.609
326.279	38.2063
116.301	302.744
497.096	119.153
172.691	151.017
262.295	39.9735
437.094	247.559
442.181	278.582
5.87099	344.345
236.939	381.841
480.172	413.104
355.119	407.289
314.24	214.111
33.3897	144.823
419.79	43.4457
243.212	309.609
412.526	130.043
342.204	439.037
344.637	348.33
62.4524	40.7087
327.17	20.7748
14.663	245.801
5.03576	52.2762
293.024	127.414
294.723	103.783
465.14	120.742
141.659	367.154
275.956	231.273
64.5783	337.422
223.295	178.96
142.179	0.105
303.114	145.031
103.938	85.3132
15.5261	275.097
170.452	102.359
397.166	403.36
9.54653	308.073
426.718	382.731
255.974	55.7887
199.176	470.415
74.3514	270.157
349.912	331.471
342.199	438.227
230.664	394.342
483.581	225.065
127.145	370.278
194.066	182.316
352.128	95.1627
370.566	459.799
173.765	454.324
209.596	430.155
409.591	331.212
7.8639	377.05
359.065	366.992
260.969	39.4425
409.319	133.023
54.462	140.789
433.988	255.701
411.501	113.795
330.289	497.715
424.255	414.619
336.962	374.876
197.647	251.51
143.468	97.5973
223.85	189.475
397.128	52.9177
456.872	106.358
104.706	96.7123
42.4304	242.426
41.5226	492.238
265.064	345.109
102.531	492.697
18.9217	287.042
87.6685	289.213
107.664	421.613
346.004	355.843
57.9763	202.774
20.472	302.15
481.14	450.669
33.0578	285.111
453.238	88.0211
81.7593	29.1837
285.185	69.4538
246.251	491.617
92.8772	111.328
311.322	410.692
320.408	102.741
210.366	257.436
178.631	49.8885
442.765	277.903
402.317	104.41
111.823	380.451
489.549	61.3133
289.666	143.096
234.409	409.782
382.18	314.192
494.723	81.5043
85.1829	158.191
81.9013	409.694
357.103	367.171
350.548	468.647
120.572	149.808
428.266	309.283
437.339	111.056
204.908	14.2642
474.985	252.461
72.8401	399.143
109.707	164.966
158.57	258.152
136.547	127.386
389.898	248.553
482.902	221.926
478.998	426.516
272.231	240.9
71.5297	370.168
47.3271	293.068
179.061	487.293
220.71	354.79
348.127	308.065
246.307	345.46
266.274	254.641
186.974	318.985
423.394	159.978
47.4318	419.627
300.435	201.281
209.895	478.207
204.041	37.7445
168.175	60.651
441.2	122.554
382.148	474.526
299.169	109.964
220.49	256.987
167.218	73.7608
483.203	282.223
342.693	410.061
310.413	33.874
350.023	456.952
474.814	219.782
358.422	81.9718
19.5491	184.865
197.23	74.8586
364.681	248.616
89.9987	340.381
315.512	134.093
431.574	125.442
365.913	14.6357
342.227	54.9591
223.43	159.959
252.625	30.0453
69.7719	162.232
450.983	426.117
316.819	356.587
170.623	372.22
266.063	315.277
2.53338	310.222
110.408	177.835
450.191	454.165
182.926	381.735
493.155	410.153
457.129	207.302
73.9234	90.4514
100.646	375.671
18.5444	403.031
131.53	181.374
262.427	489.838
226.456	421.176
133.145	426.252
71.573	44.7639
87.2021	85.8478
201.501	198.565
445.799	432.52
283.269	13.8317
294.114	299.704
219.369	234.329
159.005	468.383
71.6651	94.969
31.4771	97.5405
301.631	408.436
19.2854	12.5074
100.368	435.279
332.833	454.292
164.82	381.389
444.028	326.565
75.8445	208.043
73.3753	116.941
186.241	166.853
447.303	157.028
399.541	398.2
13.5998	268.56
45.5075	186.469
110.77	335.824
429.482	363.235
365.01	468.481
371.053	450.386
94.0527	418.133
160.102	292.158
179.335	3.94504
229.214	347.219
127.322	161.792
91.6187	458.837
279.519	472.864
496.85	20.5477
422.164	175.951
374.26	275.123
40.4104	260.207
416.878	400.102
170.17	475.171
318.738	472.36
78.8441	440.223
8.34043	202.681
471.958	233.752
13.1805	470.784
124.215	73.2838
323.562	435.331
126.671	52.0621
167.15	36.3774
64.6931	107.682
406.715	6.12229
123.815	168.836
171.308	286.342
366.415	194.619
257.483	453.826
11.9735	167.14
359.95	264.743
498.698	320.807
377.596	130.246
160.03	179.436
454.939	382.89
326.884	437.213
415.927	331.695
189.74	332.574
223.117	138.057
5.22887	210.746
484.83	419.623
20.3011	291.728
461.274	343.984
226.001	450.452
283.124	178.723
456.621	115.431
372.078	381.823
351.326	493.402
191.982	475.76
374.48	346.394
218.32	413.64
96.1317	435.565
31.6038	207.867
279.286	395.206
321.773	95.3099
13.0725	34.4991
454.569	167.576
111.262	9.45761
375.606	73.4515
241.243	195.966
366.044	234.133
67.4172	138.937
6.73979	396.792
340.601	113.961
190.005	314.189
177.087	145.948
284.801	222.169
250.236	466.491
343.937	106.533
137.195	8.05448
387.946	246.098
304.678	48.6867
293.362	404.813
488.497	238.074
470.518	283.633
78.1296	32.0128
42.0943	423.175
42.6007	85.6355
241.301	213.109
76.8658	437.775
211.328	177.277
42.1215	197.871
450.8	292.986
338.602	247.792
138.418	15.8869
274.624	233.241
218.596	134.726
158.621	464.538
363.987	154.574
480.25	364.405
170.215	98.6361
482.582	469.541
14.666	86.1893
247.461	0.104512
394.955	178.489
26.4854	167.662
58.7966	358.959
208.165	451.72
333.349	389.147
451.407	452.127
444.53	11.3503
461.622	486.736
182.814	272.26
424.689	266.914
403.145	225.315
131.546	389.149
227.813	199.689
264.456	13.3691
