Saved a vector of rrt <nodes> points.
X	Y
490	490
482.303	483.616
474.424	477.458
464.633	475.423
454.641	475.817
489.768	476.962
444.641	475.757
434.664	476.425
489.427	466.968
424.747	475.14
414.747	475.235
405.029	477.592
413.415	465.324
407.056	457.607
489.564	456.969
409.646	447.948
404.59	439.321
400.876	430.036
401.827	420.081
392.482	416.521
384.132	411.02
376.119	405.036
372.019	395.915
363.81	390.206
361.586	380.456
354.745	394.429
345.06	391.939
337.288	398.232
328.226	402.459
322.939	393.971
316.616	386.224
309.134	379.589
319.218	406.801
309.967	369.624
309.468	409.024
301.179	364.853
366.769	408.582
301.356	354.854
391.483	408.241
292.358	350.493
307.173	346.72
286.936	342.09
304.786	417.86
494.102	477.452
279.806	335.078
276.02	325.822
273.521	316.14
302.799	427.661
265.369	310.348
265.714	300.354
257.554	294.573
247.821	296.868
244.511	287.432
241.195	277.997
313.686	339.132
323.142	403.078
235.08	290.757
303.522	409.376
365.073	384.443
300.944	437.487
396.155	482.203
225.835	294.569
216.086	296.797
332.229	411.623
206.439	294.166
198.415	300.134
188.897	303.204
410.855	415.781
272.337	292.862
279.83	286.239
179.127	301.074
319.727	331.163
175.129	291.908
287.601	279.946
172.626	308.673
164.401	314.361
155.727	319.337
481.412	451.176
145.752	320.046
291.123	439.375
166.547	286.775
168.154	276.905
290.073	270.257
290.252	260.258
391.254	420.231
299.864	257.5
282.813	433.812
416.692	407.661
204.029	284.461
286.451	251.009
282.165	241.974
421.064	398.668
304.705	446.753
294.211	422.538
330.719	387.688
136.68	324.253
424.533	389.289
289.026	234.698
285.227	225.447
293.019	219.178
408.428	402.03
126.728	323.281
320.816	387.22
168.697	283.021
288.991	210.025
275.136	427.404
285.447	200.674
303.016	218.938
287.806	190.957
309.717	255.795
450.741	478.858
120.626	315.358
310.842	212.713
281.773	182.981
287.402	174.716
294.53	167.702
162.743	290.317
280.389	167.588
110.749	316.924
429.479	380.597
159.43	291.125
102.059	311.977
303.813	163.985
201.949	309.489
94.4969	318.52
89.6198	327.251
278.664	157.738
478.724	441.544
417.012	484.348
317.96	261.457
372.498	377.745
80.1123	330.35
439.184	378.185
320.606	210.552
92.1897	336.915
94.3904	346.67
330.349	208.3
340.334	208.843
308.598	155.204
392.993	491.69
98.0836	302.801
270.957	308.192
88.9947	355.089
307.492	145.265
101.777	293.508
272.181	185.806
317.083	142.432
317.319	132.435
347.554	201.925
413.123	461.562
96.8471	284.808
262.826	189.34
91.4293	364.788
324.328	125.303
111.94	306.995
298.923	454.912
383.18	493.614
99.938	370.042
401.84	425.075
331.629	118.469
291.867	461.998
254.307	185.802
282.227	464.656
357.493	200.827
83.6944	371.126
244.403	184.422
359.11	415.012
417.899	473.328
283.513	316.532
292.575	320.762
229.584	300.994
336.606	109.796
235.998	179.002
293.841	246.816
309.843	125.793
302.618	118.88
310.958	376.133
295.015	112.383
283.675	276.901
346.471	111.435
105.536	378.328
340.305	119.701
355.239	106.627
481.507	495.279
285.111	241.332
362.374	209.556
79.8943	355.939
429.529	403.991
277.845	473.645
277.92	256.226
288.118	105.142
361.704	98.9978
299.29	361.935
389.179	475.038
371.702	99.2237
295.496	286.084
86.8639	285.388
303.754	207.041
82.9038	276.205
243.245	305.759
197.157	277.197
103.662	388.151
83.6221	370.864
275.314	224.135
333.658	421.52
80.2792	266.556
374.735	89.6947
279.407	100.231
274.735	91.3894
376.729	107.868
277.106	81.6746
145.998	310.049
375.672	79.7387
115.532	378.619
294.857	453.648
259.746	318.618
77.2596	378.781
275.133	100.514
99.8613	395.224
370.176	215.812
228.765	185.907
221.927	193.204
79.0694	256.629
101.345	405.113
265.526	97.7383
441.354	387.947
78.6814	246.637
330.946	218.282
373.2	494.252
303.804	291.65
87.3025	241.57
366.421	75.9399
380.134	214.902
82.5251	232.785
94.7904	412.665
309.127	172.457
84.6006	223.002
97.2434	242.655
295.482	355.498
495.081	489.564
384.639	113.987
124.558	382.924
169.346	323.052
289.654	423.59
79.2189	291.834
393.272	119.034
101.041	420.471
383.558	224.297
314.068	150.817
94.2435	427.806
77.8448	215.63
355.968	217.234
257.222	92.1674
300.878	151.477
76.0489	373.803
485.207	443.302
223.56	177.369
245.022	292.718
240.249	315.3
77.8757	205.63
106.604	428.781
397.687	454.11
318.087	159.974
76.3825	195.742
247.231	91.7445
72.9023	186.367
313.379	288.767
80.6794	180.081
239.59	98.0438
402.655	115.576
300.049	383.768
83.5477	185.668
77.5678	170.577
438.618	407.654
486.336	486.564
216.172	170.63
229.637	97.0744
388.86	449.41
75.24	183.322
206.203	169.837
293.302	330.554
126.082	377.966
354.125	117.87
412.395	113.309
421.041	392.364
224.133	88.725
421.741	109.753
131.55	390.073
405.909	115.813
93.4356	187.162
380.395	204.905
293.603	96.7812
429.487	116.077
141.221	387.532
79.6955	160.806
214.547	85.8786
335.662	123.411
232.001	106.791
299.556	276.945
438.76	417.653
388.463	233.012
303.894	300.313
413.256	420.409
481.064	431.822
203.691	319.336
99.4631	301.681
205.198	82.3289
283.156	203.349
204.668	72.343
196.342	168.174
398.347	234.53
281.051	72.4856
195.052	69.5962
186.518	166.306
109.951	410.206
476.411	440.739
419.045	100.123
417.009	90.3325
451.348	388.294
379.805	238.015
276.426	93.3661
185.072	70.2244
484.547	443.236
310.869	334.512
106.608	315.726
159.827	275.782
329.918	102.361
188.238	281.72
113.577	435.949
318.255	280.036
411.175	485.82
120.219	443.424
83.1666	184.237
230.357	89.6893
459.615	382.668
437.748	110.44
68.2847	383.191
359.243	190.982
372.715	388.868
238.38	114.492
407.473	93.3433
471.513	495.638
69.4112	293.785
123.719	452.791
75.4264	151.763
212.051	65.5985
281.788	62.5128
408.254	235.893
288.881	429.091
439.449	485.205
284.693	52.944
184.154	175.645
326.935	207.289
76.2389	377.156
328.563	92.4532
101.316	193.318
176.841	182.466
206.85	313.454
62.9996	184.975
175.28	68.1982
402.642	465.29
245.875	116.865
383.03	72.9672
307.476	227.888
372.328	492.042
364.079	486.389
297.449	345.59
422.095	81.7224
386.908	400.517
181.275	157.791
290.912	379.703
295.257	95.3583
360.663	211.946
408.18	245.892
243.18	88.3158
380.267	63.3565
432.013	80.4506
441.696	77.9515
109.48	199.093
421.113	491.605
187.419	79.9451
283.599	372.883
393.989	243.53
390.659	252.959
285.146	318.945
284.288	42.9521
214.921	200.339
170.329	181.945
199.118	267.391
212.584	210.063
193.905	317.279
281.984	56.8148
53.6792	188.599
59.9279	388.683
452.992	487.311
379.981	471.115
247.039	122.722
416.396	230.087
60.4155	298.153
204.996	199.119
414.858	253.336
375.899	114.087
424.055	223.657
51.2805	383.661
84.5862	430.401
442.229	119.38
317.504	321.413
52.0343	292.698
429.551	215.303
85.1133	410.145
382.393	386.352
385.529	261.543
437.795	209.643
45.7068	391.964
151.193	388.28
306.774	385.325
118.084	461.053
308.064	377.217
96.926	242.482
324.09	213.327
428.669	398.406
381.54	194.971
305.922	197.279
271.023	480.957
59.2786	175.693
448.874	84.914
274.221	376.354
168.723	280.861
276.478	178.428
447.955	421.582
415.336	218.76
243.261	295.116
261.864	476.942
363.375	121.671
83.9166	235.172
311.491	367.546
83.8605	355.017
426.556	412.977
237.733	324.978
183.413	89.1077
212.254	55.6006
75.7438	435.071
118.718	195.263
42.1068	293.9
308.531	389.258
275.839	110.489
179.905	191.986
400.897	409.861
423.927	71.8916
106.222	281.327
265.386	381.038
194.838	258.353
76.4515	141.816
203.018	270.026
41.3814	400.98
75.9617	131.828
282.015	51.1516
75.551	121.836
279.369	348.628
469.538	383.908
110.82	467.925
383.626	122.925
103.679	460.924
258.922	198.547
55.6248	306.931
69.7744	221.534
447.226	206.318
35.0862	286.779
112.865	477.714
327.481	404.481
394.995	244.56
155.004	384.515
66.5708	214.85
291.2	295.114
297.811	142.464
415.782	263.294
423.205	269.995
357.961	75.1543
359.668	485.616
164.838	382.701
74.4611	111.896
315.248	388.217
30.7035	277.791
53.0634	383.721
378.334	73.5729
337.565	98.3623
285.049	173.048
79.8231	103.455
60.4304	307.114
237.244	114.548
350.128	482.618
331.02	377.693
171.302	375.072
450.635	124.797
311.857	431.898
252.875	481.325
100.105	416.946
274.36	478.888
243.113	479.158
277.429	35.6758
389.529	387.341
77.2428	93.7935
86.4505	141.675
45.4904	194.339
337.014	121.056
428.15	494.233
390.976	191.659
73.8054	302.768
107.242	242.806
64.7918	109.345
391.054	120.148
458.262	81.4686
386.593	132.474
95.815	281.891
195.172	317.209
251.935	205.701
234.135	483.562
222.073	105.589
302.59	236.613
47.1434	312.229
150.58	395.027
378.995	53.4378
41.1839	320.259
296.315	380.073
83.3945	421.018
219.86	161.336
162.068	176.311
392.903	377.927
340.435	485.075
418.92	279.03
388.103	497.187
379.135	49.0091
31.4902	402.451
256.168	384.914
57.3172	316.787
221.119	50.9733
337.548	88.062
298.867	86.0325
313.509	222.206
462.63	477.899
328.141	278.529
103.429	350.949
380.409	496.441
70.1149	86.7797
69.4268	190.393
296.122	392.965
285.032	300.004
478.394	422.185
324.928	152.68
112.104	288.46
379.475	130.787
479.206	386.463
157.054	402.648
295.647	471.256
302.358	271.109
446.408	88.2932
118.005	387.639
107.99	400.622
334.57	78.5157
75.5653	78.3956
294.278	43.4154
277.891	364.672
392.049	367.963
302.565	46.0325
224.386	481.333
171.829	197.884
307.43	80.8677
225.209	309.986
163.132	410.589
334.904	278.666
452.704	95.433
340.439	96.6755
260.076	477.818
307.725	419.438
417.22	90.5736
418.496	289.021
55.3752	105.98
57.4332	188.922
58.0537	101.407
419.687	298.95
76.1924	269.776
460.554	123.527
368.233	82.3629
375.184	187.251
205.317	270.307
32.1585	324.565
195.347	255.742
426.976	422.968
114.621	275.9
77.127	68.5183
214.761	152.733
88.1598	341.792
135.513	397.605
164.125	196.659
333.616	123.761
220.472	40.9942
285.577	101.84
444.658	75.0247
339.353	475.134
112.585	351.696
288.777	211.209
309.419	204.05
428.035	304.455
28.4461	411.977
23.6678	396.222
411.161	304.175
184.192	88.4116
411.729	102.253
427.825	387.28
311.829	157.96
202.19	70.2184
432.911	313.186
294.779	395.745
461.758	488.841
52.3562	307.946
80.1082	81.3948
325.539	197.387
450.687	196.936
201.523	247.877
86.687	312.275
169.724	418.109
393.238	358.034
201.604	91.6605
290.806	413.136
196.511	204.411
441.896	317.576
385.447	41.2525
50.0646	95.3922
443.881	189.61
118.908	290.288
75.3189	58.6831
193.791	273.814
214.993	484.764
82.6374	412.558
451.771	319.147
217.377	114.418
96.4754	300.296
98.8499	178.755
80.8994	50.385
104.573	483.303
41.0885	99.8002
220.062	216.702
122.123	481.492
210.321	202.815
198.441	238.363
259.554	394.323
379.493	238.451
197.491	177.762
456.249	210.631
461.735	218.991
417.235	394.961
61.7643	206.08
207.353	204.308
194.486	285.562
220.379	482.446
403.987	297.208
287.571	247.353
299.353	222.896
159.671	205.612
386.234	235.611
344.275	282.156
115.623	429.03
225.493	186.301
94.6029	482.525
322.154	105.322
257.888	90.2772
76.7392	439.804
207.047	47.0635
415.453	276.079
384.338	48.0621
183.584	84.1211
381.528	32.0522
276.522	90.1579
386.396	411.143
285.883	79.1058
27.3769	315.782
22.7481	386.264
370.39	184.901
112.499	208.626
421.532	121.339
331.046	90.9241
118.882	270.818
86.6574	42.2091
402.892	435.391
380.373	444.122
430.732	409.606
288.877	74.9178
197.388	324.212
128.131	198.639
372.312	89.4641
378.089	237.583
31.9065	103.761
468.186	82.6988
261.473	181.511
371.67	207.731
221.708	31.0709
176.251	96.086
242.096	294.107
447.922	397.689
291.551	329.952
48.1213	408.367
286.015	93.5186
361.501	491.897
329.43	476.372
18.1128	312.017
188.499	287.948
476.43	429.69
186.923	61.4865
297.013	109.986
119.341	310.929
36.5086	189.943
284.405	83.9058
131.355	485.336
42.8259	398.89
76.4621	346.547
293.567	133.41
297.84	372.205
450.841	182.429
346.061	385.813
311.038	402.392
433.904	86.0776
174.01	105.832
30.0695	182.292
395.955	408.039
169.795	378.226
59.6606	219.142
10.5693	305.452
351.838	288.699
96.9523	427.959
299.047	34.6262
151.333	200.092
70.6498	210.356
286.952	242.478
34.3154	111.907
205.337	487.364
86.2661	488.048
46.917	87.7297
457.954	421.451
216.966	22.2671
28.7478	196.249
394.646	300.777
182.343	52.5969
41.0297	79.6464
250.304	398.121
161.385	423.048
116.671	239.475
250.559	215.606
23.2862	204.626
422.761	376.828
286.587	224.389
389.15	309.131
478.789	456.191
224.032	106.467
352.405	298.682
471.459	92.1479
217.139	124.415
290.225	479.659
303.98	81.5174
118.186	193.143
176.998	44.1453
88.7821	323.382
387.742	38.0891
117.31	249.454
390.66	79.1974
360.817	291.562
399.695	257.241
316.979	200.321
222.369	482.832
303.16	56.0148
224.657	471.337
263.733	317.767
232.166	311.41
443.235	175.937
357.354	111.509
319.581	316.286
387.209	77.16
184.829	37.9267
246.888	381.186
84.0263	439.64
240.957	401.676
178.908	414.152
322.485	408.978
311.909	145.813
480.928	95.3633
146.177	391.523
393.897	30.208
118.702	320.468
422.013	456.984
399.547	252.42
475.355	75.7268
243.535	411.338
89.7394	78.7043
485.332	76.3917
270.294	215.487
479.157	105.205
309.541	217.744
72.405	284.904
332.578	376.368
320.077	146.154
93.3101	134.87
84.7937	373.548
425.197	486.374
96.2418	45.0619
375.219	247.492
115.222	451.343
258.28	287.598
491.228	68.3141
30.7325	380.243
213.285	34.9132
198.319	331.293
301.034	241.433
297.591	431.744
83.4677	449.625
45.1988	403.473
217.138	294.186
27.8622	417.046
74.9837	119.488
352.177	494.856
218.932	105.165
86.5012	313.569
208.445	17.0332
13.7147	395.255
382.003	424.029
80.3407	34.4567
8.30959	403.668
361.619	98.9331
445.427	308.221
415.018	313.402
28.7477	312.75
295.068	488.408
46.0163	320.826
30.7155	196.964
24.1678	426.338
203.143	10.3055
171.51	390.15
24.2686	97.3067
392.147	192.834
85.1039	319.458
220.262	190.712
106.23	44.5712
188.342	410.835
106.816	322.21
202.356	323.207
176.516	54.4241
75.704	455.927
449.789	299.222
16.9592	404.797
237.657	377.34
305.038	474.695
415.955	369.502
55.837	414.729
36.6816	276.838
89.4332	487.775
398.854	198.524
87.2249	186.296
388.893	181.879
62.8283	107.057
97.6231	125.848
320.395	279.274
411.221	243.967
86.8099	423.607
197.576	406.999
115.198	45.4234
164.49	214.375
278.464	472.148
101.315	140.864
98.2544	73.4607
108.281	405.475
400.755	287.745
90.5045	52.757
408.93	257.331
195.465	488.959
63.2547	176.644
215.521	128.857
166.483	93.9445
479.271	396.462
271.017	92.3371
384.922	313.291
94.1956	220.185
38.7646	188.555
401.017	37.2299
473.417	419.633
315.484	161.492
458.95	498.439
205.11	44.7484
22.3948	186.173
304.94	248.008
380.536	415.892
77.5396	333.62
461.635	317.499
393.483	348.037
157.287	90.014
122.576	352.098
397.9	264.495
238.908	383.025
312.124	43.0941
176.483	78.7676
460.413	179.535
180.603	385.989
122.062	52.6952
242.424	202.613
17.7567	434.013
489.181	387.171
156.825	92.6797
428.369	408.831
397.677	338.959
326.074	485.793
345.776	209.29
208.096	179.643
380.1	476.525
459.642	300.929
180.135	29.0968
177.927	172.108
116.772	400.298
124.988	255.861
372.565	108.169
469.618	212.838
212.51	292.237
376.103	97.4721
376.454	23.4349
108.403	180.599
16.6218	90.8625
376.785	266.396
106.22	371.704
165.587	90.7105
68.598	279.484
223.915	15.0766
190.459	384.298
116.871	342.661
78.7191	24.5891
138.892	491.908
154.963	193.989
198.233	8.64219
213.069	269.225
287.974	357.681
211.303	52.7629
149.43	291.207
479.301	215.337
22.0739	214.552
429.609	212.98
423.298	109.55
298.131	417.215
301.275	315.833
193.028	17.1809
220.452	211.71
229.824	23.1439
323.898	83.6082
108.058	471.773
488.99	58.5675
343.811	476.451
414.432	68.7523
410.025	32.8866
75.6393	87.2979
362.369	387.972
424.758	222.897
15.909	378.968
198.034	165.4
386.594	255.484
371.51	176.766
207.593	116.485
440.629	379.958
5.76293	314.221
285.346	316.776
488.319	423.409
203.904	413.161
107.613	125.398
444.932	215.232
406.059	215.025
94.598	365.087
468.886	297.116
70.3309	81.8989
360.033	305.149
13.4598	81.3756
42.1254	118.152
320.663	37.8897
433.367	201.364
419.691	30.3237
122.464	293.403
452.694	379.085
356.773	90.1853
62.2332	175.907
195.736	26.8074
395.126	329.795
173.856	178.173
241.063	188.944
217.195	211.132
111.119	268.762
241.707	305.556
120.178	437.049
216.186	41.0552
385.778	326.245
109.105	307.201
442.523	189.331
409.961	288.714
393.685	245.342
483.618	50.1334
393.298	76.9799
241.67	490.122
167.565	284.389
81.8577	320.956
482.508	422.207
89.6809	101.774
76.4673	490.044
491.067	393.771
340.365	221.641
18.8036	224.002
34.396	124.497
169.742	175.521
65.1953	418.253
12.0184	71.48
312.01	212.209
131.043	320.218
71.1845	18.0142
172.197	280.436
316.288	252.846
391.782	375.013
206.205	477.402
320.821	228.788
96.809	347.338
390.295	338.79
415.557	371.661
470.354	178.451
365.659	419.103
408.981	440.942
198.532	470.989
309.624	236.896
396.562	439.877
100.585	370.639
489.865	377.194
256.203	223.861
30.3962	295.611
320.065	306.986
464.88	181.32
491.362	423.774
222.067	319.479
421.585	424.417
12.6973	306.681
230.332	81.8611
86.8755	91.1081
428.657	281.309
208.454	302.36
297.069	454.229
416.849	59.6993
27.1484	412.578
260.629	106.457
372.79	194.918
163.681	202.846
242.742	421.307
479.222	60.7058
223.576	26.6201
366.522	22.2777
361.693	477.681
322.738	255.863
192.261	339.249
108.579	391.544
113.186	117.094
284.412	253.356
446.088	222.914
344.625	380.876
17.5548	233.924
61.19	18.3464
153.977	90.4914
172.159	199.991
181.315	112.661
18.7513	443.963
206.31	17.7522
428.519	84.3024
249.784	402.472
4.66656	324.161
206.658	465.161
322.729	35.2586
490.56	367.218
398.76	329.764
98.1227	470.64
104.932	416.632
108.237	485.846
498.466	57.0695
87.6586	456.735
233.688	413.078
363.248	12.8286
112.826	353.334
280.106	26.0407
28.4975	191.038
51.4251	16.1907
305.871	426.598
93.3639	365.727
136.621	490.672
470.36	322.385
109.844	364.405
124.128	238.346
369.345	301.504
55.7771	83.0929
342.498	212.703
80.8419	129.047
331.398	477.503
21.7521	278.948
386.351	142.167
92.7522	99.2111
368.528	417.973
486.724	40.6279
90.4929	118.837
57.8695	100.087
100.503	339.713
377.637	391.301
316.565	104.26
422.502	434.375
264.579	286.329
286.538	308.787
230.002	217.799
179.575	104.215
473.355	288.17
171.215	188.486
229.623	386.74
402.75	117.908
326.555	277.422
489.342	76.0476
281.097	283.1
196.062	418.741
121.056	453.497
244.841	176.358
453.371	84.2701
359.795	5.77609
193.596	213.977
222.774	146.75
18.3801	453.956
414.281	52.0701
388.313	332.898
197.067	382.462
208.112	469.353
307.338	446.685
190.651	185.057
231.354	478.711
222.54	50.1389
293.631	446.091
25.5837	191.924
188.542	236.95
282.053	326.413
94.9791	201.053
466.053	191.251
459.027	86.6795
143.79	193.527
173.915	21.2669
208.73	311.835
175.874	106.607
227.951	208.387
108.478	427.378
203.765	196.891
278.526	50.7353
329.58	316.413
24.4004	124.2
145.678	195.874
369.682	222.872
470.989	83.627
270.504	23.2452
20.3994	90.8342
39.9196	412.732
408.217	69.9457
151.357	184.661
418.516	93.7042
259.69	290.557
487.935	378.647
206.544	163.43
103.826	81.7648
291.952	474.167
204.416	233.537
123.451	398.008
485.915	439.939
84.3183	16.3036
18.5041	430.811
414.883	73.0594
203.01	82.703
487.451	470.637
281.841	20.3779
42.6865	21.0524
479.698	33.5114
362.939	108.373
283.815	316.384
187.871	120.212
415.101	106.513
355.569	314.097
148.733	490.134
132.248	202.84
283.597	386.522
100.878	104.47
396.363	175.23
158.809	210.76
303.245	25.5498
216.071	79.6586
34.6102	312.605
22.5703	237.818
244.557	287.773
96.4151	490.768
376.977	413.842
391.992	150.425
479.691	68.4707
414.009	359.693
285.065	138.675
10.0788	370.844
393.871	369.478
399.893	292.515
72.5231	84.3695
45.6881	81.8454
420.405	407.132
295.691	220.183
388.029	404.979
262.494	401.393
466.585	218.886
82.8676	400.4
223.311	107.553
275.068	480.821
384.875	180.631
77.2551	177.69
141.619	403.387
88.9822	257.947
153.494	481.34
381.395	343.35
378.117	397.182
62.0696	205.756
484.605	206.86
225.666	377.556
285.57	19.9617
182.508	99.155
288.903	330.94
176.239	425.695
287.734	38.5704
239.334	499.845
95.0549	145.165
102.386	464.435
313.481	102.318
15.6216	453.191
211.989	407.277
53.2033	189.043
31.5161	406.254
198.689	182.532
295.575	162.781
376.91	321.623
278.919	135.772
178.245	27.2249
489.855	482.555
299.493	433.487
179.534	241.293
80.1161	43.6761
275.757	91.5469
396.721	211.588
410.563	282.18
353.659	383.491
175.759	161.803
237.423	375.898
433.285	176.944
212.041	122.635
441.941	485.57
442.243	378.403
422.68	486.912
226.735	5.48234
98.8262	45.0181
492.932	74.9812
480.33	225.284
471.677	85.0266
351.219	408.87
191.302	128.6
241.861	305.454
6.73457	381.976
159.224	381.001
296.619	156.471
394.253	77.4488
399.43	189.446
193.621	112.03
69.86	308.521
482.196	235.108
97.3084	113.079
194.601	472.756
369.502	3.3703
100.442	491.131
321.991	228.361
15.2453	276.071
481.691	293.694
389.976	229.335
486.28	88.4554
100.013	463.045
277.464	183.935
371.408	224.824
357.23	424.262
363.676	413.569
379.693	149.629
17.9262	463.946
473.785	84.0564
128.814	190.39
216.41	404.578
157.856	493.046
326.603	101.18
204.875	327.019
398.549	208.896
115.901	471.771
422.461	276.539
314.318	297.964
394.913	20.2597
68.0113	175.3
94.3378	286.038
351.933	313.779
164.071	177.835
475.02	316.36
420.265	64.2311
322.91	106.962
377.308	9.61974
318.914	171.126
398.252	144.263
277.951	355.809
101.245	270.257
326.523	482.804
393.519	80.5203
333.272	479.732
370.695	318.391
473.416	414.988
390.669	156.379
414.756	304.915
220.458	262.486
291.067	476.59
403.933	15.9424
128.711	478.982
289.102	128.815
173.337	318.809
398.505	145.698
83.1323	487.968
285.672	437.451
487.036	285.242
383.373	375.454
318.847	336.88
377.49	319.138
54.0396	78.7301
237.831	205.435
354.74	285.72
65.1727	210.217
395.357	41.0796
433.587	276.624
383.703	194.559
183.175	80.0742
375.463	246.644
389.405	194.565
404.111	68.5973
79.8228	63.4003
408.433	464.689
208.652	421.962
24.9341	471.08
84.1088	305.57
13.905	274.079
267.178	489.212
108.198	50.1761
154.978	215.35
390.438	404.838
402.404	60.1047
412.309	241.567
23.3124	214.184
310.078	284.659
383.811	76.4867
200.457	285.078
272.075	104.229
407.636	339.863
249.395	188.168
274.265	98.983
175.406	204.766
488.354	242.987
113.527	460.083
17.6616	443.45
299.185	108.63
479.401	492.728
184.62	183.409
352.355	285.683
149.856	275.024
277.958	91.5942
34.2849	197.182
16.4592	404.793
126.201	201.657
33.8193	384.089
335.639	417.062
60.3394	424.227
190.313	101.367
374.631	199.92
106.342	397.617
259.701	301.184
60.6708	280.871
60.0301	292.884
473.246	215.427
221.843	129.429
433.51	202.722
31.8904	394.563
493.11	494.776
93.5025	12.3475
132.178	386.292
437.234	321.942
469.752	193.845
251.964	90.5124
52.2115	209.038
253.046	287.35
95.0131	217.678
320.122	329.269
488.711	108.16
137.589	495.535
398.58	81.198
277.813	29.3819
311.157	125.546
354.672	295.95
357.302	479.517
164.838	191.653
145.613	85.0114
490.314	440.147
202.825	191.631
383.749	305.324
491.283	357.245
200.588	494.03
11.7526	61.4836
313.133	423.235
311.499	123.434
175.114	176.649
464.602	186.6
483.127	75.4823
275.618	440.758
473.309	407.683
345.009	420.557
10.8052	470.967
175.832	314.947
237.967	388.33
106.877	297.39
323.586	264.178
376.862	14.2089
109.751	146.233
336.011	118.199
305.594	253.346
376.068	436.238
431.705	476.419
350.497	111.996
405.239	364.498
50.967	391.315
87.34	487.699
265.428	91.9566
229.505	211.971
423.411	21.0414
36.7834	282.222
199.314	106.917
32.7779	19.7034
283.115	245.905
89.2782	15.6823
268.01	77.5193
9.79136	219.668
367.244	397.2
100.911	72.0265
99.7151	128.49
182.669	149.955
235.294	81.018
50.7336	297.384
213.845	331.438
135.022	312.245
483.928	311.817
30.7036	119.003
99.6668	250.201
317.018	449.191
335.193	324.689
167.063	113.025
176.409	419.088
309.874	294.282
310.16	18.326
432.163	16.2044
78.47	385.675
15.7657	129.244
477.573	23.7398
172.921	88.5058
417.723	19.1908
16.8684	139.183
284.45	10.0246
108.633	267.234
338.169	218.576
289.83	197.038
408.226	374.527
434.01	296.437
203.588	5.50032
192.931	417.029
191.797	88.2187
50.5114	413.17
475.283	288.56
283.226	44.7156
8.37411	213.11
184.383	244.698
489.13	197.942
164.58	189.257
493.689	251.445
491.403	363.786
373.575	485.753
89.9864	247.689
292.546	493.597
209.891	233.529
105.051	211.163
195.019	288.211
472.862	186.631
332.123	381.197
8.77319	97.0593
12.8745	183.113
96.2319	285.112
289.371	196.027
405.064	91.4128
169.54	203.57
319.918	362.161
160.25	494.665
178.982	327.064
251.779	184.066
288.954	88.9056
351.596	394.385
149.017	302.344
316.416	97.1538
218.878	186.733
322.211	238.691
371.727	191.439
213.754	112.183
314.539	457.094
275.156	19.5143
95.0924	386.956
310.961	123.834
288.542	70.4662
339.697	382.056
205.005	455.298
180.974	242.743
276.082	80.1937
319.445	14.6134
181.59	19.0701
197.537	448.648
413.981	447.304
10.3836	217.95
324.967	241.5
22.1003	441.496
494.65	423.925
109.873	128.237
202.109	203.339
403.312	241.413
98.2828	110.346
192.975	72.6479
398.17	260.517
185.613	16.5049
492.004	188.364
194.273	490.343
375.577	421.025
434.194	490.545
164.055	22.9357
439.69	9.62028
286.598	147.653
89.6525	325.421
446.477	491.692
485.913	188.319
22.8911	403.884
243.451	383.278
142.141	377.574
100.948	494.663
187.859	283.032
382.033	478.918
19.6766	405.281
384.279	34.0642
374.304	297.262
264.768	307.469
28.8937	394.251
6.10795	190.476
323.93	122.496
322.47	400.207
102.711	241.631
220.642	70.9146
243.319	281.662
405.859	241.858
319.254	100.311
406.722	312.321
66.7873	487.534
74.1874	323.7
322.994	36.8668
274.129	381.571
398.012	53.8765
478.951	455.966
208.607	243.79
293.818	476.925
492.969	178.41
91.3642	444.729
318.048	317.491
430.553	12.6936
251.106	222.87
121.169	252.516
216.195	339.406
10.9365	479.183
24.3639	14.2993
237.75	117.159
331.008	93.3488
278.956	316.477
321.885	212.875
267.765	297.207
374.192	205.801
190.207	52.4011
175.5	421.765
418.731	64.8367
391.705	367.631
479.123	291.786
193.69	312.61
11.481	430.691
278.939	99.4748
423.846	131.068
56.5437	200.485
292.292	123.805
308.582	146.859
333.07	115.999
185.335	219.612
366.154	180.706
77.4576	304.939
405.596	47.8712
267.765	382.286
454.529	499.91
480.393	14.1456
222.944	316.319
161.914	185.86
32.7052	10.5806
398.347	281.662
447.783	394.705
175.114	396.073
183.826	402.007
330.196	79.2053
319.441	352.172
409.219	187.401
236.985	77.7586
115.546	387.207
490.967	168.613
173.716	406.386
419.191	315.255
212.785	451.224
192.136	42.1683
73.5164	482.3
483.989	350.404
347.06	198.481
13.9386	296.037
350.849	199.213
335.903	280.398
390.497	342.108
207.591	489.591
479.847	177.45
215.459	271.316
78.9257	267.221
108.912	79.4921
457.705	206.785
254.638	320.406
187.734	450.624
405.681	273.984
42.1248	112.993
172.167	80.8333
284.345	79.6063
396.663	96.8375
111.119	260.432
102.646	127.794
415.116	398.764
81.3326	170.025
174.936	175.109
93.4176	321.632
69.458	477.341
411.32	391.88
139.014	321.917
269.173	16.9731
324.482	47.1317
242.006	412.595
249.42	283.747
429.019	10.4036
384.668	308.914
306.314	157.398
418.763	482.419
307.687	123.662
452.996	299.669
416.64	455.627
33.5868	82.0377
207.139	146.26
282.61	29.1682
132.88	191.925
182.479	15.3105
270.988	293.265
378.506	67.0764
238.131	17.5761
78.3108	155.331
123.822	40.362
401.28	324.795
82.1621	239.664
118.59	31.8397
245.812	301.051
229.341	387.919
191.197	245.478
447.855	3.84755
210.543	321.426
393.795	490.494
357.707	323.866
147.324	175.511
175.575	142.908
230.027	113.66
380.949	255.154
9.55249	146.001
314.44	37.6606
234.943	203.436
102.774	8.60077
324.438	113.959
424.319	407.995
107.14	344.463
301.503	265.349
61.7022	83.7351
486.555	169.716
209.788	67.8847
424.267	52.994
443.258	381.338
485.298	117.559
431.625	81.0859
248.641	412.841
245.365	214.225
123.184	117.276
490.385	14.5449
101.872	391.383
469.616	278.895
211.128	103.259
56.4267	16.2511
128.931	109.093
210.611	251.594
400.248	210.026
294.011	237.934
491.995	486.286
351.215	108.643
123.516	380.456
201.551	374.46
89.4238	248.053
398.328	366.101
105.478	3.91763
442.417	120.706
388.423	336.3
393.98	86.7624
378.954	142.752
485.131	379.214
204.239	257.474
97.9539	371.233
363.574	292.56
102.121	169.305
491.008	214.541
86.0313	17.4414
67.3335	79.6084
350.389	9.16991
281.983	223.362
481.429	56.0061
84.4321	178.063
6.38255	61.4369
71.9031	194.777
95.5999	140.309
98.5662	465.75
339.444	100.889
28.578	175.806
373.243	396.243
167.511	120.936
293.994	269.589
333.218	290.03
28.7096	288.972
95.1124	311.264
51.0781	317.643
317.852	398.018
219.97	16.9173
221.408	468.266
55.3304	277.281
174.606	390.346
198.134	347.342
403.869	168.623
127.283	102.498
370.795	418.341
4.33445	425.036
96.1306	280.634
111.434	457.602
418.882	411.71
300.036	306.521
463.392	406.396
278.637	420.962
146.002	395.448
375.389	338.349
222.068	492.63
297.315	188.633
491.017	478.722
222.076	299.411
182.562	273.487
158.078	14.9182
8.08759	122.838
214.147	339.892
466.497	399.594
311.357	73.8063
2.8799	75.5407
488.247	398.966
299.927	304.765
395.898	305.782
203.242	47.9684
350.404	419.807
40.4227	390.944
378.809	243.109
18.982	442.715
461.06	377.533
118.309	257.813
286.833	162.572
246.933	302.127
279.306	111.322
56.7911	487.258
495.59	113.599
151.865	282.133
268.089	285.492
232.115	293.098
117.159	209.96
75.2458	217.095
33.5771	276.378
317.469	89.4586
60.6068	175.26
186.608	38.0785
475.959	347.633
411.883	189.622
101.633	284.316
443.574	121.348
317.765	116.286
423.296	176.492
289.344	198.909
91.1463	95.2421
84.6909	317.232
148.393	12.428
316.44	225.982
420.555	246.685
66.0411	220.253
489.834	415.932
278.236	489.946
421.266	352.813
216.712	442.027
16.9386	20.9974
173.159	302.085
437.736	217.317
105.935	273.278
468.461	19.6193
83.3071	81.3754
312.685	51.3677
115.096	282.16
17.1059	273.761
92.3957	398.943
360.579	282.842
150.565	4.35891
202.3	200.348
107.168	116.432
294.091	335.561
416.181	405.612
421.736	188.574
215.727	62.8378
69.5225	419.328
405.908	174.348
188.411	280.281
86.2073	229.176
142.429	20.4549
49.811	124.55
250.929	92.1533
110.316	36.2556
427.337	219.324
410.969	422.504
42.2253	385.858
158.881	180.991
197.634	374.675
276.121	302.454
11.3621	241.776
179.876	5.65532
183.153	144.611
242.611	24.3915
4.10341	113.666
81.3921	413.599
17.5073	486.721
21.7097	62.4087
25.9744	492.042
469.079	77.3263
214.752	324.114
118.414	321.493
130.658	123.92
160.697	191.712
439.603	184.513
415.578	416.198
395.648	370.719
318.735	112.374
256.161	179.532
203.401	456.821
320.073	422.563
198.026	235.737
75.9466	257.665
490.646	275.916
11.6021	130.406
319.49	454.47
214.754	90.1615
494.179	255.071
382.482	33.6813
30.7105	416.651
416.237	95.2284
443.086	384.66
205.228	251.054
52.0799	107.233
376.868	78.308
394.906	256.844
418.139	184.64
91.897	425.467
412.786	33.3607
22.5334	147.424
207.589	415.324
394.796	352.291
184.621	472.125
150.134	312.031
398.037	240.126
488.399	468.555
44.5388	396.751
70.966	320.193
39.6973	97.8282
480.782	419.547
68.9973	376.086
399.754	79.7991
201.905	414.823
346.273	313.62
69.1965	218.75
89.5333	380.973
499.636	390.428
339.318	91.4819
497.95	106.309
342.673	314.506
275.092	236.481
319.104	141.868
84.5863	80.6053
88.6631	321.942
342.531	209.756
260.53	23.9582
407.651	213.935
375.035	375.055
129.816	292.247
420.933	140.634
79.1693	414.482
2.42605	97.5961
359.564	498.468
192.325	70.1091
276.506	334.798
18.6271	91.7607
97.1828	373.925
271.372	285.485
82.7547	430.855
46.2175	217.042
418.692	379.612
377.724	191.204
406.146	363.307
401.956	6.13989
118.954	375.798
286.437	283.919
238.3	183.371
184.967	60.4766
487.262	65.0099
200.356	3.8429
223.249	34.7354
487.472	372.697
254.343	475.867
285.237	162.747
249.333	499.729
407.637	405.905
199.406	338.936
14.6542	73.4368
300.228	120.036
174.026	116.849
163.214	20.0279
11.7362	226.169
194.346	52.2868
186.757	65.6664
468.02	396.958
485.634	252.641
479.639	437.206
221.943	216.926
375.006	80.5029
490.071	319.708
235.952	279.299
296.751	234.586
179.754	318.532
482.542	416.724
331.358	195.759
216.304	341.429
71.6805	304.936
31.1914	403.702
433.901	292.821
187.315	195.474
150.978	394.925
176.399	238.759
302.651	154.466
413.469	498.052
360.873	497.934
233.679	111.956
121.505	270.757
317.882	390.924
237.278	76.5285
160.842	97.5066
449.473	113.715
278.422	255.224
202.72	297.972
119.53	148.323
380.834	77.219
331.006	88.7374
494.003	402.263
284.1	130.439
115.055	173.132
352.151	375.292
279.607	494.187
122.342	394.293
404.777	223.425
483.736	343.644
329.152	487.365
459.96	276.293
73.2961	13.4116
266.148	394.914
102.93	363.695
106.202	54.9071
143.383	386.507
211.423	114.516
209.256	156.899
378.327	244.523
96.6778	421.485
79.6886	293.307
83.7589	49.8302
70.556	380.877
212.918	249.555
177.916	232.816
486.121	86.7054
181.467	120.799
262.707	477.842
187.728	25.9959
141.665	410.34
279.842	211.868
178.814	107.834
219.597	12.4894
66.4711	416.839
223.621	91.2504
323.418	42.7753
174.701	100.669
136.03	12.7704
171.873	92.473
23.4981	381.229
240.327	396.843
278.375	45.3859
433.883	189.746
403.31	12.2672
122.767	337.901
381.201	12.6802
28.2797	22.0286
106.288	53.7425
214.301	454.219
20.9995	52.434
224.382	254.581
175.298	317.041
51.1873	486.989
124.088	423.705
171.293	208.821
288.329	440.427
489.49	335.465
181.006	240.107
392.726	110.895
93.4202	380.719
48.5374	77.5477
366.081	3.38302
87.114	158.646
84.0751	428.091
29.4464	20.2878
382.034	350.535
307.786	125.613
441.725	416.908
305.736	111.622
165.067	278.776
337.914	309.973
488.776	29.4457
130.92	180.614
123.228	167.37
494.989	246.991
98.5089	402.609
123.018	175.392
7.1597	87.8191
210.865	309.514
89.1403	256.207
228.207	396.232
278.272	98.2428
172.085	299.805
186.206	234.867
175.35	435.343
309.245	382.639
189.535	10.6031
476.373	473.461
245.994	405.021
282.395	493.02
219	491.9
389.454	106.593
36.9907	93.8412
104.957	460.928
273.659	213.758
376.841	124.656
481.797	278.736
285.017	86.8333
167.612	401.48
302.545	178.33
482.656	240.78
91.0862	452.291
133.462	292.371
146.439	477.354
476.217	445.468
333.358	403.375
75.2761	240.42
309	118.306
25.1051	215.77
383.809	172.744
112.833	172.962
62.7005	89.5016
22.303	122.396
198.094	119.473
320.561	130.852
246.262	108.252
101.722	474.604
70.3884	188.373
19.2551	366.869
242.903	288.834
454.608	405.533
334.67	408.843
281.971	260.353
413.227	209.947
147.792	277.068
465.082	118.356
169.455	498.572
299.546	43.198
109.943	498.221
420.062	392.288
298.415	281.869
314.347	349.559
416.072	276.348
369.583	219.886
401.013	74.6116
128.34	187.17
459.69	99.1351
81.5538	71.7278
317.012	446.645
478.224	60.5021
313.578	434.433
381.819	413.481
71.403	475.61
113.739	486.803
414.128	169.24
138.928	393.046
19.1032	273.229
488.144	489.636
305.259	9.60923
365.95	123.09
302.727	91.3501
346.48	207.599
430.292	17.9622
15.6694	250.8
185.621	253.352
65.4748	108.634
89.2446	395.7
197.711	149.594
368.005	396.995
468.013	424.743
294.17	14.858
370.005	95.1226
41.7961	88.3508
346.957	280.92
178.535	94.5496
331.867	88.1899
59.3503	123.435
160.145	395.69
199.655	489.417
476.428	72.0711
224.957	326.103
389.444	156.823
283.6	406.237
53.7187	102.874
270.479	91.647
10.4067	83.0555
224.649	175.142
477.884	403.969
402.218	71.4952
437.061	10.9168
282.769	15.3059
181.343	204.857
91.9034	94.0348
384.044	340.731
7.27291	361.582
274.266	494.702
308.298	444.825
80.0096	376.205
219.415	236.577
418.731	65.5029
387.554	98.9671
393.489	417.584
221.997	120.306
298.085	426.41
286.586	49.1215
388.497	35.2811
444.242	193.891
246.83	123.65
417.863	353.421
251.889	93.408
459.65	24.3472
121.995	185.189
424.9	69.6853
276.186	481.303
285.032	158.987
75.5002	187.361
21.1821	42.4356
304.945	251.814
116.58	191.665
261.06	222.402
195.077	173.913
415.734	252.726
37.4129	213.266
188.832	170.048
60.7295	317.849
158.57	107.745
106.784	291.091
209.48	305.807
87.6039	46.9478
407.251	403.1
278.984	444.755
390.813	153.128
434.654	375.405
10.4607	264.849
407.28	411.87
176.796	14.0423
468.253	222.105
213.02	222.07
193.693	79.0772
111.997	401.841
134.077	423.229
71.0593	103.986
400.257	124.848
125.126	101.523
390.833	431.681
196.498	9.75354
495.086	487.557
381.019	381.201
397.764	363.971
387.074	257.285
191.909	341.299
191.95	458.3
407.181	446.231
416.234	119.479
429.086	203.074
63.7005	298.801
181.517	292.523
479.264	162.871
488.311	4.7623
162.586	477.176
312.229	308.929
176.033	69.4261
271.194	303.992
473.776	305.838
420.109	245.867
221.415	163.242
221.333	473.854
401.927	332.962
266.447	275.628
43.0813	200.071
283.536	48.413
405.171	76.4223
253.908	94.5079
97.8037	189.701
184.362	347.86
220.77	116.339
395.879	286.353
24.7315	202.709
51.0205	276.296
202.981	441.078
201.763	1.30329
128.923	313.769
152.695	288.957
330.225	400.624
119.051	196.936
58.2918	485.735
386.885	192.813
8.29361	15.9711
107.903	114.332
387.429	304.111
76.747	454.203
423.293	313.646
81.7711	144.83
317.994	258.018
40.6324	14.8575
210.324	3.11347
210.531	370.06
45.8911	320.652
341.87	382.848
391.95	58.3623
486.416	203.564
24.3344	34.4329
155.259	196.817
389.098	434.262
61.8565	406.743
136.404	22.3191
309.824	214.109
164.368	22.0162
14.4238	282.937
415.673	21.3161
486.986	11.9334
495.289	89.1261
413.075	291.836
286.975	250.118
81.2528	457.001
148.608	108.617
403.862	42.7778
418.716	382.753
380.505	198.715
291.867	237.447
141.151	386.49
466.265	82.4742
205.622	109.709
94.2363	115.665
445.383	200.688
482.859	307.831
398.592	229.61
496.276	81.6908
454.005	4.98081
307.751	97.4215
99.069	168.612
437.674	79.7938
161.215	119.684
216.147	170.825
177.189	443.986
100.352	394.589
89.0197	478.628
166.103	486.167
384.551	14.4366
296.465	216.542
423.831	8.07068
215.405	184.737
302.861	252.277
317.157	39.6616
264.879	311.846
281.72	156.197
291.1	261.081
383.652	106.954
347.274	379.446
65.6535	293.147
169.113	120.629
283.413	451.099
24.7503	358.515
159.761	102.14
489.809	205.956
435.156	198.395
100.285	16.094
442.07	11.2158
239.101	487.93
122.416	204.828
215.754	291.788
350.466	4.11728
22.1965	18.238
105.88	423.409
386.699	80.1279
143.766	75.1834
49.409	276.019
144.795	480.898
288.43	450.206
315.935	273.116
94.96	215.78
154.531	387.137
278.231	407.42
476.46	374.232
85.4764	120.374
409.674	436.134
195.795	482.272
189.863	397.208
207.239	351.478
328.731	220.2
146.691	311.815
111.817	370.705
286.371	122.193
18.6245	380.052
493.095	64.3261
50.1448	110.784
198.859	88.8837
421.129	105.953
398.854	214.538
410.066	48.588
375.268	400.436
64.6252	489.471
320.108	332.474
397.768	492.072
81.5255	270.975
124.293	62.4432
40.2974	382.497
200.949	32.8831
30.1243	381.879
393.469	124.635
208.474	353.209
43.4751	403.095
275.605	198.372
114.011	219.451
318.326	213.309
461.594	197.047
222.204	116.806
324.837	381.114
493.735	447.546
199.701	386.686
278.796	91.9486
304.84	490.532
473.543	99.146
421.22	162.19
165.333	496.551
348.868	278.253
190.415	232.769
340.612	219.695
495.757	326.703
312.791	286.878
297.684	335.621
121.662	355.371
68.0535	294.147
20.487	76.9287
160.281	387.632
118.545	447.174
90.0022	261.587
345.458	377.062
177.319	220.061
158.553	486.365
63.5995	93.9542
201.804	385.199
357.906	177.138
11.2839	221.867
216.409	269.825
42.9145	97.6603
377.376	78.3063
406.494	462.643
370.134	175.911
459.568	120.353
313.878	403.94
316.829	191.594
125.608	287.253
89.628	75.0167
101.958	4.36248
449.961	276.437
184.539	322.019
349.485	221.165
445.854	490.448
332.539	494.288
437.611	377.936
478.739	152.885
118.002	275.701
80.386	493.944
138.981	478.121
122.559	427.024
411.6	423.55
256.883	93.5621
188.256	68.8649
170.824	192.117
189.355	417.534
386.588	459.149
384.231	13.3377
482.759	83.7999
124.9	232.232
435.92	406.933
127.895	120.145
140.851	114.928
429.573	475.293
77.823	156.468
313.603	413.831
94.0354	431.271
386.981	281.788
202.663	44.6151
178.646	219.83
76.3991	498.577
271.156	24.8675
469.347	81.5057
314.483	195.744
475.164	364.317
378.318	394.134
355.565	89.5014
214.553	484.365
178.193	109.189
49.732	201.65
75.9835	416.406
154.397	289.066
394.111	94.2199
319.147	247.331
411.144	199.377
20.5884	112.544
364.605	16.8243
391.278	455.596
184.72	161.02
95.7235	475.701
390.332	176.965
263.731	381.119
484.318	202.747
380.423	492.656
190.767	464.549
108.653	467.223
15.2528	270.689
461.485	18.6407
397.776	72.3175
198.057	146.227
118.305	41.5371
15.3938	79.0551
153.778	302.621
51.3689	385.286
20.0494	276.065
164.362	10.7462
306.004	229.883
171.517	417.207
16.4894	353.033
201.923	478.253
23.8985	477.08
318.386	488.542
226.918	84.8079
350.221	180.63
278.128	56.4616
468.247	275.649
459.338	303.151
195.253	63.2121
155.794	287.817
41.6651	486.246
111.022	5.8766
164.891	187.95
323.269	105.515
324.628	314.978
145.694	207.875
425.506	19.8134
215.067	364.52
96.259	347.915
109.368	123.178
348.578	8.07123
176.054	222.891
338.67	107.104
477.648	167.976
301.037	123.719
207.877	242.514
138.565	313.486
59.1916	296.779
389.355	100.991
381.621	349.525
454.841	480.868
448.501	411.548
448.355	383.782
88.2179	327.755
120.086	328.54
224.236	293.735
484.775	59.0311
292.919	20.4273
430.659	383.171
483.811	15.4753
365.618	406.075
131.746	103.317
406.741	233.011
432.506	188.966
78.6171	29.3215
453.083	379.948
286.644	42.1788
308.715	236.913
229.029	311.845
493.234	347.945
228.504	303.442
414.886	399.317
82.227	379.057
389.765	238.402
106.806	226.386
220.08	93.0761
8.65122	426.378
232.746	493.811
239.013	91.4553
374.563	18.2312
329.425	200.042
307.174	112.195
290.314	272.321
191.062	388.945
408.436	449.131
481.966	476.113
114.438	252.726
99.5172	389.194
12.4979	411.601
401.939	93.7324
219.972	215.427
287.804	370.488
171.599	84.7948
183.013	467.8
118.153	388.799
94.8146	463.87
476.265	285.007
418.22	78.686
221.428	202.658
495.371	243.186
240.698	276.538
80.6322	420.836
281.387	336.28
88.1397	390.609
346.125	18.2154
425.969	413.36
390.74	395.965
453.585	285.758
318.819	141.379
340.844	18.8061
328.069	9.55037
496.533	29.3444
399.714	121.639
339.3	82.0531
405.336	479.324
17.9427	207.908
351.985	110.506
301.409	215.539
361.431	224.496
417.089	106.763
210.06	185.247
111.975	261.599
215.091	297.449
497.392	257.464
376.775	436.33
25.8771	189.875
89.0271	437.229
363.895	420.391
218.78	486.851
301.32	302.815
281.767	446.846
262.382	113.697
72.1232	10.5161
122.005	196.173
111.175	118.747
87.1852	267.277
167.531	217.831
471.319	181.676
233.119	76.419
110.221	223.357
184.149	398.139
380.357	221.497
272.669	196.902
484.365	84.9283
391.692	316.41
213.226	134.541
6.49808	312.022
440.206	322.075
419.376	283.572
295.68	375.147
418.747	427.766
347.419	22.048
309.562	219.369
320.514	492.548
90.6434	270.041
176.545	436.864
224.75	346.783
154.196	497.664
364.359	480.878
483.912	478.815
315.357	358.411
404.809	324.552
460.474	486.289
102.205	322.737
88.3331	315.011
414.25	47.9576
99.4211	310.165
437.837	191.451
263.978	384.916
81.4818	12.8076
121.379	278.852
163.539	78.1289
176.728	129.604
199.695	440.378
180.477	418.039
477.99	300.84
474.326	212.189
280.021	360.25
322.269	304.179
390.873	254.144
333.618	80.8471
476.682	13.2893
316.794	19.1911
19.8947	109.076
350.395	78.0264
287.272	112.979
423.87	387.896
280.657	251.153
16.5282	239.902
403.914	399.662
156.748	117.944
86.5837	392.494
134.555	108.543
290.92	400.443
401.148	18.7437
121.087	302.526
148.571	189.114
461.118	317.115
352.921	479.772
16.1679	411.206
475.636	252.843
439.787	290.312
5.22354	392.435
174.663	414.445
385.182	294.366
98.6217	276.24
208.035	340.712
307.994	205.279
291.094	63.7579
120.322	264.559
118.971	54.1866
381.546	47.013
408.47	220.995
199.097	128.581
412.565	108.238
495.008	223.706
249.776	220.698
90.1381	452.835
319.324	237.083
273.846	475.367
100.71	162.311
412.757	437.67
307.597	194.459
426.715	414.893
3.04837	12.3226
312.062	384.787
216.473	491.296
315.822	381.533
118.251	193.66
196.746	231.094
494.112	285.313
359.333	401.881
284.468	457.82
385.487	181.743
317.66	337.224
190.231	373.628
216.04	168.971
338.93	189.227
444.274	185.92
206.331	303.58
159.371	296.773
219.914	71.8057
408.761	424.095
308.788	185.708
55.9758	301.348
187.554	67.1844
186.932	107.81
126.601	102.981
339.782	406.131
220.482	16.7598
300.19	494.517
305.98	24.8415
198.596	68.9961
275.517	49.6685
324.168	118.96
399.68	402.174
271.808	411.796
485.928	171.68
98.0163	101.039
421.045	454.002
434.208	111.896
380.167	242.931
303.754	325.521
479.684	70.8305
230.22	314.576
224.802	471.778
21.1597	40.7669
202.488	391.263
480.082	108.47
121.293	92.2865
184.559	198.851
95.7256	271.238
441.016	192.591
394.413	372.302
312.055	365.773
89.0854	180.313
295.537	198.602
175.359	189.353
146.515	289.269
111.012	497.134
81.0546	409.372
113.058	97.9592
230.29	185.902
416.786	32.0577
369.859	423.119
334.273	117.363
233.874	12.0666
173.871	383.763
152.78	321.215
210.476	199.155
407.909	402.74
196.48	93.3867
389.815	55.4405
112.803	140.622
293.637	69.0938
116.487	24.0585
434.356	80.7088
461.175	84.7219
434.407	407.514
133.135	202.138
477.871	462.524
85.0449	16.1068
191.247	320.53
397.372	307.399
382.608	210.757
263.285	77.9766
495.668	428.962
276.343	99.8634
462.695	420.717
291.848	496.617
133.642	310.72
391.945	391.119
282.833	100.769
94.5558	162.589
164.817	481.908
438.639	199.353
399.426	132.267
207.553	244.079
144.117	217.75
477.486	287.918
194.75	153.784
99.0042	120.586
11.4831	132.466
363.419	189.191
492.256	213.74
161.638	313.402
326.022	313.281
428.643	419.61
21.4602	234.644
309.205	308.703
380.821	225.314
431.715	116.091
76.0776	306.787
485.318	163.876
205.493	172.807
388.873	181.14
312.404	70.1746
409.279	204.716
455.123	18.6706
102.533	379.236
224.292	453.805
278.413	87.2468
375.977	89.8207
426.214	299.142
308.468	81.2675
433.994	382.682
182.156	290.139
65.7751	2.78941
185.803	458.861
104.385	88.4302
292.071	489.494
494.111	342.605
209.757	338.748
216.385	283.318
467.062	287.496
467.271	111.69
476.035	337.265
439.691	404.472
413.185	45.4035
437.204	221.879
348.584	213.913
382.59	304.174
102.032	477.661
442.969	108.848
96.1671	169.417
255.465	420.151
55.4711	175.31
46.5858	289.18
496.623	493.678
121.014	28.3081
203.068	16.6403
218.779	289.431
180.744	270.211
7.88523	417.281
473.902	488.478
76.8378	87.4268
15.3145	109.079
128.223	480.695
9.3867	68.4531
93.1884	436.509
320.726	108.675
384.617	127.584
303.581	258.326
409.398	378.79
97.1599	387.305
296.865	222.888
420.3	197.852
235.971	422.152
229.17	408.854
300.418	252.22
487.215	61.6424
382.217	328.054
158.959	198.98
104.649	97.2359
457.83	392.465
200.414	390.308
109.475	43.5347
387.805	471.514
235.997	194.607
82.8188	166.941
17.4642	259.088
386.228	222.149
39.1173	495.916
399.509	454.144
181.175	281.063
220.827	177.861
237.877	181.554
467.419	77.4269
308.14	359.859
180.752	171.673
152.096	211.158
227.448	395.283
456.986	181.521
285.917	106.389
116.783	178.298
47.4334	117.752
309.926	172.318
76.2939	310.655
123.59	325.795
422.9	104.36
243.271	204.128
21.7311	307.072
205.011	224.565
304.733	160.031
201.756	50.4068
29.2322	181.537
439.841	414.303
344.571	302.21
402.951	298.338
142.73	385.095
399.372	32.802
282.369	215
200.465	365.144
212	255.818
436.16	494.479
1.75657	182.276
90.3226	371.819
414.94	420.799
330.233	296.411
106.052	467.186
336.717	385.288
394.814	489.511
486.453	361.861
379.251	6.62164
144.336	185.186
418.217	232.29
47.8274	294.945
251.298	180.215
404.728	436.149
166.171	314.364
463.22	408.117
412.441	70.7893
494.487	237.163
218.732	256.614
196.337	433.281
193.271	104.671
421.763	42.6595
208.996	359.186
127.871	6.98898
151	479.6
438.632	407.691
166.336	112.882
8.84503	154.595
205.965	119.583
3.05856	357.333
185.758	283.319
284.73	330.79
417.002	364.221
202.475	134.902
195.846	34.3921
307.432	278.356
180.91	381.776
218.415	324.744
82.1263	17.0338
96.6433	149.499
288.994	12.0166
310.544	72.5734
300.558	370.519
311.102	267.839
114.077	141.587
302.766	273.767
79.1318	126.492
108.617	438.974
365.223	495.547
90.9192	329.779
180.398	181.128
296.42	285.176
436.367	106.997
51.2332	404.233
288.915	358.793
90.3595	23.2344
381.088	425.857
37.0364	319.292
117.097	330.809
418.782	124.254
25.5047	209.114
303.643	19.6463
57.0519	109.168
420.157	85.8999
92.6797	335.703
77.8702	266.24
382.163	15.5082
180.597	205.059
268.284	105.609
99.1859	109.831
315.337	408.539
101.977	242.122
248.011	117.568
278.129	397.87
367.011	404.886
200.865	23.3996
101.98	257.048
375.224	426.005
183.992	130.249
178.163	250.874
437.928	24.4194
24.9715	13.6876
132.7	394.641
407.917	99.4405
193.753	454.398
58.615	276.902
200.199	306.165
115.494	67.1956
347.247	107.352
499.435	170.053
346.204	408.593
278.994	256.759
378.188	208.079
207.566	404.698
460.991	378.082
329.167	91.4607
468.504	494.024
124.189	363.974
363.053	476.61
275.133	367.76
71.4219	419.035
336.856	179.444
24.7541	253.117
286.103	395.722
204.43	24.4489
51.3014	392.855
236.996	10.5365
195.567	122.433
406.583	359.452
322.996	189.317
499.789	328.122
492.537	8.37212
275.54	393.843
417.028	336.43
141.536	309.848
209.559	171.391
121.489	179.011
400.243	478.311
279.551	292.674
474.934	197.964
152.161	89.256
208.661	410.108
95.0797	61.6489
122.765	374.038
463.414	201.022
311.485	293.477
288.337	200.416
412.784	144.225
44.7409	5.74051
224.41	289.9
271.301	288.46
86.6663	5.95567
480.127	380.293
293.972	201.784
16.4482	399.996
268.415	378.884
229.392	189.706
438.917	202.856
21.4474	301.629
490.05	363.674
474.173	99.8826
160.169	214.481
233.393	87.6508
133.346	203.625
195.709	458.271
21.8958	406.583
48.9616	195
123.287	206.507
496.191	492.596
263.877	176.626
192.507	146.585
239.544	301.553
38.9605	275.746
204.594	194.22
77.7757	180.792
244.391	96.0214
304.48	181.787
303.996	232.884
485.099	195.356
488.902	166.12
287.083	270.635
259.571	77.2233
189.824	497.966
306.687	141.586
215.599	61.9364
392.57	235.338
301.914	382.967
492.289	423.631
289.167	270.254
300.67	274.309
283.948	33.0346
445.561	115.249
395.711	23.6205
131.632	121.2
5.89947	317.396
408.852	16.9931
421.555	492.713
35.3856	75.5674
90.3222	144.399
58.5465	299.278
372.991	200.468
209.754	379.326
211.702	433.372
95.0365	304.514
24.6946	295.759
281.732	95.7283
295.166	119.449
218.157	384.747
127.366	108.435
199.845	47.8771
435.89	188.401
314.171	240.625
167.526	98.273
94.6387	479.455
79.4652	318.683
102.525	398.862
286.669	342.43
378.728	119.082
205.244	224.434
21.0731	344.146
295.706	45.459
77.678	157.902
119.304	199.902
440.855	202.973
162.98	278.224
194.449	20.8254
111.294	386.096
74.0821	197.517
105.145	429.787
479.979	110.957
491.374	159.887
468.483	493.526
452.053	300.001
193.127	371.834
453.033	94.9557
403.174	90.8561
182.988	415.874
139.62	201.582
287.224	411.213
18.4095	108.815
211.593	205.214
325.163	117.554
234.906	111.67
194.962	255.092
28.7587	412.417
7.65068	135.112
421.849	92.589
141.319	217.592
224.212	329.332
278.146	445.779
212.595	432.353
105.774	339.645
89.0348	125.899
31.9738	405.377
412.53	193.479
307.312	353.231
91.8022	211.168
192.814	55.8841
10.6896	405.876
427.331	194.801
107.064	73.1854
324.498	488.962
85.8892	427.204
418.361	63.9821
79.2464	201.294
86.6041	262.579
280.292	24.0594
404.407	257.635
216.823	31.265
454.449	290.989
305.566	71.4405
396.712	399.113
321.675	492.238
189.073	58.6122
76.6861	357.957
197.033	409.743
251.609	206.554
203.612	175.03
319.198	444.378
217.77	415.437
127.257	99.4698
406.017	475.777
296.619	483.913
490.35	46.0339
461.294	191.497
340.445	491.084
459.021	481.653
98.0727	181.427
79.2539	456.352
109.75	9.00484
429.223	482.86
240.686	281.738
312.98	458.435
484.366	408.989
51.8567	303.831
236.344	277.878
290.254	198.958
18.7643	30.8226
84.057	390.38
260.344	418.498
332.672	221.867
309.077	281.766
39.8254	102.972
152.844	403.128
378.934	112.12
278.311	177.147
108.614	51.8218
20.9514	294.486
391.522	381.693
218.165	391.501
375.485	326.025
26.1428	104.616
392.952	314.562
295.257	481.123
72.4569	177.037
74.1318	75.0285
497.56	251.452
491.517	457.01
113.196	412.995
271.196	84.6591
169.461	207.061
12.0398	315.566
299.26	37.158
490.159	188.572
294.292	310.275
435.791	495.17
269.494	408.465
383.216	6.79852
17.6935	352.43
223.705	461.975
6.17399	362.614
99.8375	44.7855
13.3441	437.576
138.113	91.6258
282.694	339.286
143.135	20.759
76.2298	463.794
201.964	288.099
280.727	446.394
251.111	415.067
159.231	195.185
319.126	366.733
299.16	144.604
130.93	209.852
196.983	172.573
185.857	142.769
342.129	409.288
163.209	198.401
402.086	438.548
425.192	387.977
237.266	316.336
479.026	429.842
127.849	177.474
288.612	41.9926
347.81	6.88892
493.264	336.744
245.664	280.147
40.8804	3.82398
350.471	212.961
173.465	494.607
295.373	140.51
237.367	17.1256
181.595	118.93
203.47	235.268
383.261	6.48979
311.291	104.779
283.271	107.068
182.416	279.267
121.996	373.841
195.482	290.817
356.377	187.538
314.68	487.962
2.57812	199.409
409.885	9.34518
76.1944	441.825
207.933	82.9406
81.5118	290.297
136.477	483.499
77.0254	135.725
236.718	390.486
200.473	15.8835
90.7154	389.941
391.309	351.646
259.041	419.139
50.3562	397.323
4.18525	361.593
189.73	277.125
398.814	380.638
3.69226	51.8056
212.574	232.447
470.308	406.168
362.435	312.301
402.519	7.42347
481.525	355.344
315.275	362.05
409.023	223.346
180.811	108.898
275.041	128.498
248.322	275.687
53.7911	116.817
211.384	441.326
103.038	259.171
81.47	464.361
419.053	229.743
338.138	203.462
172.127	182.699
391.025	480.534
35.216	118.374
498.976	59.2024
4.82249	201.934
241.001	281.258
344.572	90.084
110.464	432.085
3.65851	469.451
73.7167	380.369
249.818	21.659
22.2344	101.459
115.582	223.556
354.442	93.9385
388.915	70.7891
26.2979	486.108
177.529	474.526
195.143	430.617
185.793	248.719
15.9666	404.908
491.131	348.196
335.584	95.8658
217.997	42.7277
30.4621	106.521
165.618	496.898
170.256	3.97003
453.097	381.71
417.044	238.003
84.0521	204.422
183.995	414.265
335.863	196.027
430.703	117.97
309.386	35.4534
275.332	304.791
169.986	216.858
412.297	284.587
280.537	426.204
184.505	413.08
187.405	222.954
75.5106	236.501
192.604	239.931
207.21	372.137
180.736	188.631
490.314	19.517
392.753	248.435
99.2519	297.81
222.991	439.51
323.113	278.195
359.585	401.499
186.511	424.382
374.813	80.675
378.256	277.083
175.627	429.316
23.3558	259.457
410.227	103.177
294.467	48.5136
84.3875	380.983
91.3886	403.799
313.334	206.056
72.2169	2.62225
114.837	155.783
120.56	204.464
92.507	80.5609
367.226	94.3952
492.641	88.5276
99.2375	109.991
221.535	141.663
394.937	229.096
412.281	300.132
307.256	313.05
183.45	221.426
182.642	329.009
53.7503	86.0149
110.07	380.443
99.7194	160.831
468.607	407.494
318.747	88.2917
345.808	312.241
137.479	86.1707
398.478	312.293
378.615	25.3528
218.195	344.101
377.233	43.9881
462.129	11.4787
14.1081	247.171
