Saved a vector of rrt <nodes> points.
X	Y
490	490
481.213	485.226
472.474	480.365
462.77	477.949
454.243	483.173
447.445	475.839
437.446	475.949
427.457	475.469
417.458	475.346
413.081	466.354
403.165	465.066
399.447	455.783
397.075	446.068
394.592	436.381
402.003	429.666
387.809	429.034
377.814	429.371
372.412	420.956
365.664	413.575
362.698	404.025
358.658	394.878
348.803	396.571
363.764	386.279
369.847	378.342
340.712	390.695
331.614	386.544
326.842	377.756
317.135	380.16
310.302	372.86
310.836	362.874
301.678	358.858
295.349	351.115
296.104	341.143
294.637	331.252
287.046	324.742
478.135	483.476
280.482	317.198
411.75	431.903
273.633	309.911
267.266	302.2
257.617	304.828
253.32	295.799
255.123	285.963
262.019	278.721
286.904	356.469
249.214	310.249
248.057	278.887
240.91	315.821
231.509	319.228
343.971	405.326
409.593	481.522
278.837	362.379
222.395	323.344
255.25	286.41
337.451	412.908
257.097	288.328
212.784	320.581
399.955	484.188
204.582	326.301
331.433	420.895
197.066	319.704
188.589	314.4
181.639	321.589
378.804	373.897
182.369	306.569
174.482	300.421
171.607	290.844
176.801	330.341
322.177	424.679
165.42	282.988
204.636	336.301
357.116	378.809
156.66	278.165
309.303	386.377
388.462	371.302
391.624	361.815
396.32	352.986
399.691	343.572
318.965	434.149
146.823	276.364
409.493	341.591
416.857	334.825
419.637	325.22
420.053	315.229
138.056	281.175
417.354	305.599
174.111	287.682
271.73	276.335
416.716	295.62
417.916	424.031
419.45	286.001
414.843	277.126
394.5	470.058
128.965	277.01
404.962	275.583
415.761	433.862
427.419	420.916
190.852	301.273
413.603	340.881
122.94	284.992
423.279	271.756
389.59	454.094
424.694	261.857
417.383	255.035
319.558	444.132
420.507	245.536
423.953	439.597
417.772	332.977
394.962	275.591
430.004	314.244
414.241	237.742
387.511	268.922
113.229	287.377
398.065	373.762
409.047	229.197
313.188	451.841
410.32	219.279
201.493	345.794
419.101	214.494
420.763	204.633
415.931	195.878
304.525	446.845
429.005	198.971
437.39	421.67
107.862	278.939
99.5803	284.543
408.283	189.435
434.036	190.329
443.441	193.727
378.756	273.754
408.349	179.435
400.813	216.177
98.6309	294.498
106.985	268.977
263.977	302.634
445.101	415.303
402.569	171.275
108.501	259.093
323.785	386.582
107.738	249.122
389.864	419.248
92.1978	302.154
422.398	345.641
87.5524	311.009
145.063	288.31
203.928	355.493
106.77	239.169
402.709	449.831
201.589	365.216
410.149	316.614
384.871	472.756
408.729	163.398
439.747	311.992
202.594	375.165
98.6228	233.37
415.211	304.503
401.006	157.046
100.721	223.593
391.166	158.827
200.164	384.865
78.4874	315.231
399.073	415.348
92.3545	218.115
92.4304	319.739
197.947	394.616
375.94	477.256
85.2804	211.047
458.773	480.169
384.919	151.018
398.864	490.18
106.628	215.524
102.381	318.742
76.2666	215.378
404.923	147.846
418.346	350.675
191.707	402.431
341.167	394.13
310.34	461.426
183.296	407.839
376.184	155.887
272.418	323.112
112.619	207.518
121.41	202.751
118.311	257.15
127.293	194.665
287.244	337.207
198.709	409.571
448.138	317.432
407.925	410.696
407.887	138.295
350.718	405.424
390.669	279.811
408.196	128.3
416.415	122.605
354.463	400.122
394.667	406.371
296.358	441.074
175.122	413.6
166.822	419.177
421.186	113.816
69.4052	208.103
171.269	423.891
60.8715	213.316
431.174	113.32
451.339	407.487
133.308	186.676
55.231	221.574
51.7872	209.136
132.764	184.768
204.313	417.853
139.584	177.454
400.264	315.106
157.256	416.262
457.763	314.719
301.397	465.9
430.036	191.203
147.839	419.626
73.4818	323.888
122.07	212.465
191.834	363.016
48.1302	199.828
392.996	209.941
139.179	424.626
305.169	395.483
439.656	485.701
392.631	457.132
70.7022	198.187
454.245	493.173
291.953	469.189
213.901	356.232
438.343	106.348
399.174	279.786
366.089	475.539
151.642	295.841
281.358	279.038
387.731	141.422
434.62	97.0665
383.001	209.629
184.268	336.993
129.188	424.209
72.3071	188.317
250.162	307.774
63.9291	320.931
119.293	422.76
224.585	333.101
282.713	465.365
45.0029	190.33
239.448	283.975
74.6084	206.181
125.223	186.879
317.255	355.207
109.77	197.932
99.7702	198.023
182.702	338.589
143.278	301.322
289.04	312.026
71.1935	178.379
380.307	134.722
319.904	464.346
393.134	174.589
459.853	324.499
411.302	112.299
123.307	418.961
149.584	177.434
407.548	317.406
389.953	341.297
285.318	269.855
430.38	88.0096
43.2099	180.492
424.174	80.169
415.563	404.241
377.015	125.28
424.242	70.1692
289.004	260.56
54.1484	323.014
294.212	478.93
289.583	250.576
380.181	339.175
45.488	318.014
229.966	280.797
261.251	296.297
369.147	119.108
126.834	181.017
453.173	196.023
204.981	427.831
110.953	428.278
165.075	413.993
283.249	461.195
106.075	328.035
293.888	346.47
33.3165	181.948
304.237	387.379
437.358	316.166
460.657	411.116
263.663	319.658
94.5149	242.488
101.416	425.27
394.697	264.328
139.949	310.751
405.734	182.057
443.538	408.281
367.97	109.177
95.1909	417.444
114.158	437.75
85.882	421.097
423.334	60.2106
214.981	427.922
428.422	108.708
380.517	147.12
284.669	466.036
79.669	428.933
442.367	404.706
286.456	241.078
114.493	447.745
369.108	99.2422
107.313	337.958
369.424	277.346
197.834	402.599
75.6729	438.099
222.513	361.315
177.28	399.851
418.935	186.824
90.8414	279.682
360.062	123.286
357.304	480.317
458.03	204.764
446.259	395.494
88.6844	232.262
291.458	328.774
437.442	495.453
302.232	469.344
157.025	184.115
399.723	325.091
114.578	433.139
419.172	51.1179
171.729	391.833
360.325	94.4604
122.433	280.302
288.427	231.274
363.516	285.414
434.627	180.346
276.85	238.299
356.842	292.861
110.33	347.492
186.821	322.21
216.385	369.217
115.936	457.64
469.829	323.796
284.498	222.078
374.3	214.559
104.497	447.46
223.366	433.37
351.766	89.2892
423.86	42.2849
450.155	388.468
431.34	309.395
364.333	215.371
177.235	383.485
346.651	80.696
354.647	217.856
358.002	109.979
399.938	465.025
297.718	227.575
407.924	375.433
461.091	189.914
195.177	421.919
281.358	212.584
174.699	407.554
381.128	485.804
410.703	45.7991
424.413	32.3002
337.03	77.9698
470.506	186.545
298.877	262.148
271.538	210.696
271.754	200.698
166.957	185.282
300.122	272.07
204.104	347.783
406.107	180.447
42.3643	212.484
349.452	209.311
333.046	407.932
316.664	345.224
188.81	291.817
130.432	217.949
420.06	195.904
407.436	103.076
458.974	383.754
409.846	35.836
85.7256	277.304
169.81	376.786
137.871	276.673
182.382	420.476
123.696	463.948
202.831	437.597
25.4445	188.115
447.54	102.424
343.157	201.542
478.051	318.104
373.072	90.0617
173.309	177.559
414.684	160.51
358.861	90.7917
388.967	481.972
487.095	477.139
401.279	30.6771
420.678	357.638
317.147	425.78
173.567	192.786
117.805	446.893
120.119	349.539
457.418	100.861
477.208	308.139
420.844	361.738
142.444	320.435
391.111	359.01
360.537	95.4539
436.267	121.925
291.046	210.105
337.927	193.018
36.7548	313.142
467.234	418.649
453.587	101.132
223.088	424.165
261.834	199.431
164.258	383.041
80.994	412.373
469.4	301.892
258.66	208.914
350.128	124.437
115.689	325.28
167.085	200.4
298.452	315.405
107.408	322.198
71.0268	411.563
485.614	302.723
327.031	77.8605
253.893	193.354
229.552	290.788
301.43	305.858
468.839	382.117
347.41	224.757
477.161	419.858
423.027	154.996
361.092	389.029
317.143	79.3577
45.5289	221.176
123.719	171.515
307.225	78.0857
121.316	161.808
297.609	75.3413
169.505	388.634
364.054	88.3537
217.593	420.051
291.753	67.2354
364.125	478.02
399.971	105.441
124.898	152.471
180.728	199.765
378.014	373.603
427.574	288.052
219.556	290.528
99.46	456.099
355.603	201.427
293.814	340.967
352.023	301.623
284.939	367.034
204.283	447.491
249.772	184.243
282.113	69.8956
75.4347	444.155
416.314	481.173
321.3	473.125
387.883	349.106
126.379	409.445
122.592	359.228
275.914	62.0486
181.319	171.572
418.747	117.392
154.618	305.387
97.1006	465.817
463.818	93.1772
466.531	306.37
241.003	319.06
296.177	278.992
422.823	65.4344
117.152	168.766
62.2632	406.747
316.156	89.3089
295.259	57.8703
380.796	476.359
240.129	181.595
120.95	143.283
424.568	270.593
192.393	343.533
97.0597	463.341
464.987	107.395
411.044	305.13
109.28	174.933
303.166	51.7483
388.893	289.652
59.6518	397.094
392.007	178.917
209.207	456.195
135.299	404.925
232.913	422.3
115.637	134.812
469.392	116.373
123.612	473.947
308.917	476.353
282.134	451.258
298.147	43.0992
195.011	359.807
337.21	183.044
407.87	251.949
307.21	230.721
306.832	38.1425
110.11	268.316
78.6022	272.896
206.819	379.353
224.826	374.578
222.948	273.673
112.402	125.349
305.021	349.557
467.269	292.122
259.66	182.748
182.748	358.839
45.2696	216.824
51.6236	391.131
393.678	153.462
336.567	375.428
120.259	316.386
184.1	354.72
421.572	445.061
184.221	209.135
28.1302	308.081
177.782	203.962
276.946	78.4571
140.016	220.805
118.302	405.185
422.569	22.4718
114.718	115.621
427.543	304.511
307.305	309.344
105.749	111.2
180.543	161.602
426.283	284.015
399.647	38.0901
138.375	195.297
41.6613	390.264
182.722	151.843
108.08	101.475
54.3498	381.51
391.022	43.1493
473.682	284.449
167.202	279.333
397.508	411.302
178.488	217.329
115.25	94.5046
96.9323	475.815
382.86	297.627
200.135	428.329
96.1693	114.069
342.288	303.908
410.183	238.407
310.88	477.029
32.6071	386.019
464.819	83.2274
110.655	85.6229
431.856	18.7649
182.565	284.54
124.386	98.5712
383.778	36.2549
100.355	348.191
66.1027	191.576
473.817	93.2816
65.7189	217.039
130.262	287.369
231.154	177.185
116.262	402.51
465.403	315.012
376.865	224.225
74.9609	282.21
466.371	320.168
270.815	196.495
151.953	323.532
422.103	101.38
222.711	384.352
459.763	485.28
476.206	375.355
416.52	213.426
248.666	208.562
396.653	490.619
107.457	94.071
353.065	489.374
64.976	282.758
392.528	30.8589
131.855	91.9222
414.696	62.2787
375.476	30.6803
101.89	80.8085
100.894	70.8583
212.999	465.448
348.788	198.22
131.47	105.63
309.533	275.451
113.612	473.905
200.386	460.907
76.5961	454.088
296.878	202.276
96.5877	434.027
275.969	200.542
385.555	128.32
73.2678	306.702
416.078	86.0391
441.434	15.8884
393.852	370.529
94.9453	62.8199
85.0316	61.5087
17.7762	181.697
314.033	228.539
345.535	313.366
470.648	75.1025
316.791	37.2381
457.271	291.933
485.068	467.347
186.038	294.969
301.15	465.877
209.101	464.579
238.874	182.399
483.163	89.7236
77.7407	68.3528
183.863	327.873
77.8609	54.5387
285.776	201.299
193.22	453.932
403.223	142.909
434.562	417.621
390.84	43.0536
200.941	338.021
310.669	45.9928
283.595	376.943
302.307	29.2247
390.938	329.678
141.333	88.7333
88.5967	107.538
111.55	192.152
211.934	379.689
21.1716	185.347
386.023	127.346
28.2744	395.031
338.647	294.594
21.9059	402.741
114.104	392.745
105.429	333.047
286.739	438.343
278.37	474.372
277.832	433.796
277.246	67.8212
449.358	285.818
98.1851	316.005
440.165	85.945
320.736	440.955
97.7988	276.112
358.011	99.078
244.911	217.83
381.81	345.577
419.736	56.7215
101.71	55.4553
427.057	9.99172
350.929	191.366
26.2259	378.319
91.0781	200.815
151.28	87.7045
302.168	272.11
220.916	471.557
341.904	322.683
272.947	87.6228
417.907	376.027
409.818	44.8259
22.0688	412.74
178.937	391.763
341.779	285.097
478.496	192.559
158.099	80.3894
282.658	348.376
349.893	304.448
166.993	84.9596
461.106	214.279
176.818	315.933
435.948	303.839
180.726	296.683
127.649	222.877
31.105	321.393
109.373	405.605
123.155	475.078
484.88	413.501
436.326	308.894
285.352	437.334
79.9199	436.295
395.116	368.467
395.94	96.2896
282.414	90.8427
48.3845	308.442
187.87	179.128
83.1816	211.405
420.576	361.687
84.1049	98.6039
320.369	435.67
482.446	428.348
114.958	279.166
96.91	225.467
107.663	452.716
420.144	423.552
98.416	70.5382
318.782	51.581
226.441	381.374
397.047	293.68
342.176	276.147
431.545	6.43658
107.282	47.1516
23.6471	422.615
236.721	280.129
116.414	307.154
131.755	92.0234
420.72	465.56
237.453	413.39
338.84	323.749
114.556	312.846
18.8462	171.754
347.542	484.931
114.418	272.024
451.404	16.6621
164.65	280.079
117.603	472.834
101.981	52.5892
74.2101	100.051
263.535	91.0003
25.7218	298.375
278.469	441.008
459.482	195.248
174.575	91.4799
192.023	148.168
245.664	419.098
116.439	196.852
375.017	234.052
26.9641	188.014
469.853	176.567
298.677	62.634
427.872	314.11
79.626	412.877
485.706	495.672
459.577	118.288
137.834	113.343
412.749	377.971
407.837	166.472
376.825	305.601
397.435	163.013
447.73	198.26
57.2202	387.582
213.358	341.193
319.303	237.038
477.369	434.444
418.956	108.346
304.698	223.293
116.603	43.5303
333.142	80.1921
460.071	21.6501
238.718	207.547
218.056	393.203
494.574	411.048
140.15	182.563
419.554	364.282
316.783	55.0855
480.494	486.547
415.071	424.327
373.77	284.913
254.736	414.893
479.673	174.678
274.371	483.538
235.87	188.33
184.365	89.443
192.891	467.526
435.566	78.2281
274.114	380.123
286.879	264.426
91.457	98.3838
318.116	270.318
202.66	311.415
324.43	390.098
15.3247	405.068
113.454	483.903
102.131	398.71
397.108	303.679
410.159	77.979
275.955	283.115
213.454	276.814
21.6984	324.787
464.498	17.5439
169.574	304.755
278.849	284.982
309.859	451.688
421.89	322.76
46.6484	197.244
284.108	100.698
419.485	366.891
183.606	350.39
14.7731	162.621
288.476	109.694
488.343	194.299
204.503	381.81
403.317	445.672
314.423	99.1576
417.736	6.37051
236.011	378.474
393.346	130.946
290.193	453.767
201.346	146.192
342.554	93.1806
407.44	224.826
52.3839	408.296
382.256	44.506
64.1621	197.186
454.341	320.819
419.997	441.593
204.389	406.972
327.995	191.851
141.911	283.56
264.282	189.281
488.483	98.1907
426.67	179.053
254.07	293.026
187.317	348.335
169.478	210.109
341.224	119.886
280.126	115.196
104.926	340.387
436.969	414.436
249.991	316.728
387.87	149.006
469.437	219.812
187.127	99.054
97.4795	68.3282
142.63	90.7688
320.352	185.403
389.117	269.404
356.02	484.353
22.095	161.699
441.58	422.106
121.079	217.039
209.169	139.963
118.551	33.7217
467.825	115.568
34.0174	217.991
347.708	311
94.001	54.9096
196.374	95.2459
465.366	216.763
432.945	403.6
398.71	356.947
206.881	130.228
456.231	89.1949
92.0754	190.865
478.1	121.289
147.834	113.44
89.9932	441.544
263.972	302.32
443.54	304.537
277.002	55.8162
208.878	364.066
221.531	276.294
398	409.572
308.241	401.618
230.411	207.941
121.027	247.526
64.214	99.7711
130.178	482.197
471.598	220.304
255.944	97.5111
147.751	288.319
113.183	31.8505
283.531	386.943
33.7572	397.289
181.963	79.7359
149.787	222.933
285.335	123.732
483.586	165.475
411.048	368.234
209.557	290.717
24.5567	288.444
140.348	199.566
407.911	492.031
444.146	306.262
90.7176	229.714
318.025	478.722
308.762	411.604
484.221	195.335
57.8381	92.0673
209.484	294.963
205.768	98.6734
78.4844	44.5582
123.942	191.034
47.9973	93.8444
432.409	112.912
394.822	48.6828
478.147	227.862
486.759	497.846
290.127	326.406
422.838	196.442
334.605	85.6135
83.0365	35.6544
389.295	88.8168
327.827	384.037
199.071	436.602
230.787	376.946
300.934	275.117
475.152	466.056
180.568	69.8337
271.187	493.018
452.933	189.788
291.543	69.1385
215.473	125.112
374.196	309.598
59.2453	88.5994
212.572	349.527
227.434	390.724
492.242	460.379
76.1666	28.3877
120.799	396.296
75.9699	193.545
318.893	104.527
99.0708	358.109
42.9878	85.1896
105.024	409.765
189.209	64.8011
135.26	122.529
216.179	449.026
51.5837	80.4293
25.7523	190.124
188.167	54.8555
422.746	82.7279
168.832	314.416
315.414	113.902
416.733	267.42
33.9688	89.5092
390.529	22.9444
115.342	234.02
478.837	117.021
112.975	142.744
425.283	13.3178
187.058	141.151
394.097	469.43
91.6738	484.321
126.648	319.002
336.941	289.273
321.319	101.285
232.629	387.331
318.305	95.4557
185.155	164.863
243.393	309.623
155.834	406.364
80.3762	19.3169
70.7029	200.501
387.169	13.5258
406.839	66.0203
155.458	378.291
27.4035	81.9662
101.729	451.423
201.621	287.443
234.135	291.921
377.504	16.0929
170.193	376.25
189.108	146.618
121.274	283.734
310.903	78.6731
419.538	172.043
88.8584	111.823
364.812	475.315
186.02	168.865
101.069	292.511
221.273	322.964
340.376	75.9907
99.0987	262.497
92.1959	83.2612
424.73	469.537
45.3554	314.743
218.078	335.118
320.406	175.403
300.233	457.765
320.098	27.8007
163.85	197.972
20.0697	431.953
249.183	90.1431
76.1788	43.4345
400.783	22.1487
211.758	124.919
116.355	22.367
26.7619	311.539
259.039	275.38
195.41	47.9602
395.639	452.409
126.292	21.2472
304.519	329.72
490.817	171.251
126.241	11.2474
388.203	440.744
122.992	265.048
322.416	192.945
295.049	75.2473
124.783	453.582
466.82	89.0288
434.194	187.986
341.504	309.6
284.181	196.134
182.286	107.804
472.32	181.08
425.563	422.496
83.8218	32.1498
204.597	44.0107
69.444	291.704
424.257	120.539
370.796	288.284
306.913	297.496
340.042	491.544
91.882	325.175
28.9956	94.7364
383.442	229.046
455.962	209.592
19.6324	198.033
78.7613	27.8402
432.111	402.812
302.095	317.715
24.0918	151.9
82.0141	116.342
318.267	97.9933
221.764	451.319
376.833	7.07403
138.789	487.28
96.3485	367.731
48.2982	103.84
311.135	453.224
258.24	405.527
118.302	240.721
174.478	218.634
293.12	248.932
453.603	199.739
383.054	442.005
484.721	380.597
426.892	483.662
23.8945	280.329
114.532	26.8805
109.582	271.999
15.2214	207.008
211.479	36.7554
84.5513	243.34
305.32	386.912
279.125	131.571
493.497	202.869
276.397	342.577
402.669	285.361
110.831	400.425
493.062	88.3065
111.582	279.19
458.083	316.103
382.464	460.48
452.622	276.366
93.7485	123.772
319.383	260.399
409.615	150.899
13.7569	318.71
193.374	213.163
472.091	320.911
289.233	109.011
270.054	93.9
215.768	98.6428
38.5378	377.967
202.65	314.817
148.113	490.893
153.951	388.176
46.874	113.738
357.002	183.421
72.2879	312.34
21.533	73.8707
333.89	117.427
122.664	346.954
214.343	463.949
312.234	346.494
164.732	88.5338
254.625	296.592
315.87	374.227
366.322	419.639
427.579	104.145
397.405	62.7028
221.587	174.275
411.804	108.199
303.728	330.786
309.875	120.139
241.99	97.09
238.125	406.406
456.155	384.229
314.379	251.741
10.388	434.456
300.787	439.485
101.238	193.228
94.1532	274.832
478.269	113.164
131.456	297.297
318.015	53.0786
283.97	120.13
267.38	207.833
214.202	387.789
16.3068	145.624
210.664	267.211
473.828	175.695
473.243	185.352
156.189	492.761
81.581	101.011
166.763	315.779
367.189	9.72088
427.776	288.924
295.518	21.9372
108.167	58.4463
94.8019	483.796
484.65	235.458
220.698	361.083
287.244	468.767
187.432	445.778
431.302	20.5775
10.8732	216.013
409.402	49.2467
411.767	405.738
398.571	191.818
249.693	83.0592
429.732	208.491
102.241	352.821
22.0544	95.2117
79.8175	173.317
318.148	469.681
282.71	448.431
305.789	83.2853
397.06	335.71
384.025	417.422
302.49	125.036
101.082	345.567
479.837	166.816
219.842	31.272
17.8213	144.964
185.958	102.356
239.743	82.0612
109.737	409.121
200.989	348.837
84.6355	264.921
218.919	142.187
454.884	111.364
408.788	321.766
405.699	245.003
397.031	141.739
468.715	389.405
91.6389	321.21
242.111	279.44
257.328	177.511
198.859	429.205
298.438	225.464
332.619	401.565
138.112	177.709
202.117	87.0597
13.427	68.0147
272.174	203.231
383.36	5.29479
159.541	379.54
199.883	369.555
163.769	486.238
301.444	48.7994
203.373	213.005
162.192	302.082
290.657	111.76
407.956	221.53
162.235	183.052
454.251	407.004
361.048	423.31
434.677	78.7244
492.29	91.7088
420.879	410.018
116.419	491.508
224.546	458.931
273.982	497.76
193.565	47.3119
424.417	382.156
214.775	266.678
124.024	402.604
142.686	419.961
158.664	206.523
481.068	369.687
29.8091	285.406
289.475	231.619
239.236	97.9666
388.687	33.7475
103.726	28.5984
9.21837	186.87
350.574	485.607
242.124	218.14
79.6787	56.9554
129.014	418.622
223.401	21.9269
149.442	400.88
273.794	190.441
87.492	468.587
290.335	488.148
303.131	135.015
481.948	193.27
231.745	216.894
298.848	232.033
479.348	323.094
430.863	380.051
297.748	89.2296
322.999	227.825
66.8973	322.567
46.41	111.191
113.495	26.0455
480.655	333.008
203.922	222.99
475.179	88.4255
380.046	241.135
393.301	324.268
450.425	194.925
15.7218	298.387
97.5009	479.689
292.174	200.174
187.787	212.196
376.112	161.149
233.967	324.18
415.78	13.6133
312.377	486.271
397.848	16.5711
205.047	122.622
224.629	150.396
17.3421	272.775
321.907	351.843
169.513	199.889
201.382	270.932
264.445	482.327
321.346	98.28
315.902	197.268
75.1473	164.475
465.13	186.195
326.655	178.22
427.384	390.325
378.546	493.025
111.982	382.973
84.8213	263.741
296.247	262.989
325.765	385.302
410.451	453.676
412.539	256.933
138.098	397.23
483.127	194.553
187.688	39.2213
108.198	441.827
73.6574	184.826
316.676	207.238
109.906	485.301
244.682	276.8
230.439	14.8232
270.189	96.4514
190.425	197.321
212.311	208.521
487.489	309.61
357.999	13.6621
59.5259	101.727
447.51	286.183
258.501	204.904
210.098	302.042
313.663	168.018
280.171	182.985
4.03464	220.042
426.323	91.6109
220.654	263.568
120.022	473.405
98.2809	42.7953
12.1372	281.314
200.523	310.723
251.31	188.174
281.467	137.499
388.067	176.387
372.931	390.275
465.572	199.973
184.343	155.553
102.184	97.5849
492.865	374.793
415.687	23.4269
246.878	216.93
200.935	232.534
429.757	306.281
185.207	29.5339
312.088	109.295
15.1027	323.904
405.286	112.672
111.763	57.6759
480.998	324.04
90.7235	375.999
238.129	191.645
190.456	183.563
119.505	50.7305
297.789	87.6094
385.382	159.115
324.304	18.7284
292.088	368.368
316.662	12.2783
175.576	334.984
262.41	485.691
357.837	308.471
22.9955	171.924
381.149	25.0446
294.362	110.656
120.842	337.121
133.35	182.511
392.988	332.311
89.8172	173.401
376.649	80.7232
375.137	353.025
148.263	313.441
481.92	157.488
84.7366	305.36
33.6685	407.289
121.383	29.829
289.273	466.28
192.097	477.494
421.779	265.955
262.911	91.0511
274.26	498.23
354.177	224.73
299.277	136.96
182.389	19.9392
229.862	424.407
351.289	214.85
339.78	194.507
121.332	286.872
15.3155	322.358
97.9351	483.223
80.028	108.146
229.93	83.9868
496.844	103.677
220.887	391.804
493.363	450.442
432.218	304.527
199.401	48.536
184.349	88.5972
298.474	238.956
22.1343	178.544
282.234	468.201
218.553	37.5857
253.872	480.486
292.6	258.544
134.69	297.322
487.328	451.368
319.846	174.845
406.235	195.564
108.488	319.118
412.634	484.233
158.833	477.541
113.563	408.74
180.539	299.57
393.04	283.028
97.5466	352.932
417.029	112.393
489.982	336.615
230.278	209.99
88.0474	407.413
486.556	245.275
11.9572	58.1737
335.338	185.988
286.086	94.0595
113.591	426.952
61.7372	79.3601
323.568	37.3614
189.712	156.272
134.289	84.2632
298.696	308.786
114.002	302.202
300.211	81.5242
110.86	209.438
147.595	319.126
473.148	22.5607
413.514	85.8986
12.6566	48.1982
69.7319	77.8486
300.648	197.673
103.655	241.887
421.918	334.273
496.381	475.743
39.6241	283.492
211.304	301.522
175.323	12.863
326.294	18.8831
86.9891	205.862
496.788	194.369
188.868	95.0653
275.216	174.299
225.994	177.06
225.541	184.52
341.276	386.425
361.492	298.154
415.233	359.665
236.433	209.034
392.717	85.234
493.932	106.286
302.78	140.963
202.804	331.46
449.714	295.586
249.025	489.233
416.078	80.8875
390.82	8.37225
184.409	274.711
292.239	119.831
283.35	180.669
8.98377	267.285
34.9081	301.076
203.052	355.22
294.957	259.191
380.852	116.046
417.164	292.143
176.369	176.956
431.927	203.24
127.448	392.615
264.298	378.213
176.454	115.928
207.9	453.082
21.8217	56.5331
77.4326	49.8773
281.787	323.915
34.8905	413.652
84.5021	438.807
333.233	202.772
102.196	85.4645
288.578	88.5184
9.96212	332.481
234.787	188.251
26.2202	378.021
270.539	118.041
382.747	248.802
242.28	295.98
103.675	409.161
397.067	49.8072
482.246	460.836
122.436	231.076
410.238	475.735
88.8031	70.9211
55.7499	414.332
313.693	313.576
448.526	216.278
400.013	295.18
185.932	151.208
207.635	199.682
295.672	451.922
111.953	33.4934
317.567	71.8688
40.0662	297.607
338.339	410.361
27.9716	408.647
187.323	46.8459
310.002	220.982
58.6706	417.23
111.764	158.849
273.333	83.8438
334.388	397.989
410.702	61.2482
263.408	415.808
49.1179	376.031
293.481	206.592
390.864	149.481
242.812	381.858
403.882	495.286
320.353	319.115
65.3649	213.341
97.6856	475.179
280.246	147.425
18.9085	441.885
296.048	315.929
267.614	298.654
280.389	302.538
83.4829	219.785
480.755	193.426
279.416	358.654
190.36	42.7893
163.856	377.296
313.451	263.048
467.133	194.512
428.964	290.73
214.474	88.7268
80.3045	238.848
493.042	78.3065
98.4738	365.726
246.897	277.135
302.329	367.142
260.171	185.654
277.155	214.611
129.664	75.3971
140.997	207.111
73.0756	12.483
240.609	315.739
151.351	122.801
64.4477	219.896
325.496	475.582
214.546	278.921
64.7692	76.7359
285.319	216.225
470.642	481.451
205.397	90.3796
416.708	371.442
480.807	130.078
462.037	100.07
285.48	239.238
224.145	351.605
22.331	451.281
63.4845	15.3134
286.433	17.7586
343.544	495.617
94.9766	419.885
209.45	190.391
193.162	327.456
171.042	194.918
281.522	75.7049
14.4504	101.706
79.7217	126.076
108.092	485.123
213.256	105.295
281.042	275.229
89.3408	76.4509
129.3	96.2065
214.916	78.7366
201.265	187.246
281.337	313.341
237.553	21.8509
399.09	370.308
222.56	380.839
38.6683	280.022
217.861	362.99
382.734	413.754
268.096	203.399
277.728	22.6814
20.3862	382.346
158.514	208.513
314.745	15.4296
79.3977	155.423
25.8397	299.538
182.159	205.791
100.132	388.911
179.265	22.0828
333.63	408.518
124.438	1.41129
322.687	66.5915
380.087	230.804
157.408	491.555
414.505	180.653
267.774	21.7222
106.753	387.465
163.323	204.592
110.431	261.938
393.944	316.372
22.0857	175.425
454.173	482.35
190.584	352.673
303.297	404.609
16.9577	271.703
385.798	411.008
265.34	382.068
56.2408	304.245
205.974	258.379
402.63	411.959
5.37426	163.971
277.319	261.493
53.5094	14.6091
4.01239	316.464
130.512	476.203
421.384	438.321
210.084	304.63
210.727	234.563
132.622	92.381
53.3198	119.684
342.693	93.9767
116.126	94.8962
38.5688	422.951
497.897	178.314
440.651	23.9531
209.042	223.651
173.891	89.8598
305.286	418.611
273.978	304.362
399.236	37.3273
480.855	451.003
145.37	387.284
178.783	450.798
366.892	0.0659126
297.157	247.682
31.1714	180.007
216.607	469.852
322.914	198.556
194.159	54.0963
240.004	493.548
39.1245	187.098
397.861	166.146
298.354	425.818
11.2497	145.716
51.707	24.4453
423.457	75.3882
214.105	93.9004
410.068	408.341
135.416	488.317
444.218	286.041
415.868	40.4887
201.356	217.988
212.404	367.959
298.5	477.907
93.7547	418.149
87.0977	303.475
456.256	499.146
81.6363	7.31439
213.227	300.001
458.056	182.563
197.163	416.447
414.317	372.466
384.435	182.26
22.2449	200.679
498.527	478.448
386.408	111.559
262.104	486.964
292.773	253.508
128.212	282.779
94.4135	90.4283
177.246	228.243
112.693	235.264
308.023	130.526
12.836	100.944
319.774	203.255
184.593	142.488
92.5187	351.469
1.43518	271.429
152.973	494.836
398.814	364.81
384.582	334.993
124.484	243.776
496.747	305.829
415.82	214.599
39.572	84.4673
286.797	199.766
63.6181	318.379
16.7313	301.294
276.388	236.881
404.478	398.892
126.758	206.664
20.2771	135.27
249.199	224.793
92.071	357.926
256.944	307.5
326.065	86.4978
161.365	487.992
198.661	122.2
163.18	394.664
249.309	201.637
334.176	196.268
35.495	303.116
12.8165	375.811
102.591	469.927
431.724	299.886
282.336	199.098
391.009	349.644
446.108	183.529
393.815	5.76524
187.154	110.868
358.639	10.5697
215.849	47.2132
214.713	395.616
453.462	420.789
381.363	412.708
190.946	232.997
42.0856	21.7195
287.042	179.678
82.6904	164.714
305.013	318.658
105.619	319.688
142.291	397.648
211.156	104.419
48.3335	115.167
317.838	328.793
87.0891	379.799
184.173	400.002
203.16	363.079
87.7042	176.425
122.193	52.6364
38.6755	321.279
493.553	68.3196
150.941	309.203
307.646	484.717
420.918	319.96
204.285	377.627
307.903	483.84
371.006	276.564
81.4723	23.3414
293.893	477.049
104.766	111.394
260.149	183.956
384.858	440.811
62.4081	82.9105
92.8577	372.5
6.81708	408.951
15.3887	63.035
287.154	154.655
304.867	375.73
496.816	165.916
455.22	389.035
219.886	185.095
171.229	297.143
484.983	197.247
169.835	412.154
21.35	108.945
422.43	355.149
298.272	244.618
270.723	295.809
278.569	285.665
255.101	176.154
428.234	417.378
199.959	273.795
191.268	80.9567
299.958	57.7627
401.335	336.817
385.216	240.416
46.9085	420.709
357.462	281.218
270.659	76.2552
111.173	166.175
341.995	98.5485
301.925	278.066
422.698	387.919
186.931	233.431
360.25	403.325
212.378	446.738
402.881	319.619
141.819	400.597
415.254	13.6742
281.247	266.282
337.725	385.589
229.223	300.783
77.1541	378.66
276.12	440.58
116.534	270.169
489.949	250.178
247.084	317.166
18.5979	460.558
117.176	165.522
333.963	386.18
399.145	304.53
306.864	150.091
10.5887	167.987
56.2834	277.814
219.105	374.648
370.43	309.963
123.428	454.238
45.1531	285.08
440.792	388.062
407.023	257.531
26.2971	81.3384
321.93	162.391
375.2	252.849
4.93979	319.697
107.128	70.8347
378.219	70.8473
336.041	300.872
313.844	308.112
400.577	11.2672
1.00568	157.262
316.657	51.4227
121.246	379.208
175.704	396.507
413.717	225.167
108.953	204.577
203.205	231.042
152.768	117.684
257.781	21.3573
293.599	200.878
393.431	115.069
108.041	122.763
3.20326	191.674
328.848	204.993
381.308	199.774
172.518	5.17409
468.628	409.605
295.909	188.868
328.069	208.594
286.001	146.135
107.206	40.2335
291.355	43.4041
24.9095	462.555
135.778	14.2538
281.094	484.218
124.437	252.959
113.36	139.225
159.025	316.978
424.796	401.231
45.661	195.507
150.284	89.5312
304.736	304.631
267.079	120.028
185.597	397.508
140.844	378.367
420.288	103.973
191.214	327.606
254.131	400.874
204.268	137.205
291.529	193.258
431.577	85.8951
110.219	193.683
81.6246	278.58
121.783	468.726
55.2675	80.4342
302.264	392.283
401.112	113.084
329.402	23.074
197.783	242.024
383.096	347.457
254.549	294.415
215.688	275.47
409.849	386.275
448.524	304.632
414.803	329.955
457.598	119.005
140.201	204.68
111.178	250.21
483.466	284.508
23.5355	264.171
175.874	304.561
192.011	447.266
482.344	84.1822
214.15	309.414
312.722	391.206
398.22	103.379
222.657	19.4956
476.24	179.299
225.373	182.677
426.719	15.459
393.022	48.6527
461.212	109.455
442.373	89.8801
328.397	284.076
116.64	45.2583
184.296	179.573
322.721	346.785
484.023	219.771
11.059	436.956
82.5861	480.148
492.95	386.28
200.304	379.816
398.174	110.631
216.376	290.456
444.272	6.29959
116.366	9.66831
91.0091	21.9687
229.656	12.22
81.7026	315.051
429.652	185.61
351.262	123.254
117.601	386.633
82.393	118.819
18.4194	437.286
145.549	16.3825
199.741	100.325
176.391	347.77
282.659	230.486
81.3215	469.864
213.957	167.811
397.377	174.026
300.578	400.542
220.727	234.529
150.409	91.835
103.738	155.331
261.788	105.334
193.146	442.983
322.607	106.29
211.091	27.5971
113.508	233.323
313.909	456.446
296.056	338.476
496.591	185.631
355.513	195.534
264.187	295.363
321.898	176.406
209.927	70.5592
378.164	274.773
173.321	483.278
102.317	365.259
92.9301	494.242
141.013	102.642
419.053	417.605
348.816	275.277
95.4861	441.903
46.3288	7.64921
58.3496	185.261
219.494	343.228
118.985	139.796
251.309	481.11
456.151	96.1302
398.612	455.506
281.301	50.2554
79.1772	261.912
370.257	109.856
430.913	324.727
437.079	183.872
219.393	349.077
18.1439	332.421
386.01	495.318
183.865	283.633
344.004	401.232
85.54	332.907
121.758	403.088
305.412	40.6061
210.64	404.618
419.39	75.6133
421.092	149.106
205.885	460.215
411.741	284.058
372.14	86.4697
324.208	243.126
53.6515	9.55794
82.0714	357.841
187.012	322.737
187.964	311.84
170.014	92.4011
478.083	19.7191
431.966	489.037
125.241	311.808
375.325	354.293
31.7009	277.681
61.5209	105.864
16.3269	366.448
209.805	218.176
128.936	191.15
403.95	260.27
16.6883	46.6961
416.944	108.848
332.732	179.299
1.3457	171.744
370.845	95.7181
180.532	122.678
401.37	70.3105
358.565	123.839
308.439	495.463
307.525	291.589
191.87	250.088
213.099	106.531
475.575	341.621
100.165	155.665
203.692	356.954
119.116	167.713
160.695	484.439
12.178	366.82
482.02	212.836
371.496	306.438
128.057	114.877
389.754	226.456
475.595	175.108
294.112	77.7152
121.896	358.247
185.435	149.791
214.597	123.978
183.789	425.134
105.797	49.0569
437.064	95.7974
315.488	472.98
480.195	116.292
12.317	468.34
99.1497	483.995
4.5021	269.914
12.7261	478.331
300.376	224.226
171.097	478.522
490.613	429.882
240.19	107.921
408.366	237.436
76.0635	287.988
73.8454	485.006
476.871	247.765
402.989	80.5588
487.375	23.4154
123.718	215.369
82.9315	58.1082
420.306	315.562
420.276	410.691
445.026	83.7676
37.2688	322.559
390.215	492.386
434.194	190.059
98.6209	377.383
352.673	182.572
54.7361	182.084
144.884	175.878
390.147	415.332
493.934	408.687
98.7365	48.1187
59.466	22.3702
23.6335	62.2653
208.42	453.033
90.0479	326.204
175.268	399.854
322.179	181.645
279.047	461.795
285.427	277.532
126.659	218.151
282.904	428.486
59.5835	84.0375
383.335	202.771
69.6072	404.535
292.576	141.841
178.785	206.504
388.803	337.141
83.8428	331.162
223.675	231.374
385.952	234.827
7.11859	459.797
325.493	7.58607
98.3211	21.2704
43.894	415.008
28.8961	394.226
56.0573	387.247
314.866	144.651
363.535	421.819
428.564	209.552
230.006	493.309
254.371	475.221
238.006	215.88
103.617	194.521
206.418	146.391
385.537	79.6174
449.759	377.253
318.67	70.506
150.861	319.672
19.1704	158.429
255.395	391.856
457.524	112.312
196.183	260.411
384.533	462.413
406.628	154.362
196.893	318.64
232.581	490.681
7.22224	109.219
391.296	126.244
396.272	377.717
486.751	469.646
14.9358	98.0056
239.526	21.1083
131.256	485.318
108.448	180.657
22.572	470.323
220.169	259.982
390.895	482.143
220.41	244.524
211.92	272.719
415.262	9.73362
488.293	23.6766
345.783	490.866
416.637	101.026
462.675	409.527
392.444	72.8432
315.571	304.98
494.697	345.433
419.762	158.501
487.244	126.69
107.608	396.647
230.194	184.333
20.5517	417.248
235.571	275.023
154.422	476.208
41.6508	4.98986
220.41	135.866
56.9318	286.113
263.473	308.672
17.2043	166.988
234.359	320.096
187.961	255.573
328.543	294.678
371.341	109.988
10.4462	342.469
72.6723	102.289
248.894	76.1773
31.7084	6.06106
15.3074	172.693
245.715	205.881
70.3991	96.7414
230.258	408.181
34.754	410.281
387.64	207.003
407.569	112.134
114.042	248.3
267.732	391.778
10.7489	190.644
201.763	233.58
255.162	11.7064
321.084	364.445
113.079	412.967
412.032	287.658
405.349	196.369
21.353	266.993
154.959	489.744
495.178	347.134
2.89455	209.984
169.261	283.1
293.054	119.14
338.571	398.258
26.6677	418.928
216.148	350.303
89.9321	405.481
429.815	479.398
79.7399	486.9
40.1911	209.639
298.186	66.5771
104.191	310.832
231.634	376.532
85.4962	351.167
393.736	213.173
103.442	422.029
217.568	448.417
182.874	289.136
6.94507	486.491
308.208	395.527
108.69	36.8726
188.899	368.442
486.088	274.858
128.419	201.293
137.911	213.495
397.685	298.673
480.19	243.406
2.7613	281.729
81.9545	484.009
12.4265	410.749
309.603	238.372
103.794	136.312
183.757	313.027
226.999	186.456
378.895	289.421
115.942	477.979
411.292	313.509
221.659	135.722
170.099	8.08369
52.0041	107.182
485.757	77.9794
193.913	55.8618
86.7448	41.8324
241.442	224.66
393.222	108.167
1.06278	458.373
83.3294	389.065
380.571	196.853
91.13	4.17272
440.955	321.508
478.681	210.582
115.577	225.337
179.066	251.004
124.522	29.8054
81.8359	491.68
423.064	469.319
224.79	5.95623
439.631	292.321
332.236	188.235
162.457	195.688
496.572	204.749
284.949	387.694
174.303	112.882
282.659	271.309
36.721	379.551
148.779	100.697
12.9929	50.855
21.5559	196.539
368.258	217.325
221.095	11.8849
295.332	12.5209
436.355	413.039
475.966	329.749
92.0778	220.072
121.197	330.64
50.153	391.003
324.035	306.682
32.203	23.2475
257.118	119.147
183.091	268.95
286.943	7.07835
481.497	248.387
133.27	112.174
94.8974	451.024
480.337	389.585
272.359	81.3066
314.021	452.614
224.261	376.507
272.745	223.586
112.212	457.42
101.821	409.373
368.676	108.907
178.371	138.801
77.8876	321.38
284.12	0.388859
267.582	397.028
489.136	483.52
86.8642	272.034
200.359	91.7605
498.496	214.563
7.69097	229.349
392.29	69.4933
299.998	404.904
354.552	110.445
63.3906	314.039
288.733	118.326
286.366	265.864
411.759	107.781
426.619	408.729
66.1367	13.5756
109.838	80.8642
154.042	192.637
402.541	409.789
220.497	88.7091
336.572	96.0855
49.8062	78.1793
126.179	395.741
182.062	78.2727
338.328	24.7238
89.0914	113.709
207.949	194.028
338.07	99.8689
110.077	150.661
4.05339	360.99
372.121	197.092
176.921	22.386
351.839	210.541
441.412	223.306
13.3657	425.818
460.068	390.708
145.168	90.2577
441.679	89.0047
82.5358	446.159
252.583	121.475
452.206	76.8075
437.874	415.108
292.963	328.137
223.287	480.839
298.879	36.7683
115.518	226.143
227.111	307.766
304.613	101.097
329.218	116.863
185.755	58.9194
166.138	117.203
208.402	402.525
289.461	71.2497
187.594	435.501
275.477	247.056
10.8393	175.362
63.0457	117.864
300.341	94.4712
490.381	189.7
2.76658	175.657
198.251	276.605
115.342	118.856
311.303	438.991
284.576	107.657
183.836	330.576
412.151	346.006
391.561	437.346
480.421	368.184
488.382	471.74
235.934	321.846
99.8742	37.7765
339.268	379.065
144.832	413.52
171.301	410.732
310.757	104.049
169.919	198.094
393.093	157.788
465.475	218.164
280.59	95.5169
120.92	464.83
321.324	447.004
172.023	295.365
207.386	188.198
392.385	386.931
194.294	120.466
315.916	176.988
282.267	421.371
170.112	405.451
390.102	220.794
194.349	487.238
357.991	180.223
280.795	366.402
173.337	407.854
82.9647	487.019
402.164	134.467
41.821	299.562
51.1819	216.582
6.59073	216.757
393.787	403.708
307.777	10.0902
311.793	185.431
264.225	297.095
303.998	121.968
198.52	448.229
13.1242	295.691
389.755	309.808
114.316	87.5947
199.952	285.078
35.5075	383.801
20.6688	378.911
261.607	485.322
309.845	442.491
382.524	124.022
478.939	339.77
422.052	230.574
215.667	312.648
104.247	46.648
324.29	147.995
108.624	453.22
98.395	306.614
316.087	389.023
123.77	244.991
491.49	135.743
199.021	302.951
180.033	146.043
177.312	455.368
453.613	494.342
286.826	169.681
78.6487	41.7065
412.058	213.579
468.962	413.546
407.548	113.852
305.136	276.332
284.662	493.983
308.491	86.5098
198.228	152.005
393.806	40.4118
231.812	298.36
373.819	418.952
124.222	350.28
179.483	197.529
493.711	272.114
20.662	484.416
479.755	374.419
359.113	485.019
277.065	375.376
224.13	269.566
297.937	327.295
19.8207	345.951
331.74	122.191
88.0045	60.2633
344.309	97.6608
21.0771	138.196
276.002	2.39244
316.333	459.577
438.498	301.917
109.995	309.937
163.046	7.57839
96.4415	52.2561
382.915	499.683
397.929	101.195
78.7663	252.677
486.783	281.251
35.4737	419.386
56.2457	277.323
389.557	98.5293
89.2265	327.452
277.611	62.5594
203.703	464.415
415.009	324.06
3.12803	295.415
245.495	186.284
318.352	493.443
139.116	395.873
476.809	197.686
424.514	107.487
176.733	490.11
170.78	424.333
96.6464	226.863
384.607	297.297
138.5	99.665
255.221	488.057
382.595	45.677
215.852	375.788
404.389	331.584
188.053	464.931
154.687	217.716
147.696	499.408
178.312	182.153
485.188	320.942
420.177	175.959
118.405	386.724
348.175	11.7915
441.987	389.404
284.144	100.854
118.595	85.3131
220.652	425.681
248.473	15.5224
438.051	386.496
357.878	122.592
254.735	303.789
77.6471	233.522
474.154	389.821
334.857	401.989
13.2452	389.346
69.2414	417.583
379.28	363.71
423.021	493.508
16.5409	83.5334
5.95323	239.197
191.62	219.428
45.5924	399.297
131.169	307.288
449.406	102.318
230.453	210.934
250.443	381.297
191.279	410.401
290.09	49.9566
313.04	482.831
209.797	343.143
80.4612	461.308
292.496	106.335
290.936	243.536
420.215	352.183
74.2436	213.418
407.722	227.635
120.525	160.114
354.185	191.653
26.1866	382.006
208.09	175.909
2.70106	297.014
117.77	479.716
131.687	220.073
223.426	104.044
176.288	55.6967
393.907	426.344
452.239	88.6445
494.7	258.977
416.122	262.466
124.609	400.807
79.4281	420.333
493.85	145.461
356.579	476.018
27.308	315.976
3.98269	196.005
293.973	15.6261
485.281	20.9234
105.343	358.612
482.197	334.271
485.603	420.526
397.464	257.402
432.213	377.558
324.047	297.247
303.144	491.423
275.725	123.43
211.455	172.252
122.346	128.238
108.024	169.948
314.672	79.7039
487.469	480.227
401.255	277.372
293.263	342.881
102.951	159.635
340.076	7.91685
202.69	457.132
63.2215	323.725
19.7302	117.514
1.89221	360.926
99.2186	111.707
177.593	188.761
302.77	381.827
269.842	215.901
105.871	423.792
61.9571	94.3747
294.382	39.0711
307.974	128.292
33.764	323.584
205.832	433.833
380.593	450.108
418.977	266.939
422.38	225.559
296.452	490.387
408.511	232.435
211.527	8.97693
204.32	225.862
128.164	479.803
381.093	364.154
473.657	192.546
212.775	38.4275
452.185	186.489
303.9	392.25
94.8815	257.524
267.758	214.409
212.39	164.653
385.622	62.4945
294.319	365.81
481.158	114.54
192.072	294.017
198.904	351.734
178.851	207.281
495.763	90.6104
287.828	2.17805
202.862	174.697
185.789	397.517
482.651	443.591
350.778	294.326
499.611	301.772
366.285	376.883
215.66	111.459
335.355	477.259
265.529	120.707
204.165	222.381
178.277	9.20174
188.03	339.15
278.392	462.07
348.734	377.713
452.848	483.908
98.7601	233.049
25.3344	222.951
4.50133	345.691
317.785	119.831
312.217	8.29594
347.743	16.0469
146.54	81.0789
378.064	86.5466
217.61	218.31
424.26	435.885
47.9989	408.564
289.622	191.047
22.8577	447.292
321.298	190.717
401.704	201.552
417.64	236.321
210.135	312.81
117.222	278.508
390.059	242.168
484.222	286.992
433.877	277.74
414.069	59.5643
238.76	285.063
398.316	100.023
216.359	157.126
258.703	209.565
396.09	63.7297
444.838	121.824
311.896	224.847
112.924	263.173
183.306	406.635
97.6002	419.989
123.949	247.729
70.4738	117.421
10.198	329.321
16.163	257.415
95.7351	497.797
315.784	186.102
205.152	12.1359
15.0574	91.0028
147.99	115.088
15.8254	90.2369
459.878	12.7374
86.807	382.977
236.019	15.4219
481.501	252.957
283.104	268.819
408.158	185.702
316.879	276.179
441.388	21.1307
397.799	125.299
18.6819	38.3696
340.094	315.348
490.761	73.0072
276.149	480.339
203.92	107.431
222.369	328.329
24.7369	74.6585
19.7938	166.468
466.595	5.3285
282.565	82.6377
219.51	8.72334
334.174	395.137
391.587	181.255
417.044	248.382
393.076	407.986
175.149	489.406
56.8711	83.9028
201.104	181.152
392.745	454.234
96.417	431.546
2.92384	377.273
397.738	110.821
230.9	309.229
341.834	21.2816
37.7155	106.25
349.29	482.22
333.371	183.477
101.18	431.105
68.0027	476.89
185.723	353.376
324.302	31.7972
196.056	267.426
345.17	101.455
493.218	122.867
192.815	294.702
116.149	308.677
465.852	483.039
119.944	415.509
315.912	201.578
393.184	401.652
208.557	88.5079
318.145	403.002
118.797	277.8
281.289	283.631
318.963	451.038
482.775	136.901
66.5843	491.882
393.241	247.349
37.0499	180.465
254.592	288.764
453.159	417.85
263.129	498.939
418.801	477.727
170.127	422.745
407.126	267.807
205.114	406.497
219.828	107.397
195.418	138.338
427.003	210.873
231.239	311.414
242.841	180.373
67.0116	278.224
395.632	12.1876
219.644	386.495
367.909	192.309
342.328	215.127
481.719	194.436
279.904	61.0472
144.196	100.508
79.2104	241.396
219.936	371.386
146.469	105.912
86.0109	481.029
88.0505	483.25
185.523	72.6078
176.085	32.9087
421.601	248.387
85.6372	271.37
460.63	215.287
383.272	0.875466
398.135	221.993
414.534	416.573
106.466	350.644
57.6589	15.2377
93.1442	430.685
196.976	46.1173
113.135	259.726
387.232	254.749
182.873	93.0934
205.114	242.924
354.092	102.391
297.817	150.564
273.45	324.705
23.2597	188.717
266.724	288.264
291.887	419.516
393.205	112.425
42.0463	6.64773
82.5035	2.49981
76.1573	317.596
278.985	212.418
329.689	190.919
92.9836	97.4238
275.45	350.379
223.121	342.411
30.662	484.4
229.221	78.9582
474.487	308.24
401.508	0.672048
210.901	315.514
93.1268	402.246
88.6548	363.112
20.7303	477.569
211.795	46.8115
418.197	423.494
158.002	410.768
185.41	477.097
61.1806	388.524
217.304	354.017
412.286	371.988
223.096	224.932
106.685	87.9113
92.9692	339.881
394.871	176.067
349.464	480.125
189.201	235.701
474.166	5.34865
409.93	171.863
283.116	265.371
0.577447	329.073
23.8419	38.5107
385.835	272.872
10.2684	34.9229
415.191	414.606
469.666	98.7838
262.631	489.764
316.182	65.3772
383.87	96.7127
59.7903	80.5703
412.96	297.689
377.909	112.145
290.961	72.1551
428.963	288.811
157.979	7.14087
129.698	75.4873
16.2067	26.877
190.507	103.802
287.826	114.387
29.7322	96.305
186.668	294.009
361.99	482.551
406.051	160.628
409.22	187.573
37.3897	315.165
315.88	60.5949
12.917	48.2442
167.207	396.185
244.211	79.7378
482.954	186.255
178.275	207.492
477.538	493.471
458.693	1.12131
394.803	416.831
158.004	104.556
93.9968	21.589
10.4148	269.385
177.157	147.263
115.209	488.044
97.4633	455.029
454.718	415.461
388.307	445.332
333.849	387.213
275.993	402.436
5.80631	57.6112
193.889	357.726
491.299	17.5497
399.876	255.786
222.71	319.769
83.3185	51.6747
221.034	497.724
435.669	85.1248
98.2056	492.251
477.392	467.88
484.933	498.478
279.168	332.203
404.804	277.989
266.861	316.701
342.618	77.4237
117.692	231.399
55.3945	315.923
177.704	471.644
252.147	220.634
304.924	97.1281
341.723	5.82241
180.724	282.237
269.577	410.849
278.88	107.936
83.2148	86.4247
488.052	400.6
478.032	443.901
78.6141	196.037
390.893	171.706
308.994	284.692
239.68	315.018
485.208	65.3864
301.785	235.728
250.824	417.573
38.482	90.3072
100.862	181.902
494.951	457.918
90.8543	269.691
191.086	22.5289
386.815	225.64
275.502	59.2484
12.6792	24.8842
429.691	75.1736
282.401	38.951
380.109	65.7703
296.915	50.7456
230.764	184.098
427.608	107.389
434.87	283.218
82.1125	120.471
294.881	393.865
316.285	62.374
344.385	377.944
200.144	478.643
183.767	406.717
162.401	212.71
377.778	258.666
390.974	417.838
403.007	100.42
99.9618	68.1381
294.998	454.306
394.348	111.299
256.505	180
109.416	148.932
305.401	283.318
224.05	286.781
402.06	325.17
160.109	416.138
317.824	55.3608
485.156	234.49
314.953	351.978
6.72636	206.851
115.787	387.794
439.078	81.193
271.363	75.2014
1.13796	321.148
192.301	48.3462
471.82	308.741
149.316	79.1476
368.344	183.385
372.116	402.681
7.9483	492.303
202.737	348.956
252.915	222.144
331.526	386.296
14.5207	52.4683
114.874	321.015
15.4305	254.62
488.579	286.397
440.699	480.666
182.108	15.1075
401.678	466.448
36.4992	220.79
98.1942	237.353
251.453	408.171
56.2996	376.983
311.048	375.333
469.912	420.08
372.979	175.245
122.082	319.097
426.026	282.701
479.85	496.783
274.23	482.895
211.491	263.62
55.4031	202.054
156.343	201.93
313.148	341.379
62.6112	414.226
222.135	382.225
151.662	309.247
293.572	429.373
388.852	290.917
407.895	356.191
351.051	187.347
287.679	468.851
108.544	354.837
370.128	2.40742
250.264	207.934
18.9192	489.114
155.664	320.743
258.009	320.193
73.6582	214.438
81.9253	365.684
247.453	185.312
32.9199	308.144
494.419	270.294
221.813	27.5809
464.519	0.300801
457.612	375.369
482.385	87.6276
407.812	265.144
492.918	72.2667
81.4008	145.625
67.0281	192.247
405.99	40.8139
438.828	481.973
323.42	468.775
269.476	291.199
384.659	63.3926
96.4327	68.2356
182.815	249.724
421.486	188.263
239.24	183.297
231.565	318.245
295.258	59.0555
496.85	458.206
178.827	349.209
147.544	87.9894
289.369	203.851
380.981	384.342
239.089	115.181
288.849	208.884
249.508	195.584
494.775	329.197
431.414	124.146
471.922	497.79
285.477	213.601
150.733	392.322
278.894	424.641
477.731	364.831
484.294	399.938
228.21	182.129
194.776	50.1343
301.212	237.491
319.552	399.309
496.957	436.796
225.448	391.316
114.879	268.753
83.4995	101.765
113.543	232.913
24.3801	403.156
483.534	195.054
23.3882	175.049
443.934	105.999
113.659	148.373
101.302	22.2977
438.904	198.198
487.559	288.038
317.994	322.923
213.747	295.845
411.176	440.967
491.998	137.177
483.831	377.427
428.828	200.91
185.783	371.464
472.765	413.421
335.301	489.866
278.769	329.634
283.93	72.0017
182.161	19.1591
206.743	245.802
69.4491	375.034
310.61	149.456
283.477	183.758
380.199	290.545
225.869	224.574
342.357	13.8253
73.5583	294.394
195.489	364.497
324.869	291.774
482.651	444.131
227.761	81.3759
473.631	189.95
68.2991	184.265
275.638	306.724
190.116	145.081
395.495	407.762
141.777	200.526
39.0088	19.274
218.812	65.9702
301.768	92.0594
175.54	154.324
106.476	253.958
111.003	170.836
416.727	175.578
422.096	274.594
328.252	14.3298
64.114	323.77
23.0245	62.3975
305.216	301.602
355.61	478.889
357.355	298.156
182.899	4.31441
386.411	403.16
377.892	228.609
70.0803	289.815
328.4	303.772
445.715	376.975
189.627	15.9802
329.29	415.883
121.988	139.178
363.76	304.439
146.995	198.339
111.727	203.76
63.8496	413.415
433.464	205.469
192.723	386.559
452.405	88.6635
181.73	335.957
189.753	159.612
236.52	380.566
311.448	154.824
122.362	39.7137
5.44501	254.082
87.9743	280.332
356.002	5.20414
223.072	184.825
166.649	310.103
226.646	480.703
2.01677	375.776
405.783	3.35815
175.127	247.081
230.059	417.84
107.275	348.735
120.194	173.537
39.5394	81.0757
304.173	178.956
152.25	18.6319
53.3933	200.559
423.053	147.008
486.672	113.125
294.09	2.6631
32.1451	375.99
185.776	429.447
285.732	322.398
185.538	117.433
51.5252	219.035
337.182	10.7111
418.51	314.736
378.174	100.481
303.65	317.111
184.515	137.187
98.8823	168.208
397.922	117.598
13.5367	66.9299
7.48942	287.222
24.0583	176.643
219.677	128.281
335.996	303.465
311.977	94.6728
45.828	203.984
264.604	220.905
380.493	0.639251
312.771	54.897
488.618	55.9857
87.4706	331.331
377.87	318.898
81.436	479.33
100.388	448.226
414.71	297.793
77.1418	408.558
410.439	98.3565
201.902	367.253
416.355	480.909
286.203	371.679
291.736	420.801
380.574	30.4249
296.532	230.293
73.1479	496.02
452.373	280.02
417.422	394.322
292.803	193.838
430.753	218.022
193.072	436.565
246.168	208.874
322.995	55.0193
487.701	324.459
170.219	393.588
315.688	434.259
406.552	141.887
188.591	245.985
258.588	480.923
234.544	478.623
105.991	264.944
246.138	291.546
7.81186	16.1487
390.638	343.458
496.183	380.359
12.633	456.747
120.738	158.848
123.605	96.1587
157.879	184.618
53.5032	282.063
161.358	201.54
289.494	402.29
191.41	212.199
235.238	98.5965
324.29	29.7604
276.821	273.589
379.8	410.388
212.339	315.981
77.2183	10.6509
236.634	397.044
57.0376	216.16
234.756	416.613
139.543	391.47
330.21	380.197
121.882	311.434
298.393	144.468
11.726	291.111
28.6548	210.23
327.549	204.369
418.524	439.217
406.226	315.742
497.793	72.9656
345.793	177.971
492.741	227.973
108.473	229.673
76.8001	73.4799
36.6886	277.832
309.236	218.291
311.029	385.869
335.034	83.1006
268.246	218.028
77.8573	7.48294
165.316	482.142
395.952	351.548
208.67	355.002
222.443	468.999
277.519	476.506
217.263	190.164
409.798	56.7789
308.934	389.929
291.787	384.938
264.721	299.427
352.991	407.946
273.572	119.463
203.04	164.258
419.445	263.548
24.9648	86.8319
104.941	391.881
101.506	243.685
415.973	382.812
118.916	194.702
304.09	473.725
40.8541	302.101
303.704	44.4097
381.448	179.62
322.418	230.341
20.7083	335.49
146.947	396.213
90.1651	55.4448
220.972	252.124
237.258	314.181
0.977422	467.785
2.11799	490.562
375.328	8.37332
471.992	206.278
321.373	292.562
159.431	11.1086
224.911	4.37336
372.039	494.653
413.853	51.9675
76.3826	84.8435
221.695	191.338
215.768	253.565
3.50075	105.372
477.544	356.631
311.113	121.709
491.387	8.08529
316.422	72.8904
216.954	257.899
411.565	264.176
80.0258	272.65
254.378	94.8847
499.494	116.324
215.033	71.5421
179.836	297.93
216.973	255.516
237.208	103.862
68.564	320.471
409.716	45.2415
349.644	417.006
401.883	298.244
313.171	135.364
71.5216	111.728
4.2854	63.6174
37.5211	477.123
385.53	450.387
5.16604	455.024
47.7879	394.607
296.336	157.752
123.417	357.507
479.049	53.0843
428.136	379.321
332.137	209.401
196.515	367.367
37.3958	14.0691
399.211	468.611
79.652	111.297
313.468	121.084
272.285	114.792
28.0945	122.994
299.798	177.749
306.817	268.077
304.797	373.758
275.404	330.576
64.3859	283.099
2.24078	441.672
392.125	376.796
245.178	323.838
450.285	9.12755
186.784	272.556
77.0487	142.905
441.297	311.757
210.726	233.971
424.248	60.8951
110.521	273.583
463.369	388.682
178.238	170.813
16.4505	147.192
475.477	333.313
265.56	84.4647
346.775	211.961
410.257	323.599
344.691	195.847
318.603	159.118
269.992	297.134
214.156	493.407
472.271	215.789
76.5441	490.824
319.321	82.0153
490.235	246.462
233.974	92.237
364.927	223.154
87.2353	17.5403
344.77	312.737
495.367	497.541
382.364	403.961
413.146	352.752
384.014	285.603
284.625	44.1962
21.4987	290.69
402.547	283.59
179.345	8.01117
457.75	80.813
204.059	469.34
436.502	195.058
132.361	200.236
40.9013	276.312
472.877	481.735
357.936	115.236
111.507	366.038
474.598	482.742
141.128	398.177
16.8096	424.695
450.503	196.466
126.888	105.263
339.381	387.497
484.625	430.476
294.27	183.439
100.557	128.412
303.532	17.8549
327.707	318.123
197.432	198.747
137.705	499.844
350.515	493.469
136.68	476.605
210.644	311.49
183.902	92.0099
401.371	219.37
415.22	11.5115
379.218	196.627
304.332	307.825
215.492	281.63
397.165	250.888
354.506	480.866
207.377	273.443
22.0084	272.941
114.963	133.167
420.564	243.345
93.499	485.935
415.577	348.423
322.499	143.512
40.2086	314.834
421.449	106.148
357.335	184.704
114.653	153.368
99.2529	77.1798
249.088	275.668
55.097	376.731
369.621	183.549
415.352	482.023
389.232	435.163
87.4815	163.366
117.362	196.913
211.65	394.642
117.998	306.261
496.415	344.959
111.921	153.628
289.904	248.599
67.9731	97.6375
29.1409	305.254
470.8	295.177
404.495	228.44
392.625	171.516
177.77	452.677
103.945	113.586
5.78206	371.846
381.761	159.782
403.382	326.466
358.314	216.032
117.029	72.2403
207.41	208.21
158.58	113.26
251.047	118.827
76.8539	172.433
176.534	365.856
8.4774	225.38
22.7201	111.787
292.839	50.7519
146.631	320.637
47.7829	382.68
486.392	481.06
7.38078	323.995
71.1605	387.888
36.7573	391.308
43.4783	19.8869
148.146	114.669
326.741	275.191
451.423	387.537
281.341	201.202
318.857	488.037
371.742	307.77
287.454	32.9902
492.559	347.159
224.707	476.798
65.644	101.018
7.11737	282.955
402.566	455.368
301.207	394.471
471.545	277.799
336.75	399.852
479.275	290.301
8.5188	21.7968
455.605	8.05827
254.86	213.245
237.159	310.4
295.425	250.616
326.331	99.1255
89.2406	278.123
218.69	180.613
284.945	423.645
307.398	498.947
43.4443	485.18
5.43526	367.347
278.362	133.797
477.236	329.777
109.184	2.71038
425.882	108.123
428.851	185.653
11.9154	315.292
200.695	106.091
461.462	208.694
286.915	472.834
383.767	445.886
11.759	186.628
383.182	338.672
288.923	449.465
100.087	73.8923
89.3549	284.672
61.8273	98.1006
316.831	197.308
319.613	241.743
287.679	275.394
184.754	328.694
309.895	41.6278
484.678	77.5382
214.144	180.3
35.7165	493.011
229.114	177.619
409.803	419.991
357.695	488.571
176.763	106.385
300.512	214.75
204.381	456.633
198.042	36.1743
332.232	497.057
396.401	172.936
106.757	383.138
455.177	22.8579
159.219	196.707
344.779	202.215
190.887	113.584
320.798	80.4231
114.267	10.1955
204.112	347.895
255.035	310.374
305.217	27.0046
482.794	182.564
78.5144	388.074
262.627	295.006
77.8238	260.708
404.957	155.058
383.652	138.756
319.246	69.3748
396.994	178.01
396.525	75.3632
144.396	324.548
384.488	219.281
223.428	449.674
87.824	8.93176
113.789	76.0629
289.117	270.856
400.212	471.427
119.756	407.017
260.957	203.304
463.591	16.4446
10.7281	232.492
458.342	196.947
249.287	221.734
7.74309	473.869
26.9162	9.97311
175.178	282.998
399.628	214.038
34.8922	308.92
413.959	62.8911
119.9	393.345
216.531	229.577
104.236	450.83
250	287.191
480.176	236.88
399.887	281.307
254.029	299.421
411.298	173.531
293.86	139.252
192.309	349.337
488.95	169.495
114.384	258.167
102.804	220.077
410.876	338.543
174.422	221.941
178.299	275.938
296.707	92.0915
210.194	78.9251
105.656	392.577
293	335.718
495.951	98.9749
320.139	487.539
314.745	374.488
449.356	181.44
115.254	366.627
380.084	482.277
277.776	173.897
110.098	151.048
440.418	178.356
227.567	282.194
96.6856	108.356
102.43	201.925
104.705	77.8819
157.288	410.81
293.875	202.821
335.42	195.133
329.92	182.683
279.953	303.086
285.171	142.688
330.224	310.975
119.807	134.799
413.838	279.492
248.012	476.837
414.035	233.113
77.4994	194.84
328.387	386.228
177.562	442.842
22.3407	84.5615
281.935	490.218
255.197	489.617
80.5135	220.238
486.292	381.935
218.142	211
57.6714	114.626
77.3426	6.98843
412.049	239.983
24.7285	481.454
247.625	191.419
114.289	38.0931
442.466	203.718
324.306	302.511
197.777	340.5
267.9	479.507
201.514	17.3246
207.227	152.94
108.597	32.7113
122.108	436.158
416.288	273.889
79.6684	319.743
352.669	289.947
475.833	205.086
261.038	276.744
249.543	380.245
145.328	119.898
204.38	297.312
206.497	296.984
121.192	182.426
108.362	169.625
169.403	10.0973
355.54	109.959
139.962	414.383
307.292	414.237
143.011	483.508
496.957	137.899
480.682	389.058
380.162	162.894
397.689	231.263
333.106	198.687
213.924	453.729
1.61464	309.008
441.127	275.631
78.052	384.89
117.143	352.856
277.29	7.23062
386.915	245.101
154.415	387.817
384.725	317.866
212.658	439.535
152.612	493.338
53.7963	378.317
284.197	264.598
12.6539	451.611
301.412	225.215
197.284	341.203
382.366	138.393
292.565	379.78
285.411	264.699
392.835	41.8858
214.125	426.227
184.922	14.615
391.306	2.17152
8.67229	351.654
296.385	427.593
113.846	445.553
77.4069	42.9689
198.192	215.79
339.364	219.124
217.647	445.318
401.835	122.453
164.027	285.854
183.497	118.484
19.8002	451.328
277.712	298.669
10.1387	309.045
358.486	209.189
7.44239	48.9877
485.767	79.7534
179.139	64.6691
498.542	14.5647
232.478	221.262
183.524	351.816
232.708	484.587
375.949	291.502
201.083	170.25
402.167	308.635
179.781	121.892
140.716	86.8487
193.581	242.194
476.033	323.583
157.094	201.869
288.631	458.573
110.968	469.033
89.2077	283.285
407.681	327.303
110.635	187.306
421.091	306.743
13.8124	383.45
447.938	400.866
380.667	60.2882
19.7518	25.2237
98.7748	469.874
260.996	324.242
481.135	12.8023
387.648	406.43
390.984	121.076
378.237	298.616
426.098	299.164
215.122	214.803
460.196	392.948
237.864	24.0038
387.493	134.072
424.566	293.71
330.274	119.156
22.754	39.086
238.988	121.739
482.255	319.831
46.775	187.789
315.991	379.673
386.233	8.47404
199.512	75.2971
451.039	206.304
463.097	215.707
85.4478	15.3333
344.023	276.801
301.787	336.659
21.8111	121.475
339.091	382.464
49.283	280.613
286.574	360.576
394.743	142.009
235.441	90.4098
110.974	168.561
431.291	179.043
9.63178	394.053
173.242	206.726
85.5135	471.59
485.819	215.213
240.15	487.035
146.632	393.763
289.607	163.046
123.404	317.634
261.134	316.477
235.887	220.643
416.861	43.6548
283.274	452.326
51.5293	486.263
400.22	122.683
224.95	65.5214
291.082	305.467
277.56	347.052
3.28719	275.065
270.23	487.973
86.0394	255.067
11.3472	175.69
212.805	55.4463
89.9233	144.779
160.041	191.974
75.7568	162.802
399.934	265.283
175.592	386.641
496.222	351.324
190.634	136.342
170.241	303.553
241.452	100.255
484.661	44.8077
241.703	214.437
316.603	81.572
326.58	411.79
78.8728	300.945
341.839	180.614
318.548	119.018
272.303	113.696
84.3311	362.851
408.29	456.754
105.792	451.088
217.23	399.524
375.98	216.435
386.814	23.1048
187.209	493.079
199.637	373.009
129.022	480.423
496.323	5.15757
355.243	108.231
479.797	87.5429
116.048	459.566
108.105	330.854
116.443	196.015
190.677	135.294
412.4	227.499
466.424	94.8758
49.3152	411.004
357.178	495.706
459.466	112.272
246.639	88.3947
96.1115	22.8145
246.233	108.54
94.0249	205.864
476.175	188.279
99.8083	60.4872
375.66	495.901
175.865	65.8628
74.4682	95.932
400.014	490.1
459.615	9.06774
12.902	358.751
92.4017	191.184
431.926	323.889
395.896	449.069
276.391	50.2362
217.846	457.323
101.812	400.106
289.989	315.395
90.8228	446.793
494.474	174.534
119.806	60.9094
273.73	213.58
438.561	283.468
277.986	131.687
91.1914	334.924
472.554	396.619
45.0048	78.6202
81.6566	181.82
114.522	37.3628
359.259	303.91
366.537	191.495
97.0756	298.787
447.056	109.724
413.473	498.117
186.565	278.546
114.808	63.3459
235.77	195.179
292.372	28.2418
53.7038	90.0757
309.335	396.711
290.213	103.172
214.601	220.758
344.627	416.838
362.176	487.967
481.902	331.822
396.636	136.676
169.169	315.519
380.964	351.235
442.209	292.825
292.086	183.014
122.331	205.357
108.506	463.926
58.9502	23.928
214.657	24.8309
108.655	46.7518
15.2621	32.7806
3.1381	369.155
349.777	309.328
407.929	417.66
297.612	290.279
489.463	120.258
398.101	6.1741
106.576	277.535
371.154	19.3841
93.6515	403.744
184.509	343.789
276.381	15.2543
9.11934	304.599
352.665	187.712
125.732	299.881
101.08	2.29543
314.275	420.014
478.424	63.8501
53.6481	476.49
76.5653	379.127
427.035	15.3576
52.9188	292.56
341.698	401.968
400.033	127.856
111.093	68.7569
278.778	249.892
290.783	119.444
109.594	351.505
332.405	222.524
95.3536	275.172
82.6689	327.466
399.752	239.83
17.9726	235.813
479.77	187.351
267.866	21.6645
457.456	20.9946
312.751	426.792
184.863	216.178
247.078	218.209
334.821	317.456
120.431	125.992
429.088	318.788
480.192	296.304
311.422	22.9134
298.189	100.493
169.155	93.2131
363.757	477.704
341.045	123.818
192.605	229.934
6.6532	232.534
326.348	206.323
380.43	313.919
101.61	270.313
497.647	288.955
176.099	446.548
55.4074	495.48
304.56	27.4718
29.9615	123.381
43.0012	104.582
494.109	170.588
53.8396	411.423
401.436	269.192
199.488	263.646
485.767	10.6818
394.685	97.5982
199.188	161.879
390.938	279.779
215.669	449.65
300.623	167.995
419.579	322.497
89.6046	39.1901
91.7197	389.745
454.616	383.229
190.624	215.507
288.069	409.167
88.7229	399.251
486.696	352.482
475.302	303.291
477.342	292.807
340.198	386.948
260.182	300.16
213.202	91.6805
24.2204	157.769
0.0336352	197.287
386.778	33.9446
203.258	215.901
112.892	398.64
114.804	269.489
175.101	232.787
306.179	423.89
458.346	178.248
105.1	176.83
328.829	475.662
250.97	316.022
177.508	124.101
274.904	487.963
317.63	52.1618
476.665	56.3219
399.013	46.2265
376.516	427.263
403.982	56.7853
160.743	107.793
311.07	147.944
390.601	8.79723
186.869	311.314
174.426	76.6644
484.028	48.8585
274.821	5.56759
381.649	36.6868
176.034	229.074
183.698	425.872
322.92	125.341
273.057	6.65086
427.456	91.9189
155.122	297.841
37.2791	497.987
32.1546	385.344
452.116	212.356
3.68168	184.672
422.73	162.812
475.495	48.6727
398.076	391.449
119.983	429.717
355.91	280.195
493.311	18.9422
473.629	410.735
159.74	184.325
382.62	435.533
0.856863	253.684
369.095	191.138
6.19622	215.434
297.304	248.313
302.707	465.907
231.619	403.658
452.713	404.604
262.775	112.616
496.25	383.629
104.969	88.2358
180.775	410.812
66.5635	279.672
0.493072	395.717
35.4865	221.512
252.587	382.436
210.339	390.424
414.761	89.7785
282.81	435.919
282.461	14.2416
360.124	282.882
202.372	59.5455
407.015	445.986
89.288	152.599
410.969	408.573
234.162	288.607
106.26	240.374
491.511	418.747
86.6199	184.92
475.32	161.242
457.052	195.997
8.29823	44.5229
94.8083	480.71
187.648	114.182
239.748	219.674
225.11	417.821
96.5748	474.531
336.455	20.0756
79.6112	257.678
390.346	305.893
379.168	236.592
225.436	381.337
400.544	85.3025
476.41	415.584
86.4437	275.981
475.079	260.428
344.374	205.186
296.296	286.738
93.9955	363.986
318.849	293.806
200.623	261.594
408.38	12.7674
403.633	116.09
139.846	203.203
192.745	197.933
321.053	206.878
275.749	253.511
285.807	386.278
59.0211	497.941
12.2193	210.322
196.42	313.808
383.265	363.686
403.397	125.321
478.114	435.524
477.62	63.2456
393.04	225.184
118.375	7.30574
296.091	259.33
277.401	382.695
203.453	438.9
99.54	343.082
376.818	458.483
398.039	218.039
136.897	191.967
384.063	110.403
21.9271	126.007
399.551	294.571
432.135	76.6916
97.8772	273.205
422.867	175.644
490.898	235.352
480.945	55.5763
113.952	340.117
177.155	112.412
452.477	278.583
434.689	3.94819
329.238	207.928
159.658	181.519
0.687297	237.596
58.5895	222.059
386.597	469.953
380.66	124.048
101.186	206.541
10.2754	311.387
147.967	408.977
457.894	181.805
180.863	97.5864
76.0357	85.3171
146.673	292.973
109.837	144.79
248.363	87.1626
275.494	183.529
51.7132	424.064
264.916	91.9639
396.731	163.557
183.506	218.564
423.689	7.23672
285.674	483.076
191.064	334.893
195.759	285.31
77.2213	316.648
269.067	94.6204
79.7575	468.175
316.877	264.82
494.629	242.31
311.781	351.06
5.19883	201.741
286.133	293.518
83.8028	222.604
265.606	292.636
176.661	307.635
94.9996	498.065
324.487	161.662
387.833	370.312
192.989	433.41
24.1575	474.143
190.133	416.793
14.1347	72.4293
498.979	80.3401
229.975	221.172
124.479	393.042
406.536	252.596
493.595	428.32
205.806	330.259
368.993	277.506
21.9427	340.024
407.639	236.762
16.7518	471.22
427.647	384.867
189.838	451.173
134.637	113.364
482.899	177.646
79.6126	199.102
2.15806	51.9128
297.903	2.04556
216.371	22.5309
304.33	77.6334
487.459	204.236
101.804	245.041
114.561	205.102
385.797	76.3464
308.45	450.334
484.068	140.134
61.0964	406.212
72.8211	201.782
390.023	257.404
312.825	215.174
364.247	195.599
94.422	456.497
415.344	191.656
89.4485	443.207
463.783	2.40958
424.084	305.976
36.2141	189.515
387.945	199.033
206.185	479.079
122.074	371.061
196.213	59.5229
72.4418	276.08
10.7981	459.374
186.145	348.707
182.877	168.131
475.363	80.2014
175.098	105.26
398.435	29.6713
88.4742	430.656
63.4737	418.016
196.577	159.762
377.844	401.717
176.832	22.0529
47.8993	286.336
166.966	78.1125
72.9365	2.68079
385.71	462.208
218.253	255.817
404.014	490.668
174.472	84.0661
221.892	100.908
135.519	115.984
474.145	90.4585
296.214	43.9647
465.057	10.279
119.056	101.219
201.339	311.08
336.13	407.832
381.126	180.954
116.85	115.747
89.8207	38.8434
31.966	407.11
303.454	430.189
321.85	172.708
382.653	287.415
328.669	480.024
120.791	434.896
6.97047	247.292
415.439	378.036
260.661	212.274
183.8	188.199
0.680684	216.124
141.412	179.175
292.468	493.193
92.1384	389.165
91.3067	374.291
487.317	442.184
180.073	402.229
301.805	488.861
90.7263	434.692
248.295	495.088
370.414	398.448
291.849	416.454
434.729	416.092
361.386	490.156
498.607	83.008
4.94096	492.857
199.284	64.0714
335.216	493.927
366.864	106.622
23.7459	351.525
27.7628	395.171
224.615	281.099
289.684	155.001
19.6663	499.086
493.618	416.798
4.248	416.786
121.884	374.138
276.902	362.848
476.209	190.281
383.356	135.296
327.929	484.438
497.772	393.44
290.702	142.388
219.495	336.412
228.262	15.9785
210.293	228.144
325.874	415.88
285.527	38.5511
189.349	167.649
373.024	202.177
62.2883	387.547
402.162	407.91
215.845	63.0194
283.93	436.812
223.928	430.993
307.555	379.943
119.93	265.449
195.615	483.406
490.416	38.2639
77.5608	112.953
97.0623	204.615
92.3062	45.5787
220.241	492.975
309.306	311.731
277.408	454.031
353.478	389.243
198.824	312.488
43.3954	415.574
85.9514	121.829
207.064	278.88
77.3765	44.5805
36.6303	407.937
207.69	255.606
155.589	308.302
110.947	315.708
28.489	294.433
489.708	467.519
352.74	98.1351
397.439	25.3113
237.409	284.559
36.9924	93.2101
78.3662	50.3066
257.41	90.1068
296.134	438.249
230.009	100.136
129.921	192.938
398.698	132.431
486.283	445.467
421.147	120.606
386.412	424.941
186.061	92.4576
317.806	353.781
349.541	305.04
209.896	460.353
482.073	264.447
3.42757	455.662
293.351	84.3308
87.9243	362.939
180.136	300.537
235.277	290.838
405.98	464.361
85.7404	64.5467
206.206	215.109
224.336	386.208
468.859	283.905
112.534	469.514
186.274	132.418
20.2009	53.4597
204.158	493.202
95.0055	74.1409
235.072	423.964
213.869	275.807
341.129	379.371
362.32	191.736
13.4519	364.41
305.062	236.112
211.754	389.193
452.251	285.459
124.734	241.585
105.647	408.421
294.425	14.4434
386.772	305.408
243.673	310.268
208.522	141.5
78.915	32.1252
100.825	158.814
40.7317	109.918
148.531	314.314
113.897	304.266
108.688	195.626
215.69	293.619
313.028	315.181
220.208	408.851
7.11761	379.993
225.145	81.6155
173.808	207.9
275.12	455.277
84.4545	212.109
22.6962	386.418
199.544	9.94887
122.447	112.903
393.21	499.591
293.765	121.979
483.063	234.857
321.534	253.641
97.3467	246.292
461.737	382.48
374.137	308.098
486.953	165.755
82.2257	202.126
357.951	197.757
114.478	215.817
9.39303	405.558
403.568	172.816
459.479	187.785
119.818	432.136
441.388	276.23
17.8929	220.798
0.664734	393.549
273.289	399.802
481.955	440.047
307.648	380.019
280.299	298.705
46.7208	293.121
235.779	402.819
171.08	114.285
302.437	28.6122
290.072	380.367
466.416	320.435
115.45	262.221
21.4107	366.311
347.589	208.715
414.501	415.565
20.7924	363.444
324.301	489.835
158.909	287.122
272.621	379.118
421.888	301.015
499.887	13.9661
222.848	41.039
122.105	74.5877
215.82	194.798
484.126	368.446
465.749	275.491
447.173	479.974
457.93	399.288
70.8444	83.5808
251.886	15.1001
496.435	272.84
18.847	250.729
492.356	95.0738
222.459	89.1965
91.7124	169.412
70.3799	191.117
404.379	458.763
291.614	101.816
237.422	294.903
421.232	408.468
424.755	382.593
290.326	247.691
275.893	175.854
411.081	230.446
115.691	183.581
215.912	444.244
243.506	296.506
226.527	412.793
465.601	418.805
57.3994	276.429
417.7	169.621
42.6637	193.783
214.812	11.9263
211.991	381.21
14.1751	416.435
216.083	89.2738
282.338	274.369
174.051	480.32
432.053	415.247
335.712	79.7935
345.191	283.555
488.328	141.399
388.857	48.9707
390.86	303.483
219.937	329.214
44.0333	284.905
428.223	86.0972
493.323	196.642
196.635	201.424
367.166	499.477
123.278	93.8187
114.379	411.385
326.396	414.794
115.795	32.5069
409.891	330.598
498.881	32.9399
140.232	302.702
88.3122	419.322
242.895	24.3313
137.25	84.703
491.257	251.327
492.164	277.272
418.342	470.044
306.405	251.268
4.51626	421.788
46.9347	390.731
320.327	431.662
194.767	253.105
83.4086	375.723
398.107	245.027
186.413	383.68
389.765	79.5997
454.791	18.6688
107.936	333.111
175.059	273.318
432.629	11.6493
16.9372	245.162
104.227	12.7352
484.814	63.0281
204.034	354.872
102.613	128.948
87.9173	177.943
321.151	394.341
100.553	309.47
276.375	145.676
43.7646	85.233
295.652	437.666
428.139	411.604
48.9573	116.705
433.51	480.772
494.479	490.84
307.692	241.452
302.655	438.569
66.6493	421.189
336.368	287.456
121.733	319.729
3.28826	205.766
465.561	210.202
440.663	497.18
215.507	393.43
381.148	275.368
466.829	278.422
321.102	98.6051
226.615	215.049
287.253	89.162
77.3282	371.626
389.557	451.24
273.989	420.731
299.516	127.103
230.325	385.409
275.596	327.988
364.512	112.048
315.051	458.758
123.228	310.918
232.641	199.947
306.846	70.9054
92.4929	447.867
66.693	198.618
233.651	282.045
56.5552	179.941
1.47199	106.255
338.717	180.012
473.638	390.982
485.074	167.619
269.615	322.934
216.437	260.212
223.619	194.852
139.097	116.796
379.46	317.376
330.436	15.8823
486.962	167.987
474.259	422.216
156.836	381.164
414.857	465.853
314.465	265.495
375.724	244.911
396.217	214.882
14.5605	26.3526
38.6772	396.391
16.68	88.4403
4.37021	138.458
176.489	467.764
352.561	406.539
261.571	191.21
118.513	104.546
72.2227	124.425
486.423	483.13
388.324	327.203
204.209	393.722
439.431	123.868
162.974	191.043
308.311	175.717
120.661	268.787
52.6935	118.128
231.972	92.1219
387.743	339.877
234.725	415.537
212.058	209.385
123.06	219.018
259.024	482.699
410.069	61.1707
203.115	368.249
115.099	271.937
301.336	68.9857
155.756	289.963
208.807	324.841
19.5179	315.965
119.57	350.277
81.3377	3.53759
320.764	356.478
408.692	278.352
319.738	131.144
202.06	294.306
123.051	189.216
477.674	315.396
114.534	271.229
414.497	84.8431
174.241	210.779
417.748	402.687
298.361	264.133
474.114	23.7391
233.879	123.854
22.3301	423.549
404.598	352.777
204.725	471.284
80.9847	225.078
151.185	322.078
173.106	17.7726
447.85	122.144
12.1216	473.677
233.338	410.158
79.7625	483.523
488.957	246.743
381.181	464.071
13.2714	374.771
485.048	370.695
176.269	154.757
90.3633	361.642
84.7808	132.749
429.855	385.238
222.487	282.394
403.128	475.468
110.144	36.305
1.25435	372.494
355.327	199.919
74.2579	296.715
134.484	284.658
137.113	389.411
296.593	240.952
367.744	484.931
8.23734	395.735
218.135	85.8108
312.726	465.044
181.036	279.86
406.375	98.054
190.93	52.3197
353.933	217.699
175.645	3.05097
304.351	456.315
224.812	412.634
20.2501	200.943
348.359	209.405
408.258	227.995
79.7721	312.174
370.685	481.822
378.136	7.04827
73.8854	289.976
382.462	315.361
18.7121	51.5072
408.076	334.629
447.576	105.354
464.809	412.648
314.226	49.5682
297.655	447.298
414.772	257.626
239.177	216.969
5.64388	153.64
177.361	120.844
411.105	335.532
114.665	255.788
366.775	318.102
105.983	140.054
115.606	138.748
319.163	78.7258
420.366	41.6595
457.429	419.656
15.8309	161.806
170.485	112.779
495.012	110.935
