Saved a vector of rrt <nodes> points.
X	Y
25	475
33.4517	469.655
43.418	470.476
32.9447	459.668
39.575	452.182
39.234	442.188
53.357	469.374
29.4383	444.199
42.6036	432.773
50.1037	426.158
63.2027	467.623
58.6804	421.016
66.8885	415.304
76.8084	416.568
80.0786	407.118
78.6519	397.22
77.2253	387.322
83.7055	379.706
76.8467	372.429
66.851	372.135
65.1136	362.287
63.4857	352.421
64.9416	342.527
73.056	469.33
72.7707	336.306
82.4162	333.667
90.5188	327.806
93.705	379.805
100.517	327.631
88.404	318.032
110.442	326.403
119.394	330.859
123.601	321.787
131.511	315.669
131.891	305.676
82.1694	310.214
80.2041	300.409
53.7443	350.161
141.084	318.558
150.867	316.487
102.207	385.07
159.694	311.787
142.462	328.463
168.394	316.718
173.63	325.237
164.002	302.763
182.891	321.464
48.6806	341.538
190.083	314.517
31.6655	482.455
198.879	319.275
204.196	310.806
210.897	303.383
215.043	294.283
102.52	378.953
217.665	284.633
82.9785	470.572
215.326	274.911
227.58	283.334
213.007	265.183
237.137	286.28
202.73	328.504
209.045	256.001
204.657	247.016
245.76	291.343
70.1702	399.464
70.2314	393.78
211.522	239.744
220.38	235.103
195.02	249.684
227.704	228.295
234.551	221.007
177.472	333.409
232.84	211.154
225.391	204.482
244.455	219.623
254.275	217.733
227.496	284.944
217.942	197.811
210.493	191.139
203.044	184.467
108.091	393.156
197.444	176.182
190.976	168.556
195.072	190.505
194.715	159.281
206.109	337.916
216.057	336.9
188.826	241.833
188.07	151.807
262.837	212.567
217.717	346.762
180.176	145.669
57.9389	459.887
195.821	145.488
178.834	242.215
172.282	139.53
164.388	133.391
226.958	350.584
205.733	144.17
267.97	203.985
277.633	206.56
118.087	392.865
236.68	352.923
286.192	201.388
224.775	332.001
242.049	361.36
294.99	206.14
244.759	370.986
22.7996	487.08
253.476	375.887
263.271	377.903
304.588	208.947
238.668	298.393
64.1226	452.028
212.925	137.221
314.307	211.299
268.305	386.544
269.277	369.908
168.834	242.337
323.096	206.528
332.888	204.5
276.904	363.44
214.894	127.417
337.079	195.421
338.944	212.458
222.48	120.902
348.943	212.594
358.514	215.491
126.629	398.066
91.6762	465.637
171.542	323.625
286.498	366.261
337.16	185.421
181.355	171.283
294.364	372.436
225.466	111.359
303.898	375.45
126.361	333.398
311.057	382.432
183.885	243.522
157.411	313.266
320.481	379.088
245.885	349.016
205.326	274.853
233.632	105.585
340.675	176.059
241.883	99.9356
345.331	167.209
367.804	211.789
373.116	220.262
172.196	341.378
248.64	107.307
352.308	160.045
256.927	101.711
382.136	224.578
336.694	162.169
391.976	226.359
239.369	379.409
201.629	265.561
319.129	375.326
258.419	91.8226
326.57	368.645
267.466	221.432
311.33	392.429
277.035	224.334
354.393	150.265
45.1046	355.196
224.654	129.334
100.035	471.127
60.7297	339.003
360.665	142.476
59.0308	423.503
369.548	137.885
376.695	130.89
23.1238	436.445
232.78	386.931
171.379	170.59
305.68	199.007
375.006	121.034
268.197	396.543
375.558	111.049
89.8194	332.714
283.418	232.033
180.391	133.678
396.94	235.04
383.153	104.544
332.206	153.232
264.544	405.852
189.491	129.533
379.527	95.2238
87.0984	406.898
210.938	309.43
255.794	82.1734
398.438	218.728
328.885	384.509
393.09	103.423
401.094	109.417
359.116	167.37
408.414	219.427
175.543	124.931
256.318	411.539
85.2613	480.308
259.546	72.9041
313.58	402.172
326.45	358.646
262.831	63.4591
242.891	215.99
115.888	340.224
196.1	200.452
282.667	242.005
118.775	404.256
316.757	411.654
134.02	401.366
172.857	298.116
226.95	395.055
280.565	354.135
191.611	259.085
227.986	97.3315
371.308	89.5287
408.998	103.29
223.452	404.424
189.213	150.349
361.508	91.5205
380.34	223.546
326.133	415.13
325.568	376.252
18.6585	427.497
263.403	109.33
416.429	96.5981
293.062	234.676
38.6865	341.196
44.8296	417.662
250.345	68.987
423.111	89.159
332.356	422.959
310.288	204.772
76.4989	459.941
270.651	413.771
264.395	100.672
40.1149	421.244
34.8197	331.974
222.282	261.446
263.885	76.5554
223.909	414.413
165.284	146.673
410.274	209.602
270.871	374.281
418.092	80.5099
419.39	205.492
258.593	54.4013
30.8478	322.796
272.494	423.599
224.768	125.369
252.124	402.461
395.283	117.555
268.363	432.706
60.2778	394.742
269.614	194.121
37.533	361.729
329.238	349.042
427.359	199.451
428.398	88.0763
361.838	159.475
176.103	114.947
426.946	189.46
218.766	93.4578
333.99	340.244
267.407	118.494
24.377	315.172
255.191	44.9979
267.089	442.624
167.51	109.832
277.569	206.75
343.312	336.625
346.718	346.027
231.248	302.677
404.881	241.118
274.373	100.004
420.612	181.721
424.722	73.0239
332.317	143.233
332.331	432.959
40.1472	487.752
16.4795	443.918
257.459	445.32
264.596	41.6
429.606	90.8219
436.302	203.927
228.997	137.711
432.556	66.809
17.3587	322.296
356.447	348.34
24.3254	305.172
353.088	86.1261
109.919	469.611
366.384	349.459
82.6158	364.261
357.704	209.685
169.76	252.294
27.982	364.692
299.043	242.69
371.167	340.677
309.978	407.216
83.6411	300.015
213.34	311.536
124.816	411.248
323.444	359.69
270.197	56.6965
442.153	69.6208
287.776	347.206
238.791	139.726
131.799	397.834
395.976	98.519
162.004	174.071
277.82	50.2243
330.684	175.626
240.632	285.987
282.515	94.1971
444.689	209.372
169.357	100.004
171.812	90.3098
15.5497	300.378
226.922	285.642
55.8882	472.255
247.739	38.3298
372.99	330.845
162.676	86.2453
195.451	276.43
154.817	80.0607
252.509	420.785
286.275	44.884
375.757	80.5729
241.995	46.5159
385.232	136.099
147.164	73.6246
382.759	234.091
141.74	65.2232
296.221	43.8406
380.037	345.294
252.674	341.673
379.041	322.883
39.8347	456.494
389.673	347.967
187.794	175.562
168.358	289.185
251.195	89.2339
132.039	67.6501
407.791	207.243
376.656	70.6135
124.621	74.3561
115.641	78.7562
385.973	315.676
38.5283	333.38
325.378	335.161
81.232	469.811
242.092	63.3395
448.708	62.0693
70.8536	444.633
281.835	203.2
291.065	89.0123
148.88	58.2217
107.04	73.6551
42.7956	411.233
14.6393	491.418
404.499	225.511
100.912	81.5576
141.845	395.141
92.8928	75.583
444.916	52.8163
84.8738	69.6085
62.1839	410.361
76.8548	63.634
453.378	214.322
68.8357	57.6595
284.718	210.644
240.648	31.2787
140.438	405.953
95.0135	89.6328
60.8167	51.6849
52.7976	45.7104
271.407	127.659
213.243	133.7
281.292	126.147
85.0593	90.5887
119.803	471.127
271.107	184.233
96.0726	99.5765
249.762	117.244
293.484	370.588
291.473	382.009
440.276	43.9578
181.796	89.7416
458.339	59.3772
226.908	141.373
231.118	34.31
323.149	157.471
289.661	337.385
294.28	34.0307
385.608	78.8567
100.844	65.8057
445.68	35.5434
344.894	80.3935
267.995	397.299
248.706	450.155
143.185	50.002
231.941	420.37
61.7433	461.65
257.082	94.0429
90.188	381.617
97.5455	109.467
94.1099	118.859
230.261	430.228
424.881	172.678
139.482	385.424
42.8925	44.3365
36.1008	36.9967
270.815	137.641
286.471	130.915
464.645	51.6161
30.7047	321.892
85.4445	123.85
29.3091	29.6568
469.719	42.9991
224.647	381.111
238.865	448.38
374.393	239.57
25	25
25	25
227.47	151.358
434.414	169.656
336.434	329.366
445.991	78.8547
479.503	40.9307
25	25
85.8902	133.84
315.994	206.324
25	25
172.39	146.3
46.3881	452.565
462.989	217.084
25	25
399.555	349.499
229.114	450.597
25	25
6.88965	441.083
395.936	314.81
176.778	96.2025
138.754	41.037
409.181	346.79
129.708	472.503
320.856	341.548
18.2913	17.5843
25	25
141.553	31.4365
333.782	133.341
33.1719	408.516
302.597	28.4795
389.654	241.236
173.242	123.095
439.963	27.3384
62.4304	439.243
132.259	27.7451
368.95	169.184
339.494	171.064
310.487	22.3347
325.212	196.755
467.606	225.955
92.341	487.37
25	25
109.115	475.306
377.903	95.9105
17.987	365.008
25	25
229.616	125.492
464.746	207.24
405.832	316.245
414.358	244.31
20.4112	450.873
25	25
294.671	81.2062
79.5689	141.589
69.8925	139.065
444.413	169.523
72.6902	455.727
324.474	439.144
246.151	229.478
25	25
39.1184	363.754
419.783	176.198
383.187	63.0402
25	25
319.836	25.8842
445.467	75.4649
326.63	448.908
218.977	83.4601
397.129	110.869
447.974	199.928
66.6565	375.773
25	25
289.83	237.677
310.363	409.894
73.1629	477.612
226.278	460.187
469.265	33.0094
25	25
75.2408	88.692
266.74	175.238
285.087	335.954
453.52	85.4362
112.005	484.879
252.617	97.0955
25	25
327.481	19.438
410.002	307.155
374.246	130.103
275.099	169.75
246.951	145.508
25	25
18.1949	32.3274
333.197	158.443
15.0557	418.168
62.9008	419.487
202.94	347.401
322.415	204.453
468.105	235.942
188.95	151.846
378.383	165.865
204.422	205.996
25	25
18.3426	42.3263
359.966	202.911
93.4148	140.426
315.336	336.918
373.41	113.355
488.961	37.6829
188.84	96.8399
278.663	85.7103
196.386	258.973
30.1265	398.991
56.6747	376.375
81.1811	151.458
34.5791	460.07
335.388	348.631
25	25
273.146	198.502
25	25
381.838	55.9417
413.871	227.194
346.459	349.188
38.6768	424.098
460.39	92.7026
397.976	339.624
25	25
316.241	374.888
270.147	58.0084
240.331	343.556
496.051	30.6308
427.242	202.474
213.876	401.542
265.874	438.672
25	25
138.569	477.138
413.784	112.07
320.686	175.424
59.8925	139.071
453.567	29.3955
19.2073	355.082
248.405	376.733
238.715	72.752
97.4774	313.828
430.165	25.3399
373.604	129.057
327.535	31.3541
88.8326	117.492
295.702	345.831
216.382	461.624
421.449	251.361
445.485	159.581
125.575	402.263
7.64658	300.333
234.815	364.575
410.292	314.583
60.7481	63.5409
214.018	337.525
320.049	456.437
72.7647	419.246
433.294	88.1638
254.91	437.657
25	25
272.221	163.165
267.004	76.9783
283.558	164.416
468.335	98.7756
365.539	237.096
392.61	210.602
242.333	224.265
25	25
354.382	339.187
73.6423	487.601
188.276	82.1247
372.162	249.317
214.467	464.216
81.9337	161.429
25	25
119.472	391.121
193.507	317.896
91.929	161.123
50.9505	134.594
330.158	124.021
207.309	280.503
272.835	240.179
293.369	138.155
205.234	356.168
25	25
46.1579	441.525
25	25
221.54	372.054
462.932	200.285
327.156	334.148
179.149	339.706
224.913	26.4681
25	25
259.617	425.874
67.7591	327.652
25	25
419.138	345.864
454.694	199.777
388.225	164.091
451.514	224.147
213.604	371.255
471.753	245.253
381.584	45.9449
148.212	412.242
423.938	73.5836
209.491	86.6239
397.844	105.545
29.2674	36.5831
75.8652	169.378
331.241	23.9865
60.796	362.878
303.328	139.054
366.528	195.365
25	25
12.6156	319.65
315.615	157.334
237.933	310.115
311.939	454.211
269.572	129.557
145.911	483.928
395.021	134.055
368.241	258.517
3.87479	443.599
255.888	75.4414
70.406	163.534
374.706	163.825
62.2314	359.333
210.534	359.081
267.486	32.0266
308.431	239.247
205.723	469.069
25	25
455.481	159.306
424.007	337.289
309.724	385.425
281.745	344.708
370.861	341.636
25	25
342.133	70.7823
373.18	104.746
157.887	53.8773
373.725	239.916
245.925	132.719
455.813	225.766
456.645	154.753
433.112	341.424
25	25
167.507	56.607
95.1209	327.768
346.346	199.177
147.581	23.458
440.282	348.395
25	25
401.739	301.522
283.175	58.6703
255.035	343.363
106.001	98.3826
71.1931	484.429
141.388	66.4917
150.477	306.06
228.254	469.99
477.189	94.1265
101.792	389.893
80.734	443.091
228.149	479.989
23.4457	469.53
498.828	29.3839
340.857	222.273
277.945	173.129
351.954	348.047
140.804	30.4955
393.187	63.03
234.484	422.273
231.833	139.59
149.928	60.2338
11.7867	348.379
405.673	292.328
221.453	26.7593
47.6857	144.046
25	25
305.471	446.585
150.019	474.81
229.011	17.3464
25	25
107.245	311.683
471.139	224.521
320.925	120.179
185.996	279.686
408.208	78.9905
195.806	470.356
412.535	102.989
88.025	448.424
388.421	339.703
338.397	147.765
295.492	445.939
125.981	338.278
298.339	449.759
341.111	25.5982
214.927	19.2113
309.294	249.209
333.927	11.7936
487.037	43.181
466.594	153.743
214.699	318.363
144.71	398.167
361.121	265.538
83.722	403.973
203.876	401.62
356.14	238.25
406.189	282.342
220.365	96.5062
193.421	73.5502
73.1745	382.431
399.65	335.193
25	25
287.266	118.128
154.264	44.5566
338.464	141.923
411.525	337.069
280.186	192.156
53.454	70.3816
110.084	302.095
375.073	45.4207
235.416	474.583
435.511	19.8449
272.821	172.013
179.322	337.597
404.443	212.22
220.404	431.912
41.17	151.632
376.242	197.739
231.801	432.119
25	25
111.064	77.7792
170.977	351.303
191.338	156.627
242.481	360.572
25	25
161.914	38.1156
124.516	21.4167
256.222	94.8629
25	25
201.886	306.183
270.055	397.295
245.193	459.517
129.329	476.851
219.885	198.173
106.673	344.109
464.353	251.979
77.4952	179.244
316.623	35.354
54.903	125.409
349.738	245.932
330.185	162.863
234.291	129.871
72.9613	462.046
361.888	229.752
482.665	33.5617
73.7644	462.507
165.687	328.934
193.84	468.75
468.46	108.775
295.872	459.45
333.11	30.7436
7.24364	357.288
201.177	460.162
157.553	24.2043
25	25
375.772	111.122
223.415	87.112
230.467	7.45293
7.71178	485.111
88.6191	122.612
204.099	267.548
70.3217	301.938
384.654	129.556
436.623	20.574
242.727	380.701
234.82	425.633
424.483	33.5688
25	25
287.056	145.605
324.223	427.131
61.2677	159.473
62.1856	323.503
166.217	19.2101
400.2	274.334
70.2482	186.134
25	25
25	25
370.397	317.855
426.583	66.2941
380.999	340.845
83.9319	56.569
58.8765	37.7702
247.674	145.256
73.6556	131.146
465.657	246.02
381.632	35.945
71.4708	61.8484
227.322	322.331
210.404	432.037
209.35	428.908
396.749	215.252
176.21	232.566
63.6973	193.69
486.889	53.1799
276.368	441.765
25	25
430.087	256.399
323.335	465.882
394.599	127.438
25	25
25	25
25	25
167.477	114.855
208.214	236.52
25	25
25	25
244.516	478.73
25	25
197.856	213.538
349.028	31.7067
21.0045	347.887
31.2198	150.636
370.577	122.579
303.87	50.281
279.419	201.017
191.991	267.576
157.29	408.048
416.254	309.87
288.836	40.8071
25	25
132.292	316.168
476.558	152.893
25	25
25	25
71.7415	199.631
180.912	133.142
402.775	60.189
322.147	110.254
54.5194	190.103
479.875	162.327
140.889	64.9078
172.453	149.172
216.145	461.787
190.21	219.983
470.63	259.764
211.882	128.703
25	25
171.78	255.355
310.793	173.97
255.346	151.67
215.552	394.328
240.373	8.82034
7.00275	311.843
24.4093	9.67417
41.5303	131.239
138.983	392.89
69.8229	378.848
145.141	13.7603
25	25
405.041	95.8844
25	25
281.693	427.52
332.689	67.4944
264.435	410.021
29.1756	302.356
25	25
473.569	269.322
293.04	469.04
25.3276	448.345
206.884	120.042
309.844	58.301
293.003	167.699
254.581	462.96
50.3052	199.171
332.335	13.8259
155.749	75.6335
423.534	114.293
169.396	26.1428
351.584	139.317
340.464	198.332
297.672	346.117
275.371	360.916
81.6745	198.475
168.435	86.2758
337.4	347.821
330.311	139.21
375.104	167.611
326.027	74.9524
356.009	261.446
438.067	62.2708
43.5404	470.172
427.896	13.3633
300.17	354.325
64.0473	29.2108
432.831	117.976
348.339	201.861
177.009	263.879
338.623	2.96453
73.5737	26.1698
202.535	69.4347
260.734	42.4559
231.969	149.698
218.939	433.63
25	25
455.341	31.7355
99.9228	60.2237
426.015	19.3229
479.63	277.276
466.064	275.932
403.047	140.02
434.779	265.23
358.479	146.119
70.3864	323.045
227.939	219.198
74.1985	199.82
25	25
159.23	475.81
25	25
286.867	166.768
486.276	170.01
433.279	107.986
157.488	46.5936
149.041	422.208
141.681	338.433
291.435	382.177
426.305	198.686
198.544	464.101
25	25
385.496	146.095
339.588	22.0639
243.511	349.583
55.5842	429.264
25	25
394.065	200.708
259.445	211.451
477.243	40.0729
275.592	74.073
439.472	333.707
377.981	133.217
342.374	345.749
67.0693	199.886
203.628	79.8777
164.258	358.71
166.75	469.219
25	25
21.8017	23.5912
440.289	273.575
476.905	114.131
270.95	188.318
229.057	254.091
128.25	474.799
348.137	6.04515
293.571	370.836
25	25
46.2487	143.988
59.8607	20.1295
358.864	132.461
261.996	111.107
312.395	125.398
170.153	459.815
344.72	205.642
398.224	163.99
215.361	285.002
205.538	419.663
350.397	269.723
319.876	422.936
22.2746	484.024
390.095	173.915
25	25
25	25
410.781	54.1969
12.1956	50.2139
25	25
436.993	167.371
16.8692	59.0546
15.3862	413.447
429.868	270.344
357.844	3.64441
202.111	273.741
176.252	51.7557
32.747	45.3727
92.8315	159.424
273.135	23.7751
384.046	56.0756
199.218	455.649
145.954	338.894
199.96	350.596
230.963	384.316
279.229	189.946
124.593	315.412
25	25
332.849	172.338
103.931	75.4556
297.781	477.845
165.068	483.93
325.096	471.608
399.89	130.326
282.575	187.054
232.098	63.6661
25	25
116.388	416.631
275.782	370.649
424.993	68.621
34.121	348.326
28.0488	11.6973
419.65	82.2342
139.111	318.602
340.039	198.418
119.643	30.1491
131.786	48.2096
82.3297	176.509
165.54	326.014
266.193	127.79
23.5242	391.704
295.295	467.879
172.902	251.233
166.011	412.942
387.819	168.163
148.06	87.4322
357.975	27.2392
25	25
353.164	150.676
218.744	30.6153
25	25
55.7322	24.2239
249.31	485.148
416.414	218.805
222.108	63.2172
302.357	149.007
235.991	158.853
77.3278	381.778
25	25
369.144	207.609
338.448	80.5286
160.036	72.981
285.263	429.692
204.494	122.011
231.381	27.5087
38.5773	395.587
159.177	471.357
448.554	331.331
177.672	30.0864
384.794	192.764
65.543	33.1772
463.429	117.417
480.589	221.25
25	25
276.791	380.253
349.745	234.371
83.2829	467.106
91.4718	67.6722
328.613	72.6864
200.141	272.798
62.0501	488.479
332.432	439.88
140.826	348.396
209.276	279.609
263.607	426.05
65.3151	11.748
22.5421	145.666
82.1576	110.774
25	25
182.268	213.907
358.27	131.112
480.476	287.24
25	25
185.553	151.131
291.905	485.937
63.1981	33.6385
85.0948	422.166
99.9589	493.849
434.264	48.0277
479.182	158.121
256.155	87.6538
22.587	317.638
233.455	36.6935
188.503	466.874
406.061	222.708
162.901	493.692
230.452	434.671
61.6622	376.863
396.22	166.298
364.409	341.905
79.6779	49.3399
78.2	341.299
385.899	234.511
264.922	18.0704
310.456	28.3453
25	25
329.556	411.11
332.614	462.155
141.313	310.917
346.829	255.5
307.702	436.837
25	25
366.589	8.49498
151.584	45.7798
259.053	381.674
454.151	22.3872
442.66	83.7689
321.44	11.4683
25	25
331.306	435.528
143.112	335.591
143.405	96.2827
171.917	281.388
327.74	69.8418
37.1904	122.229
290.672	218.679
237.117	69.2015
117.939	385.782
25	25
25	25
205.947	429.418
22.9116	381.723
264.653	59.4426
191.25	148.823
46.9915	328.663
118.32	13.5674
317.899	35.8043
132.871	351.961
259.942	191.581
184.939	68.2541
336.7	228.287
25	25
61.6434	71.6774
481.974	297.127
25	25
203.968	371.527
352.309	261.908
25	25
14.0436	68.6471
455.737	18.7588
341.13	3.93794
245.453	66.1439
318.247	14.9356
94.0948	56.6944
371.714	307.942
90.1648	72.9808
128.319	25.5395
330.671	454.483
79.0265	397.783
246.464	24.6748
144.531	431.133
50.4088	79.9067
233.21	49.4022
410.926	342.054
16.75	78.2739
294.254	431.469
86.2542	62.1664
405.039	217.043
233.535	53.6381
25	25
51.6076	407.251
277.499	138.529
25	25
171.725	10.8636
269.699	249.675
111.987	494.675
297.748	86.2486
341.911	275.013
56.9294	372.333
27.0848	159.741
473.911	108.48
22.3506	407.838
355.532	275.522
486.037	306.264
150.925	17.0567
25	25
55.2751	495.835
381.943	230.835
416.618	328.67
455.349	90.5101
431.044	127.815
217.537	143.571
25	25
159.895	478.028
70.1698	33.1507
439.178	212.671
258.1	376.681
192.745	329.044
401.639	160.972
298.633	203.797
25	25
275.064	23.3638
170.695	404.107
181.791	277.706
155.252	463.658
152.113	400.99
483.383	211.649
482.201	144.638
456.788	337.005
211	77.1206
164.284	414.737
9.39493	446.732
25	25
403.809	273.601
398.905	107.902
4.99247	454.773
25	25
25	25
216.934	321.812
17.389	60.9403
83.3677	325.699
382.334	315.661
185.504	134.846
237.617	26.1765
18.957	27.5666
7.19136	487.12
111.083	14.7913
288.062	470.324
101.463	325.134
470.487	124.501
25	25
459.958	9.69304
25	25
135.912	394.747
225.525	64.9988
195.055	172.642
248.327	279.601
433.362	60.3638
471.594	291.834
181.41	13.3548
70.2267	419.671
103.627	74.2982
252.835	365.088
20.775	359.427
463.415	253.219
204.698	159.851
429.331	137.667
374.514	307.009
207.694	450.342
25	25
168.995	30.9022
219.004	365.012
64.5254	331.738
283.7	365.753
468.159	301.226
118.381	88.3734
102.753	353.308
52.0079	353.188
122.217	97.0499
171.52	28.3194
485.364	88.368
454.07	256.777
25	25
25	25
293.267	353.958
298.982	369.059
104.352	56.5691
442.863	93.7669
25	25
456.232	144.761
319.009	55.7573
141.977	79.1799
25	25
13.8082	477.308
112.995	485.188
280.548	476.923
67.0857	370.53
247.08	297.062
257.502	183.047
381.199	25.9544
285.145	473.414
118.831	426.329
484.22	315.145
8.53377	351.515
25	25
95.6976	127.626
230.781	137.903
294.084	491.534
25	25
244.74	397.076
184.157	37.6983
25	25
433.463	146.773
25	25
96.0749	411.305
253.004	82.567
382.979	132.779
217.518	145.748
73.8889	116.398
1.16497	349.419
226.194	56.3267
25	25
261.723	405.82
160.377	318.51
25	25
190.93	45.0552
68.9092	482.517
25	25
169.393	155.706
295.92	440.718
207.478	315.527
397.909	191.477
57.4773	115.746
265.265	152.941
251.561	486.13
466.81	257.123
209.175	455.226
5.13694	367.063
25	25
336.646	58.3106
25	25
367.363	117.329
133.368	66.4368
192.643	200.612
377.329	31.6488
494.598	301.095
32.7478	322.761
58.2349	430.715
25	25
137.219	11.0053
25	25
219.867	472.967
269.527	402.64
399.376	123.006
25	25
267.339	165.649
96.5149	353.933
300.519	411.655
345.835	54.3663
299.374	191.246
180.282	3.41864
90.9376	195.085
85.5965	155.143
25	25
359.03	15.0418
25	25
210.8	412.868
320.418	404.668
196.092	427.72
25	25
348.991	330.349
289.624	111.796
2.75739	362.866
373.756	136.598
19.5874	166.358
249.517	236.153
389.706	345.303
165.165	3.31588
400.966	289.261
492.582	215.569
47.3976	72.3492
75.9925	102.901
346.63	66.0508
263.76	199.448
340.01	322.017
483.095	23.571
185.49	476.41
25	25
391.164	43.0761
25	25
104.913	22.6611
25	25
25	25
303.963	493.084
146.785	83.6407
26.8766	57.7801
278.9	31.5865
45.5505	159.126
163.462	312.613
260.389	490.827
338.281	51.7323
324.174	444.182
219.447	245.842
471.777	128.069
25	25
25	25
198.027	63.16
271.084	41.2576
8.89389	499.603
332.822	477.957
243.835	125.281
292.244	361.204
85.9181	79.9202
166.2	14.9128
108.937	486.153
377.039	325.906
25	25
475.656	320.306
183.287	197.08
162.267	413.398
299.067	340.125
176.138	209.685
163.914	418.234
352.386	16.3524
38.571	476.351
222.386	418.953
295.547	116.319
214.024	163.461
380.925	335.721
354.661	271.981
153.846	7.49284
189.255	34.8338
220.891	4.57069
25	25
422.673	32.2514
274.287	444.417
403.934	302.194
192.925	272.244
355.735	325.294
282.299	429.791
213.074	354.444
180.104	354.124
459.941	84.9745
187.77	128.577
194.28	87.9824
96.6752	28.3305
65.8839	92.2202
344.402	245.68
392.744	273.208
375.369	86.0642
402.742	199.995
379.729	157.793
25	25
403.556	99.2921
301.177	346.254
287.89	420.538
349.14	40.3874
45.8004	354.675
158.266	48.8065
25	25
238.708	19.0663
287.483	127.79
222.736	195.317
23.9859	483.188
25	25
116.092	344.845
39.819	446.533
493.15	225.553
288.502	436.341
203.867	429.073
40.2827	419.971
182.047	320.378
357.489	115.747
236.657	168.831
455.001	122.798
73.6406	151.342
489.246	323.79
104.531	402.501
469.322	81.5127
389.11	19.8374
38.3328	466.806
5.50623	464.76
20.9115	461.087
12.8872	173.782
408.687	268.694
140.132	28.385
374.281	117.759
442.454	36.6204
224.847	466.025
237.175	320.624
60.0425	126.791
25	25
366.661	299.312
25	25
24.513	496.932
25	25
178.867	459.916
40.0393	340.78
206.142	73.0646
25	25
90.9914	457.382
175.344	276.449
25	25
190.192	4.7543
99.9674	190.788
416.025	349.973
223.128	384.449
195.838	395.671
355.265	76.4979
312.586	60.7583
330.357	81.5413
316.544	233.4
392.186	337.789
51.0107	319.507
25	25
280.188	33.3549
20.6992	480.66
482.653	210.974
131.619	3.99942
295.091	177.219
212.193	102.27
12.1126	452.999
367.294	150.079
400.123	47.5176
81.9016	452.984
200.945	415.173
25	25
490.013	333.761
292.062	203.803
78.0076	33.8952
25	25
242.403	51.4584
478.017	175.647
197.401	480.228
200.5	81.5599
14.1968	31.4329
453.158	82.2312
10.5695	183.509
16.3723	191.654
97.8443	323.28
369.408	327.212
237.408	402.079
37.8097	400.634
174.509	200.736
25	25
470.694	162.267
11.4147	86.7317
262.067	171.653
31.1852	360.323
29.7811	45.3762
194.789	375.496
193.012	260.655
25	25
146.958	97.9676
128.132	360.767
25	25
430.901	150.924
489.536	159.745
299.573	142.692
424.742	223.63
40.3698	343.708
8.33725	18.5419
321.849	86.7956
208.154	268.12
49.396	445.264
39.0702	49.0492
292.721	71.3982
201.184	374.03
399.401	59.6177
132.774	462.985
73.1705	495.598
168.927	469.122
235.11	305.469
170.943	153.16
171.938	423.848
165.045	197.508
25	25
50.9996	40.0653
156.743	76.5759
25	25
63.9696	34.56
409.702	128.399
231.547	74.5695
105.813	342.339
475.028	218.892
25	25
22.579	483.601
7.12329	484.277
133.236	73.9734
25	25
435.956	71.3096
402.679	225.892
422.785	238.926
25	25
43.337	351.953
483.525	23.4675
406.392	247.489
181.795	483.156
242.425	147.716
75.0472	495.533
25	25
23.7056	364.79
469.429	12.9029
473.593	224.297
92.221	328.57
163.308	340.324
373.638	75.1524
253.684	111.018
430.693	276.321
193.117	331.78
348.476	50.0523
466.495	334.603
351.142	331.268
362.306	200.975
303.62	458.389
33.0943	360.242
488.231	49.4463
219.42	389.973
472.187	80.1589
214.758	286.698
260.729	205.33
92.4035	403.161
67.7655	177.493
25.4934	462.246
375.527	298.733
344.038	11.2745
53.232	55.2531
489.96	343.76
446.513	33.5512
332.027	21.1731
190.183	188.147
323.177	131.181
263.518	432.238
278.247	67.9818
20.638	34.8809
153.497	35.4074
246.078	50.571
25	25
162.809	488.327
223.022	284.709
346.878	185.046
68.9453	361.803
250.294	7.56718
266.236	133.379
419.595	206.752
342.337	343.545
370	39.3311
313.078	441.269
443.464	43.3541
249.601	360.106
111.685	354.615
394.579	188.603
206.842	483.526
81.1183	111.036
173.644	225.196
194.769	76.1294
292.511	35.0474
108.059	492.093
151.311	430.915
329.343	487.332
100.731	72.5916
274.192	231.62
25	25
228.514	372.3
336.551	312.635
408.182	159.862
394.134	18.7838
20.5567	199.736
84.0679	451.869
64.9587	361.281
25	25
31.8086	353.273
97.197	71.8458
461.745	79.7266
25	25
25	25
418.645	231.368
486.03	118.222
399.612	84.0996
14.7367	403.616
183.237	206.407
181.799	336.159
381.295	178.665
282.384	130.944
390.987	107.223
463.612	284.566
25	25
458.936	297.361
25	25
461.182	273.141
445.581	321.783
233.523	147.51
412.022	205.115
365.984	204.316
46.6845	183.889
25	25
182.402	229.88
108.534	69.8739
188.511	374.23
385.142	157.715
479.141	292.292
401.032	202.26
474.748	213.987
245.563	120.498
264.622	425.686
101.194	26.6441
328.162	382.626
485.225	25.1956
225.566	19.3336
118.489	317.974
451.113	61.4476
322.927	459.386
114.429	26.8009
32.8157	380.341
74.2496	436.576
44.5528	474.778
324.905	438.006
25	25
97.9953	447.654
150.132	316.765
71.0893	31.6269
283.044	446.645
25	25
322.848	448.734
183.533	10.28
103.346	80.8965
84.9111	432.164
48.42	434.336
389.974	56.7982
302.582	436.862
172.334	5.13591
31.5378	168.695
427.327	6.47993
86.7587	411.745
146.01	4.96164
25	25
408.175	45.5743
301.126	154.87
321.62	230.957
102.209	10.1812
119.204	20.5734
212.877	306.573
100.864	65.4268
297.585	80.2968
341.074	187.439
257.249	490.957
324.666	28.4778
462.03	36.8458
376.163	239.074
195.387	464.348
293.372	175.143
49.4279	16.4614
53.9281	75.1402
139.332	466.276
92.2365	10.9272
282.198	76.5598
290.56	78.612
27.7669	192.807
451.264	266.376
373.966	265.868
253.989	208.737
262.239	350.299
28.8138	453.652
435.23	209.019
25	25
143.446	77.3098
492.581	335.383
25	25
25	25
81.0173	95.9253
189.531	121.998
338.443	78.4246
303.521	374.204
336.416	206.258
476.007	34.0432
346.277	89.4639
394.141	246.613
69.8602	167.95
274.75	53.7971
442.954	345.999
101.52	8.10248
289.942	25.0206
388.257	196.789
393.69	23.5522
140.251	403.322
252.183	3.19149
489.417	15.3876
334.774	282.017
485.283	287.374
266.267	406.914
185.478	358.113
440.931	81.659
174.669	348.767
39.2478	390.131
156.228	49.5111
38.2727	112.288
429.639	40.4364
264.112	387.243
409.081	82.6295
144.303	312.731
210.292	141.154
401.427	55.4078
84.8535	344.116
80.4581	440.064
451.025	5.19796
25	25
25	25
97.347	28.0848
25	25
146.544	378.344
218.261	78.7585
142.753	380.954
305.487	495.117
88.8198	166.484
18.7588	488.425
375.646	291.265
272.074	113.929
467.458	47.6876
99.9078	183.409
165.424	330.873
25	25
330.224	427.946
174.04	161.083
59.5771	120.203
25.9159	339.935
17.3308	137.131
49.5053	383.347
176.848	429.641
25	25
320.922	117.556
186.378	392.429
203.568	72.428
301.632	204.359
292.808	40.3135
294.493	71.0408
52.1545	406.606
465.787	284.693
244.59	493.964
6.04428	482.01
153.841	62.3377
396.803	280.663
451.875	176.181
205.221	159.354
5.90986	377.033
25	25
25	25
172.982	429.862
335.913	192.515
408.021	99.7832
181.443	98.9446
377.325	281.407
451.614	211.174
25	25
321.618	231.008
295.33	140.996
295.813	474.175
149.904	432.716
97.132	60.6397
54.6583	25.8058
460.196	290.814
368.79	190.861
16.3393	354.372
230.2	136.553
55.3616	60.6863
317.989	478.642
365.508	98.0094
347.706	227.215
221.598	138.281
177.912	269.867
157.346	320.159
85.7161	3.34535
329.376	226.955
22.5919	472.933
28.9154	476.19
160.089	365.061
52.0619	145.954
381.822	242.613
25	25
25	25
137.368	479.276
460.277	12.5725
282.592	82.2446
452.295	151.911
183.189	155.516
183.817	317.51
138.845	359.981
179.071	53.4891
211.788	380.744
444.748	271.011
25	25
453.469	216.881
150.626	39.4172
369.572	79.5857
361.398	41.7215
125.652	408.459
390.031	310.875
31.6706	328.172
316.277	156.223
352.259	247.902
116.55	63.8948
378.016	96.8224
492.599	88.5242
368.335	65.0678
71.979	417.127
490.757	235.262
69.1983	191.276
390.172	253.871
401.329	11.8384
82.2887	33.5635
436.726	75.386
240.341	214.179
36.3019	61.1211
435.433	122.964
350.325	10.0925
25	25
25	25
247.843	400.921
367.481	63.0792
360.856	291.17
413.828	39.8138
371.17	223.22
460.045	346.46
25	25
346.943	205.212
39.7232	411.887
295.866	39.8086
270.78	83.4532
117.978	26.865
169.888	394.14
186.706	289.66
198.317	305.482
47.8418	148.276
398.751	45.6676
172.568	454.274
448.264	216.885
486.329	145.391
283.528	210.505
79.3203	172.421
329.846	33.9605
495.316	304.595
287.453	410.547
52.9466	184.845
29.917	158.658
10.3405	385.998
398.663	201.592
423.243	4.07485
306.257	20.4853
142.64	95.221
310.687	19.8052
327.132	136.367
25	25
26.8821	4.35441
420.703	132.621
319.376	32.0018
25	25
381.895	311.798
25	25
301.971	351.218
202.39	177.187
127.228	454.664
47.1244	428.906
247.145	134.948
51.5847	116.445
337.269	335.811
433.817	53.6179
25	25
272.237	148.005
474.651	282.57
254.18	87.4006
491.576	55.2409
405.353	315.876
372.682	146.228
25	25
25	25
21.2532	345.397
197.562	51.3489
22.6408	374.545
186.458	66.1705
71.1839	359.323
25	25
57.9897	177.677
25	25
25	25
32.1497	307.299
287.901	54.3858
219.551	90.6708
25	25
247.638	485.085
232.11	191.834
310.277	191.291
178.642	277.931
12.3354	96.6892
190.828	17.1196
371.99	331.934
25	25
351.354	42.0695
25	25
288.26	136.99
331.002	356.6
56.454	322.155
249.734	199.687
380.948	95.7618
439.33	137.753
485.82	178.498
387.867	137.46
6.17672	492.268
65.6862	493.766
438.889	251.653
49.0505	6.46857
402.309	101.81
454.216	185.903
222.416	377.589
23.9741	487.462
25	25
319.426	350.594
271.75	161.302
165.345	55.605
86.497	424.048
101.22	333.212
103.21	440.843
249.775	476.253
349.637	126.066
69.331	54.0693
343.316	318.789
173.99	489.407
25	25
217.087	302.817
393.884	16.4885
19.8542	429.636
341.901	248.693
197.607	424.028
100.789	372.193
362.654	1.96773
401.466	249.853
318.254	4.9798
25	25
265.041	426.96
25	25
25	25
344.229	5.55408
25	25
291.582	405.808
25	25
249.956	364.98
380.677	291.319
25	25
25	25
407.547	326.05
264.354	189.294
409.589	209.37
301.192	112.915
25	25
33.8321	153.729
445.056	162.251
10.5285	129.801
167.885	92.4183
57.454	75.169
399.914	36.9838
87.8335	379.969
12.4822	165.342
152.103	479.829
131.573	17.9242
161.529	334.763
452.548	84.652
339.077	96.4028
402.933	249.538
348.45	258.493
379.008	69.6601
416.979	164.617
245.64	161.479
225.444	377.609
25	25
300.083	363.208
132.063	466.233
151.667	491.779
452.103	347.348
338.404	127.062
88.8989	58.9065
78.0865	163.247
264.52	144.369
185.94	137.309
280.745	86.1162
340.165	266.788
211.69	112.608
286.854	171.695
435.061	282.927
266.545	407.779
120.769	447.029
25	25
242.985	152.487
463.735	58.4684
412.997	40.0499
25	25
332.408	486.627
25	25
395.798	232.348
333.854	2.07798
311.304	8.089
253.314	31.5943
29.4708	479.109
90.0312	400.422
427.13	133.284
243.359	77.2982
349.313	109.99
25	25
8.4477	328.74
32.8435	24.544
38.6325	384.485
219.923	6.6402
200.088	172.814
315.665	363.444
209.736	398.691
308.891	227.935
450.493	336.918
440.564	22.1266
424.029	36.6281
25	25
25	25
279.239	436.725
370.835	166.101
25	25
189.416	296.173
431.494	328.092
215.107	238.133
319.115	5.63931
35.2197	18.9444
66.1016	482.777
58.4302	346.101
328.234	370.696
99.784	53.122
409.227	17.7958
435.538	330.114
340.789	60.4512
179.08	74.2611
469.236	137.198
371.764	103.844
247.513	392.425
480.585	36.0862
373.387	28.3865
110.359	328.287
12.5503	488.187
196.531	82.066
97.8819	470.961
387.009	194.477
434.617	162.257
25	25
61.9865	63.9383
238.378	345.963
327.457	115.873
93.585	5.67918
484.494	24.7378
169.26	214.57
359.223	187.949
241	458.587
286.271	436.557
409.911	27.7724
270.206	79.6387
25	25
366.775	109.677
84.3205	492.756
367.697	186.84
475.263	33.936
25	25
307.856	231.09
272.994	55.904
418.724	110.708
61.7774	495.491
459.675	87.6835
440.434	338.716
64.4262	135.349
111.578	334.821
285.255	100.993
67.9912	15.0634
316.3	10.1273
363.359	177.163
479.899	17.9518
494.167	179.192
258.17	62.0089
25	25
18.3177	67.135
250.692	102.518
463.083	229.502
285.59	47.2241
287.906	42.0209
66.5127	123.279
162.184	497.412
346.33	88.1091
89.4745	54.6248
25	25
25	25
10.1779	191.825
159.917	347.157
131.016	57.8428
342.754	304.792
386.232	299.606
268.885	489.371
497.847	184.644
161.252	493.657
188.515	124.082
231.942	458.848
370.323	79.4515
25	25
25	25
335.506	87.6771
67.4394	153.767
441.45	179.074
21.653	178.594
266.402	341.207
360.639	250.503
81.4042	317.509
190.953	21.8406
67.5921	320.753
345.4	232.932
165.926	192.296
44.6088	372.049
316.741	417.392
356.655	201.823
67.6062	72.1039
25	25
373.669	30.385
394.099	235.528
240.194	275.407
9.57227	403.823
199.733	314.025
170.807	406.867
176.28	415.518
192.222	49.2203
245.264	459.624
181.363	77.4706
326.438	488.528
115.197	322.403
25	25
303.755	360.231
147.64	312.904
214.442	418.452
185.233	153.986
91.0918	483.867
278.755	471.645
405.177	145.345
156.482	455.896
367.538	92.2285
25	25
368.101	173.062
135.203	359.477
147.608	461.991
360.727	164.337
102.199	61.5245
231.466	206.539
113.304	453.682
13.6568	166.519
453.717	304.514
25	25
25	25
204.319	356.797
54.1964	323.896
79.8416	69.523
226.268	113.264
234.292	346.946
476.384	32.5163
486.908	139.967
333.833	76.8918
450.032	127.619
414.89	20.439
369.302	345.834
25	25
85.809	100.553
165.65	106.852
130.416	47.5858
309.183	411.996
78.6967	354.883
208.289	473.874
35.6987	191.557
25	25
469.325	253.657
25	25
25	25
228.016	150.935
25	25
224.691	35.138
25	25
25.2254	0.0767721
349.102	109.423
261.015	391.568
217.483	59.5886
129.667	99.4763
65.5894	178.625
25	25
182.174	148.419
283.188	201.589
138.013	5.22963
202.726	165.7
212.414	351.679
25	25
276.943	400.625
432.822	328.257
239.05	253.726
155.446	493.503
383.724	152.881
187.843	126.142
479.637	165.818
446.262	244.897
217.005	131.377
388.191	56.775
56.0269	497.683
480.795	121.393
424.517	138.15
53.4648	117.121
222.93	49.7726
237.28	265.84
476.314	5.65088
250.962	42.2193
25	25
444.164	66.3361
4.66612	393.851
483.83	124.589
205.373	22.0484
258	128.654
69.0695	332.658
467.035	339.984
25	25
98.8034	363.694
419.151	76.231
444.144	217.319
75.42	460.084
466.324	71.4198
278.492	461.648
324.513	393.502
178.916	34.7127
115.359	30.4445
295.237	100.382
451.631	196
319.477	474.917
136.336	319.901
304.266	141.115
25	25
277.449	28.8802
75.1828	363.951
65.4377	347.525
316.627	474.024
430.591	267.058
213.746	32.2647
397.403	192.938
459.921	236.182
323.945	93.2224
317.483	155.418
277.993	381.953
111.633	405.459
232.509	195.381
25	25
443.765	209.359
431.06	228.767
271.302	202.981
219.26	399.669
247.736	357.827
351.634	335.961
39.3323	102.344
252.74	87.9098
354.299	211.424
261.701	371.69
25	25
467.375	336.483
219.123	364.097
414.332	141.346
273.087	90.0176
266.267	175.844
25	25
25	25
485.4	176.697
491.523	65.2408
25	25
204.272	26.9334
259.984	69.012
1.97563	438.719
487.42	290
200.331	179.357
324.357	473.144
10.9583	103.253
261.596	16.2311
455.977	152.089
483.922	132.644
103.89	345.544
293.114	112.344
340.037	82.1112
497.447	224.928
46.6167	361.121
469.899	348.57
54.0267	446.722
389.154	73.0102
102.61	493.205
295.279	475.813
25	25
272.672	142.508
190.75	143.328
262.288	162.982
481.608	86.9848
25	25
481.006	325.044
9.20045	420.421
190.487	65.8847
464.287	241.939
230.468	489.717
387.853	323.54
363.85	317.009
25	25
391.214	289.635
185.076	105.514
25	25
337.021	274.138
97.602	105.562
126.406	347.508
335.101	280.742
329.338	447.389
25	25
88.7984	480.433
363.951	328.649
445.989	103.266
25	25
408.206	311.368
126.877	476.264
330.487	67.6349
304.101	99.044
238.028	96.3578
278.614	115.548
25	25
251.127	111.318
472.4	80.1974
92.558	327.566
25	25
3.00843	374.132
75.3497	35.8739
46.4259	112.035
260.82	212.438
98.5193	435.849
249.949	130.492
93.6042	427.455
178.661	439.476
85.6344	31.9765
223.355	83.3757
484.634	86.0272
365.92	241.392
350.149	131.803
65.4672	458.471
84.5395	484.944
45.8294	380.674
207.815	143.205
25	25
44.7688	400.023
134.758	318.792
25	25
29.7805	476.727
114.771	380.71
58.3508	170.48
338.999	66.6722
342.191	54.7032
369.299	346.725
117.712	62.9974
34.4413	194.118
282.534	216.159
35.9765	125.323
25	25
31.7244	473.158
394.258	220.262
285.979	406.138
407.399	137.591
334.856	92.4813
237.222	25.5615
354.359	55.6307
218.862	277.886
341.56	85.7329
278.032	15.0319
464.134	184.623
244.038	132.805
180.307	393.42
423.589	283.36
25	25
47.3113	89.4148
210.605	364.97
289.665	345.916
25	25
84.5096	309.369
209.792	207.598
474.665	13.6233
177.889	384.584
375.152	96.8185
29.7846	365.851
254.533	118.367
25	25
322.25	206.949
219.178	253.369
123.67	395.117
25	25
192.345	335.117
298.413	205.34
290.905	169.088
417.099	52.0374
471.251	226.814
203.05	124.013
93.8086	90.0561
120.882	434.025
199.662	352.02
462.156	340.239
227.58	242.758
109.927	323.944
397.36	83.637
408.32	49.1245
286.94	130.469
428.235	272.999
163.707	326.757
217.646	25.9911
226.357	412.698
215.047	473.873
64.9652	27.6246
434.316	183.446
47.8143	378.04
25	25
219.387	452.843
138.246	94.0046
52.2011	131.047
117.451	423.414
145.469	480.523
261.941	183.053
473.994	240.132
239.577	491.13
262.76	18.6128
109.879	438.745
25	25
53.0987	97.4621
412.901	22.9357
442.901	261.568
25	25
258.034	161.225
146.797	340.818
323.205	127.752
461.314	212.928
374.37	203.914
66.6759	106.512
271.529	121.41
79.4244	447.636
275.867	368.214
331.809	450.853
83.3928	498.777
396.612	132.923
215.112	301.1
25	25
235.854	198.193
199.331	186.674
316.402	110.363
124.432	351.2
377.076	135.617
0.732814	317.48
25	25
25	25
30.1622	193.755
409.784	171.562
161.6	351.871
285.224	447.643
93.4029	382.761
25	25
215.983	251.089
407.86	181.375
434.896	275.401
339.826	61.2357
39.2633	471.251
63.2842	312.679
303.165	128.645
272.526	140.312
463.053	132.991
25	25
360.799	196.48
225.796	307.167
187.923	42.6908
25	25
25	25
25	25
25	25
439.84	229.511
25	25
25	25
25	25
451.26	230.494
196.476	140.001
284.297	478.406
23.3789	176.469
398.384	128.52
178.751	170.651
180.303	343.446
486.676	109.651
488.309	55.0375
414.737	276.118
110.617	57.8692
308.721	344.966
179.344	123.253
261.986	167.836
23.5998	347.83
300.739	32.6178
99.6324	359.918
485.625	127.305
477.966	71.8897
349.008	338.263
385.158	327.699
25	25
418.226	162.512
49.3485	42.4706
99.4916	177.118
164.54	158.185
457.141	48.0625
384.87	96.309
495.076	338.978
111.437	12.5569
208.545	179.28
286.671	383.336
194.423	353.005
334.177	232.941
334.952	135.53
218.201	188.819
37.3214	182.068
281.001	368.085
30.0297	65.4472
33.719	48.0932
223.943	58.7777
98.139	92.078
275.933	127.554
242.053	164.155
25	25
109.109	466.065
438.172	90.972
206.699	234.955
25	25
25	25
356.419	172.433
9.43624	178.531
361.807	347.338
470.542	78.358
203.745	444.829
477.231	34.8378
181.885	316.79
151.441	31.0833
242.243	211.425
25.813	486.332
465.05	52.8225
135.192	5.06053
25	25
58.1371	104.246
283.627	337.793
245.322	57.6594
278.35	54.1109
49.3955	433.411
438.295	204.427
34.7454	177.041
257.315	240.261
178.586	388.319
421.866	190.936
95.464	162.987
466.934	128.276
25	25
25	25
489.802	67.8654
62.2295	375.513
214.914	146.551
405.875	245.198
405.651	138.169
324.393	216.717
380.002	35.5804
355.037	158.245
33.0984	52.9078
481.747	265.752
299.843	79.4879
184.26	104.257
197.107	329.336
74.8393	180.646
259.579	121.584
187.446	202.861
199.58	313.371
25	25
25	25
252.332	462.628
7.16571	344.612
258.492	416.261
266.975	187.633
423.234	141.896
163.402	452.628
25	25
94.481	394.325
462.071	346.024
19.6334	125.666
328.783	454.52
452.158	48.2793
232.65	177.993
372.537	294.073
450.721	214.864
474.397	51.6123
94.8189	334.428
162.804	481.359
479.38	68.391
347.521	170.693
70.3829	148.268
220.766	457.747
267.954	497.168
165.555	167.454
25	25
465.441	270.021
127.988	426.99
238.913	306.786
267.386	80.8841
180.392	361.217
393.388	160.848
25	25
343.939	69.536
482.859	336.846
161.21	52.6058
410.897	118.089
185.192	17.337
127.922	89.0895
209.467	408.606
104.625	414.854
18.7875	492.407
469.917	198.413
398.104	128.393
99.8604	116.788
25	25
321.147	143.023
120.599	70.1926
266.292	130.155
40.4469	168.855
87.1932	447.299
205.763	190.778
288.728	20.3184
138.31	11.2747
174.485	456.368
223.755	152.622
473.664	181.282
221.383	433.845
473.672	190.094
7.90378	344.075
173.266	162.074
172.892	471.649
200.024	153.532
263.815	117.88
130.859	445.93
243.524	231.317
24.6371	117.922
57.1916	106.993
181.271	455.928
403.607	223.552
278.054	340.634
144.868	453.406
96.1083	76.8558
139.339	474.115
318.58	411.396
447.033	86.073
17.2285	183.752
266.003	364.872
199.722	124.5
360.651	165.721
487.843	37.2351
331.59	350.078
181.018	49.2338
108.445	317.106
323.258	87.3501
470.922	327.453
183.136	321.275
362.771	261.455
25	25
230.084	493.255
25	25
8.01999	50.9828
128.839	428.037
169.671	105.279
25	25
238.462	71.6135
263.426	480.992
259.375	27.2569
204.55	417.642
471.673	294.338
319.818	406.756
25	25
25	25
71.4652	430.076
24.0675	480.722
89.5407	401.355
479.842	9.61986
101.616	394.483
453.772	248.443
217.24	0.508724
300.71	96.4513
154.898	463.195
1.5342	25.7316
56.5088	379.979
248.333	113.662
25	25
25	25
156.305	40.1752
25	25
126.522	70.8703
247.078	250.629
391.121	194.734
67.0588	340.911
25	25
293.349	54.1036
31.3009	344.255
25	25
322.514	494.778
432.064	123.926
344.501	113.575
295.921	34.2509
74.8022	27.0627
320.256	129.734
168.052	24.5912
25	25
223.289	210.203
493.167	191.721
160.938	35.0883
455.715	61.3411
25	25
164.043	98.4317
22.8554	395.405
161.757	307.138
309.094	161.753
192.113	139.732
25	25
311.791	69.6858
25	25
277.806	6.42046
353.011	148.488
122.092	59.1441
152.285	362.817
187.122	222.507
25	25
25	25
350.481	344.615
410.897	25.3954
13.5313	18.3238
117.611	396.344
154.99	60.5808
46.3871	324.612
233.512	227.427
104.525	44.3174
225.032	245.68
397.535	251.625
453.168	139.532
231.347	470.482
461.529	301.592
484.969	70.2579
25	25
184.822	492.686
25	25
136.916	66.1929
25	25
495.721	196.265
168.476	463.132
25	25
377.852	349.737
70.744	322.872
25	25
327.45	123.413
139.667	371.084
25	25
363.817	311.865
102.466	359.345
232.84	68.1849
98.2771	449.156
321.027	364.3
91.1563	112.885
139.358	467.892
286.624	411.425
353.615	291.174
442.528	172.6
128.567	329.796
327.746	437.239
363.706	205.539
281.598	8.71204
25	25
230.061	253.952
25	25
278.04	107.325
25	25
405.575	258.452
163.555	166.622
383.025	328.102
331.267	456.793
84.0316	94.4863
173.577	64.5546
158.921	2.97203
169.169	111.909
77.2017	198.19
218.65	475.213
170.741	463.564
478.549	93.9844
29.7767	411.706
166.572	397.398
372.135	237.576
269.687	158.151
337.434	146.343
414.324	317.57
1.22514	369.741
269.268	126.765
25	25
286.042	90.7422
264.323	39.4885
25	25
212.463	13.8381
210.055	264.145
341.053	176.143
71.6156	327.515
361.223	217.765
417.002	219.835
423.97	220.191
208.751	158.708
462.084	147.444
263.404	146.466
271.521	217.49
25	25
25	25
76.7622	408.099
26.9813	191.679
323.499	368.405
120.84	491.889
323.561	461.325
180.571	475.351
215.138	159.029
177.63	36.8881
70.2167	310.743
347.29	200.395
474.59	157.56
322.114	212.372
415.379	284.133
165.687	39.5768
31.2404	6.64273
106.366	467.135
220.634	304.123
30.8016	322.494
116.393	423.051
86.3226	379.159
448.821	103.835
154.973	26.5724
152.207	354.669
318.553	215.516
280.845	209.87
215.125	444.202
136.417	354.858
323.078	53.0075
66.8596	144.815
326.864	216.778
346.428	97.9887
474.007	30.9963
227.901	322.444
257.081	78.4505
25	25
359.399	306.852
358.311	332.777
93.3263	493.578
25	25
25	25
153.396	373.038
467.757	228.292
113.167	412.91
244.87	341.258
390.951	164.402
391.486	100.648
80.3832	186.3
138.113	388.746
25	25
231.417	403.201
276.403	29.9471
10.5174	89.2772
250.379	39.6226
61.3844	397.12
104.573	435.81
43.1369	473.409
209.037	141.965
226.747	444.386
25	25
25	25
288.951	199.556
403.735	317.575
365.756	309.737
188.182	64.6563
273.774	40.6819
204.417	416.663
494.066	296.495
231.859	320.517
208.166	431.03
18.5289	400.895
129.954	12.1989
284.053	198.719
499.021	209.148
25	25
369.655	290.179
203.078	235.506
139.992	92.7239
423.932	330.054
125.35	73.5326
117.819	340.853
271.139	149.076
396.224	250.053
186.301	474.839
220.28	329.849
320.163	32.268
212.486	158.482
254.177	101.877
411.753	152.724
208.994	301.863
462.705	223.733
25.5082	382.786
370.714	254.809
226.447	432.635
384.045	141.927
317.195	491.415
483.413	4.16934
227.776	347.648
210.335	434.007
326.926	101.855
284.929	88.8651
25	25
59.3832	391.107
267.681	344.051
25	25
92.7095	35.0753
237.971	361.181
475.642	228.369
295.733	184.974
232.625	398.134
234.267	1.4935
217.33	107.53
353.453	290.711
25	25
25	25
344.397	167.847
180.822	350.979
205.58	251.175
174.508	259.775
373.183	245.957
393.716	262.811
168.022	364.298
160.928	31.9098
167.512	36.2843
306.29	212.875
3.77291	404.481
209.935	361.978
25	25
15.6737	113.489
378.286	96.233
446.478	204.986
213.752	322.055
109.911	72.6335
279.42	155.065
315.11	123.098
281.909	193.021
98.3718	468.125
48.7725	469.937
114.95	394.318
495.17	244.236
109.976	393.317
393.955	212.996
473.149	99.6071
215.515	471.85
25	25
325.226	57.7614
25	25
454.507	117.981
131.511	440.675
25	25
310.851	483.971
25	25
216.509	443.1
474.791	348.75
25	25
25	25
25	25
251.437	337.197
249.111	111.431
16.3173	452.264
297.062	342.121
25	25
220.119	492.423
131.603	389.227
438.21	72.1917
315.764	118.79
245.972	222.438
155.373	471.253
216.379	400.946
35.2023	426.077
200.492	16.9302
45.2142	489.271
55.7167	385.382
234.191	51.038
323.59	441.124
24.2502	153.894
300.826	219.096
317.816	85.8083
253.592	86.4716
344.074	29.4163
251.758	341.859
421.663	201.843
365.848	208.759
460.124	172.974
176.936	472.3
226.957	310.037
25	25
214.563	169.276
253.929	244.015
84.5766	29.1226
25	25
331.568	425.262
252.1	235.643
133.591	19.0518
267.944	179.943
323.285	167.343
281.729	204.113
282.63	244.776
10.8353	394.756
219.879	52.8255
400.429	266.057
316.507	68.5967
25	25
271.249	486.133
18.246	181.728
329.114	3.87508
475.104	62.9914
300.598	65.8621
170.789	298.151
136.484	39.4265
310.712	369.17
188.672	278.561
146.115	491.193
309.77	341.231
221.819	147.628
272.71	409.183
21.6739	378.642
213.839	450.941
25	25
172.991	72.8048
309.27	51.78
339.575	170.096
158.589	332.858
262.563	7.22643
263.246	243.978
25	25
160.195	85.2278
151.483	483.747
25	25
146.319	2.46336
312.301	113.945
25	25
344.174	54.1228
422.756	79.3289
14.823	173.939
385.827	245.13
25	25
399.989	155.172
258.652	152.903
356.597	225.343
25	25
304.054	120.934
164.881	104.797
83.3883	439.617
225.291	377.549
2.31214	27.9975
430.658	333.584
164.028	154.198
123.399	452.524
409.935	258.509
25	25
270.378	158.828
284.563	459.633
205.119	75.9451
491.398	119.463
181.77	185.502
25	25
123.757	493.056
291.168	167.886
173.197	26.8372
25	25
25	25
444.056	33.5438
41.1129	310.93
186.716	484.46
216.2	268.183
213.425	461.56
418.565	215.304
384.901	10.7664
399.345	156.781
25	25
58.7352	396.921
400.49	296.595
33.3551	94.3275
483.467	71.4692
192.017	315.304
94.4187	461.958
203.343	304.02
349.054	178.842
157.454	14.7848
469.296	53.4925
468.504	280.819
2.64922	488.545
61.0337	164.167
278.148	53.0197
225.995	304.47
348.717	311.554
323.408	339.5
255.561	43.2175
331.347	230.328
448.198	233.903
457.489	175.479
120.843	497.231
199.911	403.565
306.519	183.693
67.2145	3.6434
240.009	152.33
81.3418	325.487
198.338	377.842
142.967	398.541
467.573	302.459
37.1573	197.779
332.741	234.709
203.766	464.28
83.0571	74.2961
135.636	18.366
198.643	315.945
459.747	141.065
25	25
189.333	361.556
222.01	7.00932
25	25
84.853	186.582
249.956	147.813
220.412	230.481
310.986	200.419
414.693	196.728
76.9029	344.696
25	25
483.894	215.321
14.5015	497.332
190.206	356.739
241.17	345.141
52.7449	6.59846
269.253	112.765
181.541	227.774
210.481	436.465
244.364	205.272
25	25
411.577	21.2717
31.9248	385.417
140.435	318.955
142.288	440.746
25	25
226.952	444.237
223.607	302.498
198.795	74.651
25	25
206.401	347.815
54.4806	355.238
472.173	316.456
473.82	226.867
364.377	212.396
25	25
41.8347	487.571
249.353	441.365
277.679	488.539
279.792	433.814
154.179	98.3826
9.44775	474.531
389.352	261.042
462.918	151.01
254.963	188.917
25	25
467.806	19.2307
401.192	286.077
485.681	42.2089
22.508	417.641
331.276	52.7095
388.473	5.7024
36.8572	481.398
25	25
431.114	18.4962
215.029	451.078
385.931	55.4521
57.7814	80.8831
187.779	455.216
109.606	65.3009
441.908	56.5452
489.759	98.1126
265.746	156.362
25	25
257.09	366.284
234.648	13.7653
333.982	30.5033
350.259	232.608
249.277	338.567
334.653	126.528
370.243	30.3796
148.227	2.9138
277.234	469.205
450.946	28.4244
1.74117	342.989
213.555	486.883
319.62	156.455
495.219	130.125
452.838	184.885
171.836	164.82
99.3965	438.819
161.278	73.1925
319.237	4.18397
96.441	55.7271
277.114	412.917
25	25
334.056	262.81
436.905	101.731
352.931	247.407
312.678	170.85
436.629	208.249
408.065	23.7439
114.259	319.525
163.036	428.258
186.994	177.9
411.142	202.004
155.867	47.3499
16.7813	409.882
116.979	4.17905
243.887	435.828
226.279	366.359
31.9559	370.103
389.574	44.8041
130.92	461.223
305.748	14.735
359.157	243.903
173.24	171.874
255.299	87.1843
491.63	226.18
90.9459	18.28
323.397	43.7815
25	25
300.044	237.223
77.6471	182.534
175.122	63.405
441.839	249.57
232.817	193.896
289.378	228.035
397.056	247.613
240.359	128.552
362.116	186.116
86.8852	113.355
25	25
499.953	91.8937
26.8052	119.558
51.4487	47.2842
69.0187	318.622
101.318	355.591
322.579	447.875
120.083	302.225
457.296	102.603
270.888	13.8638
171.531	249.518
10.2907	28.5783
256.509	397.896
25	25
245.647	347.162
194.091	437.201
25	25
468.679	114.832
318.978	446.14
316.341	352.7
72.0072	338.155
52.3981	158.32
319.894	235.508
227.044	64.2991
253.44	486.539
12.2241	397.686
202.369	108.983
455.75	42.5197
176.551	304.097
444.935	266.826
245.468	478.176
169.131	431.455
177.364	142.044
302.929	118.831
243.653	326.899
25	25
21.4764	496.119
5.85269	88.4646
307.898	125.472
108.521	38.5605
220.755	140.939
254.387	116.18
389.815	5.40512
247.173	82.0249
257.179	337.225
244.888	453.707
137.562	338.302
25	25
397.924	333.658
169.775	413.23
283.172	224.437
493.046	281.071
236.895	437.694
361.157	155.088
396.909	325.476
24.2932	83.1157
384.596	230.539
33.1567	48.7722
25	25
236.337	238.423
25	25
25	25
400.507	35.5264
461.286	150.671
40.4451	357.654
431.461	115.243
384.095	314.651
28.3083	58.3546
319.994	130.839
3.94655	78.648
276.003	10.9734
226.461	340.69
113.833	466.943
327.647	84.783
496.693	65.5665
247.344	111.423
196.309	274.291
23.8372	336.23
242.59	41.8899
246.55	240.415
474.3	346.153
322.072	496.481
213.317	273.639
265.576	402.359
225.474	106.479
424.04	23.0148
354.033	67.223
81.1476	31.6654
343.893	144.989
211.481	5.14311
431.617	236.165
104.225	304.491
307.829	477.834
36.418	99.332
440.141	332.961
324.346	228.183
123.455	495.513
23.6461	464.646
390.347	88.0137
37.6504	349.05
71.405	376.326
177.365	356.751
400.356	25.6284
290.029	395.929
158.646	497.973
220.338	465.681
211.511	451.22
270.388	225.782
274.867	56.1689
318.468	38.3166
25	25
250.408	170.269
133.432	93.8024
490.836	116.947
185.116	160.87
126.785	77.4223
96.5676	186.351
283.989	464.789
227.715	379.778
215.672	436.105
167.295	124.379
349.019	340.775
14.1702	492.693
276.229	196.839
25	25
329.96	345.882
25	25
39.1319	104.226
43.5445	405.489
285.091	445.201
82.5904	477.159
25	25
284.038	359.592
25	25
52.2869	393.038
42.6724	155.582
296.504	354.471
428.957	208.147
391.487	219.716
239.269	408.918
304.793	80.7447
90.191	328.115
25	25
124.348	428.235
225.589	56.4492
167.518	87.2091
170.845	276.064
341.716	150.857
25	25
25	25
305.113	420.334
259.428	371.41
25	25
231.126	457.365
311.373	51.116
365.795	204.242
496.334	107.059
74.6421	45.7074
25	25
483.649	343.67
81.3941	495.996
381.355	149.233
403.646	253.831
217.631	389.495
25	25
317.43	412.931
437.983	319.597
316.102	76.1145
333.333	25.02
51.7011	75.5231
93.1907	413.428
25	25
58.9884	304.369
475	76.0346
314.734	183.732
410.848	131.782
310.359	423.938
102.407	38.861
57.9558	190.244
25	25
407.166	116.738
493.41	195.737
414.988	42.6132
63.1349	27.9742
33.0677	194.85
25	25
415.547	213.627
3.9368	180.281
25	25
355.337	115.02
206.135	375.831
236.229	44.6181
320.799	183.687
409.698	76.2442
449.372	101.456
196.578	330.602
364.973	173.074
25	25
255.043	496.259
430.896	201.42
104.697	15.4735
63.6376	76.3927
224.103	309.028
345.399	27.5484
4.93631	366.488
25	25
280.602	138.298
347.953	138.289
119.397	33.354
25	25
417.034	337.517
297.627	200.846
177.354	327.697
136.953	394.327
371.324	180.5
285.422	337.893
432.257	292.526
99.7031	20.1852
308.882	413.535
315.286	95.3035
72.0647	373.786
309.942	169.563
127.148	400.221
30.9058	86.121
271.047	117.788
441.164	159.003
334.57	119.363
25	25
489.937	123.208
368.707	18.2467
269.447	423.518
181.423	244.839
412.403	20.7961
25	25
25	25
10.9961	390.625
412.877	232.39
205.877	275.966
278.901	463.085
25	25
245.077	298.135
452.277	57.0802
491.193	220.815
458.849	151.363
70.9245	86.5251
178.765	288.884
216.879	246.86
207.945	364.702
361.958	345.925
108.56	385.125
398.845	193.075
343.715	77.3268
48.6848	65.9448
305.462	140.571
386.152	118.618
422.33	27.8399
91.33	167.511
157.753	364.039
25	25
355.003	285.508
370.091	252.172
480.298	131.136
486.293	317.594
194.066	271.471
98.4188	327.401
25	25
180.503	70.7929
339.081	256.944
344.262	300.476
497.898	205.502
259.355	453.573
84.1337	50.9797
316.377	90.5678
225.923	220.354
126.027	346.089
117.77	335.404
177.914	204.38
363.313	78.8395
410.233	110.874
455.083	252.929
326.749	498.678
326.154	200.458
380.394	76.7748
229.724	292.508
89.8542	496.677
25	25
28.0044	367.878
355.073	192.877
202.038	414.439
198.099	385.401
370.511	315.521
377.445	303.127
295.252	394.015
499.326	252.008
25	25
228.056	23.9302
25	25
383.044	278.465
25	25
211.04	210.417
9.43602	66.9208
235.071	433.751
316.984	364.369
483.684	12.1646
25	25
471.629	212.382
421.005	264.763
76.1517	96.2876
25	25
25	25
141.957	442.206
19.28	372.132
227.409	60.8107
117.526	32.103
97.7153	318.354
25	25
164.859	485.003
434.563	234.108
83.941	62.2155
473.932	19.2642
435.082	162.111
25	25
213.335	87.022
464.933	159.308
481.241	171.293
384.387	246.622
140.871	63.4136
143.692	432.094
25	25
25	25
25	25
82.2891	39.5843
435.951	221.66
43.6236	352.329
363.758	181.083
429.342	13.3122
42.889	8.65593
71.2389	338.914
421.661	139.522
304.882	432.03
451.388	25.2888
180.899	129.208
289.752	390.816
25	25
25	25
437.715	73.6348
346.709	132.877
62.0203	97.9021
210.563	227.592
25	25
459.656	54.6533
26.479	433.054
156.657	492.015
342.285	217.436
16.5318	49.7765
25	25
25	25
10.7362	136.585
38.0041	32.6062
6.18423	67.4337
235.607	437.036
111.385	360.337
72.0867	454.59
378.857	149.18
212.927	177.691
380.498	236.555
414.994	186.68
163.093	40.4979
335.364	148.472
25	25
245.256	269.417
370.737	14.2841
213.915	236.71
355.375	20.745
25	25
269.894	143.953
2.48849	108.569
47.7513	107.855
213.303	16.3202
25	25
109.136	42.0868
423.304	84.9819
63.8139	489.933
25	25
243.238	5.24363
196.769	325.892
314.661	196.252
408.985	208.995
344.33	59.5041
50.4881	476.864
25	25
216.339	358.662
381.379	320.243
484.233	140.766
374.595	123.003
470.413	141.015
482.841	16.7064
25	25
39.2024	456.211
25.6129	360.938
192.623	270.148
66.8203	108.206
423.849	247.484
25	25
467.796	72.8307
78.1321	489.025
385.858	328.362
25	25
285.915	33.0135
79.965	64.5678
55.7052	0.732451
110.779	454.76
289.114	194.569
322.518	213.807
398.507	156.445
6.148	328.941
282.157	338.507
107.133	484.466
230.414	467.876
95.8527	161.814
253.023	104.749
180.474	149.807
357.672	23.3924
25	25
424.175	155.237
482.66	38.7767
105.85	30.1737
360.552	245.496
149.839	333.142
25	25
140.988	20.5822
499.484	259.248
337.81	152.38
22.034	364.341
214.995	233.171
227.731	135.862
252.054	105.106
358.389	322.594
467.809	224.553
262.613	454.143
289.006	495.338
283.902	146.866
498.401	265.429
294.844	406.02
157.337	355.648
237.847	374.706
227.58	353.182
25	25
439.803	341.494
25	25
443.183	255.787
223.027	478.731
476.615	19.9029
26.0512	198.803
387.482	7.476
450.198	291.022
448.093	41.7898
492.888	144.324
403.128	91.3652
206.801	254.388
155.454	469.272
498.51	330.797
306.777	112.084
237.574	150.525
53.6075	54.3739
14.3763	121.864
353.859	257.716
25	25
25	25
235.98	73.7518
283.053	373.565
190.758	110.075
477.71	320.498
430.847	346.606
10.5913	17.7398
241.035	321.362
25	25
400.197	107.165
205.674	188.925
418.215	177.217
495.415	305.685
76.2686	335.137
351.349	169.378
200.957	11.3742
25	25
458.275	156.884
370.194	134.864
188.458	288.823
25	25
75.0637	474.906
91.1728	483.515
232.798	387.935
274.985	413.768
164.063	170.673
99.2288	103.812
476.043	289.374
25	25
401.652	314.268
156.059	4.82914
25	25
25	25
71.9538	336.345
131.296	474.688
491.18	311.693
176.227	284.072
332.446	339.596
412.535	231.138
350.782	23.3714
190.579	302.626
25	25
220.932	387.57
110.731	440.942
25	25
86.419	133.683
83.0873	72.9514
496.942	156.734
428.533	187.039
284.986	45.9677
25	25
299.596	38.2587
271.14	161.5
373.777	292.854
390.712	210.309
191.434	35.3723
209.829	131.87
215.665	177.841
248.446	7.08233
311.769	379.525
7.51921	108.254
18.2205	88.7028
119.228	481.78
163.567	361.497
461.077	145.23
306.403	213.678
195.351	313.964
139.326	55.5328
472.43	114.619
360.381	245.077
25	25
366.69	155.473
118.009	388.929
474.511	25.9466
250.371	336.423
18.7452	33.5442
210.586	76.0391
150.201	309.637
54.6004	461.314
207.198	76.8223
105.458	352.37
215.882	481.472
29.6397	48.6331
254.857	130.449
368.148	221.311
107.331	468.558
117.117	66.6354
475.153	215.989
343.298	48.2693
277.822	171.156
486.705	323.282
90.4637	8.27711
24.4873	2.09102
25	25
240.696	186.708
25	25
13.3159	459.209
114.725	62.1923
204.05	343.551
1.80116	334.343
327.377	205.333
312.811	191.291
303.894	137.47
336.681	347.01
25	25
209.662	489.041
79.2634	169.362
486.689	73.7707
423.877	118.259
103.423	9.64172
190.62	65.9491
469.338	13.4217
429.686	5.09722
213.175	156.429
487.955	310.451
182.06	391.117
145.371	306.117
321.791	478.657
458.226	0.54255
227.423	457.726
204.95	96.607
494.358	113.443
31.7275	313.693
445.141	91.2698
322.792	478.205
25	25
497.728	54.6697
477.423	221.916
204.457	360.592
216.531	328.575
396.077	332.738
172.705	234.104
219.532	490.852
25	25
302.566	449.104
142.144	425.544
302.892	97.3137
137.891	381.3
402.197	342.686
84.5632	5.2772
312.787	29.7119
411.607	314.885
116.665	343.067
306.876	216.239
25	25
114.867	476.13
162.366	306.312
456.291	54.1141
119.542	326.6
16.0537	477.723
183.63	391.516
98.9915	128.188
448.705	213.606
281.651	235.953
248.884	301.956
87.3351	130.753
260.999	213.979
197.457	380.846
211.833	255.66
299.522	368.408
162.005	108.585
71.2262	446.304
183.284	233.12
438.395	107.833
308.249	42.3692
458.654	118.033
483.605	16.3028
144.498	66.5834
204.749	197.559
65.4857	370.118
458.046	37.7013
171.9	115.085
36.9656	487.652
207.798	190.184
277.731	410.197
387.201	347.616
176.832	440.549
373.713	156.296
236.05	68.3606
257.745	435.652
338.198	334.907
36.5622	120.822
498.856	318.013
399.103	108.519
170.985	204.27
183.26	120.182
3.88549	499.219
244.941	4.17761
284.178	136.373
109.195	411.581
163.071	444.237
326.355	39.7323
17.5635	341.117
18.7009	173.697
240.375	447.437
25	25
25	25
15.1948	104.936
245.52	469.974
324.631	181.478
396.91	183.56
38.2104	426.661
127.387	329.914
167.826	475.115
25	25
158.345	47.7233
293.797	201.234
24.9618	425.446
388.954	4.51104
68.0606	359.171
205.163	313.075
176.61	95.2567
295.492	444.063
36.5828	30.2518
244.707	301.091
344.834	277.619
273.917	3.34815
195.586	205.82
414.946	231.539
47.3468	450.095
222.198	483.965
74.9119	303.961
210.695	480.876
8.52349	453.679
25	25
253.081	84.246
25	25
341.334	169.267
103.706	412.105
145.638	473.929
230.389	176.82
443.548	113.267
217.003	397.162
491.985	100.143
414.481	289.061
25	25
280.018	173.371
456.897	85.0833
471.682	213.863
327.536	141.04
191.348	421.775
25	25
461.399	214.996
156.96	13.1622
462.959	1.5488
85.5266	346.789
245.281	463.274
4.55846	174.092
25	25
97.7696	51.7145
117.323	406.528
20.4762	119.682
356.781	222.779
243.137	277.805
289.508	471.358
208.076	369.963
23.9958	403.433
248.429	95.8024
25	25
275.785	32.2221
450.98	158.898
412.505	19.7522
360.442	94.3575
138.966	95.0034
401.78	149.586
191.258	84.6652
78.0508	364.387
330.49	165.131
25	25
86.8662	342.68
200.647	63.054
258.963	457.826
304.409	160.71
292.82	239.594
81.7548	380.516
56.195	164.697
427.177	342.443
168.952	419.903
194.923	306.511
244.387	114.166
357.748	141.525
483.469	340.58
25	25
227.844	226.347
321.825	454.175
145.77	328.024
452.86	63.9798
25	25
310.777	392.991
402.565	323.12
157.942	376.014
214.791	461.068
482.39	192.626
185.363	127.853
385.595	344.235
404.698	257.596
154.916	487.305
43.1093	158.002
25	25
280.406	240.981
25	25
156.049	426.505
361.83	193.735
225.678	398.326
396.192	199.328
25	25
424.815	309.559
375.495	213.038
273.946	90.0732
358.807	250.137
171.068	72.0956
110.07	308.395
298.294	218.969
288.937	104.738
25	25
96.9012	411.624
148.646	430.249
59.6519	27.7689
20.5444	443.558
238.87	131.513
482.68	19.2412
114.23	10.3873
179.532	18.1302
25	25
42.4706	413.394
25	25
361.271	184.832
66.1091	321.276
456.281	99.2253
25	25
424.585	198.9
97.1653	489.479
39.6692	374.02
59.301	140.123
25	25
25	25
326.779	439.59
272.766	172.403
203.014	278.854
110.99	305.019
81.2614	0.0257264
325.82	185.629
123.197	68.5081
25	25
215.988	136.383
23.3536	122.783
147.711	22.1055
174.073	218.574
31.6703	3.09752
42.5478	162.419
324.726	35.6938
216.937	302.281
436.962	168.573
260.978	484.341
62.177	399.939
54.3197	141.146
104.866	320.84
265.017	424.741
25	25
227.012	281.313
25	25
114.734	384.176
458.033	25.1575
94.3258	199.355
257.271	108.631
25	25
170.381	167.223
265.048	361.801
249.844	197.993
365.565	106.512
25	25
294.57	20.6596
190.778	75.8
15.6119	112.555
260.471	200.12
25	25
10.0001	158.496
253.361	376.446
388.433	161.186
3.11271	123.093
291.432	240.467
464.302	156.649
202.444	470.855
37.7003	301.594
190.531	172.68
198.563	425.282
276.463	455.853
54.4098	305.435
292.347	221.304
25	25
457.424	107.026
28.649	59.4439
223.266	343.812
462.809	31.5197
119.476	329.708
463.314	275.017
356.188	157.049
469.554	137.801
193.222	47.7122
499.875	100.801
472.91	211.406
477.241	186.868
468.601	231.98
25	25
27.888	488.417
23.2497	144.191
126.011	45.0048
270.683	437.776
61.4825	124.651
48.3134	323.79
316.501	222.158
229.429	423.552
25	25
96.8131	35.7665
213.316	258.849
299.816	141.385
25	25
418.147	63.3232
299.561	6.87853
49.1744	72.9226
252.382	236.15
62.3775	339.576
133.668	366.407
363.611	303.336
292.596	345.802
25	25
85.995	22.4089
108.212	397.5
72.2656	494.347
130.266	25.993
147.33	353.951
493.528	337.541
305.242	441.777
104.029	85.9628
25	25
253.636	364.897
47.7523	150.514
219.016	170.985
127.76	407.801
131.247	29.0282
25	25
400.967	137.891
177.386	368.673
20.8622	461.814
86.5759	131.883
170.431	369.395
479.304	221.796
163.549	128.51
233.06	38.4331
373.404	95.6991
328.134	466.303
48.9163	179.688
25	25
334.458	319.619
290.416	150.222
294.965	219.163
4.25395	75.1809
30.4293	0.990352
419.234	233.223
25	25
399.722	239.079
25	25
43.8355	347.191
25	25
47.6082	440.112
130	427.442
480.892	52.703
491.794	40.8526
365.728	194.409
328.883	149.795
420.786	279.219
360.006	16.0662
446.809	292.63
25	25
25	25
430.272	179.952
226.756	290.397
309.959	229.831
170.087	174.166
490.569	349.436
77.1504	400.511
333.773	312.645
25	25
158.007	430.706
337.321	101.52
8.18338	323.021
478.874	78.876
48.7878	118.208
25	25
320.313	126.485
93.022	161.779
227.73	352.222
457.885	195.057
108.001	330.526
25	25
54.3155	23.6149
414.504	86.53
25	25
35.9835	354.426
300.358	28.5122
252.433	370.041
101.132	57.6909
305.185	362.466
301.141	186.718
188.437	400.523
74.8945	159.737
319.535	334.317
243.768	186.639
394.198	165.351
293.014	396.972
281.112	166.657
63.6344	373.731
25	25
25	25
25	25
167.396	498.39
439.542	294.643
25	25
373.57	238.354
308.419	386.458
394.686	336.595
196.81	470.21
25	25
324.612	139.098
358.903	340.519
428.573	182.727
12.4871	344.322
173.758	429.698
407.931	265.883
230.769	147.825
25	25
326.746	49.907
25	25
299.212	136.493
11.7919	430.194
44.6828	362.013
225.061	332.363
312.2	35.9372
312.109	6.15553
378.303	240.844
265.634	463.595
49.4182	377.228
25	25
216.053	448.299
179.418	91.7457
225.55	128.273
60.1147	34.5653
397.228	220.952
357.839	303.046
433.003	303.818
352.567	316.042
472.015	142.864
25	25
403.134	274.853
411.641	172.806
282.16	76.8577
240.618	372.886
200.691	477.831
277.079	472.957
60.5941	430.429
291.711	77.7664
131.347	471.003
205.645	430.497
25	25
250.588	97.1401
25	25
379.622	90.0885
212.975	151.566
312.02	420.399
409.801	284.824
87.6052	381.44
313.597	16.6028
25	25
25	25
332.182	19.2847
30.0041	55.6714
25	25
59.6726	383.14
474.251	294.48
443.621	234.926
149.507	460.1
96.0231	463.46
163.881	132.247
199.445	305.457
213.404	10.243
69.1115	10.6366
104.128	52.227
202.139	480.788
491.192	34.9899
222.079	209.397
457.123	341.081
286.598	57.2295
454.875	212.743
403.924	190.29
25	25
488.504	272.47
25	25
302.407	476.443
237.582	280.232
235.893	425.299
362.213	97.4229
24.7341	119.686
210.651	160.467
208.892	346.189
209.897	322.331
319.029	9.18511
25	25
9.49192	435.207
240.183	327.21
299.034	129.487
110.223	62.8865
250.154	427.415
316.432	146.49
459.449	102.111
36.5113	25.3942
127.33	50.5487
402.903	157.321
52.726	403.479
313.48	29.0085
25	25
281.541	353.899
217.425	78.7999
377.099	119.583
264.592	51.4086
128.759	325.88
77.9122	20.7802
144.457	97.3315
491.096	215.686
13.4205	95.1719
377.312	297.417
150.207	331.633
173.359	289.169
329.755	385.189
179.151	20.1749
25	25
25	25
466.695	322.954
364.223	142.315
457.839	295.42
240.122	359.018
458.338	175.612
25	25
25	25
180	88.585
149.456	436.028
176.395	340.18
230.765	178.963
377.76	19.583
25	25
84.753	456.959
79.4742	42.2312
200.047	491.79
73.1469	68.6749
461.173	128.461
77.6119	496.739
203.807	14.0184
266.047	22.3184
386.967	111.679
182.868	467.459
210.367	282.668
25	25
448.788	318.13
282.748	471.757
115.412	369.491
322.238	458.139
428.727	145.247
220.052	169.403
230.337	188.211
253.592	473.476
473.279	263.135
308.089	343.419
25	25
25	25
25	25
304.623	46.8535
179.301	418.129
25	25
376.92	29.0901
25	25
25	25
433.796	239.565
303.838	141.455
387.623	94.6054
464.099	165.52
25	25
235.404	481.845
283.147	351.722
345.552	307.131
25	25
247.648	452.008
430.602	99.2354
423.468	156.025
25	25
258.327	141.413
346.489	46.5304
446.051	156.603
308.082	377.708
494.271	258.38
311.707	130.508
215.132	146.553
489.017	204.681
308.346	423.974
375.703	225.399
476.242	172.134
446.693	265.739
73.9323	91.5468
248.219	288.523
298.12	381.003
257.243	364.797
67.3654	364.645
46.4792	322.683
10.1343	472.734
163.371	27.0627
405.584	135.559
162.125	104.849
424.135	264.452
25	25
173.126	292.95
333.581	154.156
496.571	8.40027
198.598	122.719
188.486	220.407
319.995	410.942
25	25
92.6221	420.359
325.811	181.113
207.71	389.688
109.898	25.0616
25	25
102.766	494.768
201.374	236.843
258.124	476.153
25	25
86.7969	413.333
241.595	333.797
246.021	306.376
233.456	43.384
358.184	44.8416
25	25
369.067	276.634
208.783	29.42
281.541	22.1647
222.892	363.715
425.984	313.405
151.786	37.1859
165.517	378.02
194.792	266.98
251.606	397.866
260.477	231.357
98.0733	49.7561
165.225	487.473
25	25
28.2836	104.439
1.64615	321.316
128.272	481.874
194.668	40.1122
77.7297	87.4136
201.339	441.217
188.892	151.169
180.659	74.2748
20.4444	46.7996
354.926	156.793
257.829	167.047
124.807	488.058
444.948	330.214
25	25
311.035	471.659
49.5535	486.27
484.967	297.86
80.722	426.727
427.274	309.297
25	25
152.354	434.556
452.255	110.112
423.823	200.503
232.41	253.701
25	25
455.711	209.831
236.704	129.42
442.462	191.762
25	25
130.017	45.6168
478.592	173.914
257.582	493.744
413.736	223.631
25	25
225.85	339.426
153.972	40.6229
353.004	3.69975
405.005	286.23
25	25
484.095	149.41
403.391	288.432
438.914	266.928
156.079	480.183
378.71	293.202
286.714	235.133
84.1	168.267
401.138	214.75
488.337	242.478
283.352	104.542
419.311	60.2037
25	25
491.142	46.1654
25	25
392.99	232.183
25	25
25	25
219.073	12.3434
25	25
222.266	142.491
25	25
317.006	368.498
295.519	93.9578
480.542	342.667
225.837	456.087
28.701	303.859
171.291	279.015
400.765	41.9253
194.356	211.33
402.414	48.6766
114.232	406.961
25	25
25	25
335.457	107.556
409.119	50.1887
341.912	171.6
25	25
70.6743	474.635
351.334	53.9111
476.753	337.149
383.408	107.049
8.50861	181.198
248.772	233.763
296.488	70.6881
25	25
495.404	11.556
268.047	439.448
93.4444	62.8437
325.076	122.893
165.016	76.0864
111.742	327.824
266.823	374.157
166.967	131.251
406.751	108.778
299.596	450.063
332.426	104.561
287.264	3.27728
314.626	468.627
466.947	133.703
192.988	223.591
386.475	167.286
179.73	48.1794
77.2586	389.094
25	25
167.614	114.744
377.625	332.632
108.422	392.071
207.124	417.511
241.894	441.632
298.362	69.6076
25	25
179.18	290.36
432.838	300.996
461.457	294.991
186.431	362.755
176.822	360.79
256.372	427.182
280.995	225.884
422.107	143.962
25	25
50.7511	437.078
161.848	44.5687
404.853	108.581
182.12	363.253
448.055	14.0161
428.622	104.485
135.977	349.142
393.484	344.963
192.525	255.752
482.493	346.689
247.289	10.5239
201.538	89.4109
169.236	495.072
48.6485	450.569
259.673	468.509
70.6848	74.2004
269.604	143.293
25	25
389.062	201.933
350.146	23.3791
25	25
72.4003	153.618
361.84	22.5478
324.919	108.855
273.496	455.552
111.326	476.177
235.858	382.447
300.589	102.158
170.577	176.365
318.687	148.899
452.797	139.245
183.536	11.2732
114.955	359.727
50.9013	79.2596
6.53171	308.692
266.388	499.968
409.884	295.627
241.93	105.228
56.4546	327.818
25	25
235.583	300.296
306.599	53.9836
328.968	150.807
3.67898	140.486
396.533	120.258
216.372	376.291
361.967	208.835
242.434	470.437
337.434	52.7952
90.0345	88.0283
245.326	12.4333
173.825	489.596
25	25
269.65	74.6351
75.2516	485.081
350.881	248.336
131.369	300.424
464.085	73.9069
241.228	424.18
432.231	44.3655
25	25
274.674	1.57127
85.3449	422.431
25	25
401.116	263.338
25	25
25	25
217.94	164.375
195.464	255.974
396.699	155.146
95.9297	459.572
89.9647	353.862
112.722	15.3914
359.716	179.152
148.15	417.427
486.894	129.33
326.728	190.489
283.591	72.457
457.638	305.946
380.534	23.328
165.337	400.087
34.4191	162.876
240.966	364.141
399.525	116.476
254.418	81.0537
477.096	251.105
33.4889	454.752
191.591	269.847
253.288	373.965
164.908	467.799
186.373	456.287
499.358	217.841
323.463	194.845
304.03	198.703
369.808	343.634
198.857	152.706
25.8972	91.5002
415.605	170.695
113.175	359.838
25	25
110.594	18.2311
342.639	33.4398
75.1842	379.126
315.544	198.492
219.241	137.257
399.976	294.665
299.657	127.606
253.714	467.885
337.072	117.335
341.653	141.261
498.15	28.6282
289.208	21.5443
258.606	54.0901
355.53	123.248
267.499	460.912
25	25
483.972	109.269
5.13331	357.713
210.503	311.078
70.1236	191.196
44.534	15.4821
128.034	95.7644
142.316	25.8748
303.43	449.399
362.296	108.361
147.857	16.6778
235.794	130.377
37.7926	402.243
25	25
29.8533	445.023
258.569	95.3269
414.034	111.534
445.725	295.176
25	25
25	25
96.413	466.911
58.3633	332.164
277.269	67.7464
105.436	426.099
95.3103	167.673
127.453	474.969
141.501	356.903
134.008	29.3503
361.681	268.794
185.921	107.898
82.002	6.45346
108.838	344.349
5.3459	378.144
25	25
206.868	413.132
315.614	190.851
485.486	60.4162
166.134	268.454
480.483	264.914
24.4823	78.0535
37.0639	354.096
44.2349	9.9685
486.551	266.802
99.51	449.041
498.928	196.597
191.924	63.904
247.687	254.135
25	25
17.7799	340.256
75.5088	380.748
24.3206	43.2515
389.153	271.128
332.897	162.22
247.211	226.499
244.336	253.602
25	25
179.908	171.473
64.642	364.085
25	25
239.119	426.352
25	25
25	25
237.931	413.677
232.369	344.514
462.013	222.515
174.132	446.337
146.914	360.507
423.337	310.947
176.128	367.121
169.798	415.451
131.786	361.345
272.794	64.0001
91.3587	432.128
372.118	162.413
86.2159	17.9867
25	25
133.379	359.857
416.03	163.466
216.771	74.949
25	25
285.523	477.854
33.7695	0.530814
484.536	56.4162
168.631	216.804
450.482	291.391
57.5264	359.132
122.503	328.366
348.68	196.723
438.689	183.183
184.901	398.374
243.545	423.931
178.973	312.447
453.94	174.435
488.39	227.204
279.347	37.5413
121.278	416.941
95.195	394.73
267.477	460.269
18.0034	144.717
222.894	4.03145
241.241	270.675
307.81	43.227
62.2905	375.891
340.793	85.5782
477.968	87.4419
33.1848	484.892
70.1748	450.638
413.876	92.0575
161.841	342.828
442.476	201.41
198.927	15.8196
342.917	76.9989
409.119	349.939
391.012	133.054
155.252	456.928
291.824	430.368
25	25
391.384	192.963
23.8346	343.024
230.334	271.337
410.574	241.187
407.265	258.112
177.724	480.691
497.295	0.0204351
433.068	28.7754
353.95	298.987
327.968	223.773
218.384	438.806
319.105	63.3822
47.5588	324.757
116.384	353.454
429.454	325.9
392.162	3.01715
212.398	394.796
182.329	388.761
25	25
25	25
182.575	476.962
353.857	298.723
395.106	337.401
258.937	165.418
270.932	79.6556
303.748	498.209
37.7065	56.4695
422.006	76.3951
301.295	384.096
289.108	17.9841
25	25
25	25
307.047	25.0876
155.458	319.533
376.927	265.751
209.073	279.677
0.913037	405.093
338.411	268.96
266.29	362.938
160.09	30.5627
461.668	188.146
338.116	240.243
25	25
173.215	147.608
17.0213	481.389
414.716	165.747
227.286	269.989
289.982	194.915
366.351	281.617
219.165	284.456
48.1488	317.303
38.9076	159.241
25	25
215.014	184.081
138.995	367.111
416.454	93.1707
178.125	413.972
289.336	409.273
303.938	15.0534
335.683	101.398
234.05	130.279
173.386	94.0862
166.984	13.4181
351.48	143.25
25	25
378.374	231.88
417.138	279.186
440.736	63.8799
356.467	241.896
430.166	297.759
315.883	59.6223
321.515	454.128
404.696	55.3186
427.048	266.256
347.361	167.645
13.2626	96.4582
136.528	434.169
137.333	461.854
25	25
278.789	85.3898
97.7943	324.275
131.711	410.829
121.778	301.632
175.911	322.443
166.037	436.894
329.387	46.4031
56.6691	351.245
152.298	20.4192
333.922	315.622
368.938	295.661
310.806	497.036
187.971	212.291
179.872	480.596
25	25
141.386	63.0243
336.563	349.289
184.479	0.320789
198.894	261.15
41.203	71.5219
38.963	77.1425
134.375	35.2104
435.142	248.846
25	25
105.393	61.9797
203.617	118.922
65.3452	374.603
35.9656	388.726
189.428	180.836
247.775	148.945
23.7472	338.777
280.513	470.99
204.99	2.68321
231.44	20.0095
483.526	153.086
487.745	235.145
433.309	187.56
316.42	3.62044
25	25
253.314	192.62
420.817	319.775
269.635	223.156
431.691	62.822
24.9783	344.638
25	25
208.257	412.46
399.274	2.68867
372.161	153.406
99.3385	325.413
469.275	83.2862
182.899	286.409
302.551	109.542
25	25
43.2243	101.799
25	25
419.539	80.4602
67.5938	139.109
2.51453	370.233
13.1685	421.929
118.909	413.771
453.441	93.2087
243.248	478.762
270.42	245.947
137.475	8.1247
485.027	104.93
370.669	296.911
322.2	360.033
276.101	153.363
85.7763	492.366
176.769	139.508
235.983	249.191
276.755	479.37
231.642	105.373
97.7075	322.343
373.111	22.7502
58.1566	28.6616
383.52	5.2846
72.8147	364.643
326.664	20.5549
188.593	31.7474
72.2048	423.317
274.84	417.017
166.464	346.229
187.895	251.15
375.371	103.422
129.39	457.158
122.994	420.592
249.805	486.56
444.781	278.607
245.963	178.384
311.123	465.689
33.9408	150.579
27.0187	332.521
25	25
190.537	310.718
25	25
261.759	400.731
43.7862	309.381
40.112	490.414
22.2975	47.2917
384.717	77.9415
25	25
445.37	290.085
431.614	147.479
143.518	327.789
48.8635	100.702
20.9887	102.906
353.632	120.903
472.957	333.701
492.008	193.289
377.487	300.165
123.97	403.656
438.899	204.303
41.9684	432.375
25	25
208.091	384.498
25	25
25	25
280.249	474.736
25	25
315.842	427.486
61.1524	492.149
358.588	277.221
458.959	183.854
206.971	454.297
25	25
467.565	202.574
377.61	344.302
272.903	31.4408
53.8377	1.06691
10.0113	152.822
389.814	29.0402
384.972	192.675
25	25
40.729	29.0994
389.49	205.721
40.9486	59.8058
98.9829	306.01
139.02	406.104
310.55	463.463
59.0314	109.34
25	25
104.56	366.532
25	25
194.974	382.94
25	25
336.62	25.0152
328.057	425.147
177.926	314.767
104.154	407.856
2.75244	46.6025
285.297	475.072
379.099	35.9699
25	25
199.992	159.943
354.86	220.786
25	25
490.796	139.024
168.545	150.503
48.1999	184.813
67.3676	171.552
220.286	329.58
348.469	2.17955
190.19	12.4915
329.762	192.815
25	25
273.412	402.418
140.542	4.0257
247.767	339.991
400.835	212.307
273.954	437.08
453.781	5.38631
161.384	24.9991
143.406	441.868
129.478	43.4068
200.663	145.579
277.549	233.617
339.08	242.029
297.235	391.884
223.607	169.857
25	25
475.963	170.887
2.50348	413.629
478.537	239.724
54.8139	130.735
298.773	41.2951
402.09	275.915
25	25
253.71	489.201
7.36327	300.888
310.154	199.06
365.968	190.289
25	25
205.601	476.843
401.626	335.833
49.4914	194.463
301.257	497.585
80.0272	157.792
68.4919	389.638
262.556	359
439.936	97.2966
324.115	198.058
442.848	166.864
67.4204	417.393
25	25
491.471	157.737
257.778	111.44
224.256	420.413
105.279	443.002
123.135	347.337
25	25
494.774	102
420.916	270.408
383.809	202.702
326.71	118.777
263.605	89.4158
208.721	187.897
25	25
478.603	139.281
105.611	479.198
434.302	268.321
2.06299	120.908
172.454	22.4583
452.394	129.68
122.578	387.216
208.707	237.565
182.572	360.056
233.164	495.817
464.139	179.228
325.558	342.358
63.5665	387.494
368.034	19.6444
361.77	333.001
142.302	64.8666
25	25
25	25
75.2263	94.1995
25	25
46.8535	439.903
25	25
404.709	146.312
84.2637	412.73
10.343	438.828
123.392	407.686
25	25
416.824	273.478
2.53015	144.009
116.493	319.55
125.298	410.054
136.106	35.9385
311.796	99.2447
214.599	365.3
236.753	178.775
224.503	394.207
424.976	114.857
25	25
219.483	271.339
90.6936	402.69
131.954	422.249
332.876	132.398
47.6516	327.558
159.802	301.723
373.889	182.957
218.756	222.542
25	25
467.582	118.652
213.572	376.166
33.9159	436.092
18.7362	467.342
333.524	232.217
359.435	115.293
446.967	163.342
25	25
16.4355	17.9366
222.814	399.898
405.823	337.859
25	25
81.4445	315.446
206.806	30.4311
170.285	101.784
192.539	268.623
199.471	351.386
320.86	186.777
6.19124	458.315
249.449	343.491
411.601	291.125
455.86	138.688
335.532	224.079
25	25
112.254	410.79
107.961	377.678
26.9152	461.887
431.122	284.538
199.825	358.693
25	25
424.413	319.516
241.109	138.741
413.919	104.033
25.2152	77.1143
292.309	78.1308
59.0241	151.87
338.689	125.887
191.183	305.534
238.974	450.075
234.329	131.352
358.193	207.467
85.3449	345.576
264.211	232.71
383.968	300.019
312.042	365.289
75.0594	321.854
238.964	90.4155
25	25
103.728	454.999
449.419	241.215
225.716	292.861
358.098	257.366
438.572	172.79
45.9048	166.316
204.473	323.832
248.047	275.001
57.0454	362.151
249.288	344.831
452.864	95.0188
417.009	204.263
474.588	249.51
197.905	333.307
231.267	460.485
40.0989	147.908
46.7143	309.149
354.815	261.59
55.4988	434.987
25	25
64.0056	26.0106
26.4464	321.035
370.296	258.81
497.758	115.266
25	25
385.519	54.9113
35.5672	98.7755
345.481	223.435
266.638	404.25
349.091	136.679
497.798	207.47
311.644	456.276
468.744	1.07239
170.73	209.904
25	25
25	25
328.744	382.37
350.512	348.24
459.127	247.227
25	25
25	25
395.267	146.157
119.444	475.216
93.3628	319.391
282.44	45.9478
25	25
43.1492	103.853
342.163	250.709
132.032	351.621
309.375	364.794
349.436	44.3237
192.433	123.082
58.2123	430.361
494.191	1.06227
498.421	48.0812
202.508	497.726
495.969	98.1681
25	25
251.822	161.883
369.103	253.822
474.701	69.4156
454.277	289.672
25	25
25.464	403.035
136.684	333.034
440.657	239.783
5.99266	142.545
284.007	141.374
496.671	75.1932
7.34844	128.746
393.925	319.004
230.569	217.807
445.235	43.5263
471.144	142.984
195.556	12.9339
360.949	343.974
25	25
179.721	295.457
483.228	147.431
3.29083	19.8868
185.899	499.107
383.691	103.238
164.344	14.1111
430.794	232.312
423.707	128.235
176.449	141.034
96.9963	364.474
25	25
216.957	93.8106
25	25
25	25
325.844	144.789
343.509	17.9143
389.504	140.47
152.56	445.535
173.225	64.3201
214.472	363.915
495.651	6.19687
355.466	20.1285
25	25
231.235	468.566
267.996	357.017
399.121	293.002
23.2051	199.649
249.013	423.329
200.075	361.07
83.312	162.066
179.963	60.8488
156.21	13.7207
337.611	327.645
192.025	302.448
419.433	238.475
256.283	355.498
468.241	1.92753
220.735	364.042
365.214	64.2678
459.395	45.9764
446.271	270.132
181.809	364.45
203.874	454.482
25	25
194.093	68.2596
473.987	135.388
478.583	181.676
33.0075	376.981
122.111	75.4311
163.28	428.85
238.786	84.1479
23.7506	158.792
370.798	202.263
33.7118	64.7923
83.203	139.789
50.4077	55.1845
149.44	58.9703
269.836	50.8953
409.278	268.287
25	25
262.93	113.637
174.272	24.6136
334.476	11.7509
262.159	186.02
234.212	84.3684
492.563	224.108
72.9236	72.2336
330.126	96.4228
25	25
117.829	377.652
433.328	215.604
112.858	322.866
11.0342	181.957
499.185	312.099
379.805	67.2578
147.363	313.497
266.588	350.929
144.137	474.262
282.297	242.207
329.581	375.69
425.057	307.702
280.592	433.463
22.1084	115.15
304.741	377.348
153.432	317.205
157.764	38.5432
79.0844	473.299
127.393	77.9923
364.483	26.5102
243.502	417.607
25	25
372.592	58.629
211.709	50.2056
392.547	38.6349
497.944	256.991
25	25
470.391	37.3686
97.562	123.136
272.9	145.525
25	25
346.113	117.157
86.9191	390.046
438.884	186.081
223.016	443.053
402.857	239.207
353.224	218.892
79.6887	471.594
359.749	325.531
25	25
315.686	414.216
96.3689	168.49
92.59	99.4095
214.562	384.875
172.617	451.243
95.8791	358.966
23.0383	361.649
168.437	31.3809
165.284	171.899
250.266	487.02
12.9482	97.5523
377.091	336.435
382.298	177.681
25	25
6.03877	100.942
294.719	341.785
234.768	417.784
25	25
395.971	34.9836
181.792	167.138
3.45244	49.2489
25	25
275.485	475.804
107.808	76.3145
25	25
244.543	165.873
205.006	239.441
25	25
11.244	322.541
489.354	139.581
25	25
121.562	56.9007
108.706	428.719
25.287	126.455
213.042	40.0461
351.555	64.2065
401.334	174.449
100.759	30.4797
193.213	9.10883
25	25
314.86	458.428
338.81	335.665
25	25
246.926	165.59
477.188	84.6084
71.4837	343.949
60.7627	41.2536
173.765	383.546
264.54	6.08359
128.933	64.08
6.06933	92.0419
137.346	454.45
412.915	97.6649
354.358	42.1904
170.11	416.217
334.14	317.157
151.149	496.847
383.728	333.379
291.473	450.527
25	25
13.18	104.687
97.0558	57.5788
166.146	6.9263
282.148	401.881
246.336	174.488
365.167	51.9555
343.118	142.387
25	25
25	25
300.429	94.5903
352.928	71.2537
97.7012	27.7914
143.613	49.1303
492.84	213.226
25	25
192.084	110.731
353.311	298.736
277.165	494.266
104.289	362.384
389.227	298.394
124.865	417.789
321.616	238.835
288.78	166.495
25	25
25	25
30.6638	304.47
414.185	161.115
80.8882	126.567
25	25
35.5759	142.046
499.019	269.603
324.796	50.6796
113.796	413.929
386.909	95.458
374.545	255.308
236.909	471.448
384.228	344.166
459.694	232.796
173.347	460.445
295.502	224.007
151.344	381.708
223.362	202.192
434.475	15.8877
361.198	296.894
174.356	78.5913
49.8316	435.653
497.131	26.8031
25	25
155.721	31.5268
64.9002	480.188
361.52	43.6987
126.531	430.347
25	25
12.7213	153.607
7.48274	155.402
76.0679	428.119
25	25
96.1494	88.9662
160.748	361.508
255.741	57.4572
170.474	498.372
406.629	295.298
320.36	193.751
296.887	454.32
380.608	259.632
25	25
166.691	230.917
461.657	229.804
226.406	345.965
209.132	362.665
318.221	111.047
465.417	80.1488
493.468	6.62834
309.597	84.8072
93.3115	331.078
314.931	75.8287
350.1	310.734
57.8887	300.741
468.096	153.09
216.155	8.97756
341.343	2.7062
25	25
54.2985	476.909
298.778	429.911
103.71	28.7055
495.957	332.818
25	25
393.153	93.965
269.036	390.742
290.709	184.908
219.027	91.8998
430.197	318.676
25	25
60.4714	130.18
458.431	300.664
280.813	116.119
172.688	356.765
346.542	223.949
60.2951	339.404
25	25
79.734	347.974
459.653	230.624
40.657	75.2246
385.695	297.961
25	25
268.167	470.796
25	25
410.336	344.308
15.9657	195.77
31.6653	125.382
218.846	4.54551
366.468	134.888
25	25
48.8797	435.383
375.896	69.7243
4.28535	380.569
50.2927	23.9917
38.5567	91.0342
233.212	329.22
91.9169	395.872
31.8285	49.8817
25	25
7.02174	170.588
193.128	419.805
1.6102	406.693
255.392	22.3706
309.39	138.2
318.14	150.927
433.698	143.885
344.778	294.925
304.944	350.849
120.968	443.975
131.227	361.437
304.726	110.675
186.101	151.855
233.236	50.5165
390.355	326.122
25	25
353.294	171.812
157.1	321.533
65.8367	143.434
328.227	239.292
387.34	344.17
462.009	248.798
170.192	288.614
457.189	221.19
258.329	174.801
278.77	367.946
118.672	401.31
25	25
120.163	444.577
62.7609	193.243
442.184	166.25
443.454	114.834
218.851	321.977
206.31	397.304
25	25
32.2539	194.664
69.041	29.2166
76.4423	84.8574
225.024	202.914
410.465	222.22
25	25
164.052	14.995
270.012	373.44
260.182	237.457
153.316	71.693
25	25
50.2174	368.405
479.69	66.0341
53.3137	142.169
309.678	183.815
52.8468	112.802
167.412	126.08
399.083	103.066
282.876	442.226
214.518	293.96
353.987	133.862
385.457	207.2
309.331	77.4518
16.0138	76.7613
6.77805	306.405
428.737	282.192
259.874	25.1829
25	25
55.3604	312.945
452.278	104.392
84.8939	357.694
18.5562	421.153
222.196	17.4306
205.32	97.4355
286.727	212.136
126.428	420.606
296.453	425.893
432.103	13.8136
172.632	117.41
476.722	56.6663
157.49	383.66
25	25
25	25
447.365	334.595
380.242	222.053
419.712	292.174
15.7218	482.326
293.211	187.728
25	25
366.051	167.873
206.316	198.801
140.637	56.3022
261.066	391.363
199.409	234.353
188.601	335.696
480.761	340.742
26.4516	112.066
400.324	164.775
371.707	216.676
236.997	148.318
116.906	12.9862
93.313	145.225
109.903	416.676
426.71	336.786
52.8744	331.621
83.0607	31.4548
199.896	363.828
308.698	350.513
234.686	440.913
2.86167	363.913
125.075	442.423
202.375	488.473
328.272	358.622
44.1151	416.363
260.174	39.0129
25	25
25	25
266.258	435.228
25	25
21.7194	44.3567
426.228	79.5072
490.477	67.3676
49.5922	429.935
392.993	262.137
406.365	166.567
25	25
426.428	86.0859
319.796	121.921
25	25
43.5646	407.129
323.699	159.651
92.6269	24.2955
306.258	99.7899
25	25
25	25
7.1045	8.36742
304.557	10.7919
419.69	41.55
171.644	340.997
25	25
249.849	80.0232
475.847	17.4174
228.58	138.705
80.9209	468.448
317.558	114.989
198.832	27.198
88.2513	334.268
94.4664	76.2468
1.60066	438.822
162.261	41.5177
425.852	47.4597
81.8621	394.698
462.202	117.27
1.24303	339.869
25	25
406.408	82.1158
25	25
25	25
283.887	453.974
467.796	3.487
25	25
241.892	410.277
25	25
25	25
78.7003	320.872
146.91	39.3948
15.2968	88.9964
57.6835	89.5334
1.21989	1.50239
176.158	57.0291
108.131	465.398
476.698	99.2042
6.35574	66.902
275.853	156.227
25	25
25	25
25	25
483.3	284.404
285.77	126.652
273.13	116.085
271.709	371.289
25	25
65.9008	14.5539
147.671	489.638
131.991	67.0273
422.206	28.3771
420.229	308.895
256.633	177.301
25	25
25	25
84.8737	54.8437
312.71	136.765
409.31	208.141
465.992	303.933
304.207	9.11123
25	25
257.344	238.526
272.555	49.5826
219.074	180.785
25	25
152.388	448.109
397.416	226.174
165.214	493.062
233.195	187.994
278.003	376.909
208.836	379.548
41.906	496.283
336.651	170.885
172.477	183.896
336.439	226.27
110.009	323.978
133.434	496.163
329.31	218.942
360.548	193.914
183.77	123.45
397.878	200.413
329.788	3.26611
203.599	445.779
432.053	36.9987
38.2535	76.2481
25	25
37.2978	395.935
51.512	420.804
186.89	205.994
197.768	138.515
84.8746	442.426
166.288	258.46
460.989	83.2701
395.607	23.8144
346.659	242.952
126.203	45.371
86.4867	465.434
165.716	174.69
383.821	146.309
282.304	183.536
431.637	161.784
178.762	400.27
456.938	251.599
226.941	88.6819
466.404	255.277
315.811	123.909
179.663	79.8699
420.961	193.78
479.004	307.534
222.707	248.692
180.763	495.575
31.771	181.747
15.5337	183.429
4.7997	121.271
301.708	134.641
227.472	161.475
0.042639	167.649
98.0899	424.318
25	25
271.489	174.678
396.263	191.511
442.109	289.219
25	25
145.599	47.3385
148.459	32.5528
25	25
25	25
215.929	338.633
235.431	175.367
267.543	150.459
236.231	342.061
18.6574	148.465
187.773	332.395
202.625	54.9844
218.491	65.1502
245.32	108.01
373.86	96.9666
25	25
16.8811	392.753
471.767	243.503
44.2121	462.507
456.074	188.291
226.73	428.662
237.956	236.331
469.264	64.9564
449.869	252.37
25	25
188.942	456.344
25.9802	394.205
417.643	247.679
225.712	493.558
168.466	200.305
40.2736	134.846
25	25
84.3274	190.982
195.727	211.513
178.825	410.071
367.45	114.797
2.41998	86.8217
106.124	415.161
321.137	412.633
25	25
249.564	68.6415
207.195	316.743
344.451	124.082
22.1562	140.303
204.901	488.105
191.783	111.459
19.8909	474.211
88.7113	99.599
480.242	33.997
240.605	370.277
45.2665	423.615
496.281	260.451
361.948	312.634
213.531	482.411
398.38	346.59
25	25
25	25
48.6515	143.693
64.7246	82.4301
247.015	350.978
25	25
488.597	176.01
201.152	469.819
202.425	164.325
429.186	176.289
339.955	55.4019
145.261	12.9701
258.732	47.7132
485.537	203.143
251.486	28.6909
417.068	213.801
353.903	105.073
144.683	93.0445
250.493	83.5415
424.505	318.147
348.08	299.976
25	25
455.966	111.353
493.754	40.0096
489.658	223.866
459.846	335.703
242.925	233.264
242.238	254.059
188.364	163.324
318.047	437.396
173.767	255.67
262.244	233.248
25	25
254.973	223.851
111.357	377.291
171.751	274.266
183.422	218.324
20.767	354.718
293.266	216.504
25	25
454.453	31.7814
373.283	329.894
223.349	393.961
97.1717	378.116
56.4336	386.243
25	25
222.738	469.226
256.871	31.4289
176.805	287.146
226.469	441.816
25	25
330.224	471.39
251.821	213.018
25	25
253.796	52.1149
38.1426	421.472
371.682	25.9218
1.49188	454.027
169.33	58.6606
312.51	90.5047
334.36	62.6753
262.359	137.857
172.692	319.532
278.695	456.367
103.044	461.397
496.989	172.836
347.049	122.571
11.5577	413.734
236.226	139.748
381.329	78.3036
395.47	255.669
426.783	336.506
349.594	36.0887
418.725	28.4308
62.6304	127.144
163.2	62.8422
173.993	323.323
11.4244	457.836
83.2011	381.676
150.025	400.925
127.84	434.272
291.759	59.2526
16.6525	140.622
236.191	218.737
25	25
163.143	44.6565
323.738	341.341
455.09	331.993
63.645	466.885
239.736	464.492
90.7495	6.62251
223.211	102.185
229.896	278.92
25	25
95.1052	7.75006
38.0807	12.3579
25	25
281.19	389.518
190.225	249.488
450.302	22.2909
101.648	47.8264
348.884	85.483
182.981	478.476
194.008	14.9535
25	25
247.453	244.415
99.6853	15.9415
321.379	479.555
170.039	25.8062
25	25
282.504	185.592
444.9	294.116
57.8724	22.2448
250.913	421.746
201.695	425.218
347.253	269.96
25	25
343.595	282.067
260.11	229.679
241.513	420.514
199.482	470.112
256.786	239.704
258.979	194.659
382.152	82.8161
486.266	18.7225
25	25
304.13	214.195
479.482	185.45
59.3615	480.388
237.553	443.125
324.313	244.696
38.1943	20.0102
61.6432	391.136
283.342	446.733
136.218	391.468
265.999	434.81
494.842	125.794
25	25
124.651	95.0536
469.645	296.447
103.14	484.044
25	25
228.983	73.806
317.189	399.454
45.6312	83.7204
491.856	151.121
117.925	27.7001
459.325	309.818
12.1919	43.5818
38.8538	13.1553
193.038	215.743
385.376	244.821
235.208	271.461
40.6368	162.62
136.011	65.0752
31.2919	442.167
424.82	284.765
53.3009	81.8889
449.766	178.858
384.146	250.175
85.0379	124.336
164.087	97.9806
119.628	420.701
483.734	89.0227
25	25
287.336	126.712
489.701	197.294
411.356	326.945
330.21	455.837
248.841	110.969
76.1568	126.429
290.89	231.882
158.502	96.5005
93.7478	462.549
132.801	98.0703
443.322	281.314
167.012	378.159
297.286	192.169
483.612	267.154
299.781	73.1725
317.063	400.684
54.2535	88.4102
439.782	181.52
19.4702	309.605
171.645	384.22
282.325	337.047
76.8006	342.53
229.564	54.7835
426.401	295.552
300.535	408.587
108.585	42.5414
52.1067	72.9614
455.597	75.3308
147.433	486.691
25	25
340.942	206.001
358.978	256.258
493.215	156.17
305.114	95.4874
165.219	64.5871
221.453	420.723
95.5479	341.333
336.808	242.814
333.673	335.417
450.808	318.562
0.0364686	55.7995
63.1081	431.465
25	25
185.103	58.101
167.383	297.519
235.709	108.191
233.143	64.651
25	25
280.194	105.307
247.419	208.409
181.847	103.522
164.106	337.424
25	25
465.233	95.6577
25	25
25	25
144.927	365.487
389.975	69.8255
245.93	350.253
415.78	301.729
271.566	232.262
25	25
200.275	207.311
418.545	135.203
448.814	77.665
106.654	16.0558
25	25
329.357	407.46
20.6046	427.493
493.033	311.466
223.938	465.751
90.0474	382.9
483.044	0.810577
133.247	334.035
50.5457	51.9624
79.7298	320.898
356.526	96.8766
168.045	199.526
57.9381	303.203
25	25
137.448	27.7852
25	25
317.523	172.468
249.692	37.8424
323.212	471.752
10.2446	391.741
312.958	135.007
45.1487	53.8107
162.757	416.895
25	25
231.881	259.046
434.201	195.262
253.239	495.818
25	25
34.8188	337.117
25	25
376.866	207.901
295.488	234.924
293.906	168.367
244.137	191.408
386.19	286.055
396.324	22.2688
25	25
62.8496	7.01655
284.409	13.782
57.2737	381.345
25	25
200.373	127.789
1.25515	138.352
92.4547	315.957
25	25
25	25
229.043	67.8022
149.147	484.262
198.043	338.083
266.553	153.592
424.062	314.126
168.992	83.181
376.615	13.4971
495.514	328.085
413.779	283.74
3.79521	380.23
348.876	109.908
98.0887	98.1284
39.4015	395.554
392.859	9.51079
412.432	15.7906
216.694	198.294
453.666	222.375
25	25
190.539	493.006
41.3611	76.4443
123.743	317.358
33.8572	63.7611
171.86	127.113
25	25
195.777	282.724
351.701	229.778
49.872	474.174
25	25
48.5528	193.437
217.984	240.28
160.416	337.239
91.861	149.43
98.8377	167.365
316.466	101.202
483.649	277.308
221.335	246.226
209.57	67.3846
220.079	123.286
456.641	203.824
322.985	161.272
250.826	34.0856
400.644	237.63
225.793	33.7262
468.174	17.352
360.713	214.502
188.808	290.206
54.6698	173.138
478.009	343.936
393.496	59.08
256.626	487.669
222.638	485.027
245.59	272.483
179.54	167.933
45.0396	344.417
398.457	216.499
25	25
491.672	319.155
165.923	129.358
303.202	43.1146
280.482	103.399
237.657	23.7216
170.761	19.9753
69.8451	181.747
478.459	74.9348
25	25
237.159	144.138
118.069	98.6881
460.837	155.177
14.6348	488.858
62.2671	1.51513
494.833	287.925
453.82	324.131
380.565	20.6302
44.1341	496.813
207.326	183.621
493.892	178.524
89.7172	429.248
383.159	253.428
490.165	344.678
25	25
356.621	51.7485
372.535	136.998
0.941514	13.5563
499.15	298.279
140.074	450.242
102.087	73.2084
278.038	206.753
25	25
179.31	364.549
84.2731	361.253
313.717	383.207
45.3401	392.55
148.254	453.408
97.7755	55.6852
260.346	28.8874
186.343	38.8376
310.6	208.322
28.0746	459.872
25	25
450.917	98.0028
304.303	179.356
381.029	107.132
25	25
339.945	133.23
388.483	290.773
319.942	128.564
87.4356	410.888
427.582	88.8438
127.233	97.6196
25	25
410.676	274.112
25	25
400.778	32.4143
225.125	473.674
386.253	70.6357
25	25
55.5756	190.063
87.1751	126.37
5.11208	171.306
111.829	429.257
264.021	210.193
388.993	199.385
25	25
481.43	177.536
40.6804	183.318
55.4114	190.137
266.347	242.149
347.601	207.209
96.3379	489.26
128.613	26.7506
29.5627	8.8572
410.743	347.764
45.7127	138.774
106.631	471.991
454.006	262.052
370.284	280.556
25	25
162.574	23.9833
384.83	302.147
420.429	303.205
318.378	438.051
212.256	99.0873
225.135	101.115
15.3582	169.869
112.262	96.4712
361.672	58.5697
25	25
242.242	423.054
277.583	351.697
129.302	339.001
439.313	270.259
401.283	300.615
344.097	209.369
25	25
191.407	218.777
270.353	143.62
89.4347	193.322
474.239	128.521
25	25
45.6411	66.7919
101.986	30.1104
248.942	327.625
65.9374	499.079
321.196	220.036
25	25
212.733	360.719
25	25
25	25
286.718	346.451
401.968	83.8135
336.799	118.174
469.127	88.5057
25	25
49.2191	455.974
497.8	291.604
197.318	372.751
208.204	238.932
25	25
312.008	444.127
228.645	230.111
377.688	245.093
25	25
105.146	458.808
470.759	230.972
53.6892	69.1121
156.638	5.55014
