Saved a vector of rrt <nodes> points.
X	Y
25	975
34.2697	971.249
35.8206	961.37
38.5403	951.747
48.5244	951.183
48.2704	941.186
54.9521	933.746
64.8225	932.141
73.7499	927.635
81.8531	921.775
91.8512	921.966
92.6811	912.001
94.6417	902.195
104.532	900.721
114.36	898.874
113.343	888.926
112.326	878.977
117.547	870.449
123.662	902.546
117.2	860.455
126.087	855.87
123.785	846.138
130.632	838.851
136.903	831.061
134.175	821.441
140.619	813.794
145.706	805.185
148.968	795.732
157.801	791.043
156.093	781.19
164.829	776.324
150.388	772.977
149.351	763.031
172.157	769.519
177.891	761.327
186.843	756.87
165.966	796.817
175.103	800.881
147.689	753.17
146.292	743.268
184.832	803.194
190.675	811.309
136.484	745.217
194.56	750.51
196.951	740.8
204.005	733.712
208.764	724.917
214.377	716.641
211.737	706.996
216.714	698.323
213.976	688.705
176.129	808.119
207.937	680.734
213.651	672.528
222.677	668.223
133.542	735.66
226.355	658.924
206.935	665.119
204.476	655.426
184.923	812.878
171.29	816.87
204.355	645.427
201.577	635.821
198.8	626.214
226.162	701.599
192.131	618.763
182.495	616.09
235.362	654.58
175.48	608.963
245.359	654.329
252.898	647.759
177.434	599.156
180.244	589.559
262.893	648.091
177.592	579.917
174.941	570.275
272.415	651.143
282.286	649.539
288.862	642.005
293.479	633.135
179.808	822.109
177.996	560.753
302.08	628.035
310.434	633.532
319.411	629.126
320.668	619.205
182.177	831.824
330.232	616.284
175.579	551.049
165.622	610.645
172.755	541.456
170.005	531.842
171.03	521.895
167.157	512.675
338.818	621.41
172.545	834.512
164.358	503.075
348.406	618.569
356.859	613.225
175.426	608.673
161.56	493.474
185.379	549.058
360.978	604.113
158.761	483.874
155.963	474.273
157.181	513.375
366.832	596.006
372.205	587.571
373.022	577.605
382.947	576.376
392.938	576.794
400.683	583.119
159.757	465.021
156.566	455.544
410.57	581.617
417.992	574.915
427.456	578.144
181.287	839.368
420.688	565.285
425.185	556.353
153.644	445.981
433.694	551.1
443.672	550.435
427.708	543.089
367.646	569.173
150.722	436.417
147.799	426.854
451.056	543.692
459.221	537.919
153.664	418.754
150.142	409.395
151.149	399.446
159.457	393.881
155.797	384.574
468.861	540.58
478.353	543.727
488.322	544.51
497.015	549.453
146.982	379.852
151.121	370.748
165.659	518.679
493.037	535.691
147.694	361.354
176.385	848.085
505.257	555.115
513.238	561.141
498.458	527.288
504.036	518.988
523.201	561.994
501.367	509.35
144.267	351.959
532.256	566.238
138.484	430.491
147.254	342.416
540.432	571.996
145.278	451.458
547.192	579.365
557.191	579.201
142.632	333.547
565.247	585.126
508.252	502.098
572.919	578.712
580.757	572.502
587.546	579.844
595.432	573.695
139.07	324.203
142.597	314.846
184.56	853.845
599.501	564.56
138.837	305.58
609.057	561.614
612.02	552.063
169.065	841.272
194.111	850.885
135.078	296.313
593.982	587.498
514.431	494.235
203.567	854.14
156.051	521.453
131.318	287.047
599.189	596.035
171.743	526.615
606.048	603.312
135.205	277.833
510.51	485.036
622.012	552.486
606.942	613.272
160.026	836.994
514.525	475.878
628.077	544.536
131.209	268.666
151.105	832.476
147.166	823.285
137.17	823.005
524.51	476.432
637.891	546.453
129.325	258.845
647.837	545.408
125.251	249.713
184.855	863.841
120.263	241.045
116.229	231.895
145.227	840.567
112.194	222.745
108.159	213.596
499.274	506.501
657.82	544.837
529.125	467.561
664.949	537.824
212.144	848.999
490.797	501.196
111.428	204.145
537.953	462.863
174.89	864.672
118.293	196.874
669.892	529.131
538.085	452.864
171.096	536.594
126.746	191.53
676.377	521.519
610.441	622.64
483.654	508.194
606.151	631.673
606.676	641.66
121.532	182.997
112.747	178.22
606.593	651.659
685.694	517.886
604.362	661.407
600.297	670.544
180.2	521.279
107.777	169.542
145.073	296.002
124.09	293.957
221.803	851.589
613.459	665.559
694.652	522.33
474.433	504.324
231.426	848.866
136.47	193.862
547.103	448.543
149.812	813.641
596.458	679.778
668.215	536.37
601.234	688.564
115.52	299.11
702.826	516.569
710.864	522.518
620.723	672.432
716.864	514.518
725.116	508.87
629.861	676.492
729.443	499.855
739.043	502.655
186.673	873.674
241.152	846.544
250.968	848.455
551.188	439.416
639.178	680.126
189.549	524.828
744.055	494.002
102.807	160.865
745.23	484.071
604.895	614.318
752.614	477.328
142.247	807.101
594.428	682.898
757.819	468.789
466.754	510.73
168.11	872.022
757.902	458.789
132.46	809.153
599.314	698.378
93.3442	157.632
123.431	804.853
590.658	703.385
107.046	304.42
546.628	430.516
160.188	878.126
148.031	798.943
763.53	450.524
88.7636	148.743
647.756	685.266
660.044	542.134
538.852	424.228
541.808	414.674
174.663	545.937
84.1831	139.854
79.6025	130.964
764.444	440.565
543.758	404.866
766.257	430.731
585.048	711.663
536.241	398.271
584.844	721.661
75.022	122.075
70.4415	113.186
773.474	451.586
772.474	422.898
114.875	810.028
539.036	388.67
654.377	692.76
65.8609	104.297
61.2804	95.4075
526.68	395.338
774.433	413.092
575.33	709.305
769.616	404.329
543.047	379.509
752.984	498.504
70.7178	92.1009
662.721	698.271
643.518	671.117
146.421	192.874
581.522	731.093
185.287	883.578
784.407	413.813
672.721	698.302
678.931	706.14
123.868	809.612
155.745	189.259
165.117	548.917
572.255	734.85
768.434	394.399
793.468	409.581
652.564	666.854
688.529	708.946
164.315	184.107
101.169	312.511
56.6998	86.5183
52.1193	77.629
803.188	407.231
563.884	740.321
457.711	506.463
698.129	706.147
77.0318	84.3463
552.105	375.273
656.779	532.682
171.775	177.447
767.158	384.481
705.388	713.026
180.221	182.801
715.27	714.554
450.747	513.64
160.497	888.121
552.899	365.305
90.0928	167.089
560.274	358.552
47.5387	68.7398
451.126	498.937
558.232	348.763
724.749	711.369
161.012	539.799
445.572	522.197
151.648	536.29
734.749	711.32
189.928	180.398
110.066	818.796
807.675	398.294
443.548	492.412
141.809	538.078
809.927	388.551
740.775	719.301
47.5525	58.7398
196.528	172.884
41.9954	50.4261
199.031	163.203
156.843	794.216
518.896	389.061
750.459	721.793
166.141	790.535
439.944	530.463
762.114	375.846
759.662	717.879
159.265	803.918
94.5174	319.978
560.377	338.995
560.243	749.635
195.853	188.454
206.848	156.965
564.516	329.892
215.302	151.625
748.444	731.588
89.5086	129.597
816.891	381.374
194.802	880.499
102.702	825.562
820.078	371.896
224.959	154.22
508.971	387.839
173.84	553.807
769.258	715.067
567.775	320.438
434.995	487.231
200.822	888.483
133.095	542.983
161.705	558.317
531.282	404.217
429.995	531.467
556.314	758.831
80.2494	168.852
559.245	315.218
778.544	718.777
87.0418	313.336
227.25	144.486
825.528	386.414
820.034	361.896
119.523	800.606
557.545	768.755
202.603	898.323
817.036	352.356
783.239	727.606
551.569	308.809
110.527	796.238
90.9389	329.316
425.086	485.886
199.838	197.625
551.047	298.823
467.353	509.114
785.485	711.578
546.387	760.034
822.389	343.909
208.682	202.292
159.497	783.637
538.659	766.38
425.354	540.325
818.55	334.676
553.585	289.15
128.916	804.036
653.027	676.843
556.96	279.737
788.371	736.189
561.503	777.938
791.721	745.611
529.002	763.781
555.796	269.804
198.739	907.547
792.74	755.559
182.493	548.794
420.634	549.141
422.451	558.975
758.78	389.941
823.171	325.807
421.438	568.923
71.061	164.905
419.526	477.574
160.552	568.25
236.512	140.716
409.867	480.163
801.327	760.684
244.979	135.395
536.534	776.151
499.528	384.548
123.31	545.046
739.374	735.799
475.605	514.762
828.475	317.33
833.985	308.985
563.075	787.814
114.703	539.955
104.705	540.156
554.434	741.495
835.465	387.535
176.132	790.971
519.006	763.516
482.564	521.943
843.938	392.846
57.5525	58.757
88.9761	303.525
253.454	130.089
93.0039	828
830.9	299.473
98.8024	548.228
845.159	402.771
537.547	412.011
814.113	321.57
192.293	550.782
853.852	407.713
67.536	58.1822
568.783	796.024
569.932	747.159
199.787	557.404
805.546	769.75
566.543	805.77
400.782	484.344
416.726	488.642
83.0765	826.798
259.803	122.362
179.623	539.214
88.971	173.744
95.5305	125.207
571.316	814.557
50.611	51.5587
209.549	883.599
748.793	390.449
75.4934	52.1258
419.647	578.761
828.53	289.758
832.298	280.495
800.878	778.594
193.982	205.732
848.613	416.231
553.427	731.545
567.296	823.714
660.759	670.503
760.479	399.795
736.016	745.219
93.3903	339.011
491.307	526.796
440.511	478.89
204.504	566.221
184.789	785.965
189.778	911.985
413.915	586.956
84.8171	48.5108
815.449	771.138
800.66	788.591
212.085	901.5
212.396	211.576
76.6265	156.597
824.287	775.816
269.732	123.551
509.011	763.192
856.178	422.771
824.497	274.238
656.712	661.358
574.578	830.568
492.885	536.671
655.968	661.643
557.665	259.981
835.79	406.269
501.876	756.186
221.046	905.938
573.072	840.454
553.632	250.83
739.099	387.994
810.914	365.997
834.283	775.519
431.542	545.467
182.759	919.108
838.089	784.766
556.251	241.179
427.883	584.432
731.454	381.549
830.395	266.163
855.422	432.742
172.799	918.222
848.087	784.953
855.749	778.528
228.815	912.234
74.3466	831.675
187.713	776.402
116.631	530.143
62.0588	160.551
562.986	233.787
754.597	407.882
278.415	118.59
816.206	268.647
496.444	394.06
238.153	908.656
571.102	227.945
151.69	787.364
500.819	542.758
211.432	221.53
190.798	766.89
71.4579	841.249
567.154	848.514
812.266	259.456
863.841	784.404
646.125	659.878
494.127	762.508
206.831	230.408
91.3528	554.899
723.739	387.912
574.537	218.553
149.627	777.579
491.584	378.474
407.298	594.453
394.714	476.395
797.789	746.928
285.841	125.286
843.932	307.951
164.575	923.912
154.744	576.391
859.894	441.687
147.084	767.908
559.776	855.265
485.801	370.316
292.835	118.139
175.677	530.026
488.575	541.16
157.621	931.098
797.41	798.048
94.655	46.7175
553.003	862.622
864.938	794.343
547.02	237.333
544.862	868.429
390.746	467.216
208.976	575.165
581.883	211.768
588.881	204.626
580.737	846.876
585.041	195.392
580.252	186.614
91.1792	564.898
839.073	769.94
813.023	249.485
62.0973	837.731
713.784	386.967
860.053	769.501
839.516	262.065
408.292	604.403
545.891	406.5
187.603	915.489
590.242	849.982
95.0115	295.552
221.329	222.966
854.421	450.057
168.237	909.323
404.971	613.836
567.134	263.196
199.275	543.623
301.642	113.402
814.228	239.558
81.6442	816.901
104.571	45.4242
387.472	457.768
588.586	181.087
721.374	380.098
594.586	173.087
247.565	905.278
52.2603	835.932
231.594	921.84
149.601	797.143
576.96	265.053
191.407	756.908
178.658	520.48
845.59	434.564
537.049	236.576
750.557	417.03
546.936	878.212
200.521	769.228
399.781	587.858
378.657	453.046
476.208	373.14
706.764	394.089
870	768.474
537.044	879.681
868.974	803.493
874.431	811.873
809.225	230.899
547.508	396.632
868.842	446.151
399.317	622.084
581.917	273.738
396.024	609.369
86.8261	346.555
392.336	486.108
527.13	235.301
484.29	764.307
467.836	367.672
148.946	926.123
597.072	857.287
872.983	455.253
848.848	458.359
75.5102	44.8528
865.808	437.124
601.127	165.523
873.553	759.126
80.5566	827.189
307.122	121.767
72.6941	851.172
517.082	757.288
700.554	386.251
151.731	806.914
227.116	231.121
882.106	818.284
65.5261	45.4157
812.188	221.348
370.426	447.367
56.5953	40.9166
751.32	427.001
47.6645	36.4176
816.763	212.456
808.32	356.34
660.868	652.263
139.073	761.922
509.292	548.07
205.295	204.536
234.455	237.913
250.543	905.645
876.37	446.113
880.341	462.025
822.678	204.393
818.572	195.275
820.828	185.533
822.674	175.705
704.925	403.919
665.205	643.252
799.293	232.065
504.329	400.211
607.271	157.633
883.553	759.062
218.816	573.379
886.055	470.232
469.257	357.773
884.79	749.138
365.588	438.615
527.081	880.537
605.483	862.696
844.756	253.547
275.133	109.143
310.588	131.147
297.33	104.379
850.56	245.404
198.827	750.205
407.526	627.794
70.4641	165.968
549.567	887.86
88.6178	545.281
851.909	313.981
517.991	553.001
602.534	148.827
895.72	472.799
564.067	839.003
411.846	636.813
47.1876	827.315
904.804	476.981
67.8716	859.932
537.242	861.953
397.056	582.379
305.135	98.1289
90.265	811.833
505.629	533.991
420.763	632.288
868.686	427.547
521.761	562.263
479.427	537.12
64.6624	869.403
224.026	581.915
527.312	570.582
238.905	928.663
260.533	905.198
491.133	361.856
604.535	872.651
666.57	633.346
608.225	881.945
831.957	171.985
547.503	416.37
527.082	757.318
516.013	747.345
391.66	628.516
837.832	163.893
656.581	632.88
517.113	879.742
575.143	281.094
268.14	898.708
521.842	739.22
650.879	652.722
536.87	759.368
355.589	438.729
536.986	568.05
887.307	826.825
816.652	167.722
787.65	800.227
673.232	625.889
512.536	563.55
244.421	237.081
510.829	392.612
95.5092	345.071
271.217	99.9419
885.979	768.763
139.061	927.633
78.6279	545.729
226.133	930.217
67.4883	40.3843
861.879	314.751
598.558	207.146
113.042	50.738
105.412	346.465
617.583	878.42
809.643	258.896
595.137	841.262
884.849	836.518
89.0053	287.556
229.317	939.697
197.549	198.212
615.828	152.457
847.356	160.847
836.433	430.544
276.249	904.559
471.084	531.607
253.108	242.034
519.665	877.413
624.64	147.731
897.303	826.544
285.876	907.267
745.631	408.328
666.947	660.203
894.383	774.181
854.644	153.998
626.63	137.93
636.602	138.679
133.864	936.176
888.332	739.787
626.071	883.707
701.643	409.641
202.32	779.065
314.933	140.154
840.119	463.24
260.263	249.02
635.931	885.374
883.687	846.45
97.9105	548.975
503.002	566.564
315.018	96.601
320.744	88.4025
667.082	670.202
294.272	901.836
77.4096	555.655
57.1879	876.047
910.085	485.473
645.709	887.47
864.459	756.692
45.2328	817.507
541.878	424.637
220.124	591.123
137.594	752.032
673.723	615.901
891.832	852.252
646.515	661.72
114.237	341.763
137.377	742.034
907.243	827.639
523.295	244.536
886.883	860.941
654.464	882.637
120.71	57.1571
829.823	199.23
462.86	350.087
826.434	430.627
894.514	731.926
860.395	145.818
908.568	495.357
637.333	665.68
346.744	434.063
289.059	916.747
81.4389	294.095
326.851	80.4841
789.452	233.842
879.335	867.501
912.961	504.341
861.161	161.583
77.1438	565.651
83.9373	356.128
220.477	601.116
802.043	348.556
508.54	884.891
626.136	893.707
72.04	32.1627
499.071	881.674
230.055	603.989
513.377	245.812
506.995	253.51
546.5	564.97
261.805	103.321
868.986	140.699
494.071	890.335
527.894	580.565
878.283	144.38
80.4192	575.099
856.984	750.049
491.502	875.14
193.912	741.497
565.444	283.531
809.752	268.896
889.166	723.476
556.979	419.563
810.157	160.118
885.01	151.78
207.521	212.611
99.0036	287.375
116.104	66.0332
683.075	627.657
667.121	680.202
487.854	865.829
680.675	608.712
842.033	312.409
78.5862	160.135
71.5093	579.64
235.704	612.241
875.644	420.365
428.806	638.231
867.384	414.729
258.607	233.682
695.674	377.522
211.044	783.953
662.495	888.595
292.721	113.254
507.241	752.147
219.488	563.402
675.691	685.355
702.175	369.924
350.177	424.671
388.188	587
624.287	128.209
870.028	871.158
894.962	152.752
677.156	599.352
789.727	223.846
866.294	170.165
383.46	634.24
911.758	514.268
664.901	898.302
860.891	867.094
297.102	92.1732
336.844	80.1029
72.2563	298.054
123.418	345.729
87.8392	535.311
58.0856	36.9798
143.573	760.047
219.184	553.407
607.824	203.385
480.42	859.14
589.913	202.121
685.245	688.309
48.683	33.5753
347.59	415.011
548.202	897.766
704.234	360.138
566.537	416.622
65.6642	174.741
904.345	773.305
339.999	441.446
556.195	567.42
893.521	868.42
472.297	853.307
902.052	159.804
888.708	763.153
220.356	780.307
256.586	94.7907
89.3134	525.42
518.073	867.541
374.144	637.875
227.709	935.127
372.797	647.784
823.341	421.117
614.567	210.769
230.272	781.601
216.853	543.682
192.712	189.459
84.731	168.024
293.214	891.892
800.514	272.724
362.938	649.454
38.7778	832.725
189.082	203.533
900.855	144.672
847.817	746.055
352.949	649.925
383.667	578.08
495.688	900.203
854.523	874.804
840.841	473.214
351.047	659.743
852.589	884.615
323.687	144.987
383.214	568.091
133.412	345.402
56.3598	171.077
510.312	236.293
895.75	771.235
885.363	418.01
845.232	871.106
293.495	891.268
683.051	698.065
287.451	121.753
897.844	877.438
693.043	626.863
894.83	414.788
199.527	733.222
54.3678	813.439
62.2976	298.963
897.443	717.864
674.523	901.025
82.6205	366.041
675.14	911.006
75.1776	372.72
626.899	118.556
186.357	734.946
220.571	944.545
598.538	850.666
356.608	440.504
568.256	293.127
922.831	505.945
623.783	214.65
546.745	757.796
820.458	411.542
318.244	153.376
460.533	354.427
687.284	707.126
333.14	141.723
696.766	353.488
898.962	783.071
515.778	757.355
353.375	669.468
34.7475	825.007
50.7315	883.683
866.437	131.029
932.634	503.967
516.158	767.348
468.566	844.029
133.157	355.399
217.158	209.942
902.976	408.988
72.5625	589.584
843.154	737.209
300.238	883.883
607.25	147.317
698.369	343.617
869.291	308.037
556.565	755.905
64.1457	811.343
467.337	834.105
849.918	465.238
780.271	237.805
846.945	892.87
498.13	909.9
458.076	830.333
566.495	757.09
94.4782	170.259
686.865	354.893
833.954	741.127
899.029	707.991
843.78	902.356
99.826	178.708
552.524	410.61
136.724	926.594
679.84	589.719
313.902	84.9113
906.143	883.016
824.03	739.901
339.395	70.4338
559.991	298.756
226.454	925.206
677.825	350.618
860.246	123.176
108.948	286.322
905.025	699.988
566.096	566.014
940.34	497.594
226.835	543.086
782.324	217.123
57.3108	46.9497
143.224	343.471
668.136	880.338
207.351	726.993
807.398	150.507
342.431	138.027
256.667	111.9
544.733	748.001
689.667	587.869
424.051	636.557
141.82	942.233
354.405	407.693
207.046	793.119
210.157	591.934
908.999	138.869
123.489	72.7757
632.523	133.88
844.068	912.352
687.175	717.125
119.164	81.7921
366.599	440.926
351.268	142.709
108.741	174.177
805.126	140.768
223.41	915.681
346.149	676.38
911.962	161.141
184.215	212.269
463.639	858.312
47.7454	165.998
337.849	417.273
680.674	724.723
898.322	692.567
72.7967	599.581
397.369	590.964
890.256	787.99
580.043	200.51
297.007	922.815
699.394	634.588
361.267	142.732
699.586	586.6
659.474	906.701
805.329	130.77
79.1288	25.1094
382.11	594.941
676.391	874.693
633.567	216.719
905.483	685.587
868.109	404.755
280.968	910.871
57.0399	33.8766
709.131	632.312
261.871	243.134
901.983	399.038
135.865	916.631
363.099	152.563
231.49	621.309
682.98	917.214
304.148	874.679
99.5701	188.705
529.494	590.436
552.874	906.608
913.77	889.484
597.293	146.383
903.011	519.115
574.863	300.634
697.41	387.371
203.281	599.194
551.738	888.412
251.948	85.9314
349.297	69.0338
697.112	705.279
838.254	863.942
510.578	226.297
373.77	579.512
331.677	64.0751
641.811	130.174
119.558	336.504
913.737	130.063
450.647	823.639
237.444	788.57
125.878	916.118
174.89	215.882
669.973	588.092
698.029	710.967
671.805	358.603
913.526	679.645
917.357	120.741
185.042	183.043
314.101	873.708
296.512	868.222
571.357	407.86
657.381	677.934
692.642	641.965
257.279	252.017
670.674	724.681
608.216	848.148
822.622	730
798.894	219.849
90.3885	574.317
879.281	308.494
456.795	345.152
366.029	632.031
868.484	415.296
844.914	922.316
575.316	752.379
938.661	511.947
240.158	798.194
349.097	437.757
773.877	245.493
240.851	624.826
923.356	677.81
912.89	875.635
141.08	908.098
575.634	563.009
692.641	914.631
488.708	913.253
291.963	859.317
910.282	393.459
46.8601	892.903
98.7879	522.221
375.476	436.321
861.496	113.255
890.597	405.729
718.686	629.361
52.3025	299.275
660.249	585.759
922.758	877.25
764.646	241.646
311.882	75.1173
809.814	125.032
702.64	914.485
584.314	297.366
233.351	914.603
203.376	802.421
639.176	133.733
251.409	260.113
473.83	826.499
197.049	607.015
532.469	599.983
937.952	521.922
197.235	810.313
367.722	161.43
662.519	354.892
754.907	243.916
797.748	282.334
569.959	283.273
805.218	116.151
99.1474	288.309
917.812	678.862
798.461	292.309
524.281	581.902
551.219	558.746
178.765	175.258
829.722	858.727
257.408	268.114
94.5233	583.422
189.419	816.551
48.6414	156.038
455.886	335.193
384.877	432.912
889.249	307.707
651.953	900.11
939.126	531.853
167.595	209.042
78.225	538.062
407.361	590.581
920.247	394.295
285.917	131.635
62.9201	801.419
636.116	207.049
929.775	397.332
924.354	113.597
195.696	616.923
133.025	946.991
390.293	424.506
60.0838	289.211
305.421	928.22
931.038	671.408
650.456	583.732
65.4214	166.241
324.034	874.861
213.85	918.615
47.4029	31.2067
176.497	733.278
373.247	169.765
944.885	540.028
450.909	326.52
483.763	825.35
132.47	365.375
575.154	742.38
239.865	634.778
320.55	92.3809
915.795	170.378
591.262	138.407
43.0093	295.582
583.489	758.141
824.477	720.174
925.83	662.872
370.612	139.17
133.963	375.263
46.2671	902.886
519.686	877.41
795.128	140.531
447.902	814.024
785.331	142.535
63.5417	585.268
840.731	931.399
950.161	548.523
923.602	103.626
630.584	109.259
824.645	749.882
125.927	954.035
65.4583	373.16
897.611	400.177
703.183	577.27
898.896	305.074
226.382	206.079
292.175	139.434
255.018	76.4142
776.508	137.829
545.902	418.103
929.477	95.533
694.009	396.775
653.968	915.049
666.64	733.831
921.608	895.694
900.025	528.659
820.249	855.523
446.824	345.906
145.947	951.342
506.987	245.724
959.002	543.849
150.739	937.71
501.477	254.069
250.922	275.725
305.994	67.0351
219.314	954.465
707.62	708.136
695.358	571.043
708.922	922.266
228.073	959.292
552.479	916.6
522.612	774.986
233.238	198.799
929.864	901.337
545.951	413.9
547.461	885.038
313.857	933.589
116.283	956.68
933.41	117.839
677.291	864.734
706.626	355.152
491.115	922.959
848.093	938.167
704.471	716.704
382.924	167.247
122.344	62.8415
855.364	105.355
293.219	932.07
150.266	904.147
898.246	538.5
934.217	910.339
950.257	498.877
237.004	954.793
59.3906	56.7311
699.628	333.697
465.886	335.283
247.161	115.004
644.853	202.184
71.2959	365.041
257.043	106.506
68.2987	539.274
561.736	888.175
748.104	236.587
391.757	440.169
537.376	408.756
74.2048	355.473
257.278	283.445
68.6668	382.632
939.677	395.934
845.236	456.401
767.872	132.788
808.817	218.613
177.996	225.387
334.029	874.556
907.728	176.287
554.659	307.216
801.902	106.717
108.578	520.185
109.923	169.948
74.5559	390.714
393.429	450.028
131.734	59.403
727.382	634.297
307.17	57.1046
796.642	98.2123
908.495	415.978
144.188	961.186
246.591	951.949
244.349	253.84
908.357	866.722
70.044	609.195
293.958	849.518
385.748	176.84
109.14	159.979
707.238	932.123
143.926	376.117
203.059	717.961
149.26	384.575
553.219	317.112
520.517	776.619
219.859	535.921
513.872	769.146
942.999	518.889
543.441	552.461
581.274	409.15
818.813	218.313
530.344	781.328
943.362	914.385
336.156	676.01
403.393	449.175
175.804	235.144
492.275	250.154
63.9706	617.139
772.492	146.988
694.3	406.77
53.653	64.9214
58.638	810.456
36.3368	901.708
245.771	783.032
328.423	682.351
951.367	523.251
901.547	295.431
685.516	859.047
587.004	306.997
586.425	129.655
822.149	845.706
33.199	297.52
336.626	884.213
641.738	588.63
356.037	631.635
734.68	627.46
294.833	149.074
704.728	380.556
578.238	123.911
746.92	226.657
328.068	415.194
918.875	655.686
271.855	243.708
899.001	315.073
687.318	413.929
110.628	964.928
899.647	791.428
936.943	88.8807
494.117	932.498
205.094	923.446
341.002	443.628
209.382	953.306
431.383	643.357
67.7466	156.515
956.304	490.913
563.182	896.852
966.291	550.694
62.2351	165.912
653.701	925.045
924.103	175.944
800.772	89.1048
661.616	720.443
562.368	918.088
378.797	133.426
652.907	196.256
121.409	907.172
696.165	324.315
484.757	243.56
463.858	848.314
943.821	81.6212
540.307	782.183
836.093	460.45
248.858	288.838
417.114	592.791
27.2203	305.536
279.925	249.613
410.609	442.253
823.82	226.969
101.801	960.228
431.854	633.368
438.603	340.212
239.11	286.605
440.534	647.389
431.734	332.944
236.074	924.225
909.195	653.178
179.728	819.017
53.3895	798.391
422.33	584.26
903.317	695.35
715.345	350.255
197.979	626.659
858.028	937.023
513.399	216.703
476.967	249.829
710.385	724.768
722.778	351.317
395.348	174.042
337.931	453.144
587.777	149.455
818.874	758.048
389.946	459.402
584.018	158.722
803.075	79.3737
141.406	61.9439
198.244	928.126
207.798	963.18
505.124	263.38
706.267	633.338
206.158	632.413
744.124	624.173
701.764	906.872
736.937	226.078
529.392	414.777
532.327	609.982
858.507	414.618
889.649	791.225
513.03	206.71
537.713	618.408
569.346	925.251
890.263	544.523
953.109	916.622
570.677	884.192
359.095	437.992
152.725	393.956
793.291	77.3097
937.199	679.285
644.6	929.19
276.87	135.896
942.587	496.657
150.686	368.748
250.141	797.608
444.278	804.703
261.51	115.453
568.811	127.248
148.152	54.5626
855.225	455.934
688.032	711.229
810.809	73.0342
691.556	651.906
589.279	403.157
503.703	203.104
561.276	120.674
258.09	242.05
169.688	725.954
645.669	197.624
922.346	88.5223
83.1929	359.857
661.367	896.737
567.062	137.093
456.609	318.303
147.287	928.325
318.775	418.889
464.714	858.278
93.2543	513.892
903.087	285.551
783.294	77.5555
948.447	400.738
112.656	60.3633
698.587	937.139
113.628	972.834
801.974	273.271
316.64	412.276
711.515	571.741
516.46	575.67
318.536	683.852
953.612	409.3
356.596	621.651
66.4905	396.625
942.583	687.712
626.76	100.019
524.252	615.881
952.013	684.382
656.963	346.578
865.187	456.813
319.681	402.75
820.566	70.845
689.711	701.371
266.697	286.805
351.377	613.121
554.966	112.916
905.48	705.113
647.507	596.799
787.75	282.136
704.157	705.212
215.586	526.88
593.977	294.791
911.959	280.936
881.3	796.729
779.45	68.3237
110.405	50.6198
522.403	407.625
730.513	218.414
224.143	521.705
409.56	457.047
229.165	287.651
909.232	794.277
574.576	162.015
563.565	107.812
466.529	319.563
840.917	469.209
428.292	652.867
164.077	717.676
238.512	906.037
908.995	315.42
104.162	151.306
897.903	178.15
930.898	127.518
294.012	942.039
815.84	837.947
131.784	51.1937
380.514	456.079
659.146	886.987
937.192	84.5705
832.652	937.292
862.837	928.255
769.725	70.6529
249.717	961.447
283.61	934.839
68.2698	626.168
339.936	866.486
918.995	315.408
155.409	47.6818
92.375	963.567
60.0006	279.211
594.048	394.367
44.55	793.715
518.777	867.451
204.905	642.334
927.318	185.413
94.7542	953.133
141.469	390.844
918.245	868.216
440.937	629.185
316.023	52.4543
237.185	958.044
910.815	643.31
421.737	333.179
802.927	301.257
155.089	359.769
283.978	848.883
775.255	59.246
910.959	857.066
484.119	915.814
205.683	525.489
558.378	99.2627
633.522	594.331
418.454	436.051
901.401	873.906
310.042	689.13
154.079	717.872
485.914	938.216
848.164	476.1
845.353	482.659
918.641	797.663
545.072	114.366
530.576	609.711
580.223	733.76
753.961	622.371
902.375	851.936
961.899	403.702
257.253	968.021
514.62	413.903
99.1951	957.819
444.855	794.72
630.143	99.2367
700.859	946.877
154.168	960.551
949.33	499.335
939.695	72.5121
943.41	117.874
900.15	713.574
628.92	585.781
107.259	68.782
934.684	63.8581
491.966	819.63
69.4668	292.669
934.535	110.784
149.898	51.1714
938.802	133.644
232.857	188.806
300.617	692.47
846.859	446.534
650.621	606.302
955.795	693.639
54.8384	819.706
501.105	193.447
686.658	849.112
570.969	874.196
421.534	577.866
55.4637	372.834
52.041	49.9499
716.494	703.526
931.387	194.548
446.546	784.864
961.225	922.463
87.3917	946.366
474.222	313.173
667.508	881.502
849.206	410.946
339.04	463.083
383.928	124.842
535.337	112.078
753.494	612.382
214.946	627.641
631.555	576.135
285.42	241.258
916.704	410.267
969.874	927.484
903.686	782.28
59.4572	534.602
927.525	802.254
388.207	115.804
495.265	185.329
307.305	408.69
391.041	469.342
211.677	649.691
853.134	115.103
913.182	271.011
199.205	517.872
880.264	544.633
428.7	333.209
891.377	523.638
62.3074	826.355
826.229	462.095
630.483	566.192
799.615	310.692
513.964	759.146
349.956	443.877
826.865	945.448
912.168	633.402
297.183	57.6143
767.12	53.4308
421.632	641.143
155.869	349.8
320.653	392.797
584.966	418.443
312.756	386.662
718.799	564.889
762.277	56.0749
159.275	954.694
806.047	835.922
250.303	99.7986
223.561	185.119
48.0632	366.108
83.3529	967.88
216.293	545.263
528.555	424.742
476.317	941.027
639.896	101.448
349.915	865.837
937.037	805.341
944.854	391.573
334.198	436.3
121.786	51.4293
659.677	610.543
843.29	116.861
143.442	971.158
447.76	313.646
634.662	557.107
901.984	660.107
490.672	176.447
51.4635	795.562
654.02	201.98
844.022	402.395
720.866	555.105
892.154	523.031
341.284	472.827
117.229	525.202
373.882	162.977
114.017	900.438
514.266	615.369
583.99	743.024
449.955	303.89
214.765	920.902
192.71	618.16
624.747	90.2239
293.476	48.3269
410.759	585.07
668.857	903.363
242.117	123.639
935.276	489.835
122.594	917.102
95.7444	958.296
525.966	108.589
824.836	750.02
973.331	543.592
362.028	639.642
217.027	555.236
898.904	325.073
591.125	384.804
618.366	105.455
341.933	609.832
630.135	548.19
939.624	918.025
179.856	829.016
556.197	882.304
832.809	231.351
131.862	388.066
154.695	62.1254
881.419	524.553
946.603	808.253
103.17	177.324
762.474	607.983
551.531	546.583
714.367	733.941
717.182	933.172
521.366	99.7094
334.946	480.562
960.869	414.728
303.579	944.948
198.61	507.889
800.066	827.908
873.074	551.583
654.456	915.074
119.137	160.225
507.47	751.541
66.3709	527.377
330.555	391.399
168.926	735.925
732.466	642.909
204.888	500.105
498.551	170.289
526.875	434.6
557.277	139.157
970.869	414.794
414.701	326.074
345.445	679.714
332.434	606.706
505.751	741.69
762.846	626.958
506.119	731.697
815.314	767.393
634.95	539.426
302.807	385.65
728.261	548.374
411.178	600.839
346.086	632.627
954.586	703.566
803.523	832.241
32.485	892.479
74.173	971.846
525.396	859.956
352.563	435.981
518.987	440.747
52.7623	169.116
86.3236	977.428
118.453	958.701
781.003	152.238
301.257	702.45
47.9739	379.46
172.906	244.715
416.441	464.303
170.35	226.762
76.4257	285.487
70.2989	171.826
591.061	750.095
57.8578	787.873
404.915	324.012
590.559	120.549
481.642	319.877
145.185	358.388
593.305	759.84
928.642	318.042
144.785	714.182
517.716	90.3992
474.729	303.186
472.956	293.345
330.814	862.388
67.7476	167.51
714.696	743.936
815.878	751.692
932.051	189.587
47.6487	160.522
341.06	488.475
565.046	934.279
63.9683	635.196
176.113	838.289
109.156	142.642
353.302	856.428
379.199	156.762
506.71	573.449
834.114	401.046
603.863	296.295
557.501	538.561
26.2146	900.269
585.819	289.008
182.886	616.291
155.236	922.257
586.018	725.61
819.235	951.911
691.329	315.563
677.404	415.242
911.958	324.972
730.606	538.653
647.978	107.337
643.516	928.597
509.094	439.283
216.472	658.467
178.717	737.956
204.684	972.683
935.939	927.322
488.636	815.245
819.188	60.9406
404.062	178.947
510.887	83.0946
491.455	321.801
348.159	689.339
78.5343	959.117
919.181	626.273
428.373	437.318
845.93	126.507
589.738	166.924
496.351	729.557
278.464	943.413
598.117	768.606
220.965	667.401
965.924	493.645
285.849	140.297
951.011	817.23
965.695	692.226
467.339	252.531
891.44	318.418
752.774	59.1891
294.293	946.438
969.582	397.302
891.986	660.287
534.437	441.143
299.298	67.3881
937.595	313.587
114.39	972.101
520.453	566.502
596.108	778.402
875.365	788.68
72.2551	825.333
625.4	80.2453
233.628	524.873
73.5742	637.976
486.482	727.94
627.922	532.313
922.504	267.393
838.962	239.234
173.027	617.961
947.678	504.848
398.403	316.423
792.976	318.17
952.037	75.921
273.923	293.717
47.2799	58.7437
893.493	847.342
239.729	896.111
342.351	498.391
885.71	668.073
278.277	953.411
579.291	868.651
90.8184	357.763
957.671	676.137
535.326	858.775
972.82	486.404
805.402	766.072
712.498	932.631
938.549	402.163
261.287	285.088
174.138	254.639
331.328	596.767
887.216	839.556
297.474	410.518
937.488	202.471
39.8703	65.4592
125.83	520.101
581.302	382.929
928.208	869.072
313.973	406.27
83.574	638.028
707.624	898.769
894.625	280.222
743.289	62.3565
773.03	45.3641
518.146	398.577
161.789	398.181
629.543	528.295
135.8	520.877
811.542	958.3
402.473	605.761
498.245	329.143
932.351	265.649
249.323	893.289
947.39	201.08
331.069	381.413
721.164	535.361
726.503	929.549
135.339	710.899
363.302	856.389
920.174	286.638
114.616	56.5283
866.762	937.452
393.582	601.183
622.335	94.145
70.6495	831.899
643.419	613.24
182.321	260.388
581.764	427.917
900.538	334.938
393.228	307.866
69.5535	302.669
953.408	117.695
877.881	661.851
688.804	935.067
164.173	744.723
816.817	51.2255
921.095	278.82
426.807	662.756
735.634	530.008
924.206	617.628
832.149	953.938
475.286	950.974
92.6828	633.901
170.954	394.181
537.768	616.658
565.762	92.5199
396.792	185.813
547.003	612.822
105.353	895.445
324.673	376.296
879.639	652.007
85.2103	280.709
394.361	297.931
340.993	594.203
156.749	751.423
791.003	152.157
148.794	757.482
172.366	264.48
163.182	342.979
973.018	553.587
728.087	208.713
199.524	981.249
465.286	950.922
683.823	709.453
180.57	396.926
430.713	573.897
671.262	872.234
549.398	603.113
934.918	909.202
749.151	49.8683
278.63	840.433
242.919	131.286
351.49	502.45
243.007	96.2501
707.867	581.051
325.022	479.326
697.751	323.228
434.554	341.316
74.7784	180.767
232.643	120.438
197.496	965.73
900.243	344.934
65.0438	975.927
964.221	391.423
704.761	745.071
259.559	103.583
77.2288	629.78
147.78	767.43
507.679	332.459
132.809	61.141
819.2	838.869
515.085	727.268
107.917	153.215
163.856	707.679
417.705	316.536
936.58	411.967
485.08	826.881
961.06	71.6101
648.911	352.508
102.253	44.8278
946.525	381.714
702.239	956.781
638.729	937.377
961.766	61.635
325.167	48.4061
63.1201	535.015
286.161	150.292
739.355	223.084
81.1658	938.541
929.757	409.312
924.732	62.8756
51.3299	528.775
915.285	59.5956
733.65	65.0206
696.112	852.372
586.54	715.624
841.486	950.355
722.421	224.289
507.674	200.987
107.231	885.622
359.878	429.162
656.357	345.833
585.084	373.672
563.383	114.604
656.699	112.23
756.65	634.807
222.665	121.093
696.44	750.617
221.022	646.129
891.37	349.545
323.407	611.007
96.8105	624.793
912.139	850.416
575.839	369.86
817.064	41.2285
350.335	699.099
370.287	863.544
97.3585	614.808
52.4667	272.635
699.868	962.153
687.339	416.382
839.273	490.599
797.993	841.85
508.947	394.653
139.051	755.227
605.967	780.074
403.769	577.919
747.841	228.375
288.186	414.224
432.267	428.107
54.6348	631.606
605.639	286.454
214.883	499.768
517.368	203.44
713.195	541.402
715.582	527.064
844.353	392.4
282.83	831.358
691.675	407.37
633.622	519.165
41.8658	889.015
326.127	871.222
366.005	156.816
350.177	846.929
588.994	705.93
892.009	513.032
280.891	407.384
907.88	773.202
829.084	59.5062
503	161.333
340.337	699.322
574.329	97.6781
129.66	528.369
492.101	805.864
76.6205	309.744
78.9766	319.462
326.576	38.5058
189.525	981.105
724.361	734.273
635.491	619.335
964.444	548.177
282.544	941.128
923.388	58.1447
375.428	872.122
607.298	789.985
611.953	798.835
655.275	360.221
863.815	555.363
419.747	462.25
123.687	510.333
715.948	231.911
761.6	643.496
67.8453	787.374
802.95	840.203
92.693	41.8956
785.789	312.161
558.719	942.023
799.554	157.342
205.415	630.667
901.451	775.131
164.611	947.626
299.009	376.399
909.459	709.922
948.934	711.816
487.331	836.625
272.867	401.417
917.312	841.857
44.8837	820.657
263.372	112.828
127.506	154.752
189.493	831.686
675.733	425.102
53.7373	387.632
46.3633	637.226
916.209	642.549
48.0484	632.082
923.168	649.236
278.906	963.391
966.889	53.0474
717.835	753.43
856.287	443.2
356.848	152.798
814.888	31.4681
386.861	478.426
314.823	605.877
938.113	937.082
421.135	601.764
108.534	139.718
339.789	594.777
47.9385	519.368
681.849	840.345
962.07	667.157
969.349	562.889
388.921	105.83
701.287	891.034
55.2735	973.796
555.588	108.34
581.59	172.721
198.596	827.547
576.697	284.911
517.264	624.909
906.349	64.0843
505.336	448.55
292.703	133.015
649.614	605.851
51.7529	890.513
220.571	619.373
830.425	741.728
885.468	276.205
980.217	536.341
932.585	612.169
392.648	486.582
723.742	63.6661
340.102	394.374
217.293	930.578
368.242	423.681
208.137	830.543
833.83	455.597
312.562	940.554
512.234	717.683
717.597	241.775
481.7	736.723
277.318	154.962
316.369	474.314
843.048	459.473
597.04	173.757
860.479	108.317
433.153	564.199
101.515	638.59
975.183	695.384
947.428	315.408
666.045	108.673
151.004	341.063
473.608	742.598
771.23	62.5471
167.774	944.021
779.281	162.088
693.198	889.355
822.99	936.229
436.559	664.967
621.669	577.634
41.7699	50.3987
337.745	638.143
707.701	324.224
126.327	706.565
981.703	490.996
660.379	620.519
881.442	318.625
130.848	538.298
463.609	742.473
181.347	747.605
308.232	598.356
149.868	777.21
479.092	812.262
704.728	881.644
164.582	757.639
711.096	924.03
572.479	387.637
537.525	420.321
334.708	32.6867
503.533	76.3178
343.76	584.593
636.585	921.389
121.948	389.369
275.226	824.864
42.2814	646.355
957.436	824.893
153.292	972.88
114.373	47.6967
621.908	797.882
520.521	712.086
899.552	708.562
972.536	494.457
665.735	424.902
874.799	778.697
383.796	491.235
430.06	554.689
742.249	522.509
874.947	768.698
182.06	406.814
42.5168	510.965
954.744	194.303
647.418	209.491
662.056	434.201
493.663	77.9262
89.3493	32.4712
38.0646	655.423
875.674	274.185
454.327	746.195
296.606	711.302
618.186	534.598
634.614	921.856
508.679	67.743
212.744	978.602
692.766	969.193
954.36	801.942
648.363	193.734
590.577	128.079
266.78	300.715
271.457	815.601
510.873	456.877
870.451	107.566
162.099	221.113
535.469	848.776
687.209	754.464
470.667	806.874
199.186	491.891
99.947	134.594
269.806	805.738
787.629	302.332
562.363	890.177
338.645	404.267
868.001	927.529
391.68	194.408
305.88	715.043
86.7145	49.9117
479.654	959.969
625.941	70.2599
776.924	316.788
33.1712	664.143
937.641	865.752
663.665	865.731
111.5	639.136
868.355	97.7885
423.507	653.316
120.672	643.121
175.101	385.082
802.716	315.905
184.369	742.881
382.712	198.831
292.421	158.09
977.895	705.009
385.004	875.003
578.901	88.784
590.754	786.848
38.4596	164.467
738.758	513.138
141.757	723.713
576.29	164.241
368.503	847.848
230.86	647.921
949.012	681.138
82.2185	826.188
251.584	91.1077
464.546	740.249
586.191	299.001
510.752	632.498
586.486	696.249
456.607	955.888
594.061	369.266
153.001	912.51
467.772	293.14
446.647	956.784
116.458	881.768
612.838	582.326
878.999	642.028
79.4876	30.8136
501.07	439.904
566.723	285.63
550.194	146.216
734.095	736.563
840.195	499.568
463.468	243.31
814.553	930.86
790.339	825.587
600.021	183.302
693.343	712.513
769.414	163.711
397.614	202.457
47.878	787.237
594.529	191.659
884.908	852.47
886.264	504.846
134.458	545.739
659.757	366.892
631.756	799.618
222.591	980.342
557.446	927.78
613.762	790.996
882.25	555.556
121.217	170.007
467.299	254.462
586.975	436.452
573.366	928.732
75.7155	793.543
712.651	332.914
135.197	358.861
262.339	309.675
888.608	495.125
377.832	844.245
351.435	837.008
420.107	662.275
941.089	617.43
630.084	912.941
118.868	713.226
484.263	968.844
215.257	675.611
163.119	268.289
910.65	621.056
428.822	608.16
109.415	648.916
829.874	731.743
538.186	429.323
892.355	359.496
391.066	288.489
684.643	975.026
352.199	827.037
356.014	697.197
333.782	27.3851
95.1885	281.37
323.4	409.605
968.202	46.0952
292.69	720.504
967.261	478.092
806.847	25.5237
222.264	682.745
942.151	263.659
444.112	658.413
52.4971	166.258
174.905	937.01
880.451	107.506
924.247	183.334
953.702	374.751
182.141	377.979
962.063	187.488
48.7582	263.348
410.077	609.643
862.188	557.383
169.095	334.914
331.318	600.428
482.665	290.952
183.553	729.203
387.592	884.663
310.045	614.662
946.975	211.071
889.279	548.443
941.219	497.214
604.252	276.551
575.143	85.6368
527.711	90.7439
676.522	980.86
473.135	240.754
213.18	507.096
398.219	102.148
34.2093	73.7026
129.124	648.466
334.422	475.914
59.6307	395.711
913.596	59.3648
158.049	903.878
650.864	935.38
751.582	237.649
846.156	232.288
624.271	904.804
492.236	974.881
341.137	574.943
885.502	98.8755
374.869	416.193
600.383	130.041
827.987	721.923
42.1033	779.073
651.277	595.99
39.012	261.11
743.794	504.498
276.984	798.776
528.676	432.414
951.345	259.726
237.983	533.875
362.26	144.389
144.413	546.685
898.058	367.711
515.888	557.604
422.632	430.281
609.214	273.469
632.142	809.61
572.587	75.9691
56.7239	62.0317
403.041	93.3877
39.0862	672.207
504.945	342.078
344.295	820.911
56.6101	171.68
867.962	660.578
190.717	497.209
970.536	572.819
932.096	501.31
852.373	559.296
717.303	251.77
671.913	841.477
499.996	390.195
236.435	88.713
792.485	850.196
847.636	506.248
30.9049	171.019
519.459	96.3928
945.813	925.743
90.6004	935.226
917.293	258.858
497.685	201.466
343.044	23.615
714.728	895.006
239.791	140.785
397.549	885.585
871.476	317.8
701.587	408.693
269.729	967.364
179.542	830.694
478.553	243.005
401.987	211.451
153.133	268.807
83.1267	786.829
182.346	745.553
410.299	660.323
171.971	219.521
755.128	246.999
834.421	391.244
365.526	694.111
427.521	348.424
581.619	782.779
405.482	180.865
544.577	844.649
251.677	282.323
229.962	615.935
345.577	13.9412
631.536	944.325
585.459	725.565
411.8	89.8975
760.479	163.326
107.811	964.57
807.714	152.301
881.749	117.421
236.432	608.311
191.385	410.425
736.341	74.6517
126.122	354.661
486.418	281.683
82.0155	631.095
165.32	897.013
54.1331	398.857
964.091	36.9795
720.67	243.893
948.899	611.918
41.7352	531.593
955.833	255.938
650.024	119.677
676.085	715.788
892.525	287.157
339.345	375.799
674.43	114.123
35.1522	504.2
315.342	46.5449
973.052	469.939
247.087	538.012
744.078	735.972
407.541	573.878
709.825	414.362
520.672	548.823
831.28	484.59
821.312	485.383
91.938	828.54
79.4944	189.585
622.562	948.736
32.5625	180.881
33.1187	783.464
901.537	625.173
269.58	148.628
359.898	820.656
47.379	379.914
945.253	944.083
782.535	849.193
98.2292	155.693
967.365	186.536
230.986	687.637
511.062	206.279
429.407	544.71
889.852	562.054
266.465	393.734
174.422	892.871
422.263	551.213
528.081	555.539
338.457	565.309
698.396	577.841
47.5575	406.391
438.027	951.715
611.136	541.69
853.969	498.508
295.349	167.652
307.552	40.2748
31.9735	48.3912
48.6916	674.988
325.533	881.204
480.298	942.32
488.639	69.28
59.3609	639.821
298.208	124.667
973.017	579.388
866.277	443.639
944.375	121.985
304.701	117.061
614.086	774.236
899.885	785.007
460.428	233.784
57.4008	180.711
708.078	225.742
987.894	704.91
310.459	588.608
559.04	605.765
805.57	325.489
282.272	849.747
889.261	112.633
917.359	69.6309
721.726	328.714
218.137	830.493
761.367	254.814
738.579	84.3981
255.814	106.492
400.691	111.838
258.371	274.894
608.834	178.578
537.375	88.1771
429.657	463.589
850.728	110.536
466.08	302.996
314.841	54.4461
812.45	332.746
25.5526	188.012
485.512	250.186
737.044	55.6141
831.34	956.916
413.696	556.372
266.844	96.7322
155.897	228.958
320.112	488.037
616.306	591.705
502.077	976.656
109.6	709.471
322.386	366.561
681.951	942.35
566.858	167.564
492.145	396.389
658.336	942.026
88.2749	194.371
838.706	238.959
352.139	27.7733
137.067	157.684
746.691	40.1756
518.287	639.073
898.601	57.7627
435.207	582.83
411.983	211.723
90.9004	58.9934
421.216	340.662
651.168	129.611
477.375	727.707
479.455	842.788
432.326	418.107
391.367	497.768
908.494	859.728
569.672	397.235
615.047	900.943
803.712	166.437
50.7971	415.852
953.547	949.67
706.057	851.327
721.193	547.405
376.959	207.011
32.4144	494.582
752.678	157.07
154.003	783.753
974.221	391.347
972.125	713.021
753.273	157.533
25.7358	49.8817
942.824	903.077
835.604	381.314
175.114	414.008
42.0635	420.723
584.929	194.46
955.593	552.831
721.876	200.875
247.776	280.423
716.468	56.804
813.486	168.552
42.3048	430.72
871.412	635.513
516.214	61.1696
507.222	718.208
570.893	108.001
370.77	694.254
40.0427	488.117
541.674	438.695
291.642	176.939
734.281	501.416
832.208	371.908
349.71	855.765
905.435	869.249
581.753	88.6369
836	965.764
647.412	219.491
198.011	623.945
924.576	400.759
500.389	800.268
752.955	648.523
92.7869	789.414
312.285	722.723
182.506	502.917
110.843	137.024
974.38	193.663
845.021	970.08
33.9834	419.525
121.275	399.346
959.223	203.244
752.055	524.469
52.2486	431.779
274.07	855.467
146.11	275.926
649.635	338.429
89.6731	156.852
317.361	370.489
818.149	720.135
348.12	689.347
719.248	417.71
632.605	899.276
559.08	279.181
420.068	95.5224
856.156	232.385
756.611	41.4423
16.8398	183.104
955.522	923.347
963.472	26.9986
742.907	154.941
381.334	286.188
163.995	784.172
192.774	420.328
101.225	277.415
309.573	624.65
978.498	461.552
401.298	498.946
711.804	843.144
509.431	333.141
640.125	794.144
962.478	916.163
47.3609	281.234
407.628	80.8091
239.655	685.782
486.152	982.817
226.554	87.1757
230.917	599.969
34.2498	436.646
944.116	679.581
931.764	644.126
807.712	335.253
302.673	126.752
845.298	566.362
32.1956	679.454
260.29	319.463
644.899	329.621
491.526	59.7057
524.269	647.086
643.177	112.389
752.036	742.027
836.7	571.469
