Saved a vector of rrt <nodes> points.
X	Y
25	475
34.9832	474.42
41.5382	466.868
39.2871	457.125
47.7896	451.861
47.2565	441.875
55.9569	436.945
62.483	429.368
61.3401	419.434
66.3672	410.789
76.2073	412.571
66.4231	400.79
85.7062	409.445
95.477	407.316
104.853	403.84
114.846	404.211
87.2459	419.326
124.27	407.556
80.0335	412.399
132.855	412.684
142.527	410.142
78.627	402.499
149.298	402.783
159.056	404.973
168.218	408.98
176.241	403.01
186.241	402.937
79.4408	412.465
195.952	400.55
205.557	403.334
79.0102	402.475
215.145	400.495
71.0226	417.863
209.008	412.72
76.6386	407.323
217.692	417.677
187.81	406.357
186.009	416.193
80.9021	407.557
225.611	423.785
231.355	431.97
240.146	427.202
63.0422	423.889
248.368	421.51
254.119	413.329
261.396	406.471
53.1738	422.272
176.132	414.632
51.4646	432.125
271.311	405.171
71.5869	403.921
280.874	402.247
290.745	403.85
46.1249	440.58
298.126	410.597
179.402	405.182
39.1538	447.75
298.219	420.596
47.1145	414.317
308.124	410.384
317.941	412.286
42.1778	405.62
322.622	403.449
295.518	430.224
182.676	414.631
79.2935	410.293
84.4104	418.885
332.591	402.666
33.3101	443.604
341.962	406.157
80.3702	400.351
319.805	410.546
285.531	430.736
32.1901	406.116
185.492	405.035
189.292	422.13
351.958	405.853
360.608	400.837
360.677	390.837
362.835	381.073
371.425	375.953
367.831	366.622
366.643	408.811
375.08	414.18
371.351	357.262
368.581	347.654
373.115	338.741
373.423	328.746
375.649	318.996
372.049	309.667
321.787	400.744
188.935	432.123
358.675	346.281
374.937	300.093
175.68	403.103
195.828	439.369
368.896	292.124
358.902	291.782
179.626	435.776
370.88	282.323
374.517	273.007
171.451	441.535
382.513	267.003
384.188	418.307
350.652	286.131
392.206	269.46
370.347	422.989
376.778	258.811
163.768	447.936
165.693	403.615
199.383	430.839
378.941	249.047
369.996	244.578
360.811	240.624
388.522	409.295
364.631	231.382
369.161	222.467
362.535	214.977
154.712	452.176
357.022	206.634
352.536	197.697
401.575	265.964
343.69	193.033
185.005	405.218
334.127	195.957
329.255	187.224
326.313	177.667
325.061	167.745
387.443	427.763
323.491	157.869
166.998	457.4
313.522	158.658
332.225	153
362.977	429.747
360.501	439.436
305.195	164.195
296.24	159.746
207.706	436.382
286.686	156.792
144.943	450.036
134.968	449.332
161.211	465.555
170.225	469.886
125.49	452.521
277.755	152.294
390.934	437.134
408.666	258.912
115.73	450.345
418.4	256.62
400.848	438.441
389.535	435.63
176.261	400.364
193.897	400.644
421.974	247.281
267.757	152.521
353.527	426.476
348.44	417.866
287.189	152.144
407.803	273.788
342.147	151.752
257.786	153.274
110	442.149
251.197	160.797
243.293	166.922
408.762	432.328
233.87	163.574
414.597	281.126
225.537	158.046
217.699	151.836
178.778	475.068
418.748	432.868
125.992	462.508
100.236	444.31
219.218	165.797
351.375	443.524
92.3529	438.157
82.6323	435.809
81.107	425.926
243.763	176.911
77.8166	416.483
352.147	151.863
359.947	158.12
351.164	408.244
209.819	169.212
389.289	425.633
143.967	440.083
397.825	273.135
75.9889	406.652
344.409	450.699
403.332	260.903
290.395	161.617
179.09	485.063
338.547	416.404
269.145	162.425
388.432	276.568
336.112	159.725
75.0469	442.326
427.164	427.467
200.019	171.199
95.9802	453.359
142.701	430.164
191.564	165.859
182.674	161.281
186.741	174.618
366.791	150.829
362.165	167.871
172.984	158.808
166.41	151.273
371.948	169.943
328.671	414.84
156.467	152.338
65.7177	438.725
146.467	152.229
337.013	426.286
143.859	142.575
424.334	283.405
248.866	185.511
382.84	284.858
360.946	177.797
137.666	156.975
434.32	420.483
87.8673	443.302
131.538	164.878
122.906	169.927
433.704	279.914
136.75	135.542
417.724	442.816
56.1448	441.616
127.941	130.808
427.605	444.356
319.005	417.406
133.046	122.209
125.612	115.521
436.531	448.864
118.178	108.832
110.819	102.061
103.379	95.3793
381.46	166.857
113.404	173.041
95.9383	88.6982
415.902	452.648
142.874	124.052
119.493	97.0845
88.4977	82.017
81.0572	75.3358
204.697	162.361
73.8154	68.4396
440.89	412.944
355.401	186.119
391.377	165.567
47.9239	447.31
399.348	159.529
113.249	183.04
317.136	407.582
446.366	447.056
44.8771	456.834
152.036	433.75
435.484	270.074
105.494	456.44
392.683	286.624
252.465	176.181
159.26	426.836
374.434	290.275
250.024	195.444
138.752	420.977
169.197	427.961
432.876	406.963
144.185	134.837
345.55	421.078
176.768	175.358
409.064	157.163
129.67	138.937
419.909	461.81
361.252	157.913
134.229	412.058
66.3635	428.746
139.536	170.88
114.092	461.545
178.826	430.66
66.345	61.7919
450.621	410.64
245.144	169.369
103.348	184.445
395.484	150.306
97.1266	192.274
101.189	201.412
418.971	155.803
368.441	282.27
260.02	195.729
248.617	205.344
308.598	402.377
149.795	116.834
67.113	418.774
59.8668	425.815
245.651	214.894
174.693	438.415
268.943	191.214
206.956	152.62
253.309	190.424
395.82	174.525
369.354	298.888
451.824	400.713
244.462	159.393
455.339	451.471
133.261	402.105
64.7316	409.061
352.338	428.422
118.636	174.13
44.2662	466.027
35.2796	454.025
87.818	195.928
107.859	208.861
188.759	429.503
78.0183	197.919
312.606	416.497
242.622	224.424
27.7764	460.636
397.831	295.197
233.873	229.268
223.936	228.149
385.74	152.556
404.449	302.693
238.905	237.91
276.614	197.63
76.6436	421.802
425.769	413.998
143.07	109.432
351.234	412.85
183.528	167.99
132.009	423.227
74.3364	55.7804
195.859	436.544
422.515	471.464
133.657	106.057
192.937	420.418
56.4769	60.1733
68.0713	198.947
96.1703	177.483
359.551	296.911
444.084	275.177
52.3153	471.961
125.854	99.8027
432.439	472.698
149.901	102.129
148.538	166.525
239.71	247.878
240.898	191.355
58.5213	201.913
310.395	426.25
79.1821	48.1356
428.865	157.256
274.69	191.589
115.621	215.167
199.368	445.909
79.5254	41.5207
301.991	431.67
230.779	252.377
292.22	433.797
293.314	443.737
416.106	411.424
353.164	304.605
88.0276	36.2564
201.509	455.677
97.6076	33.3887
138.768	428.136
109.205	222.837
412.565	472.464
58.2325	211.909
104.093	461.7
460.593	395.906
434.461	409.053
411.727	420.414
441.6	265.49
316.62	434.076
30.4595	445.264
390.173	182.778
104.308	231.556
118.837	106.927
89.4499	170.077
360.357	276.384
101.708	241.212
275.553	181.627
431.682	399.447
22.4669	439.254
403.17	475.887
282.479	174.413
399.434	165.455
91.894	239.291
243.865	256.973
49.583	197.429
60.241	400.126
351.398	271.941
224.428	260.101
47.9843	65.4531
445.397	450.401
246.37	266.655
208.085	162.556
431.715	482.671
406.688	290.555
105.451	39.592
350.457	261.986
248.408	276.445
102.553	24.6969
128.749	92.8756
124.804	407.442
362.162	430.293
435.366	164.855
66.9938	205.015
441.863	410.088
23.165	469.509
243.434	285.12
306.594	408.507
248.893	238.402
352.942	402.997
275.138	167.624
388.133	184.015
398.944	155.467
290.407	168.319
304.828	433.56
321.693	442.694
48.3984	210.096
352.598	433.216
195.422	463.611
29.277	477.424
343.415	302.378
353.232	314.605
451.133	262.47
45.3988	219.635
454.771	446.919
131.673	400.174
449.033	438.729
112.513	23.8078
67.0715	424.696
125.248	217.872
48.4392	187.495
348.653	435.583
378.303	185.851
103.968	216.406
113.502	45.5229
40.5532	72.1449
103.819	250.987
76.1678	420.541
237.167	292.913
105.355	471.62
211.618	153.201
36.1357	223.403
97.0658	258.362
415.914	286.696
29.3582	216.05
444.248	285.176
109.983	111.577
139.071	433.587
269.893	197.741
241.737	299.553
354.416	260.074
157.647	170.652
359.673	395.602
97.2641	268.36
119.239	93.5502
231.107	193.385
467.783	388.956
437.944	476.827
83.4264	417.022
384.507	193.694
335.251	307.755
68.0429	204.006
407.171	300.543
251.219	302.73
354.495	250.074
364.461	250.903
123.629	208.004
214.549	261.657
94.3411	18.9899
445.344	164.191
447.661	154.464
363.484	392.267
297.031	405.583
363.1	305.728
463.658	451.504
371.227	243.54
221.35	195.577
451.71	171.903
122.496	23.226
103.343	104.1
432.556	174.452
291.504	158.379
471.028	379.497
247.533	312.026
368.305	185.671
362.005	319.404
317.803	451.906
22.4644	223.294
299.316	172.86
411.957	427.333
257.037	315.135
186.429	467.984
141.655	400.768
241.899	231.254
254.28	324.747
442.663	257.154
151.114	404.013
203.006	460.353
96.1149	278.294
457.162	151.345
111.687	240.565
36.0525	81.0748
29.1085	88.2706
248.988	224.202
471.833	445.745
438.505	276.99
118.242	47.8193
176.463	468.809
89.5236	27.753
236.37	266.766
204.937	264.413
102.687	114.81
134.364	101.15
95.5457	469.674
19.2533	460.306
132.496	23.1396
348.415	445.58
447.684	479.093
35.1478	91.784
287.619	408.961
316.387	461.805
48.8548	177.504
352.671	388.462
97.6134	45.8025
239.747	297.966
63.684	415.287
33.5908	101.662
247.407	332.01
434.719	403.091
456.193	156.095
89.6455	285.919
37.4203	62.6483
441.644	253.221
81.6526	291.929
438.741	264.777
111.501	257.389
461.089	263.406
96.9086	243.758
107.967	461.967
333.51	308.563
434.253	393.102
470.224	369.529
428.218	385.128
266.747	317.525
66.7837	405.779
41.2204	171.045
428.556	277.998
421.889	428.498
235.849	202.189
439.161	286.583
321.02	460.727
68.9166	194.044
429.116	384.594
141.858	26.6528
442.778	409.011
373.474	392.713
438.363	150.783
82.2833	424.512
272.56	325.663
446.719	244.604
106.494	249.483
340.419	442.688
377.797	175.864
337.63	301.626
300.642	154.316
413.252	308.482
370.681	168.838
105.492	281.769
104.936	124.554
201.949	254.87
429.122	154.604
411.742	313.562
330.853	318.204
113.136	288.216
457.377	443.722
21.0979	233.2
351.17	269.533
50.5226	71.3632
198.618	272.164
149.071	433.617
306.916	407.094
240.665	339.396
379.681	238.198
151.767	25.3043
361.769	298.27
131.792	99.0434
393.126	198.765
135.865	89.9103
93.4424	102.694
114.722	469.341
189.465	268.135
121.091	237.164
241.417	241.243
454.269	181.57
427.791	420.425
236.066	348.276
209.288	468.134
240.84	342.87
27.0544	76.7121
58.9256	194.468
198.952	451.212
120.483	295
89.4195	93.5387
125.031	106.412
281.651	156.672
449.154	190.163
124.567	198.048
445.159	294.585
31.3154	169.669
135.853	408.913
130.91	235.271
15.717	450.952
161.595	23.4596
88.0001	83.64
34.9184	74.4556
122.413	45.0885
226.188	346.719
212.069	474.969
18.945	470.302
212.594	190.746
89.3123	431.625
119.384	304.94
369.301	158.934
127.223	116.168
440.449	485.997
157.726	32.1308
84.8784	301.394
223.284	337.15
373.928	386.853
195.368	280.548
471.513	457.691
471.532	389.484
26.792	167.248
147.524	400.439
138.445	80.2489
160.828	13.4891
353.385	451.783
465.724	360.599
247.695	291.898
481.441	388.14
444.605	199.068
170.567	11.2198
404.634	303.409
435.989	193.992
321.404	321.476
21.5466	213.336
53.8013	413.76
220.141	184.185
180.215	271.933
466.854	153.811
27.1639	109.323
142.56	106.88
410.751	306.642
28.7384	468.279
55.4018	169.945
91.8805	432.903
17.1354	77.9829
81.4246	99.5455
16.186	440.963
377.865	153.772
103.274	134.415
93.3607	135.727
315.474	313.424
454.836	250.444
15.2314	241.298
130.246	50.0829
368.448	292.349
218.408	174.336
456.798	483.21
466.793	483.527
357.445	441.284
451.352	286.733
173.101	278.961
55.713	159.949
87.4592	415.956
451.114	302.618
47.2687	406.188
199.83	289.498
353.951	444.605
26.56	157.498
330.563	440.997
197.338	299.182
306.73	459.205
16.911	165.709
443.172	413.726
355.344	461.59
214.68	484.622
76.4094	283.413
87.7542	239.734
180.21	13.8697
235.346	233.297
399.554	294.795
146.318	443.231
85.0019	311.393
426.496	190.848
283.6	166.48
244.38	238.054
459.866	291.977
130.457	295.711
275.436	172.255
271.4	319.108
248.852	348.855
464.836	250.469
31.0974	233.292
190.174	13.0213
381.651	398.469
20.3909	116.68
305.475	313.245
323.501	331.254
469.883	268.167
384.793	157.05
431.216	482.158
421.278	481.041
216.999	164.436
278.916	181.63
470.835	242.468
32.952	64.6509
364.291	457.121
364.687	383.033
288.165	185.433
97.5731	275.662
79.332	245.125
437.803	380.812
486.775	379.681
33.2281	76.8156
99.1408	246.188
271.726	155.448
452.823	489.041
224.668	484.129
140.486	232.391
308.951	468.956
78.9014	194.595
290.443	168.05
413.152	313.33
58.6561	204.465
116.878	473.665
239.147	286.709
452.363	406.158
388.966	399.032
479.992	246.487
226.087	229.519
471.484	387.822
389.299	240.935
238.394	223.773
411.506	483.166
199.668	470.861
360.712	169.617
161.522	22.1693
77.6235	414.151
278.251	191.608
69.3032	290.449
35.0777	462.301
28.8508	122.012
139.771	47.0347
31.108	231.277
27.3916	56.3393
222.929	156.383
126.847	472.878
202.96	188.065
476.228	157.292
393.873	392.037
138.294	437.262
295.997	313.553
40.1591	453.689
207.592	446.176
181.397	18.8339
54.735	413.097
26.6307	46.3683
230.962	150.428
214.486	494.62
61.0933	296.159
150.484	232.611
25.8698	36.3973
200.12	14.0546
362.294	284.468
370.195	374.686
134.562	198.388
353.215	280.274
12.948	251.034
398.974	238.406
5.1379	257.279
326.377	431.916
356.24	377.68
160.231	230.378
62.5438	283.08
40.7831	235.78
401.796	485.554
188.985	452.02
370.792	302.071
208.889	9.24702
367.768	305.518
25.1088	26.4263
53.4451	302.601
201.836	178.128
217.957	13.4627
25	25
6.80158	267.14
238.239	290.001
204.089	436.809
33.9293	20.498
298.164	185.521
318.121	426.273
25	25
275.007	328.435
24.9379	436.126
227.852	12.0214
350.937	386.158
78.3194	204.578
53.8443	292.689
42.8855	63.4993
130.475	431.028
352.029	284.135
138.355	301.846
12.4279	174.648
31.3714	475.944
94.5491	314.368
439.158	184.507
231.506	476.832
477.894	465.391
444.235	486.082
25	25
359.348	179.524
229.794	181.574
11.0302	476.413
441.757	283.913
462.369	461.737
316.196	475.848
393.269	151.743
51.8648	312.475
450.179	312.574
4.86684	276.951
437.75	370.812
98.4065	323.594
474.758	356.31
87.4804	419.382
294.573	160.47
248.26	247.271
25	25
9.51129	184.213
242.195	216.857
301.882	153.644
127.493	286.161
61.7943	213.959
25	25
356.226	189.024
108.61	479.289
201.583	308.237
36.8177	447.759
316.871	338.74
144.606	300.789
122.142	44.2253
71.6491	412.909
296.89	460.987
182.511	459.642
431.765	375.083
53.8467	278.144
392.334	488.791
170.194	229.511
460.452	152.041
84.0359	188.636
149.574	49.007
200.191	24.0544
432.872	288.501
413.806	323.308
325.985	477.896
291.307	317.196
25	25
303.346	320.209
91.238	330.567
397.017	161.015
56.9186	285.838
234.918	19.0974
193.009	313.383
25	25
131.82	481.554
308.259	427.931
8.09052	234.298
466.012	351.608
403.808	323.492
25	25
457.125	350.913
6.3849	224.444
304.795	162.757
481.651	256.348
62.1301	167.619
212.699	431.723
135.413	241.009
24.1763	107.425
25	25
25	25
271.764	193.645
193.408	172.746
191.71	162.891
201.468	279.633
151.139	308.36
162.772	240.05
25	25
395.403	396.048
90.0454	340.495
184.828	177.883
14.9907	103.472
25	25
34.2177	130.45
19.1066	61.9392
358.348	308.874
25	25
395.953	317.304
218.561	423.621
442.966	362.28
189.077	22.5564
161.008	309.975
455.327	291.738
149.558	292.101
85.6487	229.958
355.77	199.013
210.944	417.142
417.435	195.077
459.542	316.086
149.727	59.0058
52.0397	403.467
295.953	314.496
86.2654	429.307
273.026	313.104
30.174	485.872
402.185	333.36
197.996	428.88
448.166	415.235
42.2732	469.246
377.648	294.792
25	25
140.475	41.9324
189.713	19.4926
25	25
325.161	419.171
455.601	491.584
244.816	20.5232
461.858	269.049
215.327	408.154
490.545	388.943
363.39	317.51
421.199	477.342
13.4841	123.912
240.048	482.032
228.195	420.939
86.7789	349.947
25	25
478.647	166.995
385.639	288.779
303.502	419.135
237.694	417.814
5.8112	468.472
25	25
335.458	436.102
472.031	381.612
405.399	396.344
457.99	301.377
43.5214	303.834
492.239	396.652
25	25
406.943	342.155
432.63	298.498
23.4786	130.447
254.81	20.8687
295.502	470.89
122.202	34.2255
314.112	159.126
112.429	36.3445
25	25
26.0599	133.731
435.697	491.288
419.33	467.518
25	25
25	25
362.135	200.295
264.321	23.9584
273.813	27.1035
192.889	323.382
60.8764	301.474
204.103	33.2576
223.884	10.1753
16.2258	39.0419
190.615	453.109
126.313	462.893
25	25
97.3707	420.858
283.811	27.3357
25	25
151.373	68.8695
401.02	169.935
43.877	127.862
22.0315	15.4508
119.344	53.8259
359.958	275.532
36.8204	493.343
201.8	289.627
367.728	309.157
480.528	348.143
433.047	192.423
469.433	317.556
334.426	472.535
167.167	317.853
373.716	365.327
25	25
196.007	332.884
232.393	152.327
140.046	249.87
141.813	191.503
9.46047	64.5758
488.15	163.881
303.077	194.232
322.888	409.433
479.134	246.67
210.186	440.566
202.415	411.921
477.499	364.396
106.059	28.6357
25	25
25	25
92.9836	184.17
318.364	150.075
428.192	307.459
238.143	24.4436
130.088	238.519
286.694	313.908
25	25
196.243	278.764
409.807	464.469
72.1083	285.998
193.041	181.426
25	25
396.562	405.981
223.463	402.34
293.086	31.0742
21.0674	245.197
387.017	161.034
16.3833	441.304
43.6338	18.0852
210.715	275.827
356.688	394.338
99.6275	176.697
10.1294	486.373
138.752	181.983
25	25
469.785	243.121
293.75	420.001
159.725	59.1779
25	25
86.6049	411.696
466.698	452.723
25	25
263.103	314.337
25	25
13.9421	281.151
45.9624	489.291
139.522	172.012
137.154	44.299
204.482	327.576
478.967	314.537
193.938	406.616
25	25
199.725	342.167
294.745	421.559
66.0394	293.8
25	25
481.309	474.79
326.97	484.29
25	25
56.3883	268.998
78.2667	278.12
271.717	183.645
213.672	331.52
302.945	156.473
303.265	330.209
302.942	29.3861
92.5503	418.057
54.8598	174.485
85.8215	439.298
247.053	414.291
25	25
122.315	24.2261
25	25
55.9498	489.794
164.481	221.303
253.253	312.611
312.939	29.6518
316.533	401.712
323.829	331.558
392.544	336.015
23.4389	254.911
25	25
70.6058	297.83
59.3823	319.07
25	25
175.302	174.843
408.857	326.37
344.46	440.457
25	25
171.781	244.389
181.089	240.734
150.163	78.796
156.94	285.355
400.888	493.97
486.589	154.003
33.9812	457.348
45.4505	130.496
43.971	456.895
25	25
107.376	328.015
25	25
173.621	234.486
71.5623	164.297
70.7532	209.517
322.875	30.78
332.872	30.5439
25	25
472.573	233.518
473.172	445.102
469.273	327.554
484.053	152.95
118.143	282.615
272.383	37.0007
51.19	121.042
223.463	329.489
301.062	339.154
400.465	398.483
469.626	171.31
10.9293	241.102
10.6294	215.39
424.593	282.893
45.1131	311.168
251.411	405.291
25	25
345.779	199.432
12.334	17.8917
25	25
207.026	298.153
25	25
25	25
271.706	323.017
369.383	273.825
427.869	273.445
386.996	408.893
199.181	458.269
409.851	324.075
311.026	338.307
242.364	153.085
208.634	42.1724
456.703	453.025
184.449	403.459
111.396	59.8954
326.471	423.387
399.912	465.914
25	25
194.501	32.0632
25	25
101.609	57.8441
311.506	193.028
86.2209	341.306
360.184	210.102
120.888	234.6
469.982	223.86
233.331	327.866
193.013	41.9518
25	25
53.8804	455.552
186.232	154.525
458.861	449.875
319.332	322.627
33.6736	18.9766
76.2767	428.831
287.55	476.953
180.173	226.932
108.035	171.283
10.2566	133.266
401.507	414.673
21.865	432.941
486.038	369.601
289.782	29.6067
128.69	16.5218
342.473	27.7471
298.683	37.187
378.408	269.518
203.041	181.473
190.845	346.767
99.2523	191.962
25	25
322.047	429.745
49.279	134.191
206.525	266.747
29.073	62.7584
211.414	258.024
297.304	47.0914
249.087	424.082
233.807	478.151
168.386	249.503
160.462	325.272
115.375	17.0263
257.358	303.492
118.375	468.975
97.571	326.052
222.393	152.225
50.7009	469.566
281.136	469.281
107.737	318.021
156.762	64.6715
215.57	49.3753
25	25
330.508	438.677
216.637	280.247
298.493	160.127
287.407	303.933
16.4959	207.291
486.62	375.049
195.735	11.5094
25	25
372.791	261.244
220.892	425.467
14.0179	59.0771
416.572	186.204
25	25
109.68	473.914
112.11	239.391
380.068	363.923
4.93812	249.108
454	262.865
405.844	414.845
238.888	34.4158
352.753	212.217
391.067	151.891
44.027	447.156
214.262	405.493
260.645	409.13
139.605	50.0398
482.707	307.726
349.936	34.4025
226.195	484.637
65.4103	205.471
400.992	150.674
29.3173	239.545
38.3406	438.93
316.525	346.659
478.49	249.44
148.516	181.872
25	25
463.344	292.931
25	25
25	25
211.357	283.307
78.0784	204.704
131.84	192.23
216.713	487.814
25	25
154.699	87.708
402.709	386.713
25	25
348.912	438.534
233.706	162.24
415.794	176.235
112.214	167.152
432.446	202.405
214.404	38.9109
138.515	162.063
351.469	385.808
102.226	240.911
25	25
180.643	453.861
394.325	464.73
243.274	313.267
178.076	463.526
96.5509	31.7318
252.578	425.338
87.6417	401.75
190.831	157.151
368.662	252.137
199.119	151.555
16.7609	256.798
25	25
292.272	19.9216
208.031	438.751
25	25
270.641	46.8477
190.752	313.613
452.704	445.478
410.847	194.404
378.587	155.654
168.88	459.598
301.275	56.2692
102.842	168.087
141.693	84.1124
14.6176	197.469
376.593	246.378
70.3306	272.035
92.3116	22.6748
248.82	401.438
113.985	335.52
103.401	158.102
25	25
372.759	272.762
369.876	160.566
106.292	480.51
50.7846	25.0757
364.162	362.373
375.853	282.271
163.231	467.85
25	25
110.066	69.8066
462.298	164.505
25	25
437.776	274.807
448.448	458.67
97.5675	201.819
359.813	32.8338
481.498	152.288
231.557	478.346
121.315	273.132
367.842	356.022
11.8489	290.929
131.699	84.4434
346.001	189.435
155.09	187.831
200.053	433.948
121.703	84.1482
143.47	85.7445
387.78	327.223
410.382	454.485
237.106	171.644
106.685	79.2174
358.865	250.13
185.413	222.554
93.2059	402.159
25	25
12.9808	123.645
25	25
99.1531	231.395
369.738	31.6102
13.2716	427.827
269.144	56.7351
25	25
141.538	95.556
218.266	403.627
25	25
19.9221	219.084
198.755	341.807
156.965	475.643
251.955	150.255
25	25
367.349	371.852
417.28	289.714
293.28	333.963
323.681	427.842
174.671	405.553
25	25
218.96	251.462
57.0236	171.634
290.707	153.852
228.449	26.896
116.09	92.424
456.569	287.949
254.683	435.114
332.391	427.636
87.5974	36.1856
466.891	252.693
168.26	64.3898
118.13	10.6031
94.5415	12.9266
215.404	59.3739
110.431	319.516
103.068	471.492
200.678	340.538
265.478	191.46
191.925	4.22506
406.454	179.807
383.836	170.514
266.71	66.4342
349.093	20.252
379.679	32.6948
124.349	263.603
248.563	443.022
492.784	362.22
383.12	42.0838
60.6963	469.264
58.0199	328.977
385.43	469.299
307.875	63.7812
241.12	318.508
103.188	402.749
40.3219	436.269
25	25
417.188	331.901
216.139	444.605
238.387	336.493
384.971	251.838
478.868	249.469
296.309	410.334
57.9986	113.718
219.215	283.505
478.212	380.461
116.248	345.261
184.873	29.3624
27.479	464.945
39.8741	302.65
290.553	486.492
318.761	186.146
147.244	473.295
294.07	400.588
106.1	148.474
425.733	175.131
6.57118	251.26
448.764	436.287
51.9292	486.39
70.6521	420.562
357.866	434.081
25	25
298.721	348.876
81.5131	163.306
198.219	50.4898
385.412	418.767
223.474	319.489
411.836	186.22
128.048	236.027
25	25
162.936	194.03
23.8512	34.9338
39.0086	63.8917
469.09	376.362
25	25
25	25
69.1456	435.841
154.467	97.7053
213.341	150.884
168.614	213.713
173.53	205.005
487.248	316.636
476.643	435.723
447.843	454.266
362.461	28.8055
25	25
13.3179	69.0526
25	25
227.001	494.604
110.191	409.887
104.437	402.518
97.6947	334.45
415.661	315.936
220.78	20.4783
432.477	182.515
25	25
292.117	410.433
63.6787	318.731
369.923	212.37
392.728	44.8586
38.6786	243.062
485.844	298.231
400.436	38.4885
9.39631	193.525
418.483	269.995
100.546	403.496
51.6679	336.7
8.5736	8.62564
9.86154	114.143
270.646	27.1528
364.907	19.1093
127.534	10.2855
10.0765	418.351
33.0686	15.0944
21.0494	241.197
25	25
400.31	51.378
109.555	139.089
188.761	166.935
433.186	212.377
302.096	196.411
25	25
384.076	426.626
392.265	454.945
376.399	177.199
71.0058	219.513
122.723	229.571
36.7778	316.692
186.962	464.831
102.618	8.02293
409.262	33.7864
177.415	60.3673
120.071	316.857
352.774	258.061
15.4705	78.8182
87.7675	324.079
25	25
349.094	44.367
48.2357	246.005
420.007	192.896
332.622	26.0267
308.368	158.553
297.244	27.5511
270.101	332.887
367.72	270.456
387.238	479.135
17.3012	266.784
28.6506	310.866
176.237	32.155
277.411	303.634
136.995	200.799
299.977	339.566
105.233	6.01256
125.548	341.587
343.325	12.0828
362.839	240.954
314.846	186.328
12.4491	185.826
237.728	304.946
481.1	289.428
18.1445	75.6923
25	25
39.3588	135.451
452.013	426.829
129.851	314.773
25	25
25	25
470.519	427.818
308.473	57.8098
69.8187	205.673
272.246	338.76
387.963	154.839
418.46	29.8639
280.469	300.694
361.397	278.203
137.459	239.409
168.571	25.7345
42.7846	341.292
80.6431	222.182
484.942	441.302
349.526	54.3577
108.821	419.793
13.5497	430.495
401.848	61.2591
97.419	82.9788
461.038	263.276
67.7512	309.598
421.134	20.2278
249.739	415.322
312.923	167.455
342.498	180.068
321.475	312.859
410.715	65.8817
380.15	239.674
365.313	151.668
90.0206	410.889
30.1483	429.346
157.811	315.63
281.123	308.936
118.031	159.018
455.174	157.487
472.946	305.55
215.897	428.819
59.1579	328.296
25	25
25	25
357.748	232.346
25	25
476.087	419.512
448.156	254.75
52.9023	143.511
268.128	76.3331
295.36	189.02
161.267	188.115
97.7297	152.281
80.2941	272.888
156.649	310.404
25	25
380.657	35.7373
21.4987	245.812
339.176	45.6452
21.8398	191.967
127.77	204.659
284.09	14.172
471.628	290.392
50.8036	179.465
324.567	303.349
29.9137	218.675
25	25
225.293	60.8619
235.884	486.54
442.529	452.72
147.866	463.314
389.01	412.928
230.164	301.045
321.498	418.084
103.773	178.043
443.185	212.454
276.467	474.273
361.586	437.897
193.731	34.0023
287.376	461.467
142.825	153.04
25	25
25	25
478.634	159.863
469.7	315.008
128.646	239.381
394.372	450.368
160.073	178.187
25	25
225.109	471.343
406.447	74.925
474.301	320.768
170.364	414.578
101.102	133.746
56.4195	123.592
20.9391	241.319
456.39	426.076
333.029	176.852
258.407	184.388
140.172	456.927
324.422	431.181
382.902	52.0814
45.6161	478.634
15.605	108.828
181.875	309.009
290.451	6.45542
23.2792	455.87
226.298	12.1384
62.6846	145.587
65.3034	412.113
165.309	16.2814
388.079	233.581
70.162	466.039
420.317	68.6766
385.541	31.1531
191.998	349.18
25	25
25	25
275.945	55.6398
395.826	464.973
125.18	20.0045
99.3798	180.63
430.202	70.1908
134.024	102.155
136.241	15.2038
56.0395	408.348
25	25
311.235	73.2
60.3558	272.745
107.292	462.428
428.425	30.7025
91.0506	341.924
396.072	483.82
273.261	197.739
77.1384	306.152
340.979	198.083
108.563	405.316
183.5	205.77
222.687	70.5165
143.232	162.547
359.441	424.206
409.581	50.6027
441.893	185.884
300.446	6.15201
291.808	420.429
354.358	445.117
170.572	411.667
376.922	359.041
167.361	171.34
186.938	340.555
87.4479	83.7383
409.21	266.253
21.111	224.997
90.9991	161.152
25	25
79.6567	232.134
25	25
459.921	173.95
408.687	284.599
438.185	32.8831
418.92	47.0269
32.9236	143.105
25	25
143.225	233.497
48.0447	114.676
98.3988	194.685
455.132	466.108
300.547	486.847
353.73	395.549
158.695	61.4717
3.15459	245.893
133.603	449.387
145.244	235.652
219.558	433.54
23.0307	473.901
381.764	285.425
118.379	307.001
91.6988	328.459
312.553	194.107
51.3331	277.057
363.666	394.417
270.125	182.605
262.477	84.583
356.999	260.086
169.138	20.853
71.1657	196.914
396.536	73.5972
378.716	484.367
440.088	71.6908
350.175	64.3366
79.4358	326.472
463.371	471.775
25	25
37.6263	212.309
87.0872	305.141
137.755	210.77
279.809	16.9884
213.426	74.2896
25	25
111.318	310.359
25	25
125.794	229.847
328.007	172.106
221.733	448.633
83.6732	295.741
106.603	233.765
459.927	317.126
468.51	480.354
190.054	433.834
34.8008	346.515
25	25
392.833	493.281
448.406	66.1393
244.882	490.903
457.904	69.2691
409.272	293.081
25	25
25	25
23.8596	423.687
488.001	253.542
118.171	15.1177
439.769	249.304
293.001	179.302
186.202	474.802
25	25
16.8857	186.433
25	25
25	25
178.917	346.527
315.622	82.1861
457.634	326.86
19.5508	315.012
25	25
209.248	284.315
266.892	477.157
436.215	457.114
16.3696	324.493
49.5859	348.623
396.217	55.4996
361.533	150.855
139.686	110.398
25	25
123.226	273.54
77.3707	424.947
295.811	10.4585
25	25
453.36	78.1772
221.409	241.766
113.557	276.089
312.22	91.5896
53.7668	317.407
375.547	183.589
447.805	30.1553
114.547	469.31
265.605	346.237
212.541	49.7926
391.615	50.4049
335.134	185.309
38.8495	151.161
145.375	147.45
386.29	291.065
445.452	419.283
25	25
385.334	278.571
375.62	471.238
343.193	36.294
137.056	198.373
371.316	245.475
156.274	71.1743
71.0121	227.523
457.199	26.725
334.182	306.097
17.0563	276.26
25	25
398.076	233.34
208.979	252.082
225.393	259.119
61.0336	218.769
367.796	189.907
247.028	405.696
161.698	92.2004
30.1387	5.53327
130.321	8.63194
217.012	495.06
450.857	218.869
24.5658	229.261
25	25
476.982	285.816
25	25
25	25
493.984	437.03
200.349	257.134
25	25
392.671	426.784
25	25
253.906	175.458
86.6101	12.6353
25	25
25	25
466.778	257.344
466.822	73.7929
463.856	466.565
142.351	17.9717
68.5815	137.51
25	25
12.654	198.002
162.642	63.4314
480.818	150.104
144.968	8.49324
91.3952	171.145
324.726	19.8901
465.848	21.7056
475.083	17.8714
164.98	423.005
21.415	264.469
305.341	98.8471
102.212	458.922
357.904	154.056
277.874	78.5728
187.025	63.1335
197.886	171.026
152.86	457.286
383.328	34.5118
67.6216	116.438
228.44	234.656
78.6787	438.861
305.145	477.966
25	25
470.916	460.243
492.217	444.024
425.477	218.747
448.666	187.671
65.627	130.825
61.1906	197.618
414.965	183.857
376.856	219.577
215.41	418.831
215.007	234.084
406.867	263.39
32.6264	243.938
232.935	465.119
466.358	301.331
232.31	59.935
131.948	21.3067
46.55	104.789
18.1455	428.813
25	25
286.088	478.007
35.7954	459.392
243.36	296.683
25	25
157.208	300.42
25	25
192.771	430.045
401.783	257.633
184.329	484.625
198.385	341.485
10.3744	176.044
431.559	212.656
422.997	165.513
219.858	487.448
73.1136	120.812
58.2346	245.856
471.121	490.007
290.508	193.907
25	25
126.641	108.9
362.324	243.292
484.403	14.2468
465.523	182.234
490.988	287.936
278.238	457.406
377.529	353.853
205.453	80.3252
277.523	65.5144
437.043	444.359
119.725	412.904
25	25
25	25
450.993	18.8834
283.176	73.3663
25	25
485.969	166.66
351.457	6.26259
94.1776	341.866
117.594	220.987
325.682	418.34
484.101	10.9046
422.363	66.1194
393.226	403.86
386.399	177.229
143.454	161.69
108.176	192.587
300.841	329.603
43.9384	95.1356
159.768	290.753
91.7677	144.252
126.918	441.95
387.356	352.002
77.6442	304.586
71.1647	115.891
131.972	349.251
296.089	409.106
426.399	156.109
123.607	403.689
43.9062	85.1357
153.069	447.289
304.525	480.981
14.5223	306.923
25	25
287.362	0.601237
133.59	159.898
393.637	76.4872
152.18	469.37
228.135	429.797
344.375	444.525
7.72595	279.858
24.4953	104.25
405.821	464.674
331.811	192.837
40.8243	21.407
397.216	353.668
25	25
368.153	350.375
79.9989	464.24
488.978	170.523
486.865	23.9392
482.276	277.333
25	25
124.627	299.193
454.715	336.424
47.9903	267.632
212.22	87.688
102.819	91.3956
235.392	259.015
351.203	74.2837
205.637	334.6
169.871	36.8917
256.61	402.834
464.12	339.823
404.341	360.685
335.658	417.648
137.421	340.866
25	25
121.879	200.135
429.804	250.137
142.738	114.222
217.253	7.87356
375.35	293.097
42.6604	21.6537
488.622	10.9831
76.6943	13.9305
199.648	281.516
48.8475	143.792
25	25
25	25
155.244	235.694
207.288	167.62
359.553	8.00861
81.2618	343.968
38.425	117.408
475.557	19.9312
223.617	69.1665
425.921	210.899
160.558	280.785
118.528	447.392
278.428	23.2974
269.12	26.9535
25	25
25	25
292.833	430.376
162.62	183.226
378.965	275.947
114.587	234.856
47.5254	188.912
257.44	93.2222
299.979	197.889
445.263	339.689
163.628	288.233
250.101	189.956
488.603	243.56
179.403	406.974
413.548	458.326
147.685	211.952
88.8304	160.639
215.341	42.1395
473.537	343.186
40.7533	268.982
25	25
225.641	80.0704
229.064	21.7482
449.392	410.092
26.8388	76.4612
474.986	169.173
450.987	312.645
352.81	405.289
443.658	263.682
193.478	205.098
446.728	471.528
25	25
107.045	475.922
190.341	39.4083
242.264	58.9791
449.684	254.1
401.605	459.835
451.423	465.359
410.088	284.504
198.067	181.024
176.17	209.487
25	25
212.077	423.442
471.009	190.595
397.191	352.131
154.26	52.5091
10.4544	117.4
382.995	366.985
20.1268	225.378
386.458	216.784
468.53	31.3392
333.825	407.817
25	25
25	25
164.943	233.262
174.51	230.35
235.965	9.58277
64.5472	238.1
293.745	169.33
365.723	469.804
407.666	370.116
99.6502	204.606
310.252	157.819
266.456	337.809
69.9207	128.055
124.459	243.996
25	25
318.675	189.159
324.762	419.493
89.3502	22.2526
287.088	404.751
309.59	88.246
256.489	336.998
388.874	26.0086
333.529	24.6347
108.13	126.631
318.518	314.439
25	25
485.966	421.061
25	25
25	25
240.353	492.034
25	25
233.519	482.55
101.641	473.267
31.8358	192.247
25	25
229.023	490.505
293.238	415.462
244.613	68.6993
451	228.867
476.565	198.909
246.69	306.112
395.461	173.002
25	25
8.68636	310.756
452.263	210.568
350.584	84.2645
156.541	320.404
478.292	478.276
25	25
486.012	471.92
284.31	184.249
124.796	10.7502
32.5113	418.673
212.657	176.056
208.195	157.661
443.703	349.567
19.0865	95.8389
446.762	249.294
246.618	338.603
109.876	285.387
152.954	87.3485
127.588	267.02
368.88	364.984
368.608	221.644
436.131	153.809
139.644	123.731
74.2	234.267
3.65325	123.129
25	25
456.883	403.467
19.9834	173.275
445.875	10.2925
196.847	61.2539
472.981	321.924
51.4861	478.251
264.584	18.0416
27.8709	66.5146
25	25
37.2503	122.079
428.369	250.701
107.066	450.179
344.906	55.8374
493.66	31.2751
37.7874	184.211
67.6575	249.203
441.645	359.353
367.402	360.275
444.011	152.205
318.437	152.073
188.012	464.967
397.819	394.978
414.789	301.421
323.23	75.696
25	25
368.895	244.958
268.527	455.02
129.864	281.019
291.346	17.018
448.056	86.6545
388.29	276.081
199.024	327.099
293.852	481.757
51.5032	78.6329
195.443	442.258
365.726	369.529
367.146	237.637
299.116	438.156
474.506	80.1922
56.3075	84.22
25	25
137.02	11.9827
13.5622	458.232
89.6564	73.9852
354.373	237.227
103.599	413.997
231.619	447.127
246.405	287.157
413.369	356.386
233.007	225.76
238.476	311.815
99.566	183.799
277.747	401.181
25	25
454.502	94.2993
44.144	453.887
291.477	333.113
479.352	335.05
25	25
25	25
451.62	394.964
362.725	220.768
294.077	446.793
25	25
248.381	481.535
67.7623	471.601
71.0236	22.1671
100.428	335.064
381.505	175.384
166.265	238.743
297.474	24.9204
71.148	459.586
206.005	327.435
164.981	403.376
124.356	214.268
456.468	172.406
100.019	322.911
485.004	234.23
394.361	163.063
153.533	295.795
39.9675	174.452
475.493	237.32
168.802	292.407
17.8732	124.105
25	25
448.811	428.702
123.788	157.919
247.873	315.245
470.115	9.19313
25	25
461.557	38.5077
167.782	273.869
102.073	348.003
309.973	309.245
54.0131	452.275
207.733	4.81031
252.004	414.37
179.408	69.6133
25	25
401.628	431.232
453.418	478.961
22.3314	60.5799
25	25
278.825	9.83821
109.81	333.338
10.527	227.28
25	25
345.742	63.3814
149.483	125.517
480.473	350.39
135.502	439.049
25	25
469.344	168.938
216.827	152.613
284.722	325.74
159.189	292.194
25	25
360.194	87.0292
337.98	171.372
25	25
237.117	404.364
55.4334	69.4376
49.1475	148.821
382.11	191.134
341.017	180.673
145.082	88.0608
80.1363	12.6868
27.7922	409.856
80.9415	286.122
366.678	94.6423
305.545	300.278
159.752	238.585
115.019	296.592
488.567	297.638
201.837	245.083
114.431	466.347
97.7364	482.473
401.523	343.118
425.498	56.6236
25	25
393.991	153.07
25	25
108.815	460.014
489.748	346.652
35.0568	99.4083
461.41	396.829
20.2964	282.655
112.308	23.2186
217.298	457.596
32.4028	461.945
29.7186	147.083
423.957	228.631
25	25
442.977	9.84548
116.815	131.589
290.307	343.045
407.63	236.293
35.6383	403.656
119.983	139.648
20.4511	329.374
452.225	488.889
117.534	190.502
3.85576	201.555
473.401	66.2622
242.972	224.932
48.8365	338.651
25	25
204.54	349.366
410.732	427.094
426.608	46.6854
25	25
437.172	474.472
3.40573	319.248
460.819	397.957
176.216	474.289
242.954	2.42988
67.7056	22.3476
198.956	153.835
203.807	441.725
463.105	336.115
55.7815	469.909
25	25
374.675	358.694
81.4647	172.321
166.718	227.065
25	25
369.27	214.487
254.782	165.497
62.2542	253.981
252.202	419.769
347.963	171.947
480.547	170.414
24.4679	464.854
315.121	478.656
362.184	401.806
43.4132	444.881
405.542	359.524
18.5684	472.928
292.427	326.48
17.4815	51.8347
54.1146	327.122
222.935	10.6876
142.282	27.9715
2.69946	133.084
25	25
29.3439	312.989
34.4202	230.961
100.214	131.788
211.419	409.865
48.5495	337.18
483.358	67.1881
393.799	336.766
71.9985	281.647
401.089	377.65
264.231	13.2857
66.0155	188.859
182.52	462.306
25	25
399.882	223.504
133.472	201.906
449.179	385.267
25	25
410.992	193.034
13.2207	481.378
18.3642	339.154
63.9914	451.616
287.899	65.3218
214.671	97.3829
47.6271	133.867
115.644	248.719
254.41	66.6987
75.4683	178.755
248.713	72.8803
273.859	402.675
110.916	85.5268
442.404	153.574
224.321	159.234
25	25
127.969	261.084
216.614	466.227
216.064	151.617
414.463	160.301
156.099	247.894
25	25
25	25
21.1663	348.754
24.6213	411.894
143.942	137.553
79.1067	128.971
458.649	430.493
445.94	444.273
205.994	150.605
25	25
397.664	220.781
357.73	357.736
416.412	286.256
305.355	31.0761
365.999	99.297
6.47472	190.139
392.592	253.692
283.702	65.3557
25	25
205.852	65.6022
470.396	392.441
5.66637	477.089
25	25
25	25
25	25
25	25
25	25
25	25
25	25
238.124	430.259
444.27	353.347
275.435	88.2709
246.67	234.223
29.4117	23.6207
398.565	85.1886
209.303	317.994
457.545	202.077
92.9368	124.929
0.90086	482.938
148.209	10.3255
15.8911	203.875
404.806	300.847
322.867	416.93
132.916	400.036
476.057	419.72
366.269	288.91
376.74	356.8
369.691	378.346
486.145	201.777
401.125	94.8554
424.927	55.6095
255.847	488.189
152.93	257.378
25	25
411.929	460.916
293.919	446.678
381.75	165.387
102.916	345.295
52.5543	92.4711
169.974	56.6309
240.384	279.173
94.5437	345.863
249.712	275.57
432.557	483.343
205.318	14.5143
256.112	428.973
287.87	416.328
247.917	96.2724
274.005	98.1681
123.91	145.949
228.019	168.525
401.979	473.907
289.156	160.445
97.8971	422.212
25	25
157.116	243.201
396.485	259.035
5.14954	175.685
162.269	41.4608
25	25
25	25
371.609	176.824
111.445	75.5408
243.902	54.2703
321.449	470.913
116.026	223.357
60.6106	29.3947
206.16	60.4804
317.318	461.806
360.847	296.77
155.725	40.3571
355.688	305.336
189.28	488.659
478.848	397.786
413.87	257.861
194.884	442.41
25	25
51.1063	488.244
442.981	402.417
396.547	26.3769
145.86	57.9363
113.826	158.797
433.619	9.6206
142.286	171.622
446.959	208.726
331.361	472.244
94.3466	146.665
397.806	307.989
170.28	231.643
491.646	356.47
250.511	73.6316
25	25
25	25
85.9924	472.245
448.235	491.22
477.377	182.885
312.726	97.7415
91.3468	318.758
389.88	67.2199
394.775	151.438
309.01	439.611
135.363	90.4136
455.017	243.65
423.099	480.096
444.495	273.646
86.0721	31.7
481.978	157.491
282.243	32.541
41.7997	139.244
118.456	78.2743
149.953	248.887
134.488	89.4066
260.643	403.373
418.437	310.732
25	25
25	25
210.57	419.161
130.663	444.528
397.682	16.4415
82.1467	175.065
36.9398	166.984
25	25
124.936	99.4333
58.0101	184.956
290.877	154.963
455.085	326.431
218.382	447.654
61.6494	192.602
92.0278	430.308
454.038	276.635
167.627	279.852
287.135	55.351
384.917	296.006
333.809	481.939
100.958	187.884
104.46	454.963
479.757	59.4015
320.187	76.7071
25	25
350.864	230.542
15.7738	416.555
88.7606	418.147
484.317	462.065
135.529	453.264
196.25	178.7
15.3882	332.685
25	25
91.1966	30.3068
130.276	11.4185
199.826	253.101
139.872	89.3202
417.854	216.221
292.869	75.8255
119.35	265.527
412.106	318.473
378.894	26.6388
37.1767	306.772
458.504	182.197
97.6935	37.9088
94.1204	82.9336
387.677	176.727
6.92242	194.349
280.164	420.215
25	25
313.127	433.656
16.1621	29.6789
104.343	146.928
422.987	309.307
27.5956	165.656
255.033	312.028
313.091	69.6608
390.368	87.1491
69.1172	309.81
256.58	404.72
364.899	479.77
317.627	488.337
461.063	411.576
57.5936	339.744
448.373	224.985
28.8613	137.421
203.924	410.685
20.9422	235.345
465.023	433.658
359.248	92.6811
81.8432	80.2265
411.15	183.035
477.728	275.351
12.1548	136.339
40.1876	101.213
159.356	86.9293
391.484	25.664
484.25	232.54
197.646	418.469
107.37	425.415
334.98	491.87
189.081	326.035
78.8005	418.504
94.3001	209.681
131.709	433.93
369.342	213.378
321.563	64.3482
434.783	60.3361
405.761	391.789
111.936	289.895
265.652	98.9845
441.494	52.9221
172.62	183.201
25	25
200.068	273.016
25	25
86.4691	408.413
324.117	454.473
430.718	69.4725
267.332	344.094
25	25
121.819	167.723
478.922	351.587
28.5899	220.051
276.801	177.645
306.602	152.92
121.547	473.373
75.9843	3.5895
411.014	96.3402
25	25
25	25
199.622	401.658
162.446	63.2136
278.943	192.687
440.679	70.3507
281.996	150.366
140.662	50.884
278.088	40.7849
300.291	176.89
125.288	184.188
216.916	438.453
373.834	35.2644
39.0334	175.356
25	25
389.365	313.349
25	25
371.831	348.087
25	25
121.943	483.365
231.759	284.234
249.698	227.317
37.9789	138.976
215.405	400.694
25	25
121.375	27.4356
414.524	478.062
25	25
285.9	487.821
189.912	158.103
293.136	150.587
395.383	423.422
205.097	184.588
158.169	11.2104
385.774	303.973
242.54	347.734
25	25
411.472	487.561
471.159	434.228
357.038	370.658
366.167	243.536
25	25
367.881	396.081
445.883	281.273
140.605	131.481
15.7673	243.902
256.074	181.936
119.882	480.58
25	25
383.165	256.681
25	25
364.386	459.894
437.632	402.161
298.38	21.9372
98.1374	218.915
106.187	149.596
392.39	476.745
13.3348	253.602
25	25
25	25
187.589	468.406
192.525	452.128
474.55	425.817
93.1717	141.352
299.683	346.522
153.003	203.483
292.156	66.1606
234.169	271.339
92.9983	425.432
131.943	483.426
25	25
25	25
222.765	407.464
25	25
488.972	307.63
25	25
37.8111	65.4223
158.388	330.232
25	25
296.67	403.188
423.64	8.98187
25	25
144.912	197.607
316.084	55.9832
233.694	23.2383
357.047	89.7765
19.2191	30.5476
33.971	454.975
0.462369	313.879
464.732	4.81439
58.7861	349.672
391.813	65.402
189.598	58.5779
469.561	390.013
293.178	74.4052
195.392	15.7275
25	25
133.619	248.005
25	25
103.527	131.5
25	25
276.999	319.387
455.923	190.774
479.514	235.773
188.207	421.771
474.433	175.789
379.093	272.154
189.334	7.77135
387.137	302.395
67.0223	290.321
354.915	480.337
423.904	279.632
48.2637	325.625
142.675	26.0293
477.968	285.2
491.539	160.42
123.827	466.988
43.72	151.617
416.496	327.458
473.458	247.111
487.391	277.927
25	25
81.792	240.775
398.993	26.3293
156.606	340.072
11.1996	278.502
25	25
194.233	458.199
165.559	316.823
476.274	68.0286
394.235	429.362
123.398	69.5807
9.25453	144.896
65.3792	229.556
4.46571	116.918
159.178	6.28957
283.986	98.7762
210.519	192.99
25	25
25	25
222.431	159.863
39.9839	239.27
106.747	479.159
70.972	481.072
237.567	171.497
423.054	41.873
8.23497	35.7748
400.962	174.369
60.6791	315.176
456.172	411.251
91.9126	46.0686
389.448	197.928
235.765	308.614
179.947	427.407
486.879	452.399
276.514	81.3102
215.943	58.4062
83.5084	285.651
446.259	62.4538
244.799	244.047
412.164	484.248
246.653	89.7446
7.32857	300.848
294.188	343.012
142.923	60.156
352.344	164.31
314.924	488.346
25	25
225.445	470.918
172.708	460.377
457.621	173.819
273.759	66.4255
25	25
25	25
58.2623	202.011
401.67	169.097
307.332	439.287
483.297	187.427
390.808	414.529
343.821	45.8964
492.417	444.072
114.873	193.221
25	25
38.9672	435.924
144.657	435.026
399.526	36.315
26.83	463.706
181.637	187.525
25	25
25	25
140.534	8.878
421.902	361.6
495.558	436.435
87.2046	406.679
105.057	78.4264
41.9989	106.23
308.972	486.089
469.66	179.228
413.836	480.887
430.476	35.1716
71.0628	475.416
90.4505	335.738
27.7728	14.4082
25	25
31.6047	29.0494
371.963	338.088
362.732	90.78
356.465	243.791
445.38	245.157
209.491	74.9162
14.3942	177.687
160.202	57.048
286.386	402.658
167.848	41.698
353.878	154.428
81.1269	458.935
341.84	57.6446
373.774	369.241
48.1192	452.894
174.766	425.552
462.114	97.3967
19.191	344.246
467.032	4.25582
34.3635	231.283
31.372	432.024
402.251	439.809
122.77	213.878
91.635	118.27
439.233	425.827
124.074	59.6036
25	25
362.511	279.642
25	25
344.265	495.585
384.607	175.337
149.85	188.912
139.525	489.946
422.511	156.991
206.551	60.2402
25	25
25	25
356.197	271.889
140.084	89.6063
250.819	47.0483
486.96	239.543
15.3144	412.924
144.575	262.874
397.473	371.053
34.4273	219.097
215.187	411.801
166.068	94.3422
322.149	406.955
374.458	21.5949
31.5507	174.565
25	25
485.344	416.014
322.714	97.2668
64.0671	231.29
137.424	451.141
409.666	400.995
155.711	315.084
92.8489	487.377
452.47	472.078
233.389	343.703
272.241	39.5076
124.959	163.443
172.068	435.182
383.795	312.079
111.273	239.724
493.356	66.9703
352.253	402.977
12.9597	316.295
233.042	1.10325
375.421	402.65
25	25
309.532	313.761
25	25
182.29	151.63
448.842	391.571
410.136	481.828
386.689	162.158
25	25
42.5599	173.416
229.728	478.4
25	25
252.05	91.4809
485.156	77.0251
25	25
452.943	316.663
25	25
180.65	467.129
389.912	427.266
25	25
55.5929	261.439
417.605	365.918
421.757	479.268
89.1017	309.013
406.021	23.4544
25	25
420.394	48.0347
200.256	283.015
4.53597	106.918
401.012	39.5612
321.924	87.3361
148.681	97.3905
241.513	216.066
133.287	46.9685
185.503	15.8425
334.838	188.536
149.41	44.6038
262.975	159.764
158.027	282.761
38.6119	336.064
119.259	238.781
479.204	361.583
77.0545	273.019
410.064	333.164
379.9	346.141
347.04	300.315
284.069	444.955
211.342	474.724
25	25
475.004	458.423
82.8841	324.085
430.679	315.697
57.5263	132.451
471.699	19.0668
466.853	21.0603
309.636	345.553
409.14	211.316
366.106	377.819
25	25
66.7872	173.791
23.218	13.0204
480.103	163.316
225.547	55.6217
38.0574	308.894
107.715	78.2138
365.589	470.654
203.226	268.642
247.346	61.016
253.226	438.547
25	25
486.746	445.002
189.878	252.086
396.458	316.371
172.563	58.4017
45.8199	428.641
145.94	317.21
237.212	471.768
63.4657	301.56
77.879	287.401
9.19543	344.543
495.276	303.973
382.14	60.8874
192.82	259.257
360.833	450.546
94.9658	72.9694
168.749	220.274
355.496	412.436
86.0294	268.609
25	25
322.769	490.799
115.212	101.767
350.87	449.694
337.278	302.485
483.71	460.802
25	25
132.793	87.7086
25	25
137.656	48.1827
418.628	465.66
25	25
72.2889	278.78
164.662	312.099
492.063	195.488
25	25
257.941	151.433
6.68088	474.987
476.21	268.992
25	25
26.3917	290.583
285.171	172.173
127.587	21.0501
19.4902	487.865
342.028	36.0585
25	25
442.658	254.78
220.081	1.10339
311.747	38.7663
469.474	90.6274
390.25	88.8799
25	25
399.047	214.208
271.688	32.5068
164.144	346.642
218.5	19.6505
66.0787	4.96049
25	25
25	25
112.029	202.808
485.769	358.765
445.664	224.616
198.137	403.159
25	25
491.882	170.414
27.2733	93.13
182.166	318.811
204.811	95.7162
349.571	63.9867
367.889	82.2125
364.259	95.4213
467.664	395.272
415.21	230.755
492.09	190.243
371.893	11.9297
116.631	128.152
488.835	397.282
477.899	96.0141
350.721	82.0316
274.54	309.694
258.799	309.828
445.501	76.7668
383.851	435.219
352.06	76.897
84.8292	449.646
86.4378	466.762
406.477	223.976
390.695	486.6
223.353	449.042
416.68	423.487
446.197	496.136
75.8654	302.43
124.432	121.895
174.958	484.21
272.152	163.066
161.395	198.045
94.345	320.261
20.2861	465.991
445.385	274.933
382.523	374.084
166.046	434.684
62.6056	320.151
356.403	304.958
187.196	486.599
495.68	315.046
436.404	267.77
484.907	57.4167
222.242	443.171
19.439	195.033
25	25
253.277	60.26
14.9033	173.305
304.524	305.106
184.474	448.639
25	25
423.352	269.648
144.798	327.145
247.558	400.407
50.559	487.101
74.6531	225.815
449.629	229.268
346.932	301.792
25	25
487.485	180.984
470.805	409.321
494.039	171.219
315.546	321.751
319.546	346.89
149.059	287.185
276.957	84.0916
325.244	191.357
22.3369	190.579
69.2929	166.954
286.571	81.9449
25	25
380.544	305.428
254.008	411.836
321.325	96.4407
337.319	312.485
472.51	228.635
25	25
443.377	377.121
216.703	419.643
408.185	93.5402
25	25
451.83	289.312
333.795	30.3826
432.357	393.665
35.3198	461.864
37.3821	11.6404
49.0657	269.015
187.086	195.91
25	25
482.323	471.864
308.159	465.82
10.2615	169.09
477.366	206.565
356.391	402.009
256.33	73.7869
49.1939	206.226
457.942	308.002
82.3699	181.92
142.359	484.657
14.1491	262.364
25	25
67.0103	336.378
377.599	79.8214
463.132	422.996
85.7818	179.149
297.035	186.345
431.695	325.646
92.9958	203.001
301.037	344.473
411.931	53.3622
25	25
427.892	261.678
22.9103	317.287
295.026	308.237
435.392	428.592
444.568	483.04
447.611	154.856
82.6736	49.8949
25	25
170.216	270.193
122.796	274.914
350.167	251.559
129.154	254.506
164.188	196.432
366.677	488.428
101.077	434.563
303.036	494.137
85.8816	212.877
262.052	29.8336
109.571	337.831
323.653	315.897
287.315	90.6882
424.492	254.27
19.4096	86.9524
364.815	275.048
388.918	27.1897
39.1036	268.146
471.14	350.257
261.917	185.415
25	25
119.003	264.321
381.337	422.122
179.371	489.434
204.967	467.019
118.43	297.499
438.432	74.3591
476.736	400.106
326.809	498.042
308.302	470.125
156.666	265.287
148.836	93.4327
408.88	320.69
144.944	140.49
207.93	289.427
379.952	288.794
40.9195	185.176
20.0814	471.07
72.1262	327.786
179.223	65.8611
400.104	372.709
245.626	470.528
402.778	94.3753
302.942	346.355
200.73	279.655
115.879	133.87
275.51	322.47
25	25
201.778	51.4526
358.95	421.821
411.907	201.707
146.507	34.4565
203.003	196.256
400.515	218.147
427.31	460.697
308.158	425.872
469.421	22.919
299.029	406.703
25	25
486.846	480.783
454.218	223.028
74.4983	467.468
473.885	380.996
39.9552	202.399
304.52	441.241
419.803	18.2168
209.822	253.371
23.5754	468.477
25	25
261.11	479.686
234.627	58.2508
385.074	400.039
411.588	357.931
25	25
28.3071	62.3119
273.432	330.709
197.719	427.115
2.19742	34.2912
365.997	216.633
73.1949	77.6442
226.733	312.908
441.472	265.196
37.3846	262.712
20.8421	336.885
108.859	94.0444
188.541	311.106
24.6832	451.268
218.803	473.289
427.45	491.941
440.653	42.9575
188.416	400.815
68.8124	418.016
171.115	468.298
25	25
292.398	13.9235
56.6517	1.62421
25.9988	174.243
466.379	81.1186
451.936	220.434
327.831	412.593
255.249	487.788
456.073	207.996
66.1543	427.656
300.415	7.94609
25	25
228.424	288.894
377.313	183.978
421.011	304.327
148.736	479.734
199.093	404.928
470.032	427.452
294.151	195.92
134.033	1.27948
375	264.719
155.323	5.79609
25	25
467.781	373.075
25	25
25	25
302.238	457.762
394.996	372.205
414.633	256.746
295.419	411.469
175.695	97.0482
248.715	155.292
14.7123	7.76192
10.6333	86.9271
124.596	231.841
3.41282	465.536
220.653	320.846
408.831	410.96
215.737	480.778
420.153	166.709
395.665	61.5717
428.551	406.35
65.2789	71.5337
287.696	191.184
6.37724	154.473
248.089	315.969
244.167	271.553
366.914	40.3175
253.658	85.7607
486.26	249.519
383.625	182.511
200.448	199.639
482.252	489.665
89.6992	155.519
317.947	458.562
20.3473	39.6164
112.853	305.799
128.111	162.597
71.9459	230.448
394.905	305.371
191.801	269.079
143.995	265.62
383.605	68.4069
334.514	322.084
176.595	327.115
92.4788	158.128
199.595	67.4252
198.791	158.129
17.2696	243.06
270.897	423.971
28.174	345.439
481.389	178.881
72.7954	11.3959
388.906	249.457
489.812	367.911
150.257	23.383
206.548	282.446
127.423	164.055
61.7896	135.234
25	25
472.171	83.9739
383.782	54.6432
465.703	454.751
309.07	172.102
326.857	447.793
209.887	45.6009
161.429	208.87
456.883	20.2907
139.893	193.151
406.216	323.455
467.837	263.525
131.683	153.257
344.348	488.947
25	25
480.943	301.669
25	25
389.544	348.786
78.9685	401.008
147.57	100.564
209.558	49.4253
242.016	345.664
25	25
245.767	47.8506
262.918	473.72
25	25
311.928	87.6163
169.451	221.247
89.8206	345.718
32.5211	95.6565
247.813	416.785
174.897	95.3067
221.143	29.295
185.759	56.1618
490.347	495.537
385.747	97.809
440.873	42.6932
25	25
113.078	347.195
162.944	40.2115
334.751	315.955
438.392	256.917
190.515	242.106
210.522	299.085
379.93	190.808
11.3988	169.344
373.05	65.0546
25	25
25	25
143.427	320.965
25	25
109.121	232.65
214.579	485.134
155.77	485.079
18.2022	469.395
134.152	424.233
404.787	306.906
216.936	301.606
25	25
342.299	324.587
14.6918	132.079
85.9698	126.511
162.447	257.128
355.031	59.3226
25	25
246.975	158.62
202.576	91.6643
346.295	440.802
97.5669	77.703
389.531	426.068
25	25
344.189	33.2334
84.2551	228.608
121.542	103.733
351.587	62.9641
29.9148	451.734
356.021	215.934
283.084	10.2843
25	25
407.027	312.791
487.067	151.475
25	25
10.0914	143.2
138.321	3.23443
97.7633	226.913
25	25
481.672	18.3251
254.434	447.201
471.769	405.379
162.174	283.736
414.112	281.661
154.878	77.9881
399.754	469.979
406.446	34.1865
25	25
14.4124	278.386
415.965	33.3997
293.849	318.167
268.154	190.68
294.073	79.9078
29.7317	451.822
25	25
408.044	359.849
327.319	312.039
425.477	16.2347
477.694	282.598
25	25
388.833	284.197
361.912	11.3093
170.591	423.045
92.9971	148.663
377.823	422.053
172.289	496.494
115.031	34.3714
58.6699	254.943
383.423	241.094
475.875	450.517
399.52	326.051
270.459	472.383
485.803	236.888
414.944	469.275
21.3787	432.389
167.54	91.206
12.3744	409.46
388.522	402.771
130.849	473.956
395.806	196.117
487.415	299.297
233.876	487.499
138.779	194.801
25	25
460.793	390.733
380.759	97.7717
471.171	292.534
402.826	223.238
321.21	182.206
264.664	27.1935
25	25
25	25
392.903	462.694
481.925	272.422
68.6001	13.1931
102.618	489.515
433.336	22.4179
25	25
136.866	435.642
214.907	261.982
95.3848	176.36
481.498	314.274
405.643	412.735
426.559	471.636
361.839	348.472
351.211	309.57
115.922	268.395
225.532	321.034
175.156	318.783
41.8531	217.277
374.925	50.001
232.116	409.453
17.552	91.8638
344.323	435.564
25	25
494.779	205.112
61.4102	204.3
373.566	410.285
386.281	383.351
138.595	89.4021
426.4	254.617
25	25
198.98	424.282
315.338	192.725
264.281	469.046
240.677	335.754
385.087	255.33
430.278	300.57
358.956	153.147
452.145	11.4841
79.9148	460.32
38.498	151.526
426.556	29.6306
42.7421	493.338
423.295	300.486
85.55	110.335
18.5291	401.579
400.159	402.803
260.047	449.539
358.587	384.412
448.306	177.455
463.377	204.791
125.166	300.473
61.2627	123.175
154.713	207.244
72.1564	243.45
25	25
216.757	161.764
38.2253	341.295
417.46	97.279
231.321	412.081
216.167	158.036
68.504	168.542
91.9042	200.291
25	25
128.194	38.3623
358.795	46.1554
494.04	81.6167
328.035	84.2796
25	25
25	25
128.305	143.845
363.311	401.74
351.93	362.062
83.3375	405.575
317.701	428.859
465.708	269.005
25	25
231.308	313.386
199.763	209.615
229.746	449.782
119.737	201.019
25	25
25	25
0.0377588	480.589
293.922	490.02
266.125	428.881
82.8538	444.917
88.4158	67.19
81.7744	42.2216
44.3685	64.5806
248.413	418.283
247.329	186.786
21.2416	461.265
25	25
298.648	13.2652
70.5005	127.004
357.359	317.458
490.811	424.387
25	25
438.694	237.721
124.881	173.726
469.419	277.327
396.976	216.95
37.5129	179.197
421.568	199.126
91.6809	242.262
188.99	484.528
25	25
25	25
25	25
239.732	82.5257
361.284	372.792
466.499	341.399
212.743	195.989
459.444	322.564
101.762	161.846
396.073	349.07
429.925	355.63
5.57138	306.03
443.46	313.489
8.99579	300.009
27.4536	400.27
475.524	30.8411
25	25
134.422	268.511
135.769	147.378
25	25
147.706	315.638
210.074	22.796
126.296	80.1072
83.7112	347.504
471.605	59.1854
314.094	54.143
25	25
393.949	438.468
429.839	436.909
69.3739	423.473
416.564	32.9492
166.649	318.674
323.804	177.48
25	25
25	25
96.708	403.567
63.2349	219.788
298.327	436.243
367.154	319.47
217.225	246.647
306.118	182.195
71.3204	253.415
388.962	262.445
16.7683	143.54
405.863	492.014
91.442	402.522
392.056	479.933
47.7674	438.671
37.7988	185.054
25	25
48.4507	273.424
374.234	272.02
135.581	414.336
397.707	246.931
247.572	454.475
25	25
446.686	478.774
101.963	166.139
157.234	66.5975
243.12	193.716
32.1846	298.734
214.309	416.486
25	25
259.663	55.9772
122.107	180.412
25	25
82.0787	198.431
461.762	60.9521
394.4	414.667
364.239	410.784
460.167	304.958
187.705	409.614
235.665	291.785
266.838	487.883
300.799	82.1897
219.647	285.62
25	25
113.896	118.534
374.966	283.254
480.283	390.939
307.358	401.394
39.5385	115.922
124.355	98.4452
413.444	457.109
25	25
414.296	325.515
480.976	284.908
185.71	18.3922
25	25
11.5025	234.89
67.9177	197.397
408.329	171.445
420.818	232.04
25	25
12.8686	41.2149
428.202	416.344
274.951	4.46602
10.2361	302.089
226.829	434.285
326.653	180.177
335.291	491.507
211.682	186.174
243.614	474.083
241.486	454.779
393.63	402.369
381.441	81.1122
484.098	90.3506
499.653	61.3519
25.9154	85.1204
109.903	226.673
15.5211	497.044
461.397	3.87401
66.7621	61.6443
25	25
122.63	174.706
460.884	195.107
460.183	421.192
405.265	381.274
113.866	210.609
238.042	236.675
25	25
43.6571	19.4265
456.724	339.29
204.533	457.029
107.47	248.973
352.447	8.08047
265.002	23.9965
28.0048	303.744
457.344	21.6497
135.541	404.336
426.132	481.468
11.7684	418.51
60.607	344.059
242.78	3.38012
364.552	206.738
341.556	85.6159
397.317	457.064
418.739	221.398
93.6343	262.876
83.3817	291.133
357.593	490.685
377.814	85.4266
109.632	292.746
25	25
332.271	75.221
25	25
7.77084	14.9603
332.705	97.6951
372.064	55.5892
451.904	379.437
201.456	463.674
404.003	13.6601
314.659	163.81
279.594	468.313
248.673	400.595
335.181	190.261
464.091	462.228
195.083	21.8769
321.389	93.4511
332.05	55.6055
180.816	244.539
111.571	217.526
351.659	164.179
11.6221	174.294
352.155	206.712
25	25
25	25
242.908	38.2682
156.661	186.527
110.45	290.894
267.664	429.486
20.8565	236.77
83.8009	53.057
446.607	481.194
41.6271	144.395
408.144	168.631
25	25
94.2519	181.71
370.422	179.38
139.462	106.417
214.306	92.5779
377.564	442.996
300.405	336.915
25	25
360.184	449.275
350.501	205.916
223.759	346.399
304.135	53.2307
25	25
318.397	325.924
291.648	347.915
473.409	94.3456
497.729	90.9111
77.926	277.593
236.638	278.13
89.0909	270.924
364.683	388.596
25	25
361.796	390.296
2.81427	239.842
26.5673	58.1504
25	25
25	25
427.58	237.656
261.813	32.7916
141.975	145.818
244.894	13.1539
137.846	183.363
437.051	326.738
187.211	5.98942
412.249	397.146
25	25
262.08	189.487
226.969	485.224
151.476	207.411
55.4602	485.285
21.4381	199.738
25	25
59.7406	191.64
38.2499	235.709
194.17	212.184
350.697	174.133
480.747	222.964
233.913	483.313
415.911	459.96
25	25
24.6823	164.33
160.682	226.184
140.211	420.916
212.705	440.161
142.04	436.699
355.823	275.887
363.696	75.5674
273.127	156.011
375.045	380.001
474.154	337.036
491.755	358.265
426.994	369.359
472.197	19.3745
367.832	457.689
115.62	75.7191
293.354	420.302
453.721	369.603
408.011	390.317
414.945	341.275
328.322	485.496
81.6719	445.853
453.918	469.636
144.922	418.826
219.62	455.396
25	25
371.458	222.034
323.429	81.4187
392.744	70.39
11.1504	287.839
383.663	449.147
490.795	251.481
13.4991	330.097
430.902	79.6149
408.218	391.19
113.859	124.059
289.662	312.917
264.989	3.59023
392.744	89.8213
60.5542	53.8046
279.424	444.163
336.608	413.737
173.714	349.545
61.2436	291.81
149.922	192.029
25	25
394.183	325.76
25	25
346.867	42.9706
310.561	329.187
45.7691	29.201
494.656	321.216
434.244	15.0545
25	25
246.959	67.7951
351.171	368.804
496.962	152.922
93.4635	119.889
471.426	178.021
431.401	328.789
143.63	213.612
390.676	32.6683
210.291	245.304
83.1933	119.042
92.6338	490.083
395.61	341.354
399.695	88.4177
49.9828	136.483
436.039	24.1086
192.239	198.396
238.363	77.5523
44.673	261.523
106.98	40.302
334.031	33.8301
346.775	425.869
247.848	86.8988
387.614	201.853
314.992	182.439
25	25
394.094	439.347
157.342	184.996
454.24	348.976
248.009	237.494
83.7174	247.632
153.383	424.156
182.019	234.612
25	25
245.455	92.1104
441.955	491.887
424.786	300.468
397.975	284.545
472.79	235.751
210.3	235.304
98.203	208.908
25	25
83.0983	169.516
79.7117	155.019
410.213	413.122
8.65732	225.304
449.752	25.5139
491.809	197.6
267.268	171.104
290.911	400.864
442.861	370.091
69.8476	241.804
17.3194	224.405
275.753	489.543
71.6795	122.808
46.0454	208.381
144.205	46.3055
191.194	164.632
159.14	93.2141
17.7994	475.872
321.653	160.986
263.991	318.374
178.577	11.3834
90.1236	163.465
187.065	451.294
163.008	444.211
208.842	402.7
235.871	17.4648
166.329	42.8195
282.28	151.985
296.488	19.9042
112.561	219.733
377.543	214.098
215.745	317.063
400.325	280.392
312.153	154.129
209.008	320.572
449.422	35.5085
493.495	230.498
82.1082	328.385
122.469	468.5
135.826	492.227
194.924	456.746
172.75	458.433
410.764	173.668
478.602	252.125
460.828	476.864
69.6319	86.9879
319.679	83.9107
31.237	191.228
16.0152	331.067
40.6103	161.3
136.623	210.022
96.3749	162.759
472.691	295.535
17.0251	218.287
26.37	301.767
35.7194	449.534
25	25
25	25
110.838	91.3725
417.685	189.911
364.115	309.611
269.288	460.389
136.608	44.565
293.533	337.033
490.089	240.712
25	25
465.359	232.247
151.66	97.7806
80.3855	213.755
137.575	412.185
100.883	99.1196
105.836	407.651
178.88	25.6966
151.785	296.806
369.866	427.012
350.156	10.7161
435.651	28.4399
456.113	451.916
388.092	216.845
162.391	194.538
192.313	475.097
155.62	77.3615
415.145	203.756
223.952	494.758
