Saved a vector of rrt <nodes> points.
X	Y
250	250
258.47	244.683
249.072	240.043
251.469	259.891
267.059	239.563
240.71	234.558
264.783	236.928
250.359	269.83
251.253	230.284
239.708	236.532
239.765	236.385
272.29	231.04
255.843	268.884
275.76	244.492
241.508	224.59
250.081	279.826
276.103	235.296
230.746	233.712
253.734	279.243
246.674	272.052
241.359	274.188
276.392	243.155
251.406	279.775
281.924	233.721
278.137	222.927
240.929	273.158
282.275	230.502
243.234	276.846
247.655	220.954
232.296	220.7
250.018	279.824
277.37	222.427
285.679	243.216
286.074	216.845
236.328	216.037
285.275	247.57
229.919	208.36
260.654	286.462
295.093	249.47
259.79	287.2
223.295	227.043
243.56	214.803
304.258	253.47
262.208	284.552
243.319	214.755
276.142	221.812
277.854	222.731
237.534	215.414
233.862	267.569
244.924	288.393
287.611	219.727
239.885	214.723
221.028	236.07
280.559	213.225
278.121	212.927
285.601	216.273
244.695	298.391
242.788	212.218
291.038	225.684
282.846	214.106
211.03	236.298
224.616	214.295
247.796	289.574
227.025	212.202
223.296	216.341
259.439	287.456
232.618	279.046
225.499	213.365
292.933	209.568
235.094	282.656
222.789	217.6
295.658	243.864
223.846	215.352
221.844	202.462
222.624	278.695
295.048	249.688
220.893	204.055
293.719	210.399
289.922	207.615
219.921	208.553
294.227	198.589
223.868	200.399
301.826	192.089
213.314	227.665
213.678	229.784
311.716	260.131
253.49	294.966
214.068	223.187
213.62	274.345
223.157	200.993
255.054	296.008
221.846	202.459
229.131	198.391
213.585	229.434
228.944	188.393
255.712	296.331
292.191	208.934
224.004	269.248
213.888	223.651
220.044	206.788
287.664	206.972
238.447	296.012
229.449	178.406
220.519	204.948
237.501	295.095
224.74	271.666
313.703	250.184
229.645	168.407
283.764	203.753
297.606	220.034
313.299	257.743
309.438	262.024
314.448	270.678
249.348	307.242
229.868	158.41
292.938	209.478
239.309	306.817
219.921	157.383
323.967	273.744
224.675	271.517
210.126	159.399
332.607	278.778
250.491	306.54
202.135	240.866
239.472	306.919
247.436	308.008
312.838	248.333
237.405	316.703
288.727	206.018
223.557	200.645
293.146	209.71
203.466	151.939
233.339	325.839
224.621	330.737
223.832	283.822
341.835	282.631
201.884	232.255
259.58	310.709
218.855	338.907
301.874	205.089
210.754	344.77
202.226	241.039
224.296	284.59
294.384	199.674
194.158	155.594
215.502	209.84
232.428	198.68
204.925	352.896
346.805	291.308
306.508	263.213
206.402	362.787
216.391	286.514
302.35	206.202
213.837	196.471
248.29	307.722
213.67	283.147
299.413	201.952
201.276	234.095
302.589	205.781
217.347	193.53
208.034	372.653
214.576	380.216
302.563	193.066
290.518	189.302
350.532	300.588
191.338	235.204
308.391	184.545
306.599	183.301
182.279	239.438
217.369	192.798
303.999	182.328
203.554	225.489
251.423	305.789
218.267	192.114
224.746	190.437
307.927	184.166
218.926	191.705
306.668	183.339
321.593	261.695
316.715	268.792
208.171	387.895
321.087	256.638
307.011	183.538
204.273	277.9
247.022	203.159
215.924	194.087
262.576	302.597
212.469	396.924
213.433	197.053
225.753	178.916
302.819	182.139
208.789	283.101
204.408	402.842
204.325	278.035
220.221	403.242
220.49	183.052
303.521	182.234
172.408	237.832
297.393	259.102
164.326	243.721
257.698	306.132
245.22	212.995
229.584	399.73
232.532	304.076
295.087	235.801
211.653	200.232
221.592	172.219
320.871	264.155
321.612	258.69
155.646	248.686
233.882	304.909
221.548	172.275
321.34	262.849
321.188	263.339
308.011	184.231
229.57	301.186
258.491	305.937
207.343	282.13
206.525	281.393
225.936	218.375
321.402	262.619
322.957	260.335
306.12	183.058
224.077	160.101
319.804	266.012
302.642	182.122
223.049	160.891
233.965	159.389
256.118	314.603
147.394	254.334
319.29	279.428
321.785	277.473
320.273	278.806
203.93	222.727
220.066	156.429
210.007	156.072
324.343	272.124
137.759	257.009
209.937	157.948
172.553	249.406
328.599	282.606
311.024	188.165
232.207	313.856
132.064	265.23
338.891	286.557
206.216	281.067
340.703	272.909
340.715	272.924
192.153	240.26
192.226	242.216
320.523	185.038
132.247	275.228
202.514	152.914
231.608	313.196
208.356	282.848
192.957	244.836
334.749	288.546
200.419	156.997
200.633	156.256
338.89	286.558
202.754	250.847
337.518	287.489
192.281	239.16
196.132	216.468
326.7	286.847
193.468	152.133
197.401	143.989
214.718	329.35
239.823	159.363
214.831	328.697
339.755	285.772
351.798	281.773
194.39	156.138
196.74	144.54
215.547	334.94
325.624	176.437
199.653	142.695
198.736	143.129
334.744	172.334
351.835	282.671
208.894	338.016
202.396	350.261
202.003	349.61
200.892	343.111
337.55	162.736
247.421	203.357
204.762	352.777
299.793	182.298
342.911	154.295
184.356	157.573
204.671	134.045
209.788	125.453
184.467	158.061
207.232	354.13
204.787	352.796
193.435	226.905
184.482	158.121
185.792	150.116
192.137	241.066
239.561	333.667
350.59	147.888
192.996	244.925
247.901	222.629
185.861	150.013
350.833	300.461
353.298	138.262
343.403	177.336
355.533	286.427
194.976	353.903
208.093	339.6
355.199	285.873
347.432	130.163
248.006	339.023
362.518	134.392
197.521	367.384
203.718	284.126
189.203	146.908
232.821	225.627
215.574	366.772
215.436	367.076
192.8	244.451
199.363	377.634
372.264	136.632
351.971	299.871
185.2	151.148
196.065	348.26
254.568	306.351
311.836	189.322
311.482	188.544
311.905	189.498
185.621	150.386
341.696	291.823
184.159	155.476
350.8	310.585
182.162	239.18
360.501	299.812
198.778	376.438
339.017	124.76
205.488	142.146
174.124	245.226
200.825	379.584
172.335	240.496
200.215	142.483
332.774	116.948
221.054	387.834
198.891	376.705
209.984	215.815
303.77	172.331
199.762	142.651
323.617	248.88
359.566	296.3
306.864	172.747
194.974	351.909
224.394	347.233
329.886	107.374
172.28	239.637
318.185	182.527
211.278	389.656
199.738	378.237
185.152	151.247
186.161	149.59
354.501	309.767
207.909	266.137
198.741	391.223
202.944	141.953
198.188	388.479
172.378	240.846
203.872	396.924
318.363	183.796
194.928	281.46
201.375	395.231
361.8	316.602
366.636	325.355
376.073	322.045
315.474	177.487
172.307	238.679
355.722	286.782
172.921	235.912
179.223	142.388
318.214	186.415
349.074	275.732
369.733	334.863
221.131	401.922
199.082	392.066
318.378	184.05
173.405	244.049
185.339	349.231
385.127	326.29
194.577	404.674
392.52	333.023
174.532	245.762
394.152	342.889
173.309	134.325
166.028	127.47
257.135	226.467
399.862	326.233
317.49	180.398
163.323	242.011
196.373	408.795
229.934	405.621
219.087	413.177
233.393	351.594
280.577	204.696
345.958	309.481
390.404	352.16
159.837	119.617
149.876	118.735
205.811	192.422
155.929	238.29
184.271	157.096
409.048	322.281
394.582	361.246
313.597	175.929
154.338	244.209
391.956	370.895
358.91	306.047
165.313	111.249
407.128	312.467
312.292	175.046
139.882	118.382
196.508	408.973
194.3	278.642
132.394	111.755
128.107	274.271
326	98.16
317.808	181.182
167.479	101.486
326.839	248.458
239.196	402.49
243.386	411.569
147.207	254.051
342.931	290.541
194.415	402.451
133.086	101.779
147.3	243.177
332.624	90.668
252.137	416.409
124.644	96.4193
253.105	426.362
148.311	255.483
233.996	149.302
313.355	193.226
318.173	182.473
404.203	302.905
413.523	299.281
261.96	414.536
239.868	158.479
318.345	183.589
197.321	395.786
331.941	253.305
257.588	435.3
184.898	159.368
135.565	127.403
416.284	289.67
398.108	378.779
417.011	328.33
350.073	276.962
243.827	157.732
120.75	87.2085
273.452	197.681
137.437	253.408
316.765	179.079
393.121	387.446
195.045	354.44
139.05	248.824
133.913	137.265
137.44	255.289
138.563	249.643
144.29	263.84
426.195	288.339
172.887	93.0749
436.183	287.84
194.973	406.155
317.004	179.465
396.165	396.971
354.857	309.604
123.969	138.321
131.612	264.897
133.531	247.947
389.896	404.762
185.566	409.548
265.077	441.927
194.993	351.738
141.484	143.784
117.093	131.06
175.759	411.505
182.748	91.4164
316.214	178.316
175.561	421.503
358.003	307.235
383.318	385.469
315.918	177.963
404.638	402.283
165.795	410.661
261.702	299.344
110.94	85.2669
123.497	270.389
239.569	400.277
426.432	331.684
296.326	233.791
357.358	307.895
105.156	77.1095
105.472	93.6393
129.971	250.737
324.498	175.862
330.39	186.66
238.322	150.388
175.168	259.058
223.571	412.664
131.111	285.163
445.254	283.631
328.1	178.512
304.97	172.339
239.57	400.26
122.429	262.551
113.072	259.023
190.391	84.967
245.609	399.26
133.071	248.176
212.004	163.826
413.576	406.768
330.358	186.847
334.971	80.9474
387.787	414.537
423.165	403.93
351.663	310.524
156.149	413.297
380.091	406.728
436.14	334.083
150.753	421.717
347.481	265.556
299.824	172.528
409.475	282.346
328.048	178.453
142.362	427.157
445.826	331.597
135.713	434.626
194.939	353.427
125.739	435.351
122.305	263.045
191.302	136.064
115.858	433.816
140.14	261.701
330.395	183.445
326.655	177.139
428.898	412.123
257.951	324.433
186.314	214.566
357.672	273.68
433.047	421.222
106.181	436.338
130.777	249.85
360.778	277.373
122.248	275.407
125.265	282.387
351.156	256.256
98.2984	430.184
93.6853	421.311
344.737	172.714
332.649	162.556
360.881	277.589
344.427	169.837
201.876	132.945
183.873	149.315
158.689	235.461
382.454	422.996
343.75	167.987
205.655	134.696
222.758	412.915
442.657	418.456
340.942	153.329
220.113	413.241
328.965	157.607
203.481	133.456
146.56	262.051
345.881	157.205
187.686	140.294
352.63	151.941
377.799	431.846
220.179	413.242
202.3	133.051
200.962	124.758
206.815	172.375
338.852	145.156
454.331	336.857
84.3422	417.747
128.761	252.646
348.194	145.804
175.869	152.284
360.463	276.781
197.258	366.834
176.683	151.16
203.661	202.861
233.402	408.973
215.633	117.339
352.9	153.813
343.956	176.225
107.421	446.26
358.064	307.166
122.548	277.666
176.328	146.885
244.001	389.391
99.5362	449.718
219.472	127.949
199.348	411.467
177.793	144.114
197.851	170.033
174.482	155.987
201.364	412.367
174.47	156.066
129.332	251.625
362.81	141.348
353.26	179.89
345.057	132.597
349.367	310.52
85.0668	407.773
201.348	120.09
360.961	131.838
130.065	250.621
361.057	131.954
239.31	402.057
202.66	224.93
359.306	130.269
203.372	194.626
210.029	115.456
212.453	329.987
177.109	145.156
372.438	135.657
174.404	156.595
362.734	279.299
174.565	155.54
216.91	118.433
353.272	178.949
133.428	247.996
196.279	279.159
347.962	120.177
347.222	120.166
297.588	206.228
177.582	144.403
358.263	307.154
214.916	116.868
369.714	127.447
323.632	194.542
340.717	122.754
217.066	118.595
356.209	308.893
380.51	130.975
175.987	148.149
123.778	259.63
344.553	263.679
365.532	286.367
111.155	455.537
301.476	262.522
381.823	139.569
343.678	120.895
122.636	277.991
363.71	280.624
379.805	130.064
296.731	172.778
79.0538	426.234
210.959	115.522
222.211	327.8
346.424	120.214
122.29	276.155
113.844	282.756
189.905	380.883
300.146	272.433
246.577	151.989
103.993	281.036
213.249	116.071
343.133	265.006
115.04	292.685
79.8235	399.258
378.847	129.104
351.171	120.889
72.2485	392.73
370.348	301.555
152.279	227.785
174.391	158.414
239.213	402.427
370.279	301.909
94.0425	282.026
223.433	157.711
207.143	115.809
189.505	380.181
233.179	401.726
369.009	305.067
193.496	193.054
63.1197	396.812
327.469	108.471
143.937	222.271
379.471	129.699
380.523	142.27
178.083	143.726
352.615	181.226
218.853	245.831
357.035	190.197
364.869	282.846
367.832	432.659
295.026	215.894
347.271	319.941
379.724	129.972
356.693	318.663
174.869	160.876
325.37	296.758
207.664	115.681
201.52	119.828
358.132	430.225
382.154	135.151
358.038	317.484
219.177	413.187
322.683	100.437
357.274	318.206
86.5741	275.376
352.263	422.128
56.9857	388.914
249.535	194.566
347.611	413.277
377.599	128.174
76.8617	272.996
350.253	436.383
188.997	378.522
150.352	260.901
210.306	115.467
254.894	236.212
195.008	406.253
175.396	149.051
366.46	193.539
295.406	166.85
187.66	369.043
195.088	406.468
363.39	280.137
175.337	162.165
90.821	454.622
189.566	395.2
363.313	280.029
361.448	316.96
195.168	406.665
50.1417	381.623
343.836	280.166
118.455	462.372
179.276	142.337
332.306	97.6715
195.479	407.344
122.235	263.388
178.384	143.303
368.786	292.429
109.221	300.817
371.748	133.92
344.856	444.801
172.351	259.404
46.366	382.114
391.885	132.848
67.3704	269.847
357.02	273.245
68.1281	259.875
189.337	394.625
77.075	255.409
206.813	189.353
98.5734	69.5815
323.077	204.527
125.282	282.404
342.694	316.44
36.9104	385.368
374.806	146.303
197.197	409.77
206.77	105.721
315.606	298.918
165.305	229.432
28.047	389.999
253.17	334.452
340.165	453.632
337.837	415.39
176.241	353.381
202.346	118.774
327.073	97.7782
234.862	408.224
335.887	274.098
186.602	410.708
171.145	136.495
61.9985	251.974
122.197	266.853
402.076	330.076
212.748	115.901
322.78	100.339
324.071	99.2389
175.915	345.887
396.081	352.701
185.1	407.866
323.183	99.9532
184.841	406.956
360.913	339.576
392.673	352.779
175.976	352.742
329.614	240.878
333.72	461.279
409.837	325.524
196.92	191.195
175.877	352.465
159.944	119.533
393.567	352.872
158.045	121.447
239.928	405.298
192.035	417.805
136.807	258.465
211.176	115.55
262.069	243.179
399.59	126.473
271.586	246.248
76.3423	275.442
251.266	308.091
275.42	255.484
393.651	361.618
139.93	117.694
193.017	360.422
191.742	339.713
397.803	358.887
26.289	399.843
381.32	140.874
399.43	356.464
405.601	318.044
204.74	284.488
225.421	420.915
145.122	127.532
86.2993	259.27
189.313	415.877
143.97	126.804
185.047	283
395.597	371.194
188.148	414.482
25.5306	383.476
185.515	408.902
43.2639	372.607
142.143	112.394
415.018	330.303
174.95	161.143
185.356	408.543
408.378	131.245
237.144	412.55
212.403	97.4595
189.437	209.039
338.917	237.208
417.213	126.561
397.425	379.267
382.531	374.236
326.01	98.1561
399.737	377.177
398.066	378.812
385.768	378.75
396.387	379.86
323.112	119.523
400.622	375.885
175.746	352.055
122.45	110.7
404.326	363.496
323.389	88.5071
409.792	141.144
122.652	114.013
247.057	152.459
317.81	192.756
388.631	380.326
257.05	152.835
190.38	416.875
252.234	416.23
404.237	363.851
279.545	256.533
187.742	413.845
422.711	118.208
252.233	416.232
415.414	306.869
400.15	376.627
341.373	85.8252
318.321	91.7553
397.413	379.275
405.869	150.342
166.06	354.538
400.773	375.613
114.644	96.5063
401.649	373.355
425.268	132.486
412.747	157.601
185.011	407.587
341.353	85.7882
170.374	249.601
343.45	139.637
114.679	97.2563
114.796	94.6812
398.5	378.457
432.115	114.805
324.968	84.2346
422.067	161.227
114.797	98.1658
114.958	98.9069
184.797	406.759
309.664	297.822
121.415	281.701
76.8054	245.412
333.263	240.795
193.49	418.507
119.919	280.011
192.971	386.218
406.668	165.541
220.249	423.11
187.242	226.751
319.322	201.251
118.15	275.189
178.255	137.863
392.986	380.842
184.573	400.684
123.776	259.634
315.216	113.386
421.035	280.871
116.368	102.033
119.625	279.567
176.711	344.176
401.778	123.69
422.199	281.607
305.222	113.738
171.166	92.191
396.264	388.607
401.04	388.339
302.145	123.253
184.443	403.194
258.358	312.249
243.633	146.632
407.997	377.292
128.136	134.096
243.261	428.123
112.798	81.1449
239.538	437.404
218.926	89.8797
397.74	396.315
401.872	392.285
161.272	90.7358
426.896	326.82
429.989	167.329
129.884	146.418
177.452	100.762
432.943	176.883
406.928	383.492
244.418	393.961
317.229	93.3582
124.073	135.484
337.029	313.983
358.027	270.901
296.161	254.051
118.816	277.967
439.347	163.804
118.163	275.324
156.065	354.213
214.774	138.433
333.42	80.6998
423.179	179.043
339.451	246.702
444.688	293.099
119.458	279.289
114.003	139.155
114.796	142.304
146.069	353.928
119.284	278.976
444.581	293.269
118.861	278.08
177.622	84.2671
119.367	279.13
171.975	76.0143
120.354	280.586
243.559	202.584
226.194	252.621
274.81	439.629
220.34	260.728
275.077	441.927
241.887	400.649
165.76	411.401
186.661	419.488
355.529	268.094
167.132	67.2651
147.139	137.861
165.66	422.907
121.36	77.2272
308.619	88.2717
182.476	410.977
148.671	272.83
210.864	263.925
361.503	340.543
331.787	322.499
194.408	291.446
224.726	98.0257
120.805	281.103
442.578	280.152
322.226	325.427
136.475	351.107
449.323	164.49
272.362	448.778
108.362	126.184
157.861	416.748
247.833	298.699
126.479	351.401
156.199	413.475
434.23	186.799
453.709	155.503
189.118	83.7079
101.769	89.2532
407.676	377.132
410.869	141.805
187.931	168.897
353.175	175.214
189.488	418.747
114.715	265.607
121.594	271.066
436.476	297.521
403.217	321.395
390.445	414.747
167.946	427.985
408.497	283.396
356.695	269.257
435.789	105.505
455.763	172.14
381.744	410.553
109.764	124.257
208.502	293.754
361.174	340.034
402.717	113.734
167.401	427.284
95.1602	77.4038
435.572	335.741
113.498	270.288
113.557	271.481
203.13	329.844
434.977	336.878
113.572	271.611
126.852	294.211
105.369	265.399
340.153	84.0866
256.526	293.755
198.243	185.885
395.302	362.996
215.936	377.956
214.451	301.792
187.559	368.248
95.2026	78.0752
244.9	236.56
238.935	330.788
345.737	75.7911
312.663	164.601
413.108	416.757
156.877	415.185
104.009	103.532
264.717	451.921
198.974	180.232
454.995	281.372
390.228	424.235
380.424	421.303
222.029	144.739
386.913	424.499
344.96	80.4659
149.266	420.551
371.039	402.478
328.065	159.567
146.176	412.557
103.219	257.317
331.203	71.6846
97.6863	70.4608
191.911	412.629
445.553	330.708
298.619	88.3267
151.984	404.206
382.173	357.84
459.205	147.149
103.614	262.271
163.497	125.213
412.657	272.866
360.07	281.221
317.361	103.195
287.18	179.876
103.985	254.85
105.319	265.338
88.7827	65.9081
432.762	406.739
194.323	75.7727
247.759	429.084
244.737	142.717
329.044	72.8933
352.899	180.47
139.583	290.476
253.203	154.256
318.887	334.854
342.412	258.983
103.095	259.702
371.819	412.346
107.268	132.923
237.404	135.918
103.252	257.134
350.749	184.121
354.302	347.482
348.109	186.16
337.289	71.2198
304.642	306.469
103.487	261.872
384.114	423.838
363.419	271.66
327.664	74.1204
274.253	445.902
98.0287	430.546
98.4032	442.624
342.923	74.8842
206.808	115.907
267.762	326.367
465.148	168.686
258.079	449.07
131.654	295.148
124.446	242.11
96.9109	440.089
442.934	422.719
381.615	140.175
83.0361	57.7243
435.443	95.511
104.901	446.256
105.417	265.457
117.285	288.413
328.512	278.629
105.653	252.319
223.624	371.561
251.812	441.278
158.17	234.99
107.209	250.923
436.677	169.696
404.358	287.237
166.525	85.3595
119.99	290.883
306.921	121.697
431.325	398.149
117.468	145.919
146.367	244.269
407.497	332.248
253.879	138.663
328.681	73.1734
115.513	121.185
103.116	258.094
159.752	225.518
261.646	451.32
448.041	321.846
455.71	333.114
176.194	431.483
347.219	250.265
302.904	133.224
239.93	191.784
326.681	176.916
176.275	345.008
229.187	265.388
178.252	342.177
339.705	105.482
434.133	430.801
437.917	85.8217
372.965	426.153
247.08	389.369
381.32	132.389
88.2063	412.946
319.962	273.442
122.721	347.529
268.202	406.723
223.211	259.37
253.965	447.118
327.99	73.7879
175.809	441.476
109.683	68.1932
324.474	122.525
290.094	199.606
424.241	391.091
361.991	326.972
113.951	59.1495
93.0229	438.679
265.624	330.846
119.652	290.663
340.038	72.3262
100.065	444.25
331.755	71.4786
104.978	253.15
408.449	415.354
431.572	440.468
103.496	256.145
76.9857	410.973
267.326	199.562
454.541	346.855
76.7227	424.223
349.418	181.472
432.24	77.589
275.053	441.228
338.498	71.5899
104.793	253.414
172.482	126.249
436.303	329.322
411.674	272.591
76.8095	424.324
260.67	236.046
117.685	98.7301
291.678	203.943
196.063	76.7315
186.549	340.304
101.6	454.392
95.9692	73.1591
447.365	273.856
167.872	447.559
359.006	153.516
316.792	344.632
193.652	75.5137
96.4368	97.9252
182.693	331.078
267.701	326.654
256.72	129.075
270.746	419.311
340.919	72.9084
374.024	441.107
266.48	451.828
90.3102	453.576
447.779	427.045
464.059	277.146
450.931	180.895
291.928	244.991
155.042	430.75
381.957	370.848
464.269	335.741
341.197	73.1221
173.555	455.787
242.758	327.74
113.836	453.932
244.896	432.072
90.4767	453.952
257.977	247.539
170.22	105.816
200.956	144.568
103.294	261.117
122.433	244.165
93.1811	401.928
104.778	264.609
368.196	434.638
325.957	76.617
117.982	279.415
435.399	68.1012
122.533	77.5148
250.075	253.668
248.83	455.699
76.8533	402.069
381.264	132.272
171.067	430.436
197.937	78.4057
75.7136	404.235
150.588	404.987
150.022	439.399
103.486	261.871
459.602	337.033
368.397	435.254
327.54	74.2562
184.667	443.173
385.645	348.066
118.748	289.972
185.794	275.053
355.385	144.195
382.01	132.762
140.06	289.626
200.883	67.9697
378.658	127.827
352.248	246.315
330.57	61.5491
180.887	338.967
95.4752	93.3759
103.272	67.2886
243.758	141.995
136.666	418.938
74.497	419.499
95.1661	77.5622
244.543	464.733
409.699	331.664
253.305	337.585
209.824	63.492
444.344	428.313
380.448	129.669
304.803	210.422
316.22	100.243
327.071	74.8162
79.7026	399.334
169.102	165.073
381.57	131.582
119.22	338.384
226.852	117.365
423.427	341.222
466.777	286.77
109.631	335.549
358.457	331.107
331.003	151.179
126.99	240.238
85.4867	397.782
380.138	142.797
81.4568	398.447
351.27	300.536
300	162.529
344.531	78.0119
302.579	290.765
412.45	262.621
248.591	388.273
75.3126	405.57
382.422	413.27
119.273	290.394
439.912	59.1773
389.421	126.436
367.913	149.948
387.406	123.733
387.758	124.085
361.373	242.224
252.979	470.102
371.136	240.057
270.074	263.935
361.315	232.225
81.4743	398.441
74.3676	417.035
152.304	404.066
324.004	54.0073
307.791	304.569
191.72	177.933
346.42	301.514
128.418	239.324
92.6066	442.509
383.535	120.786
397.336	314.496
227.064	275.161
387.609	123.811
217.862	236.117
429.126	395.901
150.38	424.858
85.9424	96.3967
380.482	236.501
322.983	118.981
421.262	336.206
362.098	184.569
444.452	273.663
103.073	258.914
315.602	269.881
348.485	186.955
107.849	250.496
213.95	54.3826
216.133	167.355
106.52	464.398
223.81	52.7185
455.933	189.554
459.739	183.445
452.649	418.061
212.418	227.729
373.321	385.241
461.223	198.04
175.358	99.7398
210.132	73.4873
172.935	96.5177
399.433	397.954
212.901	327.716
433.055	406.745
368.12	429.333
273.488	192.856
390.398	144.714
359.706	115.677
107.43	128.485
336.954	78.4166
318.065	45.9619
330.421	165.088
175.923	345.864
176.526	117.103
69.1856	427.852
320.177	294.427
451.491	410.059
192.874	131.627
271.245	204.175
290.733	164.777
143.592	222.833
158.349	114.324
272.129	449.018
275.068	442.356
154.71	430.9
422.185	304.279
133.956	110.698
106.088	251.866
85.4633	287.164
362.14	184.489
195.806	231.914
276.728	401.497
342.997	133.899
81.3533	416.114
206.166	322.211
450.234	424.982
401.077	348.576
259.5	345.434
99.0435	69.195
446.199	273.675
143.567	440.815
373.325	385.093
261.677	475.038
53.1702	395.808
116.874	145.369
388.764	147.935
323.121	37.3343
408.108	378.848
109.43	137.484
278.725	391.698
78.1809	102.702
368.395	442.643
387.818	149.11
131.686	252.801
119.888	147.451
364.511	196.838
185.743	76.1126
94.7639	410.216
97.7604	70.3784
330.577	30.67
298.663	282.323
231.333	46.1296
131.37	426.99
100.323	141.615
201.406	115.628
82.6561	422.249
378.3	441.834
288.729	281.17
210.649	382.177
416.869	253.651
388.744	147.964
121.647	233.595
181.354	120.538
385.278	438.484
95.873	73.3907
390.398	235.203
308.184	44.4194
426.499	350.739
353.42	439.045
274.22	445.977
185.248	76.3905
354.171	412.312
465.822	205.665
141.119	443.039
175.626	96.5291
300.202	38.3962
91.957	136.137
389.432	146.812
336.537	53.5239
139.435	415.373
249.479	163.536
170.406	120.252
131.78	446.613
119.491	461.061
182.037	161.989
358.397	113.976
68.1887	102.308
55.4022	379.04
195.168	107.812
154.126	120.671
344.714	251.607
435.02	50.4558
93.349	402.169
245.041	432.276
143.501	260.883
373.114	201.004
169.755	83.578
68.1443	268.096
77.1435	384.01
129.466	461.771
130.105	295.113
225.325	156.173
428.219	429.979
172.021	249.646
462.462	416.134
205.248	49.4543
139.61	290.433
90.5929	274.615
84.3351	462.233
110.739	125.813
208.958	193.837
418.476	432.232
95.1586	76.8732
73.481	263.584
70.6733	265.14
70.3853	431.22
47.145	387.137
60.8971	434.378
164.878	87.0861
225.33	112.964
339.097	25.4358
474.632	210.395
371.401	411.676
189.305	289.729
287.736	390.019
445.446	428.059
60.7074	108.943
82.195	138.306
167.052	341.144
443.673	45.4433
425.375	248.393
431.886	431.154
414.315	277.128
344.34	77.4505
350.352	403.66
448.919	426.253
55.0665	402.74
301.331	51.7019
158.772	96.5676
467.646	407.583
67.3065	270.046
219.35	242.078
185.882	285.722
294.2	30.3972
246.354	460.64
244.459	392.955
329.818	238.912
401.698	130.921
46.3832	407.7
90.9487	266.384
477.483	409.38
95.5618	74.2891
467.672	409.426
191.442	158.59
472.611	213.191
344.411	77.6459
380.509	451.587
40.0215	374.384
173.717	414.891
265.141	331.383
36.9674	385.53
404.337	275.526
136.949	215.117
61.4036	277.871
205.45	39.4563
117.717	306.091
89.0715	134.656
358.423	249.386
81.0117	456.566
129.737	84.4503
89.3631	65.6865
256.513	153.113
94.1157	60.63
129.86	435.363
185.178	231.689
27.3197	382.537
238.078	340.044
124.482	77.9311
307.908	191.92
367.605	186.245
62.194	251.826
291.624	277.666
169.859	269.088
462.283	342.92
89.7713	64.8356
248.933	225.457
359.733	171.316
62.7767	251.428
214.345	99.1933
210.301	190.063
242.836	401.904
88.9538	72.3134
261.151	340.477
59.683	384.1
88.7155	67.9014
260.43	447.198
382.781	461.325
483.576	417.309
445.6	35.6308
343.569	75.8409
285.761	25.033
360.31	252.232
77.1218	383.998
260.794	484.999
58.7548	242.515
348.03	20.9408
103.749	61.0253
400.943	128.612
176.227	288.327
205.467	291.534
50.8482	110.616
88.8877	72.0691
143.252	261.282
78.7161	68.0046
183.581	159.866
123.635	276.568
238.466	295.199
245.509	337.379
97.6045	432.529
75.12	413.88
108.74	125.561
98.3474	461.206
278.325	202.887
375.783	197.154
486.563	426.853
454.711	31.5075
479.635	220.308
397.265	356.119
184.421	298.456
259.37	450.139
158.829	83.0299
452.964	324.594
90.5428	63.6225
401.07	128.894
135.998	100.909
183.839	158.769
220.752	114.994
91.1186	62.9162
200.04	273.578
398.529	389.425
416.269	296.217
100.123	102.089
236.589	204.479
454.773	286.692
401.885	132.818
223.311	369.296
157.303	429.272
150.667	404.934
355.76	200.115
105.602	463.854
65.161	279.6
420.604	321.67
292.812	157.192
126.912	244.913
430.771	397.438
455.094	285.413
226.615	115.626
128.361	463.737
220.615	423.232
72.6838	433.943
436.148	430.729
79.4289	245.689
171.153	171.248
251.845	351.869
358.02	20.4916
398.213	140.592
344.302	77.35
59.9425	242.188
164.14	178.377
82.5725	460.276
407.02	119.781
414.206	255.654
376.344	192.02
258.599	427.806
396.599	141.667
80.8464	410.523
442.539	438.42
157.532	267.861
194.628	265.582
177.712	370.057
21.9797	408.867
113.121	82.3742
348.322	167.289
407.735	120.672
345.892	201.74
313.033	308.582
80.9821	456.41
136.853	284.112
73.8761	465.212
222.496	430.478
407.757	132.243
380.329	154.64
410.943	396.104
305.851	296.719
176.169	304.104
20.3676	387.853
358.275	166.626
64.0628	467.136
178.407	119.464
89.9912	64.4486
172.182	83.0998
162.216	416.901
89.8757	64.6469
108.274	250.25
405.703	118.559
353.454	346.236
175.231	346.956
383.835	422.837
123.642	420.643
403.571	117.3
224.919	146.049
188.267	368.125
237.032	54.3462
462.618	321.986
409.585	126.765
329.645	409.655
418.208	133.08
104.761	410.452
266.859	328.977
258.039	189.305
405.167	374.777
134.523	218.899
387.013	434.009
116.351	257.183
100.555	295.827
327.103	97.7949
328.136	417.818
92.0745	61.9812
220.261	375.585
171.102	407.806
88.6869	68.0793
266.338	195.971
116.785	472.232
327.595	295.349
385.898	437.712
424.738	119.975
58.1644	273.752
284.784	290.358
49.8903	365.118
172.788	114.498
328.33	100.121
332.881	406.705
264.28	451.895
326.895	125.274
116.176	156.736
260.146	450.627
375.644	180.298
371.38	117.587
443.162	273.852
245.541	421.825
332.884	465.612
162.976	263.583
44.5854	376.003
167.667	358.528
438.443	28.6464
55.781	389.671
88.5833	69.1355
326.458	468.154
278.979	456.303
72.3708	140.173
248.688	263.571
166.022	175.933
466.897	221.397
261.555	161.762
421.508	239.171
95.4352	60.0867
206.937	219.365
426.242	122.261
301.129	241.795
331.448	407.697
413.901	361.233
197.043	363.331
106.984	81.0974
216.792	319.99
452.141	279.26
92.6246	61.5433
356.079	348.33
431.369	113.203
105.253	62.1391
347.361	209.392
351.67	343.392
424.508	108.37
88.3173	290.225
110.468	470.614
23.5889	409.472
24.479	390.19
375.883	196.886
119.943	248.164
294.79	280.878
242.703	329.57
102.501	60.3852
432.43	120.564
89.0898	72.7536
231.68	296.312
464.201	338.467
156.267	356.562
427.117	109.231
219.052	89.99
434.8	245.05
351.461	342.839
184.063	66.2548
124.306	247.735
375.465	146.573
294.767	390.734
484.631	210.253
262.534	161.197
415.952	167.074
449.579	274.614
148.109	273.082
88.5752	69.7744
75.9656	285.435
126.766	467.933
191.586	223.26
371.583	202.126
365.486	267.44
89.9601	64.501
350.946	88.7171
109.68	310.807
439.15	107.699
259.585	453.639
327.609	478.087
434.9	135.176
439.688	108.276
411.54	356.57
70.9033	395.076
46.7249	119.726
58.8113	242.496
335.384	165.364
438.22	390.767
76.5346	141.188
64.5711	146.431
234.848	185.471
91.1895	62.8377
396.214	117.06
283.541	459.066
432.537	104.814
439.811	108.42
324.255	275.362
274.567	247.908
354.527	447.343
193.055	428.497
477.225	399.384
434.938	135.037
40.8817	124.502
140.297	153.713
374.183	170.405
50.9448	366.204
334.963	16.3302
146.812	144.141
288.819	450.572
373.078	269.917
440.568	381.046
89.0486	66.5354
465.392	352.425
391.764	431.38
124.753	221.032
258.065	449.056
369.069	204.991
91.2807	62.7392
433.501	104.902
227.46	360.72
111.619	406.978
185.027	276.515
155.987	236.239
90.9321	63.1308
23.707	409.504
31.4251	127.754
83.9808	299.236
351.807	288.158
332.788	71.1886
317.347	77.7605
435.751	373.563
82.5876	460.298
368.81	154.306
200.77	30.619
28.4122	137.289
149.479	213.947
317.229	464.304
25.3127	146.796
171.27	430.536
347.367	146.888
88.6189	70.534
111.529	165.591
212.184	429.023
97.2211	300.355
316.192	166.397
383.384	471.307
72.5281	236.373
234.902	407.991
87.4831	139.632
196.224	43.3142
384.976	136.254
34.1348	117.121
108.045	71.0837
42.5659	125.161
124.319	242.215
352.101	344.302
96.7665	59.7461
220.022	90.9825
333.612	396.731
477.256	389.384
252.982	384.992
187.458	64.4532
435.353	105.344
435.66	105.455
223.604	98.718
320.72	160.997
134.829	130.999
351.939	257.214
443.916	273.72
320.089	454.722
450.5	275.117
80.672	230.57
83.1267	461.009
224.368	81.4901
295.342	112.194
253.595	356.092
301.94	383.766
347.18	77.6615
339.289	71.9278
269.836	489.269
104.457	61.4953
87.5457	392.904
446.903	447.417
87.7703	393.188
432.759	104.826
219.883	79.9256
64.8166	156.428
217.351	335.138
174.143	431.402
309.119	87.5074
70.9444	432.085
80.962	456.296
429.358	105.193
259.686	439.456
209.34	383.503
238.895	154.04
24.1422	419.495
310.972	379.474
350.6	81.9694
74.2609	382.934
104.01	61.1887
151.659	87.9823
146.147	352.934
18.3951	154.018
392.307	414.571
366.87	15.836
375.327	21.1732
192.082	276.649
91.7898	383.85
414.175	361.766
455.249	283.944
205.829	23.8293
329.973	487.804
53.9439	246.048
383.881	150.516
78.0834	220.911
369.353	210.205
143.156	441.304
438.812	107.379
131.776	268.603
449.165	165.705
322.74	205.1
407.758	152.744
391.698	474.959
277.566	482.925
365.894	119.13
440.405	455.019
66.6296	393.746
257.711	221.173
68.4616	218.186
189.106	410.479
448.549	159.89
407.336	344.284
297.996	132.352
428.455	105.499
382.968	268.441
180.753	204.08
272.971	214.025
358.064	249.026
46.3869	239.499
175.571	66.6832
467.316	390.479
139.019	346.836
104.162	140.929
444.027	464.34
189.606	427.721
24.8364	409.737
227.745	192.385
444.24	455.71
378.195	214.874
384.361	340.851
235.317	139.39
460.374	348.865
97.4635	445.46
17.0922	378.11
136.517	356.888
295.948	156.865
116.071	308.103
451.236	275.617
86.2896	463.536
159.115	108.328
164.122	141.608
70.5884	420.911
108.136	264.074
104.076	140.358
388.654	345.029
237.406	305.143
354.591	416.816
95.8478	96.3559
104.427	309.593
307.531	263.977
280.174	197.106
449.331	163.245
114.84	397.511
104.851	135.125
180.229	390.497
464.302	336.101
271.951	263.723
234.925	329.464
210.856	161.047
357.478	113.128
349.931	403.549
318.415	76.681
223.826	422.355
179.382	69.2965
202.159	297.765
422.7	393.985
454.678	172.935
440.01	108.668
458.657	359.816
342.837	465.386
99.1307	130.029
89.6958	64.9784
344.602	417.271
159.077	211.141
434.218	466.285
356.071	348.939
320.827	335.329
489.64	436.368
105.27	145.346
434.963	105.22
295.99	109.896
267.837	322.93
93.5642	60.9265
90.6902	72.5669
432.879	476.195
89.4752	65.4313
267.637	192.274
336.811	197.553
453.3	464.085
64.9789	265.708
346.404	279.743
59.0615	275.411
225.581	331.63
182.075	292.548
179.325	291.201
292.813	279.233
72.4661	249.271
397.996	170.394
199.579	381.331
373.457	383.808
287.507	481.839
203.124	131.76
386.144	276.901
53.8312	257.745
490.3	446.346
311.908	117.737
252.227	186.169
117.348	355.478
99.2072	130.208
382.694	14.4118
228.099	209.763
345.509	334.803
74.6409	415.321
133.976	243.762
191.266	386.888
353.148	29.2203
14.5672	163.256
171.779	161.805
222.846	171.916
138.073	341.235
327.63	72.5469
362.6	432.611
328.91	289.352
329.141	414.045
368.437	183.736
127.671	156.17
247.796	137.54
454.689	280.318
304.894	78.9914
36.8499	242.506
97.8931	59.6046
317.403	101.678
458.636	181.719
97.3339	99.4509
177.231	363.332
217.585	271.976
460.585	148.242
344.812	34.7436
441.571	97.3459
373.536	387.544
331.486	209.939
386.053	350.109
189.395	213.805
413.455	181.375
347.045	76.8409
334.46	70.7539
101.855	295.805
57.3781	270.24
25.5328	397.368
79.8916	235.9
85.4153	75.1591
102.777	312.86
71.59	432.889
443.53	99.1741
155.007	246.209
171.124	157.518
164.283	400.776
118.128	213.541
392.523	138.932
166.649	225.218
325.072	295.154
150.218	270.397
379.638	472.002
300.086	83.057
188.883	76.5802
425.133	330.605
119.094	358.143
455.091	281.836
419.608	189.257
295.788	115.341
461.049	148.712
45.3091	362.819
327.704	207.574
105.98	147.023
429.656	406.954
215.803	201.128
469.674	143.65
235.255	446.441
29.2262	248.977
439.47	121.58
227.099	84.1175
179.023	379.241
69.4059	428.864
329.1	410.526
303.171	79.8858
380.149	264.767
316.793	280.96
173.124	221.772
230.354	357.422
75.7972	426.196
289.462	181.744
217.649	426.676
444.673	457.602
420.327	129.224
228.796	124.337
397.942	150.491
260.465	378.359
359.352	117.313
225.396	448.115
252.982	197.933
467.59	364.311
459.182	181.538
43.317	229.981
88.645	66.1883
452.779	333.873
449.47	121.518
430.994	96.7295
211.612	203.229
263.708	145.374
403.78	103.791
110.583	267.836
191.883	74.0977
463.772	286.164
340.865	432.937
199.372	83.8745
376.293	195.358
462.58	287.889
240.502	305.114
93.0137	69.1976
174.083	140.722
439.636	96.2745
401.678	94.0142
452.288	415.767
372.923	201.169
327.288	89.9892
123.449	367.145
297.076	232.654
452.304	346.649
49.3922	353.69
333.737	143.372
165.299	437.629
440.035	96.4511
401.044	399.025
418.249	109.258
429.415	195.564
465.118	175.674
331.899	61.7088
59.2814	355.175
438.23	95.8075
339.778	489.769
264.781	381.174
272.556	374.886
413.34	262.89
171.282	58.1667
464.972	282.056
343.503	228.322
452.36	323.383
215.61	450.168
91.4397	268.265
294.442	79.2409
94.0103	103.708
360.415	103.569
345.479	300.709
435.36	343.456
78.7924	65.4695
157.492	269.908
130.14	165.86
85.1875	78.1424
404.359	267.286
88.9273	55.9092
437.669	196.19
86.7931	463.775
103.491	288.861
295.995	217.677
374.793	480.75
82.6594	58.0021
440.995	482.038
185.846	106.197
321.723	234.735
284.442	79.2337
314.545	114.204
327.259	269.581
175.345	243.572
75.2445	235.535
376.03	156.228
431.268	325.062
194.601	65.7765
69.5269	429.274
163.705	250.678
468.979	145.034
164.951	75.3216
354.243	84.1833
374.311	189.8
133.083	238.518
469.199	147.494
167.867	57.2921
294.978	184.806
447.427	295.872
248.688	355.73
236.995	85.5572
228.592	194.251
431.673	187.078
123.929	67.5628
190.478	214.362
320.742	75.7866
84.0411	473.389
224.067	81.3024
186.281	173.587
89.7505	55.9551
185.519	173.879
435.393	95.5128
82.2076	401.814
473.636	400.294
314.765	320.263
229.018	72.614
73.436	417.961
43.22	365.223
72.8044	236.247
82.5235	47.7374
288.651	70.5126
240.867	91.5484
268.71	336.322
466.203	393.901
114.875	275.194
191.107	335.908
449.623	144.289
273.259	142.409
485.004	393.968
239.48	392.35
338.942	61.3572
219.341	277.844
451.694	427.542
444.866	92.1637
200.557	67.9535
273.765	247.6
446.401	413.477
422.562	114.116
70.6548	373.715
76.3241	50.3115
272.136	313.901
69.6108	419.876
252.99	457.679
227.626	307.227
438.693	195.748
261.798	461.485
233.869	249.515
452.296	426.233
167.318	57.2668
153.456	222.448
460.363	272.935
242.647	127.402
216.125	337.893
160.007	126.622
103.508	153.364
71.9907	259.606
474.158	339.393
271.869	413.183
359.73	251.11
47.4177	269.351
142.037	117.716
325.993	454.931
21.1033	170.824
350.194	234.265
431.009	86.5477
283.574	256.159
82.2549	398.73
222.913	196.76
435.432	389.032
416.619	263.685
427.724	89.1539
330.115	61.744
413.686	359.978
172.796	48.282
234.919	128.639
445.04	432.495
352.381	241.7
383.484	340.472
376.679	441.784
178.712	59.7098
371.073	202.411
33.973	406.243
205.242	327.387
258.615	224.338
293.791	137.343
167.092	398.347
37.0813	222.164
322.753	288.39
175.107	383.274
281.619	415.403
290.383	164.446
433.799	85.6469
99.6924	303.852
227.758	357.238
344.679	123.366
95.5253	317.196
454.602	160.22
322.519	344.171
333.246	406.506
104.633	308.183
129.214	59.0734
109.106	151.405
77.3826	235.429
373.724	338.292
186.088	139.356
295.89	250.561
326.75	62.731
354.869	81.8072
89.0614	49.7433
74.9804	63.6493
341.809	227.636
431.812	77.9013
360.026	322.071
231.447	355.494
41.7241	347.271
463.839	276.704
83.4131	64.2687
265.29	461.904
442.789	77.089
62.0142	258.914
98.2441	137.232
76.5945	285.438
249.188	455.903
88.0157	455.865
220.434	157.792
194.59	71.3771
22.7264	256.577
271.477	147.37
231.748	131.431
214.985	146.447
73.4564	54.8555
144.231	397.89
100.846	325.663
97.8933	136.403
295.67	97.882
121.16	93.7272
426.363	437.097
491.007	385.97
319.921	67.7927
253.956	324.592
413.599	152.436
457.953	364.052
258.743	292.374
172.036	392.206
465.491	331.033
464.423	328.205
39.3754	212.431
418.036	383.249
130.28	175.859
128.677	185.73
402.487	147.539
194.069	382.802
269.368	434.177
76.4818	50.1717
344.848	396.305
441.939	76.6663
468.315	178.171
125.221	290.887
74.638	52.2955
27.1126	222.955
243.77	89.7585
171.031	433.093
164.796	265.954
201.519	240.122
231.682	365.639
328.614	61.9847
128.292	464.167
65.9301	47.3789
69.0511	44.5246
464.991	281.675
83.3212	461.237
359.834	147.614
235.818	393.659
134.796	188.134
66.3375	247.406
465.102	139.072
93.1397	252.512
439.036	70.2528
422.122	376.797
344.798	498.418
249.327	198.653
198.513	66.693
284.905	196.891
232.972	67.4173
149.523	291.57
396.947	392.482
338.666	61.315
113.453	343.772
465.65	334.213
57.1812	42.5356
91.7468	373.85
260.576	230.583
102.089	92.4706
397.064	425.406
80.272	71.1585
452.744	265.426
336.005	471.014
18.156	227.402
421.773	438.474
456.969	356.555
295.608	281.344
338.519	307.89
352.018	166.808
42.3699	212.599
461.406	399.523
146.958	354.89
436.551	449.14
192.003	65.6507
90.9785	459.728
464.746	283.59
345.525	462.189
186.949	322.029
445.555	79.3673
174.175	89.74
340.142	61.6352
355.038	263.121
326.407	468.099
196.24	354.383
194.281	359.415
386.004	197.743
433.115	450.348
329.145	61.8253
424.135	430.97
412.932	262.671
150.143	433.439
223.101	80.7927
330.825	470.85
168.296	226.534
282.11	217.058
171.313	242.829
68.4298	351.136
427.662	68.6985
455.585	433.294
366.634	447.844
403.058	267.514
331.428	471.013
277.74	325.705
459.582	405.27
88.4952	254.24
471.082	131.057
114.315	65.1069
77.7032	399.012
131.176	305.137
86.5728	99.5691
163.978	76.0884
142.309	212.404
182.953	134.107
80.4974	451.651
290.909	276.263
216.656	322.925
292.668	80.2904
185.708	440.059
170.184	170.736
136.508	243.016
338.408	236.209
412.171	278.221
310.321	64.9914
86.2585	320.954
143.178	428.04
373.575	200.565
42.7666	337.326
399.001	118.539
47.8419	38.9611
419.985	62.2902
107.433	444.677
201.597	68.4024
397.317	324.485
346.165	230.318
262.375	290.008
110.938	49.6141
323.72	461.351
325.891	63.212
120.866	460.072
394.868	315.893
124.018	213.993
150.082	418.994
329.31	303.844
40.2105	45.4234
441.976	116.463
463.795	350.643
167.18	167.95
83.8224	47.7552
260.688	280.151
429.715	59.8738
252.931	464.82
289.694	259.684
254.381	335.796
26.9624	375.505
60.2135	276.831
234.571	273.032
50.821	331.399
74.0117	62.0326
123.89	60.2487
180.755	462.727
99.4132	139.111
268.99	461.508
345.273	72.605
118.837	265.896
17.7833	265.27
20.1022	173.666
284.233	436.282
337.412	418.575
339.665	184.932
140.171	174.389
439.888	59.1651
409.986	62.186
350.839	65.4073
445.24	66.3203
30.2647	46.463
80.5812	236.152
114.042	40.1081
470.346	177.229
388.632	367.956
240.418	167.765
142.801	292.445
58.6543	49.493
143.632	192.163
34.2316	55.6425
186.674	351.471
160.243	447.799
453.824	435.011
87.6969	102.785
433.549	406.615
137.372	407.816
369.748	319.731
443.933	62.8873
191.525	409.689
52.6416	341.198
337.933	54.7821
336.34	306.665
46.1448	277.025
355.729	117.167
20.5849	252.86
381.566	147.773
42.984	393.313
456.55	406.63
352.64	435.889
71.014	237.26
441.034	395.757
207.937	123.435
89.7246	406.182
437.76	390.495
20.3308	407.874
277.548	149.997
81.9581	459.253
194.181	446.252
455.738	420.991
444.736	264.208
345.935	330.464
26.3243	37.272
51.782	349.493
332.882	465.767
110.485	153.077
314.691	285.401
67.663	268.513
258.088	119.169
175.959	273.242
288.288	160.513
436.576	196.52
425.669	97.6255
277.392	200.757
458.04	187.927
63.5898	255.903
395.072	201.96
168.667	57.3835
441.88	60.4848
163.598	57.9102
284.006	148.27
98.1165	136.954
447.917	85.8094
414.294	262.94
160.61	131.68
413.461	262.752
330.654	51.5494
337.107	80.291
445.539	264.024
141.556	112.456
444.184	115.458
356.54	141.492
289.643	205.615
373.319	385.568
242.936	474.603
471.918	342.182
326.25	229.82
324.381	464.856
86.718	100.28
31.8177	345.907
102.375	397.996
253.735	468.67
117.386	114.693
103.714	459.477
267.002	182.294
374.957	451.063
216.357	55.9207
36.4347	274.634
361.594	194.837
131.857	131.413
438.939	447.23
253.713	379.684
97.2949	133.655
295.933	78.6943
445.564	55.6749
411.077	296.28
24.5298	218.587
155.628	344.223
233.12	103.461
452.041	338.867
399.764	346.793
352.889	68.802
247.706	166.949
455.002	433.961
18.2951	248.43
89.8929	105.487
420.442	332.779
214.416	54.6084
246.469	467.9
80.1041	235.972
445.955	51.2098
418.317	254.524
240.252	473.766
323.11	145.04
97.6563	135.682
301.936	65.5
122.688	35.0832
247.101	456.251
461.547	353.99
93.3755	113.046
177.829	464.828
387.734	395.211
87.668	429.047
320.725	44.56
97.7218	107.703
409.601	426.122
295.616	212.966
13.4374	274.276
436.623	340.639
290.802	164.758
87.87	474.837
6.85796	281.807
294.327	200.254
38.952	391.2
444.208	341.372
404.559	198.801
162.34	172.441
256.76	454.506
184.19	144.281
237.602	349.787
472.855	340.867
437.866	185.674
399.659	104.213
101.05	464.376
51.1639	210.596
40.9869	391.05
468.141	121.499
82.7524	460.53
256.377	136.531
14.9535	235.712
79.8532	482.47
103.764	318.126
319.423	306.459
277.083	402.126
266.523	131.051
55.5099	244.365
280.746	419.415
107.777	435.783
23.873	182.928
347.816	445.512
217.678	57.6208
177.71	208.514
252.239	420.187
469.414	268.701
477.882	119.238
164.105	68.3024
340.957	396.637
369.07	149.583
427.113	62.5031
165.758	57.36
189.33	139.61
25.4158	409.805
465.522	154.901
27.7347	409.738
155.428	273.564
254.276	118.537
121.63	57.1605
378.53	450.034
115.945	155.803
470.045	202.748
181.559	474.106
45.5505	322.901
25.2286	59.9952
71.9326	367.987
453.232	204.052
383.284	118.872
218.444	98.7398
431.024	54.5945
449.85	58.0672
471.052	295.81
294.352	138.408
386.054	437.49
76.3764	99.3111
324.506	57.0778
202.065	244.085
68.6329	430.101
198.756	253.521
79.5725	89.8356
15.9793	60.5385
203.406	73.242
17.7826	42.4718
323.321	147.731
288.807	86.396
373.827	451.105
76.4142	99.4324
76.8634	49.8567
465.41	207.121
341.918	114.748
345.298	274.608
80.7696	456.572
83.2369	47.7263
436.153	49.9109
344.081	403.92
76.2064	98.6796
429.431	382.543
232.567	47.8889
324.785	456.787
300.888	277.423
113.004	327.328
335.285	228.297
479.447	348.763
195.609	367.271
454.633	434.326
217.673	90.6835
56.6875	243.501
119.776	472.284
205.437	49.1352
369.486	309.734
79.1363	103.723
112.948	154.839
77.8011	426.703
100.368	394.975
190.32	148.973
398.415	104.72
427.289	307.752
154.493	447.392
81.6004	312.349
322.389	158.033
242.759	228.551
117.513	423.954
248.052	148.752
62.0563	260.938
242.19	232.312
213.737	44.3848
76.0254	95.1104
287.06	222.842
135.362	414.496
451.767	56.0075
97.6959	135.816
331.521	139.919
143.006	255.728
449.329	197.063
383.275	397.5
77.8838	102.318
308.371	283.77
453.588	435.185
401.092	295.736
293.12	294.01
255.491	479.781
64.6372	436.758
353.077	437.648
451.927	172.942
290.964	276.393
182.179	180.925
77.8451	288.636
312.531	216.769
107.752	322.032
110.625	329.042
324.544	153.262
176.271	473.836
422.444	262.951
325.015	202.816
367.671	262.61
112.418	154.55
189.388	451.989
170.282	112.686
407.356	305.562
114.478	317.516
338.859	96.1058
268.824	225.115
479.096	266.198
461.617	57.7298
434.312	131.271
317.589	243.84
371.706	449.218
402.871	270.853
35.7413	366.019
368.221	235.641
68.7734	99.3113
358.614	118.523
314.345	32.5401
265.043	353.758
225.321	337.839
82.2786	47.753
186.661	213.936
329.356	29.5165
70.3717	108.949
380.072	330.719
248.637	409.146
191.144	476.96
37.4468	221.888
263.547	425.721
267.124	337.604
435.803	449.529
305.914	82.6416
454.02	275.854
342.538	109.378
109.751	303.082
121.889	239.83
52.6639	370.737
262.335	326.509
146.958	133.644
364.961	178.204
344.957	63.6196
82.1535	261.15
77.7817	246.665
440.661	119.997
333.259	300.979
223.566	332.98
426.629	63.2966
291.882	230.182
397.144	168.589
68.2789	101.306
324.185	192.851
472.197	341.835
462.188	421.061
489.171	346.429
422.341	76.1703
309.359	41.042
263.876	138.874
413.646	416.977
253.547	113.998
329.64	470.408
75.8282	50.7927
429.285	122.442
91.0825	106.371
438.285	406.312
473.674	269.624
409.477	126.349
91.8821	92.9163
105.099	386.165
471.507	59.209
420.271	92.4871
226.172	208.694
115.078	49.2132
331.494	407.659
314.408	50.5197
68.3812	104.694
360.377	222.269
224.961	38.4222
473.814	173.676
126.198	479.95
133.486	409.457
462.46	416.124
352.591	428.492
126.054	25.6666
184.014	150.469
241.305	45.3841
352.318	434.06
62.8793	435.613
319.103	82.9189
181.405	84.8208
389.135	447.71
75.0651	404.036
405.056	104.012
253.51	193.407
250.334	41.0865
397.994	170.517
215.687	416.435
364.077	381.289
120.235	226.379
77.1296	235.417
440.957	316.568
45.0731	210.437
215.887	432.109
153.608	334.428
434.782	402.358
424.522	447.56
108.213	447.169
260.821	107.136
436.177	449.344
106.141	94.5684
367.972	176.366
58.7566	105.63
437.531	334.691
112.909	100.742
357.178	228.022
266.771	185.448
408.138	423.319
276.8	322.088
281.311	264.999
340.556	31.3025
379.489	120.189
455.806	315.544
209.187	45.5896
41.6606	313.688
165.928	174.556
429.564	450.264
295.322	112.33
316.769	39.4791
100.167	332.318
224.584	353.811
52.0041	378.877
59.8585	107.84
488.052	270.645
250.315	307.037
60.7129	108.95
276.525	458
60.1546	432.147
229.993	173.024
304.036	140.903
321.42	132.048
486.7	114.523
150.268	231.11
383.696	110.787
443.27	304.859
109.49	457.446
451.492	264.747
471.042	269.989
128.003	471.663
132.834	147.574
417.276	243.659
289.944	83.3522
104.082	343.868
330.125	80.8463
390.281	245.203
425.051	51.2395
494.508	278.283
355.303	376.491
318.789	354.43
443.487	83.4238
343.774	434.009
161.799	140.053
75.8933	50.7256
200.423	339.545
237.017	298.035
50.2676	377.519
474.158	211.188
240.583	49.9289
428.847	450.089
234.099	94.5404
58.4234	100.154
462.744	215.179
494.706	354.758
329.668	123.884
439.583	41.5575
343.092	414.896
94.4492	149.708
401.001	134.621
342.086	46.853
87.5854	395.581
166.034	174.591
270.226	110.534
409.807	339.94
370.812	378.089
74.4157	52.6557
420.425	48.0364
72.6148	382.43
321.139	50.5473
430.176	41.7072
288.671	87.3136
381.178	206.918
355.122	72.3366
483.644	214.534
209.582	216.378
75.2279	51.4766
114.255	155.713
364.613	69.1867
435.442	449.689
481.187	126.859
177.488	408.255
290.645	208.236
80.4227	426.142
356.137	72.9305
429.607	42.0476
291.415	33.6211
213.415	145.718
5.78771	267.835
31.8413	311.796
169.255	57.4929
328.344	412.244
295.734	29.4497
370.235	368.106
333.005	315.127
115.27	156.32
24.7519	409.724
348.003	87.2693
318.537	302.999
432.42	450.432
85.9233	146.156
359.566	310.997
15.4881	187.004
224.462	173.097
472.657	220.198
67.3229	92.3455
224.637	133.758
292.354	125.286
373.025	249.877
291.424	53.059
182.439	270.05
81.3598	236.509
396.826	280.659
423.498	395.52
182.527	120.781
439.332	81.0323
221.418	170.373
269.166	347.997
451.148	356.261
199.819	426.249
389.733	447.437
459.502	411.809
367.861	283.271
33.7625	181.445
347.529	460.397
474.661	292.922
75.6191	235.483
175.314	382.862
224.259	426.94
437.101	448.801
348.781	22.9416
198.84	483.345
454.836	434.314
48.4603	311.647
410.486	365.711
78.0884	235.495
72.5475	260.59
118.153	351.155
417.947	187.565
19.4157	375.564
428.598	128.315
278.499	405.455
228.538	300.194
340.586	465.253
496.846	359.114
178.12	253.18
110.84	454.295
125.265	129.887
77.8921	107.294
59.3059	270.891
165.262	57.4415
165.756	125.917
217.32	183.314
422.866	77.074
347.946	132.212
299.64	22.006
147.964	395.05
277.234	400.725
199.674	471.741
78.1763	48.9845
345.649	17.8811
283.108	218.278
409.68	410.129
183.251	98.2503
383.647	230.127
438.22	448.657
214.486	305.145
181.752	178.726
72.9119	142.024
80.1056	48.1633
368.825	126.728
90.5451	138.648
188.577	280.437
37.2778	397.487
191.078	222.607
232.341	207.581
183.708	278.21
452.421	40.5985
233.572	110.332
404.464	123.155
490.359	262.003
134.575	206.064
421.735	272.178
177.537	161.125
297.121	195.6
97.0153	151.052
337.694	75.1903
50.4158	337.093
132.929	127.304
233.566	36.3823
224.423	38.901
430.661	434.354
165.754	57.3604
352.87	458.543
307.637	38.2252
328.863	470.02
328.046	417.426
202.984	29.7651
22.4151	409.062
315.597	47.4125
143.721	299.58
267.161	185.113
77.2883	469.329
407.52	401.868
334.12	16.7626
76.7945	428.499
317.632	95.1508
200.201	30.9445
266.713	138.062
103.41	111.687
427.682	43.662
314.739	166.158
79.0142	470.7
196.783	375.93
102.096	342.124
452.861	110.488
401.274	316.441
164.139	344.034
490.859	336.573
195.442	47.4953
458.776	212.761
388.601	339.038
135.822	23.5267
346.478	52.4386
472.306	110.938
335.313	300.844
152.082	282.23
458.743	181.272
397.361	343.027
360.209	189.597
369.438	168.905
210.871	393.385
50.8591	405.066
186.606	485.871
424.533	337.235
99.7812	151.601
279.078	346.673
354.727	82.6103
112.618	271.76
150.797	306.647
469.096	145.676
292.093	159.504
335.735	468.397
322.598	88.7312
388.738	469.357
466.525	191.246
359.744	224.958
432.346	390.096
110.682	384.051
256.58	158.314
130.567	434.524
350.14	356.574
211.77	346.895
415.621	411.896
398.427	466.88
148.47	253.909
259.369	179.802
376.549	469.146
336.881	459.982
359.792	228.59
64.1356	234.086
239.325	244.338
254.347	380.096
271.957	287.776
372.767	421.031
115.187	225.962
42.5488	105.038
120.301	300.387
422.24	139.671
69.9001	406.969
471.85	287.16
130.098	207.833
277.969	175.982
139.744	32.7253
60.3624	370.357
301.001	315.783
117.038	21.3393
399.725	447.052
378.711	136.863
280.077	455.14
429.283	71.8175
115.349	139.936
79.2385	470.837
358.146	250.23
204.497	64.6511
190.723	271.84
148.137	301.98
143.211	432.613
430.033	253.317
284.097	380.705
40.9074	416.068
249.636	259.802
358.02	20.4973
76.2219	381.142
14.4975	371.172
95.165	349.332
472.3	403.297
143.867	94.7379
406.399	460.843
106.964	231.652
299.174	54.9198
50.1462	376.113
426.38	169.472
482.567	168.84
134.331	248.505
103.584	222.24
461.868	137.51
422.905	313.073
204.158	29.5401
296.997	289.373
314.475	323.888
91.4987	419.81
219.566	347.66
358.69	205.226
341.567	467.477
166.336	289.795
439.939	121.033
467.395	141.411
208.981	30.1005
115.221	313.174
161.819	77.1116
88.8801	424.04
230.184	280.015
444.631	115.453
279.735	308.74
447.716	83.8294
199.999	63.5024
196.581	123.881
232.395	180.567
270.251	395.051
144.152	33.9234
478.878	228.336
206.985	318.345
6.40202	365.301
144.107	314.08
487.845	436.771
201.499	130.894
205.156	29.4606
156.745	257.866
75.1186	51.6158
351.707	209.257
217.031	257.242
196.906	149.134
22.594	409.135
327.027	207.517
71.2238	454.517
426.384	117.999
183.747	358.162
448.042	413.347
82.2686	472.018
60.5334	232.205
396.717	227.453
202.383	29.9383
215.659	63.1043
73.6646	277.759
101.047	266.156
80.0908	295.598
79.7042	147.991
45.9235	101.913
278.08	219.456
242.276	266.323
437.021	30.4937
124.692	107.864
157.196	430.36
400.154	237.399
262.336	208.716
161.929	244.923
81.456	47.8499
349.527	308.769
316.814	354.632
273.655	233.665
88.0624	464.575
24.8956	338.69
293.633	96.9949
340.597	353.587
100.468	51.579
183.841	382.403
69.2631	64.7423
328.295	120.205
68.7334	67.4161
364.652	420.406
447.799	165.083
382.773	358.543
283.452	174.261
42.3814	115.937
424.305	327.134
280.727	343.552
382.248	471.311
26.3352	402.559
174.537	406.946
257.257	379.504
175.155	168.637
86.4772	134.224
425.618	66.0202
202.352	393.846
23.1075	418.803
351.757	55.9953
44.3098	103.05
327.634	269.961
175.905	206.094
477.843	66.9461
428.594	25.1086
126.318	345.382
439.015	116.871
272.529	441.743
52.2764	281.957
256.818	312.504
142.743	40.8213
68.4174	73.3871
84.518	415.355
136.12	124.42
270.736	449.632
294.649	185.532
346.403	98.0564
57.7848	443.881
446.831	90.3532
174.445	225.376
459.203	22.5737
474.671	407.9
67.0928	289.411
303.288	39.6427
59.3637	232.205
75.8414	146.028
9.26642	361.19
488.257	436.709
214.091	45.0908
167.64	463.849
57.9612	293.487
55.3397	235.338
188.821	158.404
43.1893	117.046
41.2427	107.835
63.0286	232.676
240.811	233.941
247.1	427.081
134.071	422.645
98.1292	412.07
445.717	352.108
205.694	29.4593
190.139	451.544
295.381	139.813
212.235	128.596
113.005	123.113
62.428	420.481
118.422	224.129
251.437	488.527
198.574	373.836
422.69	74.623
350.619	30.5998
410.028	138.343
29.0087	377.494
341.328	150.459
478.629	399.446
50.4491	236.946
148.068	48.8786
203.05	169.786
159.25	86.655
231.651	41.087
104.497	70.9255
487.527	330.528
160.612	180.613
238.123	315.117
459.745	355.394
377.431	439.496
223.074	353.62
185.98	135.349
131.119	156.341
212.839	61.9825
389.722	468.524
164.417	364.402
51.9675	281.182
443.455	82.2421
190.741	97.6688
405.847	398.577
277.589	290.035
432.033	450.457
103.264	473.853
437.163	307.159
131.013	207.07
374.9	210.843
59.7899	96.8801
261.83	157.824
51.4153	278.354
254.783	119.265
447.332	113.988
463.943	267.147
151.358	351.559
85.3723	109.651
183.814	348.954
419.623	345.946
229.495	401.217
468.66	203.421
281.352	28.5174
181.298	89.3447
433.918	450.189
296.267	31.0412
261.406	424.864
403.134	301.807
216.309	156.354
200.032	298.698
61.8341	232.368
235.112	64.16
123.026	280.936
425.605	66.0855
257.427	139.44
129.433	69.2428
278.687	456.567
182.844	458.233
177.52	490.049
464.669	32.4201
320.026	131.286
487.815	67.6922
250.657	325.144
79.5253	138.18
307.352	99.0876
45.656	102.07
215.361	402.32
137.77	286.706
376.014	340.739
128.69	253.668
206.41	165.609
249.444	307.958
463.92	35.4045
112.834	459.364
78.06	54.2063
74.2972	267.406
45.2068	118.873
348.507	396.581
279.723	90.3571
484.888	402.66
48.3264	271.96
394.702	272.846
40.5737	94.9474
380.506	207.738
371.637	411.095
207.968	326.641
69.1617	65.0526
271.319	384.979
95.2314	110.811
229.924	52.2111
42.408	358.483
478.588	230.253
468.176	292.239
268.987	225.786
157.026	418.592
86.6713	281.663
401.885	228.87
133.055	205.907
253.138	138.124
232.215	91.3982
30.7677	92.9875
176.26	127.206
342.574	282.199
463.043	259.692
192.872	448.891
74.894	51.9186
196.415	154.417
191.27	333.797
113.576	251.259
207.684	295.79
469.204	147.271
50.0517	279.599
246.29	58.1279
406.618	284.606
131.965	278.477
237.673	423.745
44.873	118.635
332.9	261.324
221.499	269.149
214.27	436.165
48.4987	276.316
332.503	396.712
231.664	36.1351
288.644	152.692
445.574	447.948
194.859	66.2557
147.925	388.482
277.195	381.816
347.388	92.528
45.6608	356.056
425.722	104.309
129.968	77.9615
270.793	484.894
63.5884	144.955
78.8049	48.6635
201.727	122.858
319.394	359.678
289.248	226.757
49.2078	269.304
118.154	452.2
473.795	338.783
68.4832	271.038
189.637	283.879
178.095	365.941
195.174	263.094
261.549	194.104
476.238	290.008
56.5844	99.938
260.336	426.229
401.977	103.761
80.3399	406.91
244.408	402.88
102.094	59.4257
62.9644	232.655
462.779	398.847
382.715	173.226
365.475	422.584
336.331	134.325
318.179	261.639
44.4207	118.277
285.492	448.737
49.0187	277.796
56.8296	474.041
426.294	63.966
428.286	449.913
69.728	63.6212
318.492	474.199
202.425	119.954
245.788	407.956
332.853	461.474
288.76	299.534
426.214	45.7176
50.4726	236.911
314.311	129.799
187.847	440.35
222.196	277.434
422.335	78.9614
386.729	162.324
429.256	24.6982
331.025	477.05
433.474	190.257
417.646	114.811
56.7031	426.888
182.797	59.6581
357.901	48.1054
136.386	118.57
414.524	359.704
265.91	187.254
213.306	198.832
442.067	448.409
266.407	342.83
391.342	336.307
278.805	170.566
238.258	336.9
75.5979	51.0405
167.275	57.2661
167.301	272.025
65.5333	147.47
221.631	142.998
112.262	244.227
441.221	399.585
359.796	310.337
277.627	324.731
462.37	404.62
75.6563	231.734
133.553	145.117
489.139	436.515
284.838	209.906
346.912	460.327
434.173	450.124
239.61	323.252
485.538	293.685
263.275	189.486
64.3881	146.196
427.331	177.749
269.445	271.887
46.9448	472.527
209.19	380.012
406.238	172.427
108.056	16.944
279.698	257.742
74.8086	52.0401
118.56	466.211
216.409	313.459
458.526	137.172
429.813	23.5952
294.66	79.1437
365.989	397.914
351.937	357.432
264.946	123.389
353.71	358.045
285.59	114.628
234.873	144.89
431.295	123.412
75.1241	51.6087
274.666	419.025
73.7094	54.1169
232.171	376.752
210.779	371.519
258.538	149.443
309.604	236.486
39.1263	126.227
228.943	421.826
205.537	93.951
103.062	25.608
194.959	217.927
150.43	337.858
427.344	13.9048
460.651	137.254
232.759	36.2319
452.096	299.865
43.0482	357.825
136.807	33.5147
318.609	420.856
194.636	404.898
100.945	9.91328
168.776	468.387
106.597	436.871
444.667	243.426
198.91	139.473
58.4298	154.323
337.126	481.156
91.9271	125.073
83.8091	299.151
280.828	37.2212
22.9644	373.535
211.937	135.372
123.522	311.341
328.919	228.953
422.764	257.283
375.755	108.595
469.277	231.11
39.1357	466.28
313.819	336.243
267.961	284.609
350.282	243.459
380.832	263.602
116.164	215.911
79.7338	374.345
276.215	332.507
390.501	451.191
204.037	195.322
169.884	57.6512
436.35	242.662
369.265	432.851
60.1823	155.417
375.697	235.678
420.921	436.694
448.023	446.782
86.7228	393.224
128.744	209.401
468.874	281.204
78.0962	235.496
176.706	127.542
368.02	20.4171
316.458	468.196
318.191	184.846
362.142	198.086
148.296	49.3524
367.346	337.106
487.615	234.554
305.854	342.289
383.355	417.573
236.743	470.991
75.3685	267.895
142.017	363.07
252.479	250.215
284.008	435.706
199.354	195.481
473.506	273.868
436.106	412.437
62.4829	417.353
233.563	326.225
459.308	402.062
260.832	271.439
392.56	225.44
123.351	359.287
119.581	166.138
121.876	216.873
113.957	270.777
489.182	436.504
193.227	181.409
294.693	41.5009
488.918	243.5
169.054	375.063
438.439	241.173
476.653	389.4
198.362	141.189
234.371	26.3626
322.205	481.524
202.358	259.071
243.703	294.93
494.341	75.2688
78.6757	48.725
19.2406	154.742
245.359	59.8837
373.564	206.964
153.636	108.134
449.684	385.159
274.288	263.727
250.048	333.568
365.623	26.9876
66.3564	156.27
315.342	343.463
311.169	427.539
205.226	185.393
474.154	173.033
318.585	474.8
192.539	24.9393
176.462	430.979
255.603	119.138
12.7732	381.347
69.0225	65.5478
22.4005	123.994
309.714	352.769
242.889	338.944
425.041	49.8056
77.0419	49.7199
189.64	335.96
54.1325	251.673
298.896	394.825
479.537	223.247
433.445	28.738
186.192	132.915
292.807	305.407
74.0051	162.712
136.069	446.5
207.828	377.545
252.36	158.118
91.0792	90.379
182.42	157.17
192.03	25.7585
8.76441	383.104
381.932	180.97
46.6487	355.658
86.4313	458.85
289.993	275.293
276.576	230.182
235.88	175.605
26.7558	156.692
445.566	447.951
70.9018	390.159
314.793	433.162
428.549	27.1996
156.62	286.614
418.663	229.584
279.533	29.2118
414.731	428.527
302.363	24.6207
74.1793	472.253
105.29	108.949
102.938	170.708
265.96	346.153
381.834	384.752
52.4735	255.02
91.3035	7.25926
460.407	228.073
233.327	167.499
406.047	122.836
114.967	462.169
321.911	414.194
354.797	274.636
227.553	381.231
70.4643	153.399
127.477	212.914
286.045	429.055
252.747	374.995
312.286	341.253
49.271	278.324
330.769	155.984
362.387	11.4958
259.224	439.375
214.306	148.82
151.001	285.941
287.845	270.733
117.379	269.275
48.1795	273.204
152.278	304.402
48.2979	275.38
250.893	241.708
415.252	441.698
361.262	256.571
437.232	75.8638
467.67	231.368
85.1797	86.4568
241.41	336.924
313.827	447.898
148.574	203.988
480.463	64.2588
423.432	254.339
82.5236	375.58
371.149	134.421
180.703	364.999
317.511	490.354
76.2015	50.4244
318.223	474.81
253.183	228.127
463.53	178.7
323.095	490.421
463.927	312.072
392.918	474.325
313.535	275.858
336.047	80.4739
51.2982	437.182
300.229	78.4572
302.512	422.533
248.375	347.42
441.367	425.212
91.8583	383.882
329.595	36.751
63.8839	103.335
433.808	437.966
459.73	22.8584
352.663	60.2654
108.42	432.196
387.802	318.363
31.8883	372.615
214.643	35.5221
477.595	230.098
151.665	240.351
121.13	462.289
322.02	162.688
382.451	28.191
240.738	45.921
440.326	231.353
152.014	231.734
262.94	460.172
150.62	409.909
287.6	468.012
97.7123	387.265
121.019	82.4249
191.003	124.658
81.3	458.257
48.2892	272.177
238.717	433.691
238.682	472.835
56.2499	357.401
258.719	476.087
264.139	345.334
46.5709	252.803
272.891	414.525
475.001	331.674
313.581	447.13
279.981	415.473
328.232	360.74
153.305	424.147
382.114	385.267
49.3886	237.146
349.392	448.254
298.928	303.377
384.086	16.3496
135.031	473.563
486.861	389.469
198.872	315.37
22.7922	373.62
184.975	137.272
348.806	116.917
167.912	398.328
38.2583	120.036
396.326	227.15
398.597	274.646
309.051	168.541
44.6413	242.379
186.324	400.467
240.209	235.278
433.568	223.982
234.551	465.134
216.108	380.59
378.087	354.163
252.576	455.722
241.797	201.077
331.205	358.582
180.576	462.908
355.076	396.854
327.588	285.172
422.453	186.736
476.323	283.792
450.037	343.039
418.972	79.8472
65.3233	208.692
274.779	20.4143
84.2949	110.615
196.886	449.36
402.313	397.711
438.241	94.2808
334.904	26.4967
487.64	428.149
369.526	189.359
309.889	165.975
410.213	307.94
307.686	272.203
269.159	477.337
75.0996	51.6405
127.371	332.591
447.016	453.336
450.92	141.55
273.427	284.104
454.103	153.419
31.2314	107.552
43.9018	238.073
233.639	102.56
37.4762	456.419
495.682	429.32
484.007	436.521
122.723	272.539
68.7932	66.7647
445.97	50.739
224.905	383.975
96.5992	375.082
32.4773	447.758
190.887	232.605
458.483	281.514
80.2527	248.025
157.272	207.681
90.2373	373.971
166.863	242.114
176.499	204.321
231.893	288.539
155.844	299.259
73.7337	54.0547
263.404	496.926
436.003	18.9489
13.6477	368.722
109.687	123.42
282.142	323.513
295.397	289.577
397.679	439.443
444.576	386.338
68.6348	292.236
72.4349	67.5988
205.351	123.21
434.594	297.494
220.304	130.233
49.1516	278.084
231.78	180.817
90.4833	232.503
411.509	239.254
152.492	222.911
406.45	417.724
20.5015	399.319
100.504	459.959
420.711	241.415
263.366	358.219
132.93	290.497
216.081	277.283
397.673	282.153
51.5802	368.651
290.447	82.564
175.212	144.018
91.0004	373.881
234.117	41.4987
480.011	67.4098
359.813	390.795
53.1164	283.468
113.468	82.8954
429.934	401.025
72.3904	459.525
110.562	402.353
44.1779	440.352
55.9576	357.169
318.843	62.5728
344.711	33.7116
419.714	133.502
50.2008	279.8
56.6198	473.814
306.146	264.072
488.214	436.716
73.1751	161.918
486.988	397.219
74.0069	53.4262
473.97	76.1658
495.104	420.086
91.063	448.102
377.73	30.8801
319.556	444.736
87.6694	61.5291
360.49	80.4886
350.959	164.117
400.712	479.289
455.423	338.752
150.289	115.109
47.1876	355.49
442.097	114.426
177.985	266.709
11.0205	156.263
62.6539	64.3567
308.501	275.02
90.3979	472.654
278.29	341.103
429.819	274.44
236.439	418.311
360.653	91.1198
392.644	120.087
48.3502	126.405
69.0908	216.36
36.51	241.063
246.759	56.668
384.357	208.125
95.1493	103.39
42.8594	230.141
81.5386	308.933
63.0834	457.567
366.975	331.725
462.405	220.921
232.257	477.307
115.626	216.946
408.531	198.213
89.5983	444.219
287.975	468.028
253.21	266.071
17.0966	163.933
116.92	306.937
174.743	180.827
97.0668	148.115
296.105	203.05
229.791	188.099
94.328	255.508
164.126	210.448
48.3552	275.696
228.416	344.01
193.426	244.859
415.706	246.491
386.264	233.138
341.578	344.365
312.909	259.245
443.894	12.8069
478.846	396.986
24.0901	429.494
358.202	75.4732
57.9088	71.8353
449.265	104.881
364.584	380.236
424.454	76.1579
222.145	406.541
376.12	402.375
348.332	317.123
170.056	130.226
382.303	356.373
322.622	341.571
115.735	437.263
472.773	175.156
447.567	29.4256
27.0969	394.74
482.413	79.6885
74.4443	52.6075
82.9352	47.7248
424.46	358.576
435.967	247.852
372.735	396.519
267.576	419.865
209.426	129.497
461.769	469.403
90.7472	463.328
279.84	405.235
269.535	228.834
259.574	119.491
109.283	85.3311
455.491	82.4691
277.282	455.15
472.326	319.588
244.441	161.231
229.798	37.1125
74.8653	51.9589
377.463	303.703
448.047	315.074
248.204	419.389
231.633	122.935
457.034	432.314
318.859	89.5176
164.13	272.782
278.903	235.457
323.251	250.005
204.338	456.029
465.127	217.11
12.9671	162.416
163.653	441.516
243.922	413.459
215.201	92.7619
117.242	173.798
363.293	227.268
296.136	400.64
229.266	486.849
224.137	285.21
75.455	51.2029
421.139	242.98
159.939	473.069
293.809	38.9079
464.698	30.9972
350.253	397.587
30.2213	107.918
91.792	72.391
377.894	115.94
413.592	166.179
473.18	310.828
226.425	83.7858
81.6891	116.014
5.52879	167.535
156.734	131.949
459.35	322.378
84.0294	56.9473
239.898	43.5832
442.925	435.333
56.3004	370.985
31.5996	125.354
157.357	78.1041
234.427	95.597
468.373	143.154
115.611	360.121
60.8892	288.641
79.4338	389.003
286.989	300.112
186.508	45.6797
463.511	190.265
359.235	340.521
339.422	451.155
456.772	406.463
352.929	252.413
426.555	429.933
145.112	204.95
274.859	409.582
208.035	97.2482
141.99	336.563
397.621	337.783
244.157	388.121
101.532	165.827
180.528	160.714
176.027	195.268
384.132	311.611
451.786	201.349
106.895	140.722
378.397	7.4977
423.238	237.506
165.071	481.309
122.973	315.339
8.08107	373.775
191.588	137.3
245.228	191.393
274.454	489.938
197.096	190.671
80.0374	96.0834
478.632	379.479
265.874	492.261
221.018	481.194
228.162	347.764
356.066	138.589
202.411	151.211
114.645	49.1736
255.878	192.393
180.043	433.038
154.368	180.498
187.483	391.318
388.328	453.628
60.0521	444.342
116.612	80.8885
290.169	444.892
215.557	164.918
289.772	439.165
96.8284	435.812
287.065	105.385
231.193	318.257
75.4813	51.1725
119.122	78.7603
377.746	273.261
346.76	423.087
54.8421	155.715
130.242	69.7565
42.815	129.943
275.957	317.093
65.3362	226.202
449.287	62.6588
360.534	83.1175
305.825	221.134
260.226	378.099
448.556	428.202
483.613	453.781
18.9343	368.281
269.276	423.074
453.333	101.148
342.443	179.865
128.778	233.197
435.049	485.957
11.1018	391.614
15.7848	173.182
96.1809	385.771
483.882	229.362
359.255	76.9608
162.287	359.64
264.264	233.002
41.3302	376.005
321.288	233.692
24.2038	117.284
274.114	211.254
69.9855	208.303
184.775	142.715
200.286	336.51
55.4446	472.208
324.372	325.316
60.9344	365.748
43.5383	103.792
238.113	38.7798
423.099	125.999
121.543	334.638
318.145	372.507
419.733	199.257
159.735	424.099
335.13	386.847
64.951	414.117
299.375	21.8399
243.697	226.395
352.221	199.74
210.468	131.103
308.286	126.235
111.8	49.3835
170.217	117.308
294.117	227.339
14.3522	431.769
350.081	356.946
240.081	233.921
353.811	262.47
155.8	245.182
193.51	315.999
469.612	181.858
79.8931	374.389
172.11	211.835
26.7897	110.335
100.698	135.254
148.091	204.043
425.479	488.856
172.766	409.978
427.419	176.378
104.656	127.769
216.837	380.676
283.236	235.791
182.201	55.9464
179.109	221.78
74.3929	52.6948
461.986	145.949
143.743	287.907
362.901	182.751
87.6864	391.24
83.3645	381.568
152.728	277.347
382.317	447.88
31.8109	375.332
392.424	12.1032
81.5057	308.925
429.387	290.65
114.918	430.507
121.006	179.124
405.323	253.039
395.824	465.849
221.193	338.127
104.765	283.42
106.607	130.667
299.522	374.063
251.941	398.159
299.989	13.992
397.313	483.234
397.917	493.215
193.226	321.504
483.152	446.713
440.761	304.456
463.097	36.9544
357.189	194.948
243.254	331.232
178.547	351.47
37.2611	222.024
23.0086	256.81
343.36	10.8987
421.644	425.644
318.225	295.354
475.033	283.154
375.292	248.811
485.219	454.959
436.432	52.3138
22.7867	241.327
193.439	265.635
294.45	40.5675
242.131	288.782
206.754	158.824
231.909	162.266
47.4978	271.782
35.7971	223.39
23.6376	260.641
12.7347	385.215
193.184	27.5503
151.74	139.072
166.917	233.515
269.945	92.4505
287.117	445.474
313.397	186.155
473.903	134.589
210.858	367.302
399.33	291.792
405.157	497.017
484.771	376.014
120.604	56.1846
389.705	21.5429
314.799	131.759
289.978	240.927
295.116	244.166
279.599	391.18
428.437	315.454
301.767	258.334
246.324	55.3397
138.401	302.53
139.529	428.209
98.1113	130.76
418.426	199.187
315.338	98.8445
318.691	62.2443
57.3129	286.997
60.7158	95.6628
117.46	49.7853
468.382	17.8439
403.265	127.031
395.667	29.5708
161.579	332.774
343.649	382.536
270.322	137.873
163.229	235.488
127.12	142.999
150.068	277.49
123.422	128.19
208.404	14.1665
438.907	455.834
224.078	122.569
223.055	122.876
373.465	266.472
458.935	337.737
360.359	229.497
157.673	224.042
428.935	356.567
241.414	421.372
116.75	49.5491
266.918	14.2336
54.781	470.857
21.0422	254.724
251.499	275.726
321.555	493.203
353.851	263.573
296.41	444.063
191.7	26.4076
204.509	149.226
243.822	47.0048
97.9559	453.174
144.586	120.103
50.5668	280.688
6.30855	168.895
69.9512	63.9208
286.905	119.934
22.6471	115.362
108.039	411.5
106.075	68.0792
228.185	287.311
104.924	478.937
95.7618	319.986
139.124	94.2433
453.927	326.781
303.537	203.538
61.3014	468.458
212.675	459.728
452.936	49.2102
216.378	241.763
446.711	420.755
423.99	242.504
123.949	58.9719
299.887	19.6967
258.194	195.82
97.5673	260.629
244.279	475.032
385.194	299.442
131.406	281.092
107.399	435.475
91.9502	46.377
481.564	66.1048
32.7723	107.214
298.987	158.195
136.302	470.944
268.177	350.405
45.6282	434.949
453.383	100.88
477.711	449.25
174.369	187.7
263.389	357.868
46.7444	271.015
312.15	96.8453
181.565	123.863
262.951	459.768
375.229	31.1727
68.9293	357.805
53.6277	286.338
454.476	418.558
379.475	245.149
478.718	418.393
260.356	120.293
197.01	352.01
170.45	108.98
280.722	497.73
88.1708	374.527
285.536	114.153
260.409	416.302
237.366	364.551
340.067	235.39
259.877	423.526
18.4919	410.561
253.724	218.351
104.016	274.601
51.3072	281.725
281.224	369.899
439.813	254.706
401.871	341.387
438.084	170.361
4.56974	163.482
249.803	380.799
18.1244	116.972
61.2644	468.823
82.0815	255.26
119.94	134.119
272.037	433.044
280.126	283.674
242.686	219.979
390.504	451.278
21.4392	429.122
477.566	363.609
281.204	167.81
212.406	304.671
250.634	273.588
136.766	442.697
222.484	159.298
341.089	376.528
39.9697	434.001
392.62	244.953
95.451	76.6525
262.271	286.973
236.793	214.037
454.896	39.2964
478.276	16.3927
55.0544	471.477
334.395	97.6618
340.66	93.6073
402.766	22.5277
284.448	362.211
298.522	61.2992
193.55	23.6994
74.0217	52.9633
9.80793	122.525
156.774	364.258
450.744	484.264
319.989	499.787
410.386	316.841
488.411	200.995
210.366	458.683
484.957	453.926
48.5384	287.097
182.032	418.464
144.086	158.437
230.854	264.698
135.834	304.233
289.508	219.684
147.159	288.873
166.081	48.9301
22.65	169.144
49.4377	278.635
371.637	238.901
73.6126	421.37
459.675	40.1883
73.4693	43.4923
225.973	483.095
483.664	290.505
93.9265	298.876
199.04	203.654
353.349	358.562
418.806	427.231
173.057	415.964
122.518	362.378
293.793	172.713
475.117	175.534
337.936	405.375
330.439	257.823
295.124	141.249
273.065	364.998
460.432	339.338
101.64	150.516
471.081	270.027
293.948	482.033
224.188	202.187
337.989	27.9141
242.351	292.597
354.822	354.873
240.212	269.641
413.147	181.386
114.855	372.259
345.316	60.7275
237.263	358.761
440.196	492.006
284.461	407.837
442.822	345.02
212.622	459.712
124.13	227.97
418.872	112.488
281.371	17.9088
305.838	161.566
421.847	142.394
100.226	49.8806
193.343	194.066
59.4865	345.177
54.3759	67.8159
142.899	299.911
66.604	52.6609
459.71	194.344
424.95	462.53
181.725	40.9963
190.206	253.915
114.855	387.511
430.134	147.992
166.795	45.2291
412.084	273.641
332.421	92.3438
89.9663	258.092
190.113	131.355
425.065	448.061
211.558	459.311
221.449	233.143
453.048	187.849
488.158	17.9226
160.595	49.8648
353.786	168.291
37.4414	356.646
491.735	456.242
213.941	17.9807
400.12	234.787
152.888	259.313
402.658	342.615
104.829	160.214
5.48574	436.393
482.513	182.049
67.5336	45.5441
108.176	214.521
469.771	289.774
37.3124	356.814
317.125	387.357
228.724	275.74
289.812	30.4654
17.042	172.945
407.91	120.54
71.5258	264.564
21.1239	243.116
260.885	119.984
69.1801	43.3141
44.4857	351.429
425.376	53.1014
458.023	425.107
260.247	128.598
213.201	375.062
258.958	446.516
364.619	126.625
258.262	240.674
108.445	418.564
454.865	92.0187
366.214	485.889
362.844	7.9077
43.0826	345.932
44.1453	345.177
209.749	249.442
272.815	213.37
361.522	77.3264
180.943	420.788
78.1334	302.953
91.1929	480.378
304.114	10.7479
317.158	85.8105
11.2388	370.003
224.696	395.814
37.6898	353.084
434.483	55.4354
179.497	457.45
296.109	98.0065
364.419	332.813
219.339	232.725
239.111	284.342
154.537	263.204
150.579	71.7421
119.552	126.354
431.864	189.99
444.15	352.438
197.045	452.556
395.633	331.511
249.503	86.5075
47.9647	75.4903
383.361	140.467
87.0231	216.429
429.16	374.678
98.7896	405.305
120.329	386.97
393.14	320.747
66.7478	424.91
297.555	398.185
54.2889	469.25
435.673	476.138
137.615	213.809
71.1788	294.214
19.2951	247.805
456.146	88.8536
457.446	224.666
10.2437	128.628
234.086	36.5163
390.083	299.615
102.985	343.021
282.034	253.368
210.448	56.5419
21.1963	180.824
365.516	377.73
342.817	310.333
212.905	459.796
246.232	58.2659
307.749	467.486
177.28	465.067
285.946	201.491
22.08	419.307
65.753	166.384
337.013	25.3773
102.579	170.052
53.2264	440.683
83.1229	134.239
257.142	211.337
354.486	453.853
417.278	374.21
439.252	491.497
166.91	240.423
54.859	471.046
265	342.22
94.5654	400.948
296.77	293.7
363.14	29.6072
263.518	333.706
114.332	366.801
291.824	153.491
80.9391	83.9402
369.26	98.9044
299.162	349.72
45.6997	102.043
411.262	91.1583
115.428	76.5984
470.792	456.47
107.204	103.716
69.1945	43.2994
192.35	216.901
296.329	367.696
85.5894	316.065
186.658	261.036
133.833	287.02
112.372	310.768
159.126	51.5324
298.236	335.811
287.739	38.0292
251.107	252.322
489.519	402.722
166.424	290.303
320.068	330.341
201.514	143.382
11.8102	146.492
80.6747	64.6658
117.62	285.064
300.352	378.346
309.343	272.045
394.96	482.881
58.3927	475.373
205.307	332.521
173.395	119.655
286.082	9.08773
440.425	71.2974
473.089	198.796
375.982	333.349
3.07831	426.687
90.84	310.356
225.016	203.212
412.617	20.8035
416.382	265.168
50.5877	459.961
386.412	236.405
382.103	487.573
45.217	247.717
208.624	74.52
301.099	72.0674
55.393	472.119
278.943	376.988
63.4806	54.1604
236.213	494.042
355.352	453.35
114.69	360.834
159.427	150.437
12.2824	125.809
255.665	434.588
310.103	455.238
63.1413	156.968
353.93	310.418
485.65	408.899
413.75	240.728
11.1564	138.603
425.63	53.8952
103.363	171.363
38.4603	244.412
24.1847	266.47
219.814	452.567
30.4566	412.724
449.43	302.912
45.2797	216.438
319.83	314.318
371.241	347.979
325.351	19.0879
22.3867	241.682
207.569	94.7727
101.477	104.97
493.802	397.162
12.5237	412.329
299.245	108.772
189.019	344.316
28.5396	372.611
59.2902	118.843
100.759	315.427
471.309	284.844
341.816	8.73835
452.47	74.5843
291.737	43.7212
235.849	316.768
454.856	92.6231
477.47	6.4252
69.9046	42.644
452.676	75.5897
32.2429	435.431
32.14	154.103
13.8491	368.651
173.855	217.416
265.689	143.561
133.484	205.737
18.9837	180.597
359.626	246.102
276.66	72.9541
98.8811	64.1342
53.6648	432.015
58.7329	118.593
392.615	291.475
118.345	283.759
255.839	191.681
79.5618	38.1861
8.05176	161.314
314.567	451.487
262.611	480.27
174.879	253.76
184.377	420.878
260.553	490.215
134.318	417.676
444.529	139.979
361.569	330.78
36.7635	155.082
216.681	16.6559
394.194	443.295
87.1106	482.906
17.4397	143.743
388.876	245.087
207.717	69.1984
291.423	413.432
124.047	205.481
319.647	286.846
218.978	115.659
415.268	231.357
81.401	272.947
287.343	129.699
212.352	391.921
235.041	36.8428
40.5199	337.344
306.346	115.784
231.785	136.336
302.9	25.4667
341.868	338.59
299.436	19.2885
278.644	194.124
174.073	372.379
399.508	102.884
205.023	17.8759
331.453	465.49
195.133	414.978
470.093	382.36
245.425	48.9081
3.04425	136.4
334.328	413.175
120.932	331.292
187.834	407.408
318.754	482.734
71.8751	452.121
26.9298	222.705
194.363	152.735
434.721	235.051
201.873	246.997
268.51	67.1583
183.028	238.789
450.207	485.928
346.222	259.518
125.291	163.671
242.921	216.329
78.6405	434.662
308.647	340.463
291.484	440.934
459.997	355.964
181.119	182.859
476.896	367.971
112.124	236.647
427.602	109.793
460.767	268.193
132.898	49.7765
28.4502	246.572
55.1829	471.734
388.055	171.482
147.212	301.299
479.666	144.042
349.448	113.956
375.37	298.647
366.245	353.44
396.349	227.167
381.352	144.47
288.154	44.4611
14.5405	368.441
351.08	230.316
306.624	279.14
459.182	393.08
348.104	386.85
134	419.528
241.647	292.499
441.48	355.693
209.795	14.6494
350.561	112.009
144.479	273.126
286.728	239.608
300.696	338.937
344.462	404.204
407.835	97.0407
199.211	334.792
87.331	322.927
103.976	91.5012
140.846	98.2525
114.736	372.053
306.488	60.2697
432.041	157.808
118.344	316.792
449.891	58.5303
283.741	413.103
460.655	485.594
364.347	379.683
210.088	125.861
380.282	438.497
102.774	56.1158
488.088	225.651
261.522	329.472
66.3256	68.6588
300.652	196.044
192.43	235.732
352.508	411.32
304.857	440.856
460.297	471.229
458.711	117.697
177.037	244.043
178.04	464.725
181.616	296.568
277.934	86.826
90.6053	231.722
344.642	386.307
292.467	132.405
454.695	94.0044
417.101	437.184
95.725	211.502
367.407	412.721
295.598	43.5343
90.199	203.168
122.371	217.162
244.627	360.573
107.216	152.188
29.5678	108.225
329.788	81.4069
323.61	426.735
393.001	269.738
273.044	248.539
224.572	203.658
123.405	201.113
118.196	375.654
297.783	173.748
362.364	174.452
188.916	207.985
218.335	258.385
439.884	37.4461
330.365	432.184
272.467	335.26
178.423	261.115
477.579	174.405
31.5789	206.168
48.6337	37.3452
486.295	448.772
354.155	134.596
70.0211	367.604
456.79	281.682
375.585	379.936
272.331	74.0042
488.209	376.37
134.072	413.422
462.574	316.757
72.0385	170.784
344.307	386.319
435.106	283.187
398.801	180.362
347.052	306.596
329.329	208.982
422.224	279.85
255.863	439.014
86.1813	320.758
448.08	99.383
157.423	71.4076
338.856	301.296
154.067	474.648
89.5841	456.344
278.056	339.878
266.479	253.06
390.311	435.279
211.653	69.5461
177.027	360.5
352.773	459.025
64.215	151.783
333.218	271.458
457.7	428.945
332.712	321.617
408	343.634
170.424	68.6732
435.567	372.789
278.442	483.304
381.091	139.742
188.539	406.689
74.2194	429.47
303.849	160.789
106.176	397.95
444.537	63.6496
440.561	18.8732
404.199	142.678
37.0245	107.22
10.9558	373.665
19.2959	153.856
20.2496	398.405
113.152	49.1814
474.139	164.309
203.931	253.322
356.214	306.618
191.731	450.251
224.769	191.379
73.0599	468.628
393.363	243.453
421.342	52.3827
254.052	318.823
123.412	227.079
458.498	215.97
73.4218	35.5303
149.687	216.893
107.351	355.238
477.788	420.478
464.711	402.293
418.886	63.6044
343.971	488.291
99.7332	290.527
459.439	228.06
364.785	80.5117
217.294	297.622
329.232	20.3086
68.2197	67.5197
411.751	195.444
197.303	11.5189
271.055	271.061
359.385	342.49
173.773	465.784
182.408	297.216
110.178	63.3181
133.683	332.25
293.763	280.551
264.268	352.273
319.927	180.691
360.22	222.285
278.503	338.132
286.843	300.778
393.083	365.231
11.0415	139.039
154.505	219.767
75.6553	40.735
102.936	181.354
71.0768	75.0891
192.038	25.7457
355.049	434.148
191.428	316.438
475.258	292.068
352.777	31.3569
279.275	298.704
410.571	326.641
295.641	371.106
68.7852	26.6701
80.9252	385.235
445.37	402.151
68.8966	217.718
269.105	383.75
96.4647	76.3307
453.47	21.5847
137.249	216.071
309.011	392.101
439.531	122.122
275.03	292.566
197.733	190.357
308.023	274.258
77.5904	481.03
369.491	27.7846
422.328	309.372
217.236	252.336
470.864	230.577
64.4893	93.0173
476.152	303.482
242.856	119.125
406.533	305.655
122.922	403.4
277.134	341.71
39.0231	337.486
33.0438	38.4493
303.827	435.527
81.9533	318.267
215.599	269.799
186.478	470.927
105.405	461.362
222.033	248.316
477.546	174.324
423.069	478.133
21.6049	183.552
279.671	269.696
461.752	341.348
214.309	18.4456
56.1359	473.232
151.03	301.455
100.921	171.253
245.939	131.554
25.2558	182.235
430.857	294.73
222.988	94.1598
467.483	265.913
290.055	265.777
321.341	481.686
13.7202	171.15
437.152	251.935
151.418	251.74
169.756	255.874
278.318	269.452
104.885	70.1561
471.568	411.018
456.623	299.802
168.295	142.61
258.429	161.476
204.076	431.911
68.0065	302.492
394.048	426.004
33.2179	333.871
136.687	303.38
429.764	205.193
280.726	308.782
311.753	17.1074
478.84	144.441
7.09371	378.283
345.408	123.727
147.605	174.427
288.69	235.495
374.783	80.723
287.891	460.589
356.15	267.838
180.365	288.205
336.287	38.9928
274.188	326.396
483.505	335.841
177.088	357.792
124.871	350.731
493.858	420.013
327.822	248.622
224.689	190.615
194.385	106.324
284.893	155.23
241.083	61.5399
312.066	325.346
181.454	128.723
283.464	479.422
214.503	18.8529
172.799	155.551
445.603	134.352
266.08	138.191
378.606	117.14
372.02	393.672
424.665	402.33
182.718	112.323
217.632	18.3474
286.494	74.1757
457.614	495.12
465.04	476.91
351.996	14.0634
369.964	469.47
214.434	202.537
131.187	354.322
297.913	66.7424
237.731	38.4444
43.6784	395.553
369.926	220.497
351.739	309.68
166.873	51.6617
315.128	68.0731
426.507	210.337
274.562	266.93
266.143	396.937
273.87	140.843
45.1968	116.936
139.082	60.6939
244.512	477.503
10.21	175.13
434.811	99.6371
54.1706	465.671
369.548	221.261
317.647	477.22
313.96	464.256
378.316	30.7158
113.39	30.1293
121.37	481.119
395.527	113.087
42.3416	161.982
190.951	50.2525
439.096	39.906
54.8439	482.275
315.059	209.221
336.427	492.551
190.626	464.33
166.187	304.693
34.1771	44.0527
225.533	493.604
287.788	441.055
318.346	477.898
377.586	287.679
254.957	481.491
42.7237	426.743
476.735	287.678
276.005	343.161
285.934	60.8886
194.678	222.056
298.684	399.935
231.211	484.692
84.5556	417.745
250.987	96.6808
119.554	31.7646
46.2946	487.463
291.744	11.0125
223.894	417.658
465.784	386.736
121.331	443.981
92.2335	419.145
222.379	379.029
345.817	9.55628
394.544	120.329
66.1761	457.362
311.381	122.824
455.478	78.1344
10.7712	410.809
384.313	25.5613
25.2087	59.9538
361.824	167.33
262.513	225.165
258.464	121.618
444.032	305.278
468.851	223.59
145.914	410.119
361.354	471.735
294.917	35.523
14.6117	218.051
301.326	101.928
201.562	257.209
472.04	352.495
107.791	424.754
456.536	209.377
180.715	281.754
387.867	308.752
201.846	11.169
284.794	428.879
48.387	28.9759
89.0992	322.565
105.314	131.229
322.49	240.452
360.732	35.7383
325.68	345.723
248.83	353.45
45.4165	131.845
246.316	483.756
393.5	241.655
375.119	147.281
434.493	19.4597
312.112	370.645
391.786	382.725
190.184	466.059
384.096	229.9
387.239	5.50427
316.364	244.985
182.615	188.265
198.379	258.515
193.936	337.704
422.01	363.494
444.891	262.449
154.252	156.943
113.565	209.343
184.043	283.066
189.583	106.553
281.793	484.635
250.49	387.133
8.96043	231.332
420.917	476.133
316.205	445.507
450.782	103.852
101.717	339.473
57.8459	491.814
211.613	363.562
435.386	24.3226
42.9484	228.679
464.609	432.373
78.4402	451.212
240.578	419.184
36.5758	485.108
280.304	88.3374
108.02	329.599
264.384	116.279
173.02	469.064
257.869	432.937
453.518	99.6662
21.6183	177.489
342.295	211.038
16.7759	416.285
225.047	181.573
292.863	310.104
82.9092	417.194
377.431	30.9493
284.741	250.609
166.488	224.58
392.926	346.609
480.291	178.277
469.316	490.592
399.684	480.977
150.824	441.275
118.452	278.518
355.053	469.423
20.5487	428.827
146.635	341.256
88.1757	476.536
361.972	421.722
24.6823	338.901
320.485	483.518
164.43	49.4174
62.5073	421.82
167.143	40.0337
369.523	135.284
172.757	174.321
226.133	326.328
181.544	334.232
32.6643	207.999
15.3545	274.97
299.505	401.59
159.127	413.923
32.4372	154.475
232.374	205.21
259.037	132.589
103.679	96.7608
35.2773	398.856
206.339	339.99
411.995	175.521
473.491	121.352
245.269	401.927
199.157	377.178
125.04	166.122
276.098	336.843
362.452	284.9
18.6719	30.8346
238.357	36.3354
370.999	399.476
123.54	375.814
407.503	305.68
457.894	86.4872
427.121	235.747
192.344	191.457
438.646	127.744
291.361	227.137
322.527	117.849
88.6394	482.269
100.716	340.079
168.53	417.66
224.15	455.773
254.492	426.557
398.517	241.041
279.191	309.369
261.607	404.813
415.435	325.892
20.2069	28.7058
322.119	155.861
326.388	495.806
292.913	130.596
129.18	365.446
171.311	348.959
232.284	78.0027
395.034	329.947
484.336	202.527
458.566	159.506
337.82	39.4901
232.048	299.816
285.127	67.9689
26.988	487.95
473.983	275.919
125.766	173.339
377.793	245.145
342.715	78.9641
311.742	353.263
95.6779	331.574
30.7333	173.519
284.653	332.932
183.635	366.001
304.756	377.463
225.499	275.821
27.0407	384.58
27.3513	62.8993
366.627	430.53
384.175	388.092
121.686	480.949
77.7769	347.582
265.233	469.958
7.98636	382.244
188.824	52.4836
442.419	121.2
114.945	428.108
132.45	476.16
340.512	155.607
274.465	438.447
167.611	191.622
496.219	433.454
427.203	111.939
224.138	137.172
465.223	399.992
41.7958	479.368
422.386	285.614
73.3521	338.615
197.094	213.752
396.251	437.597
408.718	71.9894
25.8353	61.074
440.311	49.7744
138.643	484.012
369.796	100.105
114.632	476.324
285.348	112.537
60.6169	35.1767
471.879	318.214
221.979	162.883
355.541	64.8301
198.822	190.04
442.699	242.035
36.5929	65.3597
134.846	308.529
369.415	274.594
59.458	159.272
487.807	378.372
418.259	235.995
260.341	119.035
422.05	133.165
138.606	311.83
71.2054	435.44
46.8616	101.445
23.1847	397.269
125.201	124.149
383.702	281.506
182.021	345.823
386.946	326.285
490.597	27.6206
95.3455	469.479
24.1004	417.651
344.785	4.4341
201.867	247.012
226.696	171.853
441.827	325.262
393.672	419.106
350.014	356.896
324.717	493.758
369.121	152.633
189.931	253.846
366.088	42.493
455.126	162.254
222.504	345.397
187.361	153.517
380.061	256.205
189.157	404.016
296.548	444.227
131.542	39.7313
101.792	285.133
422.753	118.324
438.858	437.301
374.132	269.903
32.2481	205.416
406.645	177.618
59.8425	32.8963
474.267	343.457
211.764	48.0886
17.4633	268.665
370.114	268.152
424.081	454.637
93.5704	330.055
458.742	334.442
285.787	99.4078
116.583	487.195
87.1991	439.398
147.764	423.943
262.423	478.034
234.852	422.223
305.85	25.6226
428.393	326.38
208.383	48.3528
466.882	354.357
378.225	239.506
88.2266	128.625
459.196	136.602
475.808	261.013
467.044	140.936
173.679	423.622
404.137	80.8782
70.9861	487.093
381.045	40.3364
253.217	159.412
315.822	30.4989
328.197	460.023
342.946	247.854
380.981	416.157
464.685	225.513
112.467	141.323
319.884	121.263
366.375	296.043
473.864	324.91
285.779	463.227
106.141	248.821
476.428	203.334
98.5432	153.872
348.178	115.079
168.211	99.2341
54.0657	466.896
141.351	206.672
466.397	175.655
160.015	440.503
498.133	390.442
434.495	489.637
168.853	314.331
362.808	462.65
480.776	331.896
354.038	105.03
462.079	432.311
284.621	25.8922
32.6184	283.878
415.936	230.867
347.603	20.3067
180.434	127.288
381.405	23.3811
274.587	179.065
105.559	242.154
18.4801	239.188
450.22	485.898
27.2345	352.763
110.038	494.3
324.149	125.591
22.0035	429.263
220.734	382.768
95.3904	42.001
432.559	20.561
318.035	169.836
310.858	126.969
197.456	366.77
256.133	161.748
237.463	81.5222
432.5	20.6041
253.589	338.111
377.282	464.29
121.082	190.853
312.149	174.689
429.844	296.817
384.255	235.23
485.051	113.026
456.441	80.5814
250.052	295.662
237.656	92.5282
354.402	96.6565
384.164	278.145
330.329	292.675
480.258	295.739
80.3724	171.132
52.0217	35.3507
240.943	159.954
104.431	127.139
188.317	295.478
349.609	248.212
417.172	447.353
384.308	8.29522
187.07	234.263
190.017	479.442
378.569	78.8247
33.3469	107.152
379.598	131.539
237.024	97.565
166.871	37.6952
429.27	379.586
119.823	391.111
416.318	286.234
16.3804	369.792
148.676	388.932
455.636	468.981
478.841	487.546
266.902	298.391
50.7555	32.6741
37.8265	197.117
96.1117	480.5
315.215	333.524
128.065	271.128
328.271	352.35
447.523	199.674
457.914	85.5961
289.185	266.223
47.0168	461.072
269.865	147.645
311.379	133.536
119.316	286.466
377.967	379.187
192.501	100.273
48.1715	313.251
204.502	315.612
353.111	390.672
397.507	433.343
361.396	349.452
17.1259	388.942
190.356	264.915
348.762	40.2818
409.584	320.252
318.37	202.532
252.952	436.589
88.539	269.292
177.817	318.764
55.4599	374.14
242.958	67.9466
104.191	347.542
299.974	410.362
479.117	109.315
279.605	162.066
471.941	274.846
388.322	35.3645
45.0261	284.383
74.4688	349.505
374.455	237.164
321.655	214.258
410.878	158.352
455.874	180.948
191.353	27.2547
273.226	123.629
468.135	118.018
346.413	352.364
295.884	186.454
103.982	71.1852
306.404	307.923
307.562	167.235
125.092	172.113
422.662	337.718
136.467	415.565
12.8549	33.7702
420.552	184.974
418.871	435.397
100.651	380.106
367.122	348.48
13.4608	287.529
116.212	191.077
410.356	52.1929
405.478	74.1231
140.512	393.951
288.275	43.3487
458.737	472.478
400.576	54.2794
56.3486	463.714
313.489	149.56
21.084	419.362
144.636	488.545
401.395	44.313
222.249	96.0639
315.701	74.5502
47.6657	28.9626
38.959	315.381
248.022	132.666
266.523	422.01
297.036	89.8915
435.296	266.222
378.56	428.325
319.689	101.581
94.9328	487.806
171.525	275.164
98.9026	141.303
477.839	351.157
470.089	199.083
14.1136	32.0345
18.2167	294.188
458.259	258.831
251.135	82.9936
478.777	150.368
254.87	479.852
482.036	233.272
463.7	302.588
243.316	413.986
347.707	386.722
213.423	281.931
198.066	104.91
98.8412	427.469
400.712	470.628
228.834	176.422
90.5601	235.504
22.0473	432.601
347.608	280.226
150.355	301.535
398.974	116.143
373.302	189.838
206.251	313.731
161.197	322.782
431.298	204.607
50.7882	441.201
81.5375	73.0781
474.592	227.75
447.02	149.598
212.329	64.5462
291.782	400.278
30.1637	252.951
92.6142	398.653
10.7985	385.563
48.4875	379.075
298.568	48.2671
226.078	288.277
135.349	439.807
344.714	130.147
184.842	320.237
43.0495	313.781
358.387	85.2812
138.351	79.3711
108.308	31.915
481.44	235.471
105.939	386.671
148.798	114.651
76.3127	474.782
315.858	373.706
199.331	391.829
407.367	208.399
235.017	309.92
303.209	149.989
202.813	239.929
417.733	88.7137
205.25	101.216
136.454	213.821
64.0124	61.9214
45.6334	102.083
70.3422	246.171
429.034	32.0332
39.6331	150.473
157.308	421.7
342.047	429.997
467.422	427.004
303.547	56.5649
367.324	194.151
274.592	260.889
21.7508	409.43
323.844	17.0754
143.273	260.643
471.312	60.1827
459.959	288.305
191.138	39.272
173.289	36.0698
92.029	419.682
109.39	31.2558
259.594	180.529
109.002	31.4709
309.061	197.526
67.8679	118.63
36.3897	237.09
470.252	52.6855
389.386	100.42
238.903	385.948
110.735	220.274
456.64	90.6985
443.864	207.553
303.701	39.8737
109.011	31.4656
452.246	260.788
6.65515	291.805
275.351	429.212
293.069	354.102
42.0552	251.044
246.049	400.293
470.638	62.0455
373.467	219.577
229.603	252.84
382.764	198.644
244.025	97.2549
279.733	90.5987
265.818	299.102
109.647	288.19
381.117	366.941
76.2025	491.779
293.107	431.672
203.86	30.3942
271.591	488.088
149.438	441.016
300.1	332.582
444.088	367.572
378.821	484.286
234.124	228.769
400.174	387.155
358.649	77.0478
441.762	31.7103
384.449	13.6075
175.576	285.056
315.169	452
279.211	67.2119
122.642	66.5841
304.028	265.2
180.216	33.2745
480.336	176.791
27.512	177.097
316.909	22.8744
198.535	483.695
176.462	260.735
474.508	325.405
275.771	25.4833
443.337	388.794
69.7108	34.5464
219.762	409.393
283.72	183.876
248.126	59.239
155.925	173.282
477.979	183.689
311.335	330.79
63.0442	366.181
229.733	365.343
277.607	19.2441
445.922	110.638
250.793	457.263
90.7522	363.899
170.484	481.992
138.152	333.326
8.88388	23.511
461.148	457.888
19.3962	428.297
183.325	136.035
352.011	406.589
157.648	446.226
466.253	390.036
185.214	57.064
349.396	487.032
40.3707	63.5363
246.489	262.041
259.26	218.318
164.266	28.0404
314.892	340.223
392.542	459.156
357.341	78.8366
301.293	280.451
196.049	444.247
329.937	166.484
412.71	200.396
200.023	168.53
126.813	57.2865
343.426	267.686
302.951	125.884
100.189	134.236
489.786	376.045
391.269	207.25
78.3135	219.029
343.674	404.294
55.0924	113.194
285.36	332.181
250.669	31.0921
67.3076	249.708
46.6899	211.98
276.866	19.7615
162.627	414.809
71.8204	34.9157
335.219	101.019
378.878	239.733
108.184	212.483
163.572	39.7662
114.964	220.103
202.998	5.40407
396.408	78.0179
265.471	144.591
348.413	78.1176
476.411	261.344
289.498	122.251
362.519	374.155
192.858	72.8416
158.597	387.679
200.575	359.702
275.712	194.766
313.944	110.105
75.5849	486.131
386.45	417.705
177.115	123.9
159.985	390.124
294.878	290.754
381.273	170.504
188.064	285.917
111.801	146.59
336.942	299.666
56.2858	239.357
487.84	226.024
462.988	25.8961
182.883	30.2635
116.685	319.981
450.959	482.889
74.2527	445.247
276.931	20.3388
423.056	443.837
6.72692	230.026
382.023	50.2885
456.715	254.606
410.518	362.205
324.077	77.0938
165.595	198.87
316.336	120.594
371.206	475.384
349.6	42.7313
366.844	216.997
172.851	265.749
250.085	221.346
53.7995	126.794
466.455	268.765
172.966	140.875
289.536	375.007
190.763	290
285.339	219.033
488.763	208.254
468.937	320.595
448.992	488.041
369.908	374.087
397.39	246.42
172.003	351.286
190.521	486.94
153.697	235.373
327.043	10.2261
175.586	327.641
359.924	303.616
286.512	471.888
288.088	467.577
428.861	152.202
34.1769	39.3368
311.871	371.17
379.934	134.083
55.9994	201.843
401.099	433.364
307.089	297.53
47.9032	286.869
119.497	233.619
421.666	134.522
292.476	430.621
257.578	477.326
453.199	355.666
352.138	266.177
486.025	409.137
42.5368	105.809
430.773	472.606
403.859	410.051
47.7762	260.721
172.577	112.562
463.639	211.412
83.055	233.071
39.0791	30.2328
49.0789	270.139
257.304	295.773
377.334	254.911
31.9542	316.094
130.058	86.8412
70.5848	341.371
243.035	216.237
344.535	244.045
320.028	273.553
192.555	24.9166
359.46	251.678
29.798	282.115
25.1403	183.008
260.447	235.514
397.446	483.142
334.891	184.977
497.42	23.8626
230.66	476.592
118.112	453.646
217.536	115.763
52.3796	439.617
417.596	159.927
449.716	82.6339
223.396	406.371
441.79	62.1675
463.706	439.13
72.324	163.034
365.336	379.779
124.533	79.2292
417.793	229.886
60.6002	103.016
337.291	179.761
72.2966	400.946
22.6216	123.01
266.252	457.117
168.038	107.008
69.9092	244.47
373.943	312.342
238.166	477.171
190.674	156.483
367.496	413.364
89.7427	107.297
302.727	295.618
165.919	439.346
58.9085	411.973
154.628	53.4909
57.1576	130.06
27.7414	146.29
167.874	107.584
285.789	455.335
328.776	110.123
291.914	138.948
304.648	295.017
444.534	286.459
341.459	331.255
401.419	325.971
422.042	321.563
461.325	439.75
344.64	454.492
85.2956	90.7438
189.455	60.1225
395.21	261.317
196.529	359.546
254.588	350.804
345.709	361.117
79.3491	380.069
324.55	392.504
440.699	162.971
31.9423	359.545
199.389	314.858
476.172	415.346
73.9278	318.762
300.889	178.715
51.2983	437.182
295.468	225.844
335.935	126.577
11.825	43.5475
357.301	91.0886
111.563	74.6539
206.247	196.247
245.835	305.055
430.258	203.621
318.242	191.165
343.554	408.172
4.29551	276.227
223.615	91.8318
82.8428	218.387
209.739	211.503
436.456	26.2831
144.494	202.126
365.04	314.394
19.555	217.196
18.3397	66.7923
237.847	361.125
123.119	65.7533
244.866	136.698
65.8151	465.27
115.643	186.51
116.475	289.438
424.224	466.612
307.023	378.529
338.421	498.741
103.506	48.4882
29.2854	428.07
390.229	161.365
160.651	165.498
274.558	381.903
145.594	111.182
411.84	315.676
453.506	277.039
306.596	265.742
487.403	492.713
95.9988	382.913
179.317	431.812
151.788	157.196
362.301	243.821
229.387	443.272
319.615	280.675
224.187	404.111
237.374	212.937
199.694	301.96
34.4977	168.164
455.824	271.641
467.033	58.0173
324.216	196.171
91.7534	315.086
315.297	294.909
296.443	272.067
250.495	426.224
284.996	491.204
