Saved a vector of rrt <nodes> points.
X	Y
25	475
32.7853	468.724
42.4781	466.264
52.2354	464.074
42.4439	466.106
42.0488	456.114
45.705	446.806
47.3255	436.938
56.5391	433.051
58.8732	423.327
66.9569	417.441
76.8945	418.556
85.168	424.173
91.004	416.053
75.2105	408.699
100.753	418.279
109.843	422.447
116.422	414.916
126.286	413.27
133.911	406.802
96.4151	409.269
130.822	422.182
142.549	401.763
152.284	404.053
162.048	406.21
92.2846	400.162
171.688	403.549
180.609	408.066
190.608	407.93
86.4432	408.278
200.513	409.306
78.3381	414.136
207.73	402.384
71.1748	421.113
217.684	403.341
227.668	403.9
80.7125	400.083
77.8202	428.586
235.559	410.044
71.8018	436.572
62.2554	439.549
242.611	417.134
203.2	411.3
54.8646	432.813
252.611	417.1
257.25	408.241
266.551	411.912
47.8152	439.906
275.345	416.674
87.3026	425.41
85.7651	415.529
241.457	427.067
285.167	414.794
203.724	421.286
84.2276	405.648
288.847	405.496
202.959	401.302
205.072	428.147
292.598	421.486
43.2575	431.005
302.254	424.085
83.8155	434.782
312.25	423.804
245.118	428.147
321.79	426.804
330.917	422.719
336.903	414.708
346.466	417.633
339.625	405.086
323.525	436.652
356.331	416
93.4006	437.632
102.96	434.698
364.715	410.548
248.668	437.496
368.77	401.407
373.124	415.959
104.978	424.904
322.675	446.616
246.068	447.152
328.327	454.865
108.089	415.4
374.54	393.24
106.007	405.619
378.379	384.006
383.097	416.697
375.517	374.424
373.55	364.62
96.5091	402.49
373.208	354.626
377.572	345.628
379.673	335.851
258.494	439.354
376.129	326.5
370.962	317.939
366.293	309.095
387.472	347.044
397.101	349.74
367.025	299.122
361.747	290.629
359.94	280.793
376.47	302.409
350.111	282.636
386.411	301.32
357.989	270.986
350.788	264.047
365.91	264.882
374.358	259.531
387.769	329.982
406.87	351.878
373.948	249.539
378.208	240.492
363.699	366.338
254.011	430.414
246.316	424.028
375.289	230.927
370.868	221.957
262.285	424.798
236.4	425.315
226.586	427.237
361.666	218.043
356.442	209.516
219.737	419.95
416.857	351.36
353.309	200.019
344.485	195.315
212.035	413.573
204.603	406.882
195.182	403.53
230.964	436.228
335.66	190.611
326.836	185.906
322.045	177.129
312.163	178.662
325.108	167.61
205.353	421.013
361.902	194.905
303.346	173.944
294.529	169.226
328.87	158.344
335.454	150.818
384.344	226.684
369.898	188.899
284.562	170.036
275.832	165.158
267.103	160.28
270.332	150.816
378.243	183.39
383.19	174.699
197.161	426.748
387.965	165.912
390.105	156.144
247.722	422.486
367.89	237.655
257.464	157.617
252.385	166.232
363.335	246.557
242.452	165.079
257.317	419.669
235.34	445.219
185.564	400.791
400.041	155.015
234.081	159.608
175.576	400.299
225.673	154.195
215.76	152.876
367.334	255.722
258.553	409.746
374.733	262.449
166.378	404.222
207.029	157.751
382.381	268.892
197.095	156.605
267.279	420.535
156.829	407.192
187.416	159.119
392.371	268.439
179.258	153.336
373.726	171.469
206.43	167.733
171.763	159.955
399.913	275.006
280.37	179.115
241.482	453.111
169.802	169.761
376.224	271.277
247.017	461.44
148.829	401.193
408.785	159.865
139.067	403.364
404.564	283.859
130.254	408.089
396.97	259.56
261.777	400.28
168.399	414.016
164.402	153.186
165.883	178.961
372.728	280.646
413.633	151.119
276.079	188.147
397.788	291.214
250.886	449.713
277.217	421.649
369.852	290.223
226.925	450.622
160.833	187.592
152.259	192.738
255.067	467.372
207.288	177.697
208.716	187.594
153.462	202.665
120.307	407.062
142.279	192.095
368.384	163.015
394.133	249.971
411.352	291.202
133.778	186.829
281.699	169.203
283.566	429.375
406.721	257.342
293.067	432.494
112.754	400.508
422.394	155.94
366.198	153.257
156.108	212.309
285.049	192.567
282.682	159.252
294.245	196.495
261.821	474.746
125.465	192.386
301.342	438.109
130.221	418.089
130.941	428.063
428.849	163.577
301.951	190.121
412.314	301.155
311.064	186.005
122.072	432.683
211.934	197.062
368.163	173.013
115.624	194.162
434.2	172.025
360.529	293.838
142.762	196.462
351.476	298.086
289.173	188.905
417.733	309.56
210.21	206.913
150.748	220.751
438.203	181.189
213.183	216.46
365.81	171.391
217.088	175.707
444.822	188.685
142.846	226.88
168.724	404.021
449.831	197.34
103.004	402.731
109.434	186.308
308.701	431.337
318.297	434.149
355.534	285.175
135.399	233.553
104.839	177.426
138.677	434.401
425.908	315.319
177.9	400.046
221.606	459.09
160.386	177.602
101.762	192.722
215.133	165.9
129.318	241.491
102.557	167.69
93.0259	164.663
93.4631	405.725
378.083	174.275
87.0593	156.638
214.742	226.338
446.172	206.647
359.345	159.712
78.6097	161.987
87.1045	413.443
225.583	180.982
215.759	155.919
78.7261	407.984
82.795	147.593
310.198	421.45
166.845	169.967
69.4575	166.016
83.4168	137.612
428.997	185.095
452.553	182.341
78.812	128.736
74.2073	119.859
450.877	215.471
69.6026	110.982
327.804	437.251
153.314	213.613
64.9978	102.105
460.836	216.381
431.218	153.862
59.9252	162.994
60.3931	93.2287
55.7884	84.3519
384.268	182.133
430.31	324.298
116.293	440.844
287.7	198.795
350.353	308.023
289.328	178.906
218.997	468.744
63.8699	78.4622
221.947	233.273
381.381	168.434
277.97	196.488
337.596	435.221
130.099	251.461
465.423	225.267
326.807	432.557
344.31	442.632
133.683	260.797
354.361	151.042
118.503	190.521
124.28	264.201
69.3102	407.552
359.998	276.227
231.355	456.865
470.212	212.903
431.846	334.18
235.403	182.872
416.059	317.053
339.113	451.176
422.337	337.275
353.267	447.079
343.421	427.093
361.319	441.149
368.076	448.522
57.9893	70.374
438.508	341.638
306.19	412.288
442.751	332.583
186.408	405.301
83.9062	422.918
45.9746	86.2727
52.1088	62.2858
37.0425	90.7692
125.2	274.158
434.566	310.316
444.136	307.416
66.0181	64.4126
66.3951	175.536
446.222	348.001
82.613	114.442
130.222	282.806
93.415	137.799
103.909	166.551
370.357	180.624
122.298	288.905
72.0217	56.4152
143.489	262.757
60.9769	183.941
81.6856	53.8447
79.4092	44.1073
86.7628	115.029
210.934	474.659
417.86	346.217
91.5265	55.6214
331.873	458.075
229.797	171.958
51.3278	186.566
61.9133	414.281
333.133	467.995
374.153	456.463
237.791	449.211
311.342	403.717
150.231	270.142
378.805	465.315
124.892	191.634
87.4113	403.028
65.5627	124.886
124.732	243.023
31.3538	82.545
384.838	192.117
372.522	459.526
350.232	274.079
344.344	417.136
346.438	317.225
49.7331	68.6819
99.843	50.0684
341.498	321.634
55.6475	406.488
325.104	473.957
419.034	356.148
56.7267	422.831
42.0509	190.3
388.73	464.094
39.6803	180.585
372.206	164.458
372.211	472.833
122.723	298.896
361.124	184.465
154.617	279.129
36.7342	198.769
394.219	181.147
130.583	305.079
452.028	334.581
388.88	161.818
237.268	439.225
432.422	345.76
176.408	405.244
205.89	466.024
30.2669	177.21
29.1653	96.9295
470.646	202.912
412.675	363.865
45.7172	407.666
22.6424	183.681
383.316	193.19
185.709	415.277
340.915	430.929
109.506	47.4924
344.942	415.074
115.777	49.408
237.645	165.761
65.479	134.885
223.857	163.914
37.6349	413.555
132.349	314.922
243.658	188.515
124.504	44.5267
29.4745	407.775
96.7599	114.791
402.78	175.978
19.7771	410.217
162.854	284.798
113.083	162.573
392.227	152.395
105.765	110.443
133.143	49.5631
115.72	111.39
170.072	277.877
70.1092	408.552
92.9817	427.118
133.741	238.682
179.774	280.3
341.299	309.458
239.341	429.442
21.3549	82.3938
394.746	456.105
205.009	456.063
115.253	194.298
142.686	46.5724
139.887	321.492
240.329	197.944
81.3407	432.583
382.795	165.074
119.485	58.695
137.453	331.191
241.546	419.689
152.672	47.0985
240.806	156.273
249.921	200.77
80.648	442.559
332.533	304.646
174.624	403.192
28.5254	202.366
351.406	182.106
83.9157	134.674
162.61	45.9847
43.1955	187.796
171.136	40.7587
240.018	409.806
399.782	447.466
144.228	56.4528
369.204	470.414
28.2828	106.89
120.374	155.728
124.334	34.5282
180.384	44.5614
115.172	305.451
342.498	177.563
83.9976	451.982
186.153	52.7299
186.545	272.941
169.663	412.626
105.299	303.862
472.592	193.103
345.606	439.76
188.643	38.9235
149.277	318.053
191.86	264.47
198.615	39.6783
247.771	448.575
456.469	325.621
339.393	187.068
409.641	445.788
358.931	194.221
159.67	412.249
93.8274	437.082
419.636	445.482
96.8667	303.709
249.777	151.854
334.994	475.437
154.51	403.684
404.239	369.235
423.777	344.856
130.221	153.988
92.8058	312.848
474.332	183.256
354.903	415.957
333.223	424.539
19.7139	72.5293
420.593	369.973
335.028	170.914
18.928	110.424
145.044	337.7
20.8193	62.5906
345.356	300.318
409.7	435.788
21.9246	52.6519
321.3	464.709
104.792	100.49
129.437	337.17
350.788	312.613
82.9295	311.28
475.933	173.385
360.172	309.156
72.9668	310.417
105.795	197.544
367.109	301.954
429.62	444.917
377.808	475.511
155.034	338.151
208.218	36.8895
186.078	420.367
23.03	42.7132
98.8435	427.753
110.726	314.409
252.756	457.244
256.656	159.111
34.8799	114.406
441.323	341.201
152.945	308.75
156.737	421.81
462.175	317.408
162.937	308.347
215.879	169.942
401.843	155.14
14.6091	177.725
24.1353	32.7745
218.217	37.0726
164.912	339.712
394.521	371.596
25	25
358.049	204.182
65.7075	303.54
101.608	53.6262
477.71	163.544
220.621	46.7792
149.184	422.578
31.7555	211.83
25	25
392.052	381.286
209.001	465.231
172.54	305.557
135.905	145.76
65.331	316.874
38.4193	219.286
25	25
115.391	30.0549
479.244	153.662
248.525	210.672
439.118	448.044
472.063	315.917
411.512	152.586
331.416	161.59
55.7173	303.098
46.1303	225.653
393.901	466.07
45.941	305.201
210.908	27.2581
421.924	335.029
438.082	343.842
37.3671	300.055
53.6674	232.225
193.969	49.9689
90.4712	459.604
356.654	214.085
216.857	179.894
108.323	22.9801
25	25
444.51	351.503
368.899	195.024
95.601	293.79
25	25
330.375	151.644
315.608	472.931
242.826	400.208
172.797	333.561
70.6485	442.655
113.321	148.638
181.038	332.353
447.418	346.13
106.317	434.397
32.9672	309.035
83.7422	124.675
214.547	456.91
99.6684	463.529
456.764	349.685
214.412	473.641
307.087	478.165
253.87	467.181
120.491	341.638
93.5921	419.242
187.126	29.0394
454.489	311.011
8.95743	111.191
201.597	266.746
457.92	301.618
61.8443	447.397
345.927	321.352
150.26	432.52
166.406	49.5136
409.64	425.788
466.48	201.018
365.233	479.592
338.425	484.831
24.957	75.3949
176.624	271.682
331.104	192.662
25	25
411.924	335.046
463.682	356.906
179.714	60.3812
227.532	33.4366
216.42	159.956
60.4507	313.628
95.0228	452.236
74.263	121.49
193.142	254.553
336.018	320.001
103.38	207.248
54.203	440.947
106.897	421.825
31.8323	74.007
473.629	208.01
206.501	161.227
25	25
93.0787	48.4054
122.807	23.3472
94.6015	300.007
206.209	275.619
135.72	162.34
25	25
469.216	160.509
25	25
478.206	192.475
148.143	299.978
164.815	318.169
400.528	421.668
365.264	219.171
441.243	331.201
419.011	455.462
115.697	198.937
361.847	228.568
113.002	348.264
186.463	247.11
107.798	187.746
448.674	445.097
235.22	39.8321
107.931	216.152
108.582	52.3684
139.755	419.249
162.944	58.8951
477.57	158.616
83.6004	418.836
266.574	157.83
340.373	151.457
424.514	446.834
98.1524	218.244
298.578	472.911
125.362	196.369
329.214	460.7
29.5626	84.2712
244.699	36.6489
24.6091	177.748
25	25
144.474	167.173
166.648	349.56
237.211	38.351
374.987	465.917
322.352	461.255
59.7728	457.181
113.956	224.134
443.309	361.43
219.623	56.7292
43.5989	210.732
25	25
39.6182	80.2824
99.9735	63.4918
119.758	232.279
199.069	464.065
369.321	235.212
226.677	181.783
476.684	217.532
393.974	457.234
108.411	181.996
25	25
25	25
448.285	298.94
190.979	469.943
350.371	151.262
9.90652	186.551
76.1443	412.172
208.734	448.773
18.9024	168.694
486.258	188.211
326.497	323.058
98.7302	179.492
133.367	136.087
47.7151	433.337
226.318	158.536
101.665	62.5588
238.605	211.941
443.131	457.203
294.719	482.137
25	25
250.839	476.711
155.984	66.0761
25	25
25	25
451.375	320.514
25	25
352.268	196.023
343.243	330.985
25	25
25	25
25	25
82.1397	426.291
355.926	321.273
372.767	244.6
151.857	412.942
275.025	163.175
231.816	219.283
449.287	435.116
133.084	202.723
84.8598	54.1019
45.2575	72.0242
90.3917	117.207
457.161	307.757
478.917	227.279
436.402	368.662
25	25
206.485	258.022
55.1906	242.108
244.092	484.092
25	25
153.15	162.198
25	25
443.308	290.267
120.416	242.257
460.526	209.052
226.749	63.7449
322.039	196.884
183.376	476.438
458.345	447.642
331.061	186.453
382.756	245.069
109.359	68.9473
316.738	325.242
25	25
131.482	188.46
66.1963	411.154
190.72	334.857
92.1677	69.7423
77.7529	47.0669
194.153	21.9251
251.855	43.6345
34.9121	299.226
422.084	464.978
451.303	212.918
222.857	191.024
222.027	188.54
467.075	309.067
25	25
191.133	38.2015
25	25
238.746	226.492
244.469	404.358
433.831	324.489
259.452	37.1314
25	25
53.2083	464.724
427.421	473.435
483.686	236.069
208.502	166.974
269.295	38.8925
260.96	165.777
260.585	478.951
446.134	288.972
349.7	199.165
408.347	344.385
28.0484	94.0263
355.735	476.466
367.948	458.814
466.504	150.884
456.27	427.959
32.8501	309.011
386.542	235.813
281.995	156.004
384.377	254.936
17.7452	19.4434
470.754	299.768
130.746	126.437
387.161	225.832
273.011	48.1766
59.7585	403.502
34.7404	27.264
277.214	57.2506
127.42	117.006
250.929	41.1093
52.3085	64.9332
444.312	220.068
94.1315	462.196
361.475	328.561
227.266	23.4401
364.753	449.338
77.4609	60.68
321.884	333.816
186.148	268.633
319.094	343.419
49.9026	250.596
329.066	342.674
457.053	357.621
25	25
253.763	400.667
309.222	318.646
89.0313	291.702
65.1047	125.506
449.868	217.566
97.8026	110.493
408.885	325.519
401.524	427.931
146.899	70.2545
214.916	280.538
25	25
249.174	48.9915
313.131	192.339
25	25
85.603	304.369
321.036	451.342
285.722	62.5047
46.1326	255.567
260.89	407.682
95.3688	283.966
176.326	483.531
103.011	347.829
25	25
156.09	403.882
212.283	190.786
132.735	24.5467
25	25
462.552	456.714
255.472	51.0836
473.153	290.06
29.8216	318.541
44.0305	257.117
93.2819	416.332
104.499	337.941
80.1997	287.011
394.083	414.022
308.044	329.365
85.2418	108.635
383.223	220.15
130.886	423.137
25	25
242.44	50.4615
293.168	55.8297
60.5995	116.578
231.348	157.078
125.859	250.646
477.27	243.74
176.859	244.324
123.564	20.5615
346.974	340.263
331.158	155.341
25	25
249.656	406.203
142.808	428.771
52.4594	263.311
323.296	469.754
89.3688	183.008
99.2924	274.768
298.679	332.873
306.108	309.143
461.292	200.243
37.507	324.939
25	25
25	25
185.408	343.33
113.618	21.6024
25	25
437.951	212.352
87.981	455.9
446.38	360.754
193.445	463.777
263.929	481.706
43.5416	467.285
187.014	40.8652
54.2133	273.156
450.85	438.784
104.124	222.306
164.827	408.747
138.28	119.861
426.645	331.443
321.798	473.693
300.358	48.8797
336.854	178.301
201.478	159.857
116.016	76.4096
25	25
427.282	372.763
174.928	234.512
97.4222	271.26
38.3608	436.872
139.354	32.0426
146.308	113.9
9.15418	170.924
70.6584	290.005
25	25
298.738	57.8305
420.153	480.304
290.77	71.1374
248.077	230.087
206.039	466.867
82.4625	313.863
176.105	339.663
92.6183	126.956
400.323	406.207
224.916	280.561
310.294	47.7454
68.4854	43.3102
465.573	362.858
198.221	329.829
324.47	441.95
13.1354	196.015
41.749	333.995
378.182	262.786
25	25
463.625	421.183
320.256	48.6134
56.483	232.192
25	25
444.297	463.882
148.385	156.038
461.752	311.216
95.7228	218.538
29.4021	441.315
208.155	330.976
25	25
132.155	431.397
56.1873	130.032
449.675	297.824
442.634	295.949
312.192	182.383
19.3184	203.875
235.117	400.817
65.1589	241.313
179.402	225.568
354.038	474.176
25.6703	432.038
237.89	211.339
326.658	56.2955
7.74989	19.7488
55.4415	223.473
340.37	151.449
438.561	356.263
25	25
393.857	251.753
90.2738	121.14
411.436	426.609
120.883	128.087
152.316	171.656
154.861	76.3052
38.0335	475.631
13.2418	161.797
319.214	433.443
66.2245	298.968
18.3675	96.5322
354.572	321.325
353.593	347.759
146.418	406.423
369.334	258.126
25	25
21.8291	422.805
105.346	15.9825
334.667	50.3074
412.636	316.249
343.523	45.6635
25	25
28.8247	200.771
233.7	285.34
170.694	331.253
458.15	156.382
420.914	423.42
154.018	63.2317
450.873	452.971
51.903	278.847
397.075	224.526
303.164	191.537
41.4346	338.833
82.0136	38.02
205.445	283.748
321.868	151.64
50.0069	137.893
352.513	50.0435
310.336	348.245
384.104	413.376
25	25
179.336	481.19
20.7774	314.275
464.549	466.512
48.4867	123.652
232.857	191.007
25	25
195.311	454.577
312.982	478.413
351.132	357.451
102.326	124.555
104.897	287
25	25
344.378	35.7001
243.635	284.203
41.3671	427.335
433.006	481.73
167.152	228.225
21.1617	10.0451
47.3613	441.23
470.239	239.471
29.9326	86.724
106.77	25.79
25	25
25	25
359.414	256.863
242.84	279.422
111.028	216.287
347.373	34.6148
256.396	469.871
153.687	73.1707
312.947	450.996
290.012	332.97
440.208	229.187
214.391	472.366
58.9906	296.183
25	25
190.461	445.832
157.839	224.582
25	25
141.433	107.798
228.918	154.013
29.3739	190.786
25	25
91.131	224.2
393.036	407.586
193.708	347.095
435.843	377.93
284.327	165.728
255.89	487.653
359.47	453.743
14.0114	319.479
239.087	44.5308
199.355	441.261
383.862	210.171
55.2427	133.587
453.592	226.846
476.347	231.553
217.111	335.425
122.272	108.433
255.111	483.473
297.94	322.9
176.257	322.943
209.1	443.505
86.0961	313.87
352.187	480.025
25	25
236.819	58.7323
179.042	275.669
25	25
241.982	67.2961
13.5214	210.646
264.129	466.478
150.868	434.69
417.74	470.6
86.8753	57.3085
227.756	62.9592
25.0084	413.324
18.0482	86.5373
342.055	186.842
73.8134	302.365
344.65	322.57
295.284	40.2627
25	25
192.105	156.37
459.568	299.288
422.27	333.22
252.373	402.757
349.663	313.288
206.962	293.633
25	25
160.791	332.637
425.042	340.365
217.58	270.9
355.418	366.486
269.022	413.502
36.4169	207.28
25	25
250.036	73.2242
112.582	227.641
337.176	28.7628
177.04	41.5793
79.9017	64.4756
195.897	431.878
316.972	340.764
127.555	28.1762
26.8064	403.487
114.691	289.019
25	25
306.346	458.508
358.225	58.2517
114.209	135.534
25	25
25	25
352.283	25.9033
276.128	171.453
452.04	361.989
122.544	434.158
297.053	185.794
167.462	488.161
473.311	418.698
482.052	252.523
483.014	291.722
312.801	301.713
20.2008	154.616
25	25
364.746	65.833
219.884	327.347
25	25
14.3462	306.617
388.292	243.444
239.308	225.281
438.03	235.643
362.236	26.8787
340.937	196.78
445.666	286.42
107.556	328.419
51.5918	473.217
228.57	408.377
462.906	372.496
22.7589	322.533
171.62	348.601
432.924	220.269
65.1334	52.7316
246.441	37.7541
33.0866	77.2344
256.573	489.533
25	25
155.029	86.3038
281.174	70.6752
245.316	405.35
113.584	217.027
481.541	231.548
39.1451	348.567
323.725	46.1535
6.87932	15.1939
319.89	423.466
221.605	415.552
460.931	411.552
360.672	469.408
25	25
25	25
92.3082	446.885
273.694	64.0382
49.8245	147.891
371.922	24.3941
63.0599	302.29
446.87	429.61
25	25
433.732	387.705
61.585	234.913
103.287	337.462
25	25
385.147	200.253
225.007	341.122
99.1185	447.54
441.344	239.865
118.696	212.523
490.634	285.246
203.984	303.179
245.448	82.1096
45.6332	225.421
236.908	87.3127
456.063	217.157
379.963	18.4491
446.719	276.475
95.7698	61.8789
25	25
307.7	325.078
219.192	156.338
320.891	349.964
25	25
410.488	482.871
331.801	448.752
25	25
474.891	221.66
25	25
56.4764	213.526
311.944	435.976
438.008	490.389
457.881	210.741
421.812	381.134
62.075	205.24
108.038	346.262
88.0823	323.671
233.685	200.973
25	25
17.5349	416.624
163.244	64.4544
59.5244	145.46
25	25
389.823	16.7824
344.4	185.089
25	25
177.377	215.776
276.255	406.597
190.682	166.268
225.473	72.6951
181.642	235.314
187.064	223.948
55.4206	276.725
246.008	205.5
19.5566	329.235
322.973	478.831
124.679	289.517
60.8546	195.315
464.68	203.408
478.493	245.61
25	25
116.958	325.013
25	25
474.515	465.683
84.436	440.718
36.7786	404.232
231.309	411.255
217.841	61.6609
37.2513	68.1429
437.105	239.253
25	25
124.057	444.043
207.907	62.8115
25	25
397.278	261.15
120.833	20.7723
110.076	8.82284
25	25
406.144	265.774
156.159	443.176
50.3232	154.21
182.923	152.41
264.269	422.301
169.769	72.0323
91.9291	39.3171
270.082	430.438
443.846	449.254
25	25
398.552	21.6621
441.176	305.842
25	25
15.7829	220.387
127.612	217.052
173.479	480.299
12.3781	300.48
25	25
54.0467	163.393
38.7562	446.324
164.152	90.3985
128.044	13.844
32.273	335.172
52.9135	239.893
459.079	195.125
190.958	454.944
399.258	273.025
54.536	207.663
471.832	377.003
142.604	169.273
235.04	97.1367
433.933	248.736
285.276	341.778
214.73	435.24
29.2825	34.0366
25	25
151.603	414.974
17.5845	416.281
25	25
60.323	478.092
25	25
25	25
176.364	227.445
113.819	237.564
13.1468	148.579
295.714	30.2719
204.647	474.616
401.41	413.052
425.359	243.591
339.547	455.076
252.163	460.81
20.3119	323.885
315.936	428.122
401.824	31.1114
77.2911	433.722
213.984	482.358
25	25
241.798	79.2074
358.14	307.984
25	25
66.4805	187.048
384.251	190.294
223.894	322.38
157.605	489.846
360.116	375.313
246.48	271.219
54.9374	303.096
281.377	156.173
285.633	150.153
42.6307	80.2193
25	25
122.231	242.972
283.2	325.649
255.221	426.559
62.9345	244.821
448.971	206.201
424.805	377.707
7.5893	140.266
408.33	467.215
46.7853	86.693
362.712	444.284
191.409	214.941
243.711	93.7987
150.236	63.785
170.419	477.869
110.743	298.207
225.439	99.9328
355.903	249.23
456.61	431.876
213.622	261.716
189.001	274.765
465.654	402.738
398.658	422.666
449.465	235.915
25	25
395.764	282.395
112.803	105.217
115.946	202.908
411.643	29.2165
136.73	32.1517
159.875	214.792
431.306	304.233
419.698	23.2897
207.718	72.8097
53.8287	159.426
229.607	314.173
234.326	72.7818
83.4487	217.799
249.247	451.245
460.156	185.183
108.895	296.187
296.737	195.789
179.113	31.7966
407.397	427.528
366.503	52.6414
373.916	209.134
120.615	291.048
133.389	208.889
358.1	73.3052
61.5448	206.758
25	25
42.0635	476.252
337.242	315.854
117.671	348.945
11.6547	134.156
453.133	290.153
275.318	340.868
25	25
155.376	58.4838
368.218	34.8917
109.988	349.445
25	25
245.533	233.107
385.802	281.528
428.996	19.6104
40.8419	224.195
225.961	338.278
51.1725	267.672
151.062	231.344
30.4266	440.791
231.081	304.283
187.383	26.1744
383.159	409.154
115.653	426.912
255.256	84.0569
303.57	468.115
112.367	25.0623
44.057	341.824
470.284	420.333
83.758	426.094
365.83	79.6499
418.456	236.355
53.5572	313
104.551	99.5692
141.726	69.0364
332.115	185.743
25	25
180.868	168.188
25	25
19.6712	136.3
25	25
248.61	242.622
231.365	339.247
11.5703	78.9191
25	25
73.7052	312.127
25	25
199.846	170.272
403.771	490.279
317.002	413.892
132.893	64.3482
225.566	270.592
438.816	21.4993
73.3719	424.522
155.495	324.154
254.023	442.46
259.246	449.662
25	25
267.109	336.926
116.529	333.425
462.252	286.049
347.056	29.8915
54.3558	80.1595
164.13	493.113
350.729	177.346
322.528	182.899
436.819	275.065
321.163	432.549
450.376	183.099
448.184	17.9989
25	25
65.2023	274.647
288.483	190.842
440.302	31.3883
61.3483	294.012
25	25
200.923	55.6545
12.1694	229.712
18.8753	139.718
457.382	353.536
322.155	36.2774
195.12	30.9775
416.533	248.292
202.655	289.33
23.4756	127.052
422.26	308.495
221.745	409.549
277.58	181.347
142.148	415.287
160.66	99.769
242.426	463.088
119.186	126.86
68.0263	484.469
25	25
81.0411	219.467
486.382	301.138
415.044	340.578
18.3178	86.2996
127.621	349.945
136.798	406.839
359.685	87.5391
481.83	376.783
25	25
418.544	349.945
472.302	430.127
25	25
304.138	24.8833
456.034	400.006
461.692	175.301
454.454	270.138
448.886	419.815
443.202	176.132
34.0278	482.204
81.3268	433.603
490.958	275.252
467.333	167.044
413.144	419.344
63.8531	136.445
483.45	461.193
6.76647	216.062
471.46	465.616
313.626	482.383
62.1665	492.572
216.013	492.15
54.7661	467.798
293.7	20.4769
218.87	73.824
50.5924	241.049
433.441	216.237
25	25
414.851	459.634
25	25
467.053	350.992
468.97	414.161
225.391	195.386
360.733	58.1639
360.599	97.4972
25	25
471.476	475.616
265.099	494.76
481.565	271.823
1.88198	23.8557
452.208	200.457
25	25
316.556	487.618
431.183	373.199
83.5043	416.097
0.781058	33.7949
25	25
41.5642	270.443
273.059	402.783
458.168	18.5601
27.4376	15.3016
33.0754	124.251
101.793	69.8615
25	25
3.09481	296.762
270.216	174.582
491.794	377.636
467.139	14.1431
365.5	478.166
456.308	343.594
154.776	233.991
19.1654	72.4141
191.213	53.2637
88.084	328.997
23.2579	14.7263
385.518	180.374
186.435	213.107
471.338	157.882
104.162	73.2764
212.286	406.303
89.8222	408.346
305.473	330.111
292.183	39.6275
136.786	8.98805
390.345	413.679
184.313	447.471
70.3444	302.104
323.284	46.2134
127.913	434.816
467.756	434.24
54.9599	459.951
386.725	272.996
381.663	215.457
82.218	207.875
201.023	217.694
394.241	189.862
373.621	73.3806
12.8806	75.6603
179.241	272.586
480.779	161.178
50.11	142.029
282.705	36.4373
25	25
377.917	211.572
3.24189	24.1533
7.97615	419.561
128.041	434.333
312.221	405.109
91.1428	62.1324
274.264	155.408
362.843	242.03
6.13193	287.235
102.44	23.8622
69.6653	204.499
47.7144	96.6498
476.919	349.358
446.352	17.467
74.3625	180.894
111.363	326.382
39.6872	449.179
275.063	495.608
115.612	417.151
207.855	224.996
177.253	244.3
303.655	441.571
17.4079	406.283
203.201	76.855
234.189	348.84
28.0325	344.229
25	25
390.375	20.9361
294.676	445.972
411.228	347.671
349.833	88.7594
332.642	481.384
483.002	161.418
421.303	26.8045
162.011	205.023
21.6097	153.907
25	25
49.8358	349.986
279.298	45.8389
488.387	169.845
25	25
25	25
407.855	437.517
436.776	453.452
367.215	438.173
156.348	433.294
316.034	175.296
482.325	386.771
28.0702	477.665
341.786	447.927
316.166	404.628
374.412	188.507
25	25
74.1898	199.455
25	25
133.931	174.25
421.076	467.459
263.839	489.961
391.658	215.141
383.127	76.482
426.815	344.326
205.878	162.296
85.2293	37.2151
25	25
0.735724	425.568
461.758	27.8935
111.007	132.615
55.4608	102.974
239.425	472.627
148.518	316.99
20.1058	117.637
231.811	328.488
169.348	222.313
392.897	78.6157
349.267	167.454
465.596	483.705
425.512	476.422
151.901	332.039
219.719	419.341
153.904	408.194
46.6191	201.553
351.011	170.435
130.32	440.056
218.887	430.404
182.511	460.297
406.909	404.7
25	25
203.487	25.501
53.6745	471.924
469.403	34.34
184.017	441.729
25	25
468.648	44.3115
330.202	428.272
154.886	204.143
395.232	485.075
287.86	449.74
245.595	238.614
247.346	478.731
340.157	429.222
313.889	172.567
401.491	73.502
305.362	488.015
168.897	64.4114
378.035	33.412
410.935	76.7897
25	25
160.181	207.727
357.132	384.858
409.495	451.189
154.224	221.349
23.8941	163.642
433.563	174.237
321.232	182.351
49.5727	111.057
136.85	161.095
51.4332	251.013
267.436	326.932
405.599	284.205
165.822	223.03
38.9145	260.801
355.79	259.229
376.645	23.5092
308.995	16.1419
10.79	118.695
111.768	231.08
76.8253	190.831
255.921	84.8645
341.451	461.844
300.514	494.317
200.048	30.7652
106.296	244.152
427.76	387.261
457.343	398.472
149.565	495.792
25	25
323.507	56.211
410.674	242.288
25	25
25	25
427.477	34.6715
92.6234	21.9535
417.585	84.2577
313.82	58.6906
49.1373	120.21
369.524	439.552
212.013	422.376
478.398	410.829
294.679	486.195
109.001	142.412
247.11	467.701
416.765	406.389
265.736	86.7778
375.885	223.618
257.893	466.048
348.106	24.9162
179.919	432.607
16.3785	213.304
423.287	357.719
437.22	463.443
233.638	201.042
174.021	494.589
234.597	67.8629
219.351	325.726
411.218	412.616
192.384	163.893
39.7171	109.363
305.058	479.081
415.365	418.965
459.196	233.61
205.789	293.316
457.519	233.924
38.6728	476.665
113.235	241.804
146.48	163.789
271.975	497.015
206.616	254.582
412.573	493.951
25	25
25	25
165.246	57.2088
25	25
351.078	77.8353
419.171	480.742
43.8592	315.439
37.7285	196.976
360.273	394.352
455.766	388.597
402.151	183.743
421.46	469.022
486.319	352.769
182.814	208.336
25	25
401.611	246.515
161.835	414.285
474.431	488.39
405.663	355.979
41.3209	244.796
108.201	433.58
109.661	34.6891
76.8864	224.789
420.414	19.1558
164.289	328.916
97.339	239.706
25	25
341.856	419.367
48.1008	443.774
177.342	470.652
308.784	419.589
450.51	298.044
322.418	26.2809
143.034	206.246
282.94	150.437
377.659	70.9158
18.5343	474.654
12.5459	152.547
85.5527	338.671
279.539	410.399
170.465	409.233
99.2475	293.554
25	25
25	25
139.271	5.02529
464.282	150.795
275.729	87.1695
336.047	305.925
286.94	31.5809
25	25
7.18686	67.4395
49.4258	191.955
220.998	83.595
462.205	51.9591
315.059	162.636
289.455	411.693
51.9953	70.4421
449.342	307.976
492.601	457.161
174.366	448.499
437.051	365.101
453.228	362.632
116.707	417.01
196.702	255.891
284.041	50.3808
270.621	78.0518
252.373	432.597
34.4209	28.3536
300.183	45.6272
128.508	434.234
257.202	335.562
341.089	77.363
338.884	416.761
7.93746	161.422
439.314	266.388
343.175	96.2207
25	25
25	25
154.497	341.696
126.353	180.775
126.209	330.917
153.296	194.27
128.061	424.244
498.438	385.109
183.053	216.334
192.72	452.887
116.914	40.1707
443.618	297.117
25	25
449.352	387.242
68.2731	317.608
158.85	243.124
163.106	57.7894
310.439	338.791
157.257	97.9748
415.394	94.0146
53.8667	486.994
412.304	66.8839
147.615	235.206
21.6784	87.5071
240.005	485.521
372.577	41.7908
450.27	279.22
69.3127	231.319
184.879	157.284
272.779	45.2099
42.2511	347.526
52.3346	465.298
52.332	137.462
388.733	77.7554
449.186	317.974
84.5112	320.121
424.666	34.9191
397.453	13.8723
25	25
83.1863	201.56
25	25
16.4408	464.876
4.98697	277.3
411.127	229.552
214.613	260.586
49.9701	60.6493
31.5097	246.73
28.9858	87.457
25	25
15.8981	454.891
487.684	412.098
43.092	465.456
40.1612	143.04
202.292	405.955
476.333	10.2095
193.514	410.746
398.623	198.851
404.194	17.2801
406.863	99.2331
249.671	252.566
18.177	171.847
405.044	224.678
397.497	206.874
444.971	260.695
34.7092	311.405
414.518	57.132
495.479	466.738
65.4877	418.37
410.306	99.326
43.8054	74.1234
402.417	342.942
495.791	447.683
24.7696	480.791
225.383	400.234
278.763	453.892
42.2777	22.1672
392.3	413.481
495.366	270.929
172.71	323.523
25	25
144.613	487.105
129.152	126.046
356.795	394.384
464.248	346.514
25	25
27.3813	405.554
25	25
101.525	287.21
140.102	437.975
495.235	274.026
360.606	375.481
221.675	93.572
214.092	90.3459
289.314	53.9365
349.208	187.23
25	25
281.498	197.999
403.798	455.853
251.598	465.844
215.206	289.953
137.573	120.653
281.004	52.4518
25	25
25	25
107.876	254.027
85.6326	348.671
82.3109	401.745
58.651	417.331
25	25
259.538	76.8336
25	25
25	25
206.327	424.87
146.142	307.277
185.345	28.8644
427.435	85.9862
11.2841	481.541
25	25
135.597	157.954
212.226	482.895
352.991	401.069
133.632	111.462
66.3119	295.533
394.641	459.871
154.368	484.904
174.336	424.311
25	25
258.82	440.24
208.608	234.967
278.545	197.943
126.902	39.6668
25	25
159.165	186.174
364.529	479.851
226.442	416.084
130.662	15.8805
26.7717	25.0305
18.6193	340.854
290.352	420.372
306.624	65.6352
395.77	486.292
390.904	416.537
235.944	77.714
167.11	441.618
122.184	126.303
170.903	224.313
265.285	151.005
25	25
333.267	46.8098
400.678	450.167
28.4898	19.9471
133.374	187.896
485.796	448.014
244.319	70.2043
409.491	215.721
304.495	23.2374
437.335	84.5767
25	25
344.79	310.78
258.431	491.581
108.044	411.061
392.984	426.319
150.036	489.533
291.359	401.876
346.206	196.769
489.6	393.632
444.878	268.945
138.091	484.326
207.484	496.017
25	25
25	25
25	25
336.966	416.409
354.941	189.773
25	25
401.727	202.76
25	25
160.856	431.035
256.918	156.481
410.045	9.17069
25	25
25	25
172.948	251.8
63.8618	486.68
212.373	20.9154
177.461	239.668
387.559	282.961
25	25
350.622	374.91
147.489	121.951
175.744	31.6583
232.225	188.085
196.865	172.833
153.358	55.557
60.9831	132.447
394.756	29.9253
54.8776	89.672
489.99	154.265
351.346	157.672
208.824	26.9252
64.8703	89.2901
301.21	57.8723
467.837	228.578
39.9707	60.5394
299.866	12.0614
445.576	313
335.69	305.521
476.511	451.727
147.982	198.759
25	25
117.192	184.785
153.225	300.218
170.549	23.1135
289.401	191.87
467.271	399.666
120.531	248.642
282.02	94.9421
291.204	26.4031
10.8689	334.535
294.246	452.707
353.777	315.164
100.101	439.444
221.782	255.382
350.849	267.923
434.681	479.704
25	25
107.236	282.964
90.101	439.539
354.413	31.101
25	25
262.799	480.016
25	25
423.712	172.519
56.1454	89.2557
151.314	237.637
463.978	336.518
430.652	167
391.834	244.414
473.157	236.875
404.832	347.274
485.754	277.206
300.487	60.4808
115.729	221.898
25	25
486.253	287.193
275.762	321.393
423.69	82.2208
196.647	289.264
92.7494	204.483
381.587	61.7194
137.499	129.141
65.2563	225.025
252.136	455.859
353.485	238.506
431.218	157.016
25	25
25	25
451.781	253.372
386.817	292.933
25	25
15.9263	420.062
371.01	82.0632
341.391	156.727
209.118	11.4601
254.653	94.7838
390.461	273.392
24.65	239.453
132.219	171.721
350.637	450.751
32.2919	268.293
290.232	157.279
120.071	48.7658
408.981	293.616
312.886	152.875
402.32	365.404
249.608	423.857
158.733	308.565
356.588	96.1337
420.25	483.433
448.482	229.641
446.732	87.996
142.005	475.123
174.933	158.326
385.007	237.107
69.726	478.58
360.514	81.1414
25	25
290.993	43.7751
117.009	177.124
370.207	64.2479
114.268	56.9094
342.912	310.715
490.07	343.499
274.67	333.836
278.326	498.77
25	25
454.641	332.938
362.995	311.289
110.231	66.0583
274.041	328.48
341.868	17.1009
25	25
458.599	273.687
216.422	28.0094
5.36491	287.293
463.134	364
265.395	459.436
473.521	25.2275
386.961	219.088
215.009	227.284
367.976	78.4414
145.632	402.575
143.946	58.9349
70.6615	129.931
491.183	333.561
87.6037	429.954
478.426	281.224
25	25
332.416	457.559
159.52	292.448
225.168	289.074
87.2311	208.826
41.0216	12.2464
383.925	19.5706
405.634	204.759
206.336	283.331
94.509	319.913
25	25
25	25
394.24	480.725
406.521	174.749
487.546	416.664
115.007	276.67
174.215	211.185
66.1575	122.011
172.898	254.244
234.889	463.715
373.79	232.538
280.9	312.815
228.046	191.095
297.395	422.382
25	25
25	25
446.685	466.668
384.63	33.0238
312.328	328.971
377.626	41.0618
162.426	328.018
454.501	348.747
136.707	37.7035
307.859	479.068
400.811	421.541
337.429	8.14014
105.908	447.585
160.869	187.291
19.2753	88.593
128.932	254.067
7.98214	270.28
208.93	223.415
152.413	337.825
25	25
74.8541	88.7207
87.647	449.233
176.609	240.035
43.0915	261.844
125.289	430.516
21.8508	12.4688
170.735	336.561
411.678	303.245
36.0578	141.418
78.23	214.88
169.105	289.596
382.025	68.5886
25	25
117.651	72.7619
160.351	400.722
471.957	284.818
20.7775	119.195
5.90061	455.116
122.824	185.232
93.6757	230.401
359.391	301.962
25	25
349.077	34.721
310.956	6.33593
21.9776	181.096
286.333	415.653
73.2158	181.505
419.002	212.634
386.491	87.5006
280.628	96.5474
458.961	315.868
175.717	282.094
25	25
25	25
102.305	425.503
236.402	242.549
67.4379	484.595
80.1843	453.085
134.155	446.015
204.132	89.4489
54.8116	474.636
201.318	492.437
392.382	195.714
392.042	403.484
39.3083	188.302
25	25
328.358	449.448
370.997	472.224
288.969	87.7509
449.394	97.6354
450.868	307.008
125.843	160.156
106.707	262.95
248.251	151.492
452.419	300.27
34.0939	138.199
25	25
440.895	236.155
25	25
25	25
283.325	303.113
25	25
201.752	160.393
197.122	82.3168
61.9796	69.8826
25	25
200.238	488.305
360.523	270.458
279.465	422.921
284.878	188.79
99.6702	138.814
298.703	444.579
9.92251	220.941
25	25
428.054	208.384
194.993	299.126
162.184	316.149
104.385	55.3803
60.4094	287.461
25	25
52.2766	22.3143
357.332	230.421
125.524	340.894
131.748	348.72
76.0451	470.829
395.209	81.5702
68.5119	217.927
48.3302	237.663
168.555	280.138
266.778	317
151.413	332.101
26.2859	211.946
140.205	215.838
125.904	45.769
271.99	483.956
176.979	425.587
317.769	29.9741
238.304	150.462
466.133	225.941
297.789	186.427
25	25
390.603	57.3929
11.3522	347.723
262.396	444.82
486.674	413.031
151.336	434.025
452.786	228.295
52.3898	258.164
25	25
26.1703	306.2
149.333	468.319
241.318	239.419
27.5813	126.523
168.895	230.988
165.241	21.9648
15.1359	26.6433
153.049	474.384
168.356	12.4622
191.714	90.7278
498.913	389.04
308.624	14.6096
171.596	318.271
174.934	400.287
268.174	160.579
452.124	397.91
156.352	440.277
25	25
223.092	262.001
92.1346	458.17
151.052	491.689
453.182	474.27
105.398	53.8336
145.094	473.049
28.3488	78.028
104.025	423.016
250.836	485.521
313.526	319.043
429.787	263.349
333.396	162.734
57.0339	249.308
105.39	25.6471
149.267	4.73011
362.254	370.074
25	25
225.109	461.626
202.351	305.898
144.368	136.409
421.435	33.0416
231.267	96.399
156.986	450.257
439.768	171.109
245.391	423.458
25	25
483.008	22.0659
354.134	182.127
197.072	82.7489
366.586	95.9454
25	25
25	25
308.14	441.27
218.796	8.94388
116.756	82.7217
25	25
406.447	420.028
472.34	367.903
136.534	339.94
223.872	83.1971
268.635	199.28
247.718	332.391
312.925	470.842
393.074	345.217
147.771	94.8124
362.262	176.302
455.579	361.882
418.383	310.551
306.163	322.042
402.615	332.944
73.9795	171.534
300.084	436.386
222.873	221.107
66.8525	112.036
286.112	317.541
331.271	408.188
5.04107	260.723
136.142	307.243
25	25
26.1942	4.02448
102.221	207.691
443.022	457.364
25	25
452.702	275.756
228.118	425.943
58.6388	265.971
30.4049	97.3558
356.634	485.988
462.378	287.688
251.048	461.341
25	25
163.188	55.619
306.515	191.312
385.326	9.6693
377.107	478.546
25	25
316.34	435.546
68.7066	490.369
169.241	192.759
228.314	150.011
277.578	410.82
25	25
196.146	462.282
25.0943	490.786
344.773	409.565
43.6517	251.859
25	25
128.107	484.901
269.197	43.2495
176.057	458.355
177.535	8.49609
450.738	293.378
371.918	173.704
204.833	461.065
25	25
423.158	151.097
233.426	468.749
332.707	82.8162
25	25
219.331	459.432
439.873	83.9508
130.046	321.682
412.568	460.659
411.711	411.525
68.2624	263.253
324.408	36.9192
259.197	43.2478
119.5	431.737
306.239	483.284
359.244	471.361
354.789	201.9
311.729	199.846
433.814	30.8793
385.192	24.9843
238.15	330.715
92.5533	201.046
25	25
25	25
60.1004	212.519
78.5241	327.303
383.268	65.4599
488.373	296.966
25.3577	451.648
227.549	159.982
436.335	40.5563
300.231	157.117
412.4	210.571
25	25
23.4652	296.573
108.454	183.981
210.252	22.6151
408.32	13.3614
62.2741	22.0908
163.454	314.278
417.523	320.491
370.494	376.974
446.596	406.243
154.506	336.247
73.725	92.037
272.958	401.952
446.681	361.632
57.9485	424.738
448.147	221.693
25	25
72.8701	161.596
38.1653	338.398
198.354	315.065
25	25
455.324	82.8793
322.414	403.546
353.172	474.163
254.695	47.0411
96.8753	148.416
249.324	342.262
398.394	22.6387
25	25
217.093	90.382
12.3504	183.802
25	25
16.9823	18.4772
103.386	150.55
377.871	43.7293
104.125	160.523
382.988	426.608
165.026	156.967
485.021	346.636
320.597	474.694
97.1835	48.1312
150.168	214.978
481.411	371.82
13.1073	163.227
445.358	162.817
296.635	69.7089
423.352	158.87
358.534	247.138
10.3369	428.354
304.668	26.1434
325.94	90.1783
115.692	194.672
267.882	413.266
252.902	51.427
25	25
479.192	244.848
10.3836	229.916
260.838	406.167
338.345	190.587
181.939	246.942
227.158	179.464
173.98	41.1513
310.562	323.465
486.102	414.74
149.965	14.7057
25	25
410.707	287.163
468.762	445.407
18.8696	205.238
161.57	470.309
25	25
34.2588	257.155
167.764	227.858
372.702	32.3581
448.131	327.819
480.825	150.263
485.618	468.399
120.162	174.536
496.38	388.25
227.492	402.146
307.309	337.62
180.417	165.206
34.1033	194.12
10.4873	335.84
68.7303	291.942
114.642	258.606
47.352	481.296
25	25
226.241	26.1173
76.7409	113.526
453.693	413.288
429.395	269.283
142.038	169.825
171.03	227.22
25	25
25	25
99.3465	18.2083
4.87539	478.806
306.935	347.613
438.712	487.611
58.7042	302.023
193.428	154.851
491.075	476.779
25	25
346.399	317.877
106.068	255.619
345.1	422.226
49.821	255.304
13.0955	428.073
320.719	441.954
490.058	366.796
45.6521	180.572
25	25
217.479	495.709
308.135	310.62
25	25
25	25
25	25
25	25
353.762	173.864
25	25
25	25
25	25
27.4381	277.036
271.319	467.492
339.263	54.8122
321.356	333.271
146.829	171.832
290.68	8.10884
469.119	32.6942
28.6533	339.581
375.53	65.4835
53.7772	73.3043
325.421	342.408
134.905	150.809
80.4555	325.221
425.343	95.7649
221.282	32.9358
28.9054	349.578
486.858	12.8368
481.078	242.395
52.8454	255.511
430.951	235.102
89.8494	213.472
437.971	179.388
339.111	83.2644
285.647	187.79
93.4235	426.645
25	25
34.3516	447.276
182.847	158.3
195.491	495.281
382.042	403.569
121.367	284.386
145.042	63.9339
240.705	347.333
469.66	42.6796
381.32	436.468
169.211	433.727
444.638	371.421
300.953	419.327
383.686	341.774
181.715	258.963
444.739	346.575
178.507	253.503
485.026	381.143
83.1686	170.725
322.106	99.4145
474.801	369.853
282.572	154.725
34.2328	494.847
25	25
418.703	174.536
417.882	467.203
383.09	96.9044
221.301	73.5331
25	25
25	25
436.834	359.89
102.233	313.561
81.4191	334.188
235.26	30.4366
109.308	89.3947
86.8111	233.957
194.658	77.7858
453.164	423.274
178.963	25.21
146.969	141.483
443.604	420.338
334.611	309.631
197.041	99.1905
359.168	451.857
25	25
463.493	278.569
305.98	52.2754
481.259	352.295
58.1822	421.36
451.991	452.941
191.579	257.32
186.059	90.7266
81.89	104.953
121.132	492.066
224.032	174.37
355.01	442.262
25	25
25	25
312.438	195.853
397.047	87.2986
379.422	240.655
349.865	445.519
118.162	212.198
45.9935	142.55
258.717	345.69
323.513	335.982
19.0064	131.668
83.706	235.577
63.3865	164.768
202.789	179.576
9.7112	91.5132
34.5971	261.02
65.6486	60.5799
219.799	63.6466
75.3807	342.159
346.136	425.253
438.758	420.114
491.809	4.14818
350.883	432.784
25	25
25	25
464.876	85.8406
318.906	484.177
105.121	10.0443
116.438	434.696
149.291	345.89
25	25
375.103	475.366
12.5574	340.848
155.119	169.912
182.98	268.882
358.111	324.176
421.649	257.537
358.739	22.0853
335.257	23.923
218.708	429.324
224.44	249.158
182.351	417.153
359.598	249.973
298.544	11.7028
375.196	173.619
410.868	401.561
448.409	80.7887
402.077	95.9413
111.102	99.2324
142.559	45.7774
435.432	375.325
25	25
473.109	91.5157
71.0121	17.228
412.359	468.473
301.028	17.7416
60.3917	28.2279
438.531	263.72
25	25
472.653	218.359
245.687	58.3515
41.0674	473.517
71.9754	321.208
243.203	230.523
25.3962	174.651
397.653	50.3006
48.8641	227.678
16.4748	1.67203
129.11	454.649
420.803	402.702
38.6627	140.729
410.055	300.891
51.0902	176.716
25	25
442.23	237.772
383.903	16.5704
403.071	457.525
422.519	229.725
267.298	53.0674
182.289	46.7161
188.429	409.211
90.1948	110.524
55.6885	471.948
420.228	42.9686
299.773	191.687
5.72985	250.746
198.992	224.527
470.519	227.945
228.731	334.073
48.7427	68.4639
317.981	445.707
480.066	419.383
16.3914	176.755
366.269	299.173
83.7534	347.627
483.111	305.47
347.508	42.7055
350.49	152.579
80.5868	128.711
95.3081	129.816
201.579	257.364
472.372	416.97
170.217	475.332
161.632	165.58
14.2242	121.928
3.14873	458.512
298.578	489.711
401.002	98.9586
488.45	371.771
0.790794	93.2923
192.875	178.266
161.014	457.269
429.03	244.23
67.1413	347.826
195.74	402.389
310.32	182.065
208.143	188.022
337.211	463.603
25	25
463.57	271.532
25	25
488.928	306.902
56.9967	110.344
490.035	459.427
125.735	258.875
25	25
433.176	350.583
460.503	224.833
482.688	404.366
99.396	88.0698
140.025	443.43
344.684	462.146
483.657	458.012
198.968	192
25	25
25	25
199.378	91.1599
112.013	158.058
182.394	81.4225
319.956	189.259
359.056	220.571
192.688	198.77
160.133	235.808
459.86	214.854
375.822	302.129
270.607	150.879
52.7693	415.273
430.623	33.0765
148.755	485.486
326.467	75.0022
436.255	450.001
25	25
25	25
23.1952	170.232
25	25
143.941	427.293
343.977	75.8899
120.976	56.228
449.005	174.942
76.7056	223.613
153.134	468.797
25	25
36.6746	457.003
248.29	44.9484
25	25
56.8648	203.057
352.881	403.712
186.749	46.3002
223.906	342.833
296.068	488.92
336.716	63.8596
45.9226	251.028
182.503	71.4231
52.9071	101.218
25	25
140.71	127.102
216.302	422.386
379.191	332.841
25	25
128.37	193.554
181.01	99.3585
461.334	401.805
472.728	208.359
90.2364	417.167
392.815	64.9672
59.1723	293.764
25	25
458.975	421.075
25	25
132.837	297.805
155.065	244.428
64.2674	88.7883
413.019	232.846
53.4408	405.296
387.384	444.419
143.833	343.722
25	25
25	25
95.633	408.748
109.728	54.6558
323.654	179.968
69.5301	51.364
428.183	202.498
54.5126	285.327
328.16	58.6842
367.434	361.52
217.223	468.961
88.8158	401.432
75.1269	136.947
139.45	2.8254
25	25
137.729	178.849
25	25
78.8279	330.772
25	25
95.9776	193.071
281.522	306.575
25	25
466.589	376.084
152.453	499.902
25	25
318.321	60.4749
357.056	334.121
227.453	194.408
25	25
343.735	92.1313
156.755	99.2025
74.225	80.5018
91.4732	401.423
50.4041	114.828
400.517	19.6775
73.3646	294.536
288.586	495.554
374.546	340.384
18.0336	280.436
177.994	343.439
336.241	305.007
487.502	392.854
134.904	220.221
25	25
355.957	261.561
230.453	268.769
25	25
412.189	217.945
25	25
308.074	163.321
51.7548	124.736
372.755	99.3207
219.469	13.5207
228.532	7.65438
446.887	389.673
307.9	150.699
362.001	333.68
405.505	203.328
447.792	97.6886
290.699	308.065
415.131	242.62
349.586	182.962
118.239	334.043
208.544	250.188
461.818	318.461
238.418	6.15122
63.9235	226.678
459.999	28.5906
390.675	196.103
25	25
294.253	190.611
106.801	108.26
25	25
388.967	81.0665
122.993	420.783
81.0066	17.5596
10.7832	287.323
428.908	489.577
226.342	158.205
169.197	219.335
60.4798	234.272
156.191	409.404
147.78	100.505
25	25
25	25
458.745	409.351
189.28	313.133
296.771	67.2394
110.224	27.826
67.5456	323.479
126.298	303.666
411.651	257.372
20.2392	72.177
225.666	277.549
413.827	27.9146
149.329	322.32
82.41	412.9
379.289	474.678
473.793	309.101
138.196	56.645
128.787	453.24
110.002	432.379
203.255	293.492
15.1946	253.974
234.512	345.58
149.305	402.152
57.158	347.249
446.062	42.8765
77.8672	445.368
384.677	324.481
16.1072	134.066
459.067	459.679
167.289	6.90548
303.036	450.769
77.5861	259.638
151.655	242.253
321.99	173.781
351.919	87.2297
359.143	400.948
32.2231	71.8421
470.827	150.462
25	25
444.972	89.7415
94.0622	452.491
25	25
25	25
296.995	346.517
386.995	344.717
9.00736	428.252
157.185	245.126
363.254	293.941
361.667	372.818
365.038	284.57
25	25
282.307	408.833
376.553	21.7
205.753	170.408
405.464	280.698
442.085	288.365
403.925	76.6677
5.83195	22.9778
15.8321	418.455
25	25
25	25
226.195	490.806
134.727	170.321
149.958	85.0547
184.612	175.933
111.436	283.216
162.333	498.356
101.058	27.8904
185.333	417.224
28.9764	62.3838
391.106	407.793
199.386	452.679
260.013	194.214
431.261	231.625
25	25
263.451	324.582
51.1081	166.716
32.1546	266.167
481.772	86.52
205.236	488.414
302.762	326.64
359.313	173.333
112.777	220.625
93.3639	446.703
470.582	249.934
158.781	278.024
168.504	32.9576
231.48	83.0239
439.508	401.966
475.844	198.857
132.837	296.457
480.233	291.158
234.844	281.521
480.137	98.6294
375.045	163.621
15.2498	99.8393
465.624	373.451
93.9272	9.80408
436.51	196.961
274.611	36.3372
476.718	38.2586
25	25
429.197	271.865
161.335	55.7236
25	25
263.458	307.568
69.9939	165.323
286.203	327.522
489.395	375.493
15.7984	246.437
300.39	499.546
25	25
25	25
166.734	284.086
61.554	210.94
49.533	102.972
355.794	252.054
450.112	289.683
140.124	83.2434
219.156	71.5768
254.436	185.914
91.921	151.799
470.34	304.608
97.8033	304.595
186.735	338.582
25	25
2.94037	459.987
241.184	95.1196
256.862	191.997
201.626	169.886
24.276	163.973
410.925	294.303
81.7858	405.029
114.322	218.226
77.6531	45.5316
433.374	83.7231
304.768	468.802
94.8506	79.1626
219.978	171.315
383.454	42.5515
406.067	392.789
25	25
184.056	425.576
25	25
365.672	449.056
212.189	307.689
249.075	478.064
357.004	302.936
367.611	215.393
25	25
25.5133	129.374
377.555	472.111
25	25
40.6511	447.706
351.811	47.4922
25	25
106.918	142.312
25	25
146.716	182.042
25	25
429.386	189.943
171.741	460.779
104.356	403.858
240.865	486.278
454.119	164.055
25	25
31.8673	255.285
404.285	303.349
305.241	410.294
168.515	5.70393
152.779	403.893
366.808	377.059
134.055	463.341
157.397	440.265
405.387	68.6454
248.03	8.91176
23.2965	285.689
325.563	431.682
433.249	370.211
157.914	170.873
226.584	481.226
86.3239	208.777
443.171	494.81
445.996	394.657
178.732	216.321
208.405	190.974
232.766	493.068
410.58	198.102
109.89	440.182
160.577	156.758
243.057	17.5877
466.487	451.24
477.058	77.7005
376.395	434.351
321.719	325.791
25	25
463.568	40.1273
486.669	39.2424
485.804	158.935
465.995	246.579
149.729	208.522
184.134	37.7423
25	25
180.832	318.126
92.6998	219.62
482.139	254.404
204.867	14.189
193.625	290.798
326.164	73.8115
421.423	26.5884
477.756	474.578
25	25
269.555	457.649
42.6221	219.865
193.158	251.934
313.783	46.0214
176.008	282.986
10.416	142.288
211.457	289.381
120.162	301.821
242.575	488.166
132.181	266.52
168.75	293.88
136.706	487.932
245.897	180.709
338.996	49.7358
422.818	47.1337
25	25
390.96	444.386
137.417	192.436
307.906	448.489
405.195	51.5722
66.2717	93.457
25	25
224.574	349.341
47.1197	169.712
25	25
489.32	236.731
31.5396	346.625
241.298	484.616
25	25
176.526	272.653
414.322	188.829
427.916	27.239
345.094	168.878
25	25
283.849	0.805169
25	25
397.48	274.678
108.568	154.402
180.2	403.53
408.287	477.606
78.2862	161.274
118.55	158.076
25	25
56.3217	92.4607
95.515	312.2
113.693	325.985
84.022	223.073
13.1469	458.705
454.49	183.303
238.893	173.571
25	25
221.266	345.927
156.092	255.066
165.251	444.511
25	25
25	25
498.391	240.939
448.405	237.168
430.308	425.461
338.856	426.675
71.5705	144.988
22.8197	443.025
25	25
305.127	327.268
437.335	49.8078
207.152	286.379
212.395	341.312
480.461	484.206
274.069	160.261
339.376	20.5446
302.19	2.39102
101.085	71.344
28.3122	283.559
412.202	384.892
456.903	378.571
358.907	356.297
117.256	294.952
365.432	379.284
202.072	23.1233
422.456	178.753
194.594	207.522
112.025	402.494
341.095	164.852
290.179	6.10477
199.725	203.545
134.878	91.7569
277.178	45.4609
178.478	30.3525
441.419	49.7641
425.903	91.1932
6.83669	192.144
474.858	437.48
310.38	302.085
222.827	460.679
134.981	118.906
313.604	325.015
178.463	62.2756
325.025	316.353
378.076	370.454
61.9214	207.43
42.419	225.232
144.756	23.2421
231.78	465.135
488.473	29.4064
18.1334	86.1218
6.50289	94.0495
4.79051	177.256
215.388	252.367
25	25
17.8894	450.33
332.763	159.324
249.006	25.6253
416.614	7.77585
25	25
417.009	330.478
365.932	345.464
258.019	189.217
461.823	170.43
6.63751	32.9453
105.474	281.515
25	25
148.119	250.914
459.611	441.374
57.5125	112.908
338.541	11.1023
25.7563	34.9714
278.619	496.133
368.022	305.923
463.316	29.4343
436.306	380.048
25	25
486.987	227.921
461.543	430.739
248.055	190.829
408.124	328.956
25	25
262.479	458.758
80.2045	422.654
25	25
152.523	321.65
243.737	276.948
205.357	161.64
443.449	153.001
25.6115	420.544
163.831	178.401
145.856	187.61
25	25
107.972	312.971
492.444	422.471
5.68896	295.928
268.747	28.2364
468.259	477.708
11.6188	67.1085
453.456	385.897
162.34	220.632
25	25
485.229	71.9356
249.852	495.026
24.0494	81.3705
11.3113	95.317
248.245	200.827
356.036	56.5562
61.0641	241.565
371.77	223.518
25	25
350.178	215.969
63.1167	343.703
75.8723	443.968
372.985	207.981
59.7501	168.878
423.217	349.682
170.299	272.796
152.752	412.094
203.628	307.523
37.0128	256.466
25	25
495.793	242.25
365.578	264.286
99.601	82.4679
326.608	450.764
177.652	240.782
176.869	481.75
166.872	482.737
303.933	60.0148
208.452	95.3621
118.851	159.79
450.587	330.541
433.394	382.837
139.636	173.753
261.224	312.047
207.663	334.475
357.837	399.495
196.088	49.8762
303.163	58.9426
389.28	38.0313
329.209	309.054
484.229	281.991
25	25
211.429	431.096
467.041	460.205
420.889	293.45
6.11087	426.995
234.754	73.5751
356.391	244.904
9.87808	25.8568
280.699	323.337
305.055	336.545
461.164	18.6586
72.7664	292.452
412.231	249.998
435.122	284.28
221.539	30.9493
194.613	485.32
298.47	154.028
27.369	261.703
32.3539	478.424
127.208	496.977
146.442	321.095
353.945	46.1808
32.4915	19.3029
202.362	258.419
18.2935	22.2582
157.801	460.205
312.702	403.635
251.655	338.61
277.818	452.017
8.04148	305.647
327.063	20.3763
132.499	461.462
262.44	193.193
25	25
370.128	448.45
341.398	68.5838
5.21441	312.807
111.456	168.042
38.5937	244.225
469.32	82.3568
202.85	344.293
409.906	35.6129
155.534	495.913
130.54	203.315
195.442	255.497
92.4721	242.201
129.058	426.957
25	25
423.989	46.1178
86.4147	190.147
68.8521	219.039
10.9581	103.187
6.50348	135.402
108.684	407.047
270.243	25.3591
45.7203	412.585
149.821	345.511
381.519	18.097
187.569	239.502
41.0588	189.455
65.3805	469.485
25	25
96.3252	294.705
183.795	334.441
428.662	265.195
457.319	337.935
25	25
399.188	37.535
150.927	199.218
483.835	466.013
478.744	93.1193
44.7257	177.059
404.14	462.582
9.03308	317.885
22.8711	94.0921
59.272	255.535
425.441	484.386
96.1992	62.6189
188.77	434.395
14.6719	122.572
385.927	202.919
149.677	122.676
48.1794	289.823
25	25
425.963	77.0094
82.28	402.312
207.291	151.829
105.801	191.2
43.0201	188.266
376.455	485.274
445.91	366.612
276.253	184.361
479.71	301.845
143.704	166.655
263.924	27.4575
25	25
365.304	52.8002
314.495	49.4655
188.297	269.366
230.258	290.407
422.543	393.029
296.91	0.15603
490.393	378.476
44.219	77.3822
157.013	234.31
25	25
25	25
25	25
398.985	190.539
309.723	472.438
112.232	487.507
355.395	185.779
340.676	96.9689
231.423	186.277
14.2832	313.381
201.521	498.173
491.476	88.9339
166.225	173.604
250.766	92.2584
466.509	288.103
211.972	255.509
486.68	289.871
203.392	79.1157
306.103	450.828
25.4909	127.597
469.443	52.6772
419.572	358.994
310.981	307.41
461.365	378.463
11.7957	339.361
79.0877	284.704
363.361	173.186
447.929	260.303
492.16	418.816
420.218	321.007
92.3136	342.458
447.421	485.759
100.342	340.747
30.2359	120.84
213.777	16.2441
363.548	358.562
413.194	166.191
36.0426	337.696
462.062	457.302
66.9863	459.615
123.244	249.584
45.7204	406.599
488.083	253.546
293.958	198.439
375.027	434.858
3.04975	457.979
207.385	470.752
461.158	281.728
399.812	288.948
234.869	81.2349
414.625	51.8325
388.188	315.117
25	25
70.2306	7.25855
10.6399	36.2758
139.872	22.435
439.985	298.142
7.9103	1.13367
284.007	32.9161
297.291	343.058
205.707	401.575
416.012	92.5953
330.177	45.0222
210.834	478.43
47.3497	94.6844
25	25
25	25
442.018	305.038
23.6952	136.569
436.302	81.7021
35.4036	9.73626
84.5134	52.8074
25	25
199.41	13.7196
154.813	311.915
25	25
204.108	301.109
375.937	18.1529
408.939	212.835
94.6582	112.765
91.5422	440.352
492.832	316.108
56.2555	275.48
242.932	16.2853
273.973	300.016
302.238	419.832
212.981	29.2142
25	25
151.339	56.0314
193.069	333.695
6.83241	330.68
27.7523	125.434
223.124	182.811
355.787	381.923
84.8841	327.779
113.267	248.917
110.311	109.185
25	25
25	25
45.0379	125.401
38.5089	292.369
25	25
373.329	55.3772
474.889	261.29
83.853	339.473
327.874	467.185
221.515	463.176
24.3471	484.415
321.586	408.227
25	25
280.179	49.5301
420.186	494.469
385.779	414.113
66.1315	0.18357
25	25
260.312	468.52
50.8665	298.105
328.511	176.078
487.932	473.934
419.899	199.701
484.018	369.585
403.393	380.158
25	25
239.465	28.6202
323.048	492.153
112.4	227.095
490.909	81.6963
127.351	305.201
370.98	470.394
406.746	257.854
25	25
467.742	204.518
114.406	147.947
228.696	428.834
177.9	98.9419
25	25
278.078	462.613
172.922	15.1679
25	25
387.741	7.33642
366.363	42.8566
471.246	202.73
395.141	458.598
429.886	296.592
290.937	67.1358
409.829	211.484
154.472	445.271
25	25
279.8	9.94873
76.9662	460.25
44.4477	141.686
115.271	117.868
462.693	8.77615
466.749	485.252
180.493	431.312
246.641	278.633
25	25
196.05	162.657
3.31069	43.0789
370.555	28.0371
25	25
176.546	473.755
372.99	227.558
444.79	169.129
301.535	190.424
323.776	421.843
224.487	477.21
417.781	74.8754
192.269	231.912
369.615	273.427
362.243	261.499
162.177	184.949
226.648	24.1462
73.9561	174.505
435.258	209.565
410.868	237.153
197.697	339.79
190.436	254.951
253.617	329.48
131.652	194.836
25	25
470.287	397.351
308.773	37.3671
130.806	276.425
62.5683	194.843
382.165	361.328
465.269	169.572
179.848	291.332
108.505	210.092
25	25
25	25
255.288	451.809
199.24	327.117
484.661	435.503
272.315	409.241
105.376	480.226
25	25
62.6658	186.279
323.193	418.508
223.924	264.924
83.906	467.45
66.2497	479.447
281.22	336.191
5.67812	246.984
494.328	474.225
406.45	284.732
292.167	1.20393
449.786	413.793
373.997	51.6206
37.0066	252.526
92.8276	161.758
493.836	71.553
482.253	219.113
243.535	493.831
385.84	354.843
25	25
16.3559	141.217
436.71	387.446
119.371	248.705
140.879	126.742
107.268	149.381
25	25
142.539	238.143
156.391	181.313
120.867	210.666
130.288	110.076
397.232	448.767
105.929	223.688
382.396	156.841
413.336	348.14
73.3888	454.065
355.219	282.674
7.56113	149.914
2.04538	89.5261
439.952	226.679
142.958	414.114
392.03	159.522
142.803	77.4881
67.7649	489.332
63.9894	178.398
106.447	119.946
467.018	232.419
25	25
191.426	36.3071
148.294	458.656
139.225	482.721
451.512	391.88
40.7881	24.8856
256.718	50.3315
136.029	449.571
25	25
418.332	219.73
330.905	99.098
219.294	437.22
25	25
288.623	44.1729
25	25
283.943	6.85169
66.3664	170.915
238.598	203.46
25	25
264.854	402.583
134.436	408.882
481.113	62.8223
171.673	447.838
25	25
25	25
486.635	311.168
112.934	184.192
19.431	478.757
24.2297	130.998
93.5331	470.155
82.4893	410.352
208.591	312.841
33.5758	189.474
143.461	22.8462
25	25
28.6004	85.3937
223.2	65.3784
419.188	264.435
87.7908	279.779
386.453	188.722
25	25
469.998	222.874
113.961	238.941
17.0452	111.121
493.542	152.601
379.583	158.741
135.367	349.045
227.012	23.9665
25	25
25	25
25	25
88.8821	477.733
182.288	166.207
246.581	167.176
52.7338	113.671
389.223	6.63715
66.8766	495.675
25.9791	111.97
259.497	97.1351
214.027	412.648
184.113	156.375
235.849	28.7313
371.665	308.718
250.804	57.735
25	25
393.635	282.421
25	25
437.862	57.1702
105.555	254.62
217.482	58.5035
25	25
445.067	165.043
196.75	21.9831
388.164	316.492
28.3148	446.995
123.143	336.152
25	25
25	25
225.159	491.202
269.055	34.0069
48.5457	245.204
402.155	466.793
337.477	180.183
128.734	101.97
143.553	424.096
431.901	476.753
295.748	464.485
425.119	434.01
25	25
437.654	24.9619
15.8236	34.6357
91.4294	221.963
487.375	306.512
238.068	348.846
25	25
152.276	257.76
399.923	483.087
104.959	215.801
368.611	181.697
415.443	431.486
343.691	433.175
25	25
192.697	299.544
208.462	337.559
71.9335	403.317
25	25
419.43	45.667
124.844	327.918
193.747	76.4755
47.2864	235.284
256.339	323.937
369.5	285.665
101.637	23.3002
33.5828	109.555
220.355	313.462
335.84	446.922
25	25
413.999	464.255
254.918	401.453
223.711	484.249
98.9619	283.32
255.8	30.0848
100.286	411.969
422.424	162.344
25	25
413.208	488.162
443.407	303.097
27.8506	197.673
256.997	347.064
25	25
155.11	306.821
58.2169	299.855
384.692	451.688
25	25
296.302	344.524
88.9493	18.0205
401.576	464.207
149.656	164.982
21.3972	253.671
169.836	341.087
229.801	64.7106
211.5	407.905
303.956	46.0202
185.443	36.9258
225.054	492.598
287.543	315.388
103.056	187.013
218.148	92.9151
202.194	230.69
66.0589	285.035
269.473	97.8157
25	25
468.512	311.261
73.3638	96.652
157.375	479.607
139.61	102.387
172.796	218.59
213.306	310.508
264.332	157.985
25	25
38.5983	194.867
395.84	354.754
63.6075	263.504
280.679	418.7
293.908	9.93071
247.544	445.482
443.146	337.221
478.617	439.144
16.657	238.32
485.173	218.999
362.704	399.839
263.356	478.046
433.577	153.181
14.4781	126.236
169.808	286.409
251.38	310.287
77.0901	87.3722
391.715	194.179
45.1737	72.5756
380.379	75.9449
354.518	172.377
25	25
498.361	377.277
25	25
421.699	47.4284
425.226	425.567
367.865	271.108
226.939	432.44
445.462	407.501
184.169	46.674
26.6115	182.298
425.656	173.027
19.3225	312.909
128.415	298.006
353.069	36.2192
395.428	7.04463
379.242	193.645
5.93113	89.8632
398.897	7.92813
499.335	89.7282
25	25
25	25
422.262	495.355
45.8721	172.53
490.755	210.701
40.23	123.273
366.685	277.955
71.0641	241.559
140.075	117.014
63.4142	172.885
495.2	302.015
43.6469	88.2998
10.1553	349.225
25	25
108.048	106.458
287.595	425.923
418.345	292.403
224.491	248.227
427.675	365.523
477.707	361.828
25	25
433.048	16.5376
214.872	68.2505
403.308	274.247
463.449	286.434
25	25
85.5503	148.012
15.8657	123.548
186.504	154.163
138.43	77.2273
81.7149	471.676
74.1411	102.09
25	25
128.474	491.157
146.464	349.318
216.221	293.213
25	25
25	25
137.718	173.064
340.563	428.87
142.575	113.348
217.396	58.0405
300.55	441.083
411.904	87.2473
442.412	371.137
334.508	189.732
311.515	414.58
411.583	262.477
25	25
344.728	87.0586
190.489	259.092
420.762	22.2117
410.87	36.6043
25	25
308.143	197.929
427.183	346.916
73.3358	293.298
329.262	23.7489
70.6483	424.017
370.929	425.736
25	25
215.115	321.979
469.708	367.521
102.228	408.755
127.386	265.85
65.3828	423.516
368.859	155.764
150.352	462.392
138.566	12.5206
44.8001	6.31495
89.8773	44.3677
67.6695	46.1043
346.705	11.4154
483.166	168.581
351.43	310.379
87.4193	325.511
238.135	290.485
208.795	456.065
371.022	12.0225
40.6301	348.067
146.074	464.775
221.465	171.163
213.269	341.927
454.412	478.741
231.294	71.0914
25	25
166.471	17.5457
252.108	174.463
475.463	352.083
260.701	315.232
181.54	62.6779
382.355	151.648
387.084	35.2912
466.245	421.914
456.087	160.712
496.16	286.69
494.606	21.508
371.804	48.2013
276.213	467.385
258.088	346.701
314.869	302.596
188.575	255.926
344.038	171.426
442.708	324.383
455.808	273.28
159.74	201.047
152.941	340.218
409.763	350.507
387.342	168.355
197.138	323.368
29.1604	8.1381
25	25
162.512	321.174
41.7804	442.44
25	25
361.706	421.871
98.7638	111.173
88.7779	427.801
435.342	410.665
272.419	443.599
348.863	192.988
455.707	395.954
342.265	45.0791
25	25
450.55	191.418
106.35	222.01
124.282	270.856
351.12	406.903
206.598	405.142
324.272	439.128
8.41216	317.513
58.8631	102.658
340.509	172.704
444.759	202.613
233.803	244.583
5.5471	152.72
485.035	24.8733
439.083	273.373
159.769	487.789
228.585	319.142
279.19	461.271
415.993	241.284
419.537	186.179
60.7854	177.399
25	25
229.687	207.998
360.131	32.0684
171.708	264.534
140.158	119.953
55.9593	345.328
146.642	51.3631
308.695	27.3674
130.202	456.761
25	25
75.8353	180.113
410.552	238.018
449.536	395.376
23.8668	438.707
309.939	21.3506
301.117	57.3424
62.1244	113.705
53.2707	335.697
471.81	177.137
339.767	7.60362
25	25
159.17	277.545
102.952	193.455
240.563	97.9285
33.6544	444.599
92.4701	484.392
424.684	188.883
288.6	496.753
279.212	95.5439
233.506	86.2967
301.488	52.2549
439.092	91.9275
229.874	235.388
3.52841	187.531
374.619	312.638
283.145	177.115
194.181	487.815
410.767	201.806
418.947	283.172
138.199	283.16
119.734	237.684
431.717	297.756
110.45	430.198
34.2111	120.214
381.725	493.772
382.123	376.911
350.376	99.3977
192.084	77.5004
336.405	60.1273
463.637	371.859
107.61	15.2801
78.7505	86.8845
491.653	40.1191
392.439	158.413
409.785	482.95
359.315	219.623
68.2088	292.608
387.516	168.473
327.864	83.666
236.303	83.5299
412.504	464.456
229.507	239.601
358.096	340.471
124.381	195.62
6.34572	141.211
303.973	45.4365
479.054	215.567
255.883	19.7178
329.263	67.122
194.613	239.575
294.12	307.855
159.618	162.413
345.833	446.528
417.338	227.466
25	25
25	25
326.84	181.773
78.983	181.265
82.3845	190.711
130.706	6.33898
368.023	19.8241
25	25
86.3208	269.887
20.6445	282.152
243.002	240.663
292.063	313.332
174.35	411.641
3.12531	44.847
412.502	488.528
154.536	251.817
361.963	239.535
480.446	287.254
171.92	187.198
392.868	347.174
320.718	169.812
105.32	70.9449
477.494	211.428
108.516	30.5582
395.68	412.709
275.527	474.052
