Saved a vector of rrt <nodes> points.
X	Y
25	475
30.3751	466.567
30.3485	456.567
40.1917	454.804
45.9751	446.646
39.1129	444.862
52.2484	438.859
57.7097	430.481
67.6837	429.762
72.1827	420.831
79.4481	413.96
82.2987	404.375
92.2671	403.58
95.2819	394.046
105.269	394.555
90.374	385.333
95.2387	376.596
93.818	366.697
103.051	362.857
115.235	395.384
107.23	353.772
113.747	346.187
110.242	336.822
124.412	399.356
108.861	326.918
106.333	317.242
112.091	309.066
115.752	299.76
123.555	293.507
133.246	291.038
134.404	399.756
133.52	403.483
144.351	400.782
142.344	286.889
150.908	408.332
148.284	278.844
143.667	269.974
151.992	264.434
148.484	255.069
157.179	250.128
159.625	403.432
162.248	412.073
167.652	397.467
164.889	243.761
177.585	396.312
187.108	399.362
174.855	242.934
196.783	396.832
142.05	247.414
184.027	238.951
135.7	239.688
75.6383	396.915
206.783	396.766
191.291	232.077
191.691	222.085
215.922	400.825
199.497	215.834
225.434	403.911
208.337	211.159
216.842	216.419
74.3718	437.196
207.631	201.184
158.13	280.593
215.848	195.485
164.841	256.554
234.268	408.596
29.4287	442.369
211.757	186.36
225.847	195.339
234.957	199.463
212.269	410.133
244.215	409.63
116.663	385.486
239.586	190.599
80.44	384.186
249.813	401.344
259.636	399.469
129.32	231.989
207.864	177.149
249.064	187.41
206.431	167.252
81.6301	444.075
33.2271	433.119
267.37	393.13
263.697	383.829
276.997	395.838
285.675	390.87
121.695	225.518
205.11	157.339
210.035	148.636
166.678	285.783
78.631	381.367
292.514	383.574
301.727	387.464
108.562	292.81
112.081	222.768
309.437	381.095
104.693	216.028
168.634	248.283
217.071	141.53
246.873	419.27
317.566	386.919
62.2371	419.789
323.175	378.641
112.359	318.665
333.141	377.818
270.337	401.169
99.3354	288.954
339.85	370.402
321.716	396.017
224.508	222.841
343.197	360.979
352.392	357.046
274.799	409.091
160.26	421.874
167.428	387.47
68.0546	444.948
209.765	134.702
201.57	128.971
176.579	287.192
362.244	358.755
370.567	353.211
258.766	375.129
327.491	404.181
147.704	391.361
193.907	122.546
170.438	244.198
68.9862	378.726
380.166	350.407
385.158	359.072
90.0922	285.138
226.572	138.412
308.077	380.145
123.829	215.748
391.118	367.102
235.641	134.198
122.365	205.856
96.4311	318.638
32.2694	481.867
61.8258	371.745
243.92	128.589
244.298	118.597
187.298	115.041
400.693	364.217
99.8872	207.259
253.222	114.085
262.377	110.062
59.2427	410.247
186.206	105.101
85.2472	453.398
271.825	113.34
280.667	108.67
338.104	352.373
123.133	342.736
288.351	102.271
343.252	374.029
185.75	291.176
95.387	384.177
297.732	105.735
251.408	428.183
262.878	100.074
33.698	423.13
55.9943	363.621
243.811	393.346
92.3766	460.41
253.752	366.477
233.458	227.302
257.935	357.395
305.883	111.528
313.581	117.912
319.976	110.224
94.3994	470.203
51.8363	370.149
176.688	102.033
106.791	231.254
260.23	90.4313
167.846	97.3626
323.867	101.012
89.8879	207.138
332.652	96.2351
258.837	105.237
325.122	388.41
170.8	87.809
126.483	383.597
181.279	300.121
318.764	126.463
52.0116	354.449
334.122	411.666
159.071	292.274
80.3025	209.988
337.833	87.6817
250.873	438.168
334.547	78.2369
178.366	81.2701
347.829	87.97
96.168	308.641
121.35	310.768
168.892	426.922
209.223	122.535
261.139	347.922
341.001	418.924
44.0863	348.35
263.625	338.236
133.131	342.548
357.403	85.0848
95.682	412.979
119.933	341.187
174.428	72.0783
260.07	442.093
149.069	381.454
257.857	80.7169
173.413	379.459
74.2396	217.94
261.706	71.4871
408.879	369.962
166.632	65.8154
72.7447	203.44
108.042	241.175
366.505	80.9423
265.133	450.717
40.3982	487.691
320.694	368.953
62.3993	421.806
374.48	86.9751
301.372	397.457
173.665	435.71
371.857	72.495
186.622	308.574
174.949	445.627
119.945	337.37
340.169	428.889
189.556	318.134
183.315	216.623
418.163	373.677
195.163	158.369
371.177	62.5181
126.227	242.89
182.899	451.692
270.64	331.109
90.808	357.161
277.803	324.13
65.1582	222.127
149.295	371.457
274.102	108.304
421.749	383.012
419.047	363.716
414.663	390.068
87.0971	377.901
385.637	375.466
282.047	315.076
326.977	132.169
240.536	234.365
188.856	247.708
57.9592	229.068
383.71	90.8241
20.3492	456.446
406.586	395.963
192.878	452.343
317.845	93.0284
171.216	110.403
382.744	362.263
392.375	85.8325
137.723	279.063
330.938	68.9109
341.478	409.7
426.792	357.391
333.894	139.391
102.395	215.048
91.3845	441.872
262.975	61.568
120.173	342.84
104.716	319.266
379.122	56.4457
347.135	436.064
255.879	54.5214
242.69	443.916
59.8433	422.387
242.294	141.664
388.111	52.0642
396.529	46.6664
34.3908	345.901
258.433	355.528
97.6617	462.865
163.979	56.1739
34.4683	346.53
287.353	92.3208
434.31	350.796
172.524	239.539
289.504	308.412
180.22	461.326
154.112	259.243
310.511	97.1458
134.724	265.5
165.747	449.542
114.58	215.96
89.0483	478.651
247.564	60.0771
332.559	397.952
339.681	147.546
24.945	342.619
143.453	413.374
191.531	283.017
406.528	46.5044
347.947	382.858
415.238	41.5909
171.734	395.475
171.333	120.403
423.522	47.1924
182.532	211.727
241.909	244.27
373.361	48.272
161.252	301.197
255.365	44.5346
376.382	379.252
322.424	63.665
420.716	398.028
173.346	217.407
428.409	404.417
283.622	300.325
431.648	384.434
168.257	129.918
436.798	409.86
176.626	470.658
367.056	40.5103
185.113	303.291
80.8344	281.357
158.363	456.286
446.793	409.567
115.637	328.31
201.008	279.824
244.85	361.921
191.369	457.854
346.759	446.057
319.045	54.2533
377.913	98.9726
382.019	387.511
109.992	250.983
436.111	419.836
371.466	384.813
247.549	393.335
356.759	446.121
327.469	419.133
103.462	474.43
297.264	302.105
112.793	350.337
365.468	451.036
27.0732	466.216
172.203	50.4849
304.272	294.972
234.855	361.603
383.368	107.354
53.2582	222.721
155.654	465.912
62.3498	217.35
269.03	412.424
367.287	30.5129
392.915	110.329
158.41	271.541
341.089	454.293
374.476	111.928
112.694	203.311
182.726	325.438
312.498	289.285
166.234	42.4613
197.114	137.924
51.9365	403.42
183.435	433.578
173.471	427.009
191.32	292.166
402.834	111.604
89.916	415.754
104.012	365.638
410.871	117.555
132.333	212.066
198.317	386.95
50.0095	235.134
43.7109	375.978
337.863	138.409
432.172	429.028
315.94	279.896
183.154	67.1938
154.87	244.01
11.9058	461.805
217.292	418.78
431.862	41.6756
192.261	216.089
382.96	83.2018
241.073	371.18
265.19	42.6702
166.01	271.255
420.796	118.773
162.235	302.911
454.709	403.456
312.137	381.855
408.661	127.308
40.0723	234.015
429.263	403.064
279.358	291.279
273.564	309.781
441.72	43.3575
321.042	44.4547
341.317	464.291
378.905	120.894
334.813	78.2269
407.397	356.798
353.35	365.544
174.331	330.872
320.069	34.5021
349.667	148.074
422.579	109.768
37.9666	336.563
429.875	122.964
273.732	455.822
256.055	112.961
178.477	379.848
163.148	32.9495
272.634	387.597
252.814	127.791
324.252	274.337
243.092	181.354
6.76384	464.412
409.092	366.253
167.212	23.8126
439.867	123.379
283.135	118.36
198.354	197.45
313.764	291.982
262.333	35.8645
422.195	429.707
58.3695	346.73
343.089	457.818
410.032	137.213
20.0671	438.853
31.2162	238.659
250.383	41.4687
327.471	362.335
318.248	423.003
462.27	410.001
370.664	124.727
30.47	480.268
100.149	437.058
132.087	397.414
342.195	129.652
348.579	471.165
283.202	459.033
21.9475	234.905
315.614	135.954
67.4192	444.384
323.407	25.0758
73.5759	274.479
85.6118	488.042
241.968	51.7899
138.034	275.739
417.525	406.559
15.2539	242.335
360.177	94.6923
169.566	208.149
263.647	311.064
438.133	437.057
456.57	393.631
304.274	396.719
130.429	311.08
19.3017	251.479
201.12	460.073
324.127	42.5568
149.081	394.749
99.2504	434.762
234.769	378.943
239.367	50.7581
42.4018	403.863
110.403	481.629
373.41	134.343
432.182	31.6808
283.279	128.359
307.289	374.13
284.991	468.871
197.896	222.92
207.057	287.788
432.626	21.6906
158.224	398.06
20.0346	261.452
308.33	124.385
341.432	459.171
216.346	284.085
262.403	349.284
160.053	205.067
18.781	225.42
325.514	264.417
193.326	299.719
334.108	79.7248
409.623	56.0134
416.525	144.819
36.0211	224.872
234.698	440.858
370.06	23.3016
330.543	281.983
410.702	41.1033
291.959	83.4448
146.365	462.21
463.702	386.622
136.454	283.573
327.522	68.0448
11.4747	433.738
187.62	164.934
15.1773	344.761
35.7853	229.645
218.654	140.869
86.5252	488.885
317.027	145.854
90.7904	217.097
356.959	442.787
98.4275	243.924
469.805	416.576
323.548	113.532
99.3059	376.772
389.128	94.1414
249.327	229.598
378.478	17.9027
375.657	30.5735
202.386	411.662
116.116	302.435
296.867	102.527
198.855	247.785
365.414	392.773
315.278	19.2524
282.429	113.4
431.302	104.878
38.5441	454.488
425.957	51.2022
226.459	422.775
451.719	43.2695
373.407	457.116
168.901	396.203
415.293	64.2509
461.483	41.1069
325.044	120.528
116.367	223.194
17.2998	215.53
324.11	254.516
138.232	334.181
260.104	459.361
243.665	378.348
257.139	468.911
91.0059	488.395
15.3926	205.714
296.097	76.1445
47.1673	236.534
474.897	425.182
142.821	244.284
178.405	387.759
189.94	332.364
317.885	155.817
448.553	410.85
429.611	20.0666
29.2686	257.614
384.156	397.28
38.6392	450.249
158.59	378.458
73.569	288.228
261.296	426.687
340.806	97.4867
480.725	420.208
201.552	223.647
429.136	95.1154
89.4309	402.364
10.1818	466.848
188.18	330.34
101.094	365.722
192.243	70.0417
100.288	337.781
265.105	92.2622
162.152	54.3829
71.548	201.447
325.688	162.071
353.909	139.018
438.344	133.262
141.204	348.448
279.147	98.363
222.772	291.747
77.5359	265.296
294.179	464.923
139.42	378.825
169.667	422.724
429.783	408.777
246.018	32.4715
229.848	47.6943
71.2235	230.078
260.336	120.296
76.4453	492.039
278.245	137
112.669	252.511
109.644	380.975
321.1	149.792
243.563	22.7776
215.449	398.832
82.1375	352.179
317.072	151.275
47.257	453.995
302.629	310.543
10.0489	261.986
318.08	281.514
199.799	289.499
308.397	424.718
450.925	53.2379
319.919	291.238
180.269	370.01
27.3071	220.53
217.086	298.3
380.769	32.2882
434.296	446.292
170.825	101.042
198.064	308.525
248.726	197.405
225.064	279.187
382.185	20.1847
355.459	366.095
302.719	422.556
288.976	320.119
140.723	366.306
79.7787	461.77
338.118	99.4577
380.638	136.104
201.061	470.073
171.781	226.406
206.712	209.812
139.655	314.938
288.21	72.1975
84.9865	374.312
64.3579	354.739
178.504	59.4137
308.371	414.306
241.49	453.844
177.211	23.8664
45.3192	329.785
358.567	470.681
368.627	33.6378
186.72	86.7675
86.8183	411.765
449.61	121.129
411.862	377.378
78.0984	369.054
390.182	76.9823
332.973	118.203
343.427	350.454
209.202	472.401
109.81	477.815
432.37	456.104
479.835	425.681
133.822	394.263
312.482	62.5938
176.653	383.594
186.655	105.079
438.926	359.667
186.696	27.0364
448.924	359.489
211.949	482.016
248.999	251.322
447.555	59.3992
438.701	463.845
143.859	400.595
437.009	106.889
489.14	429.343
97.4013	311.229
447.719	459.523
14.5471	453.502
10.4624	346.068
431.288	470.557
445.992	139.705
199.022	179.765
262.25	420.61
174.635	340.867
212.281	464.796
215.8	388.838
217.405	199.922
435.809	418.986
451.875	147.791
210.768	306.05
248.095	114.753
380.325	146.099
142.327	282.876
232.555	237.073
425.235	56.0967
146.068	322.611
325.975	18.0438
274.935	306.51
303.726	461.949
103.256	308.565
378.81	448.702
9.5227	423.93
320.8	403.846
109.894	439.302
158.716	442.431
249.725	466.224
188.207	248.904
458.281	116.147
178.398	452.107
280.962	461.041
386.025	97.2041
268.669	71.0314
265.152	26.2703
390.176	35.6797
111.297	345.107
269.548	289.337
197.429	257.682
273.356	290.593
427.331	85.2796
312.622	310.16
216.925	455.939
109.743	398.022
454.894	351.466
247.615	121.749
106.098	457.496
411.356	69.419
309.258	367.868
192.952	414.98
23.1285	487.058
316.812	42.0791
276.899	338.908
34.006	378.39
360.792	361.607
276.731	130.889
105.248	426.761
104.463	390.304
99.321	289.585
443.331	99.1414
366.355	476.955
263.999	78.6611
216.812	116.022
316.894	47.7753
223.279	448.217
369.911	83.6353
258.366	429.528
12.3187	203.753
421.299	107.937
317.649	429.675
348.346	407.136
150.366	263.302
172.419	461.873
281.352	146.505
380.197	25.8786
43.7742	319.905
374.713	40.9496
145.349	381.424
254.285	137.682
207.049	245.309
362.49	91.5912
279.614	464.286
422.082	375.959
336.305	468.494
223.511	236.562
282.983	63.6718
453.875	467.403
294.358	328.547
94.5527	211.142
287.626	154.292
326.292	93.695
283.167	53.6735
328.546	394.728
213.308	115.056
33.8437	321.082
353.56	428.666
166.669	446.939
462.409	472.616
180.818	172.265
7.41231	414.155
431.448	389.835
195.878	215.673
445.736	422.549
9.34086	404.343
196.762	247.107
99.1158	303.837
363.055	34.0165
373.83	360.46
235.028	278.333
176.254	251.047
308.147	273.63
455.674	421.439
130.753	365.533
230.608	246.881
298.176	274.387
282.454	478.544
388.359	445.731
218.09	134.498
221.815	480.383
118.653	487.281
10.1158	271.985
470.406	45.6213
196.86	112.115
441.529	382.898
392.156	19.4236
39.8389	437.944
418.034	88.9627
266.496	431.75
297.839	105.744
391.714	74.1783
186.128	154.083
194.199	249.001
275.881	154.876
239.325	287.363
175.759	473.528
209.125	196.825
385.92	407.123
69.185	259.795
150.261	422.062
406.189	47.6714
145.123	357.611
467.572	119.847
262.002	331.222
179.009	230.299
245.281	220.452
335.398	14.6969
310.465	108.936
179.921	31.4914
194.671	33.0698
346.173	105.924
281.309	294.413
39.1546	367.077
181.387	407.563
199.619	329.854
474.838	126.717
301.941	378.217
393.335	88.9417
484.833	127.021
303.896	331.551
174.518	166.692
473.309	111.656
249.438	475.685
173.751	264.925
4.50916	475.083
70.285	387.122
127.28	411.297
193.72	93.909
440.107	463.193
487.964	439.273
479.051	103.469
107.727	208.516
300.557	368.201
488.341	413.728
194.22	43.0597
387.477	128.808
458.199	395.051
245.337	12.9362
200.998	259.998
90.72	360.394
169.967	217.04
128.542	485.799
413.037	425.691
10.7124	445.393
172.471	321.046
308.976	11.7464
406.294	433.075
153.624	387.66
258.735	123.886
469.852	465.937
156.919	461.59
5.5591	337.352
362.743	19.8885
173.833	227.538
480.404	45.813
301.668	18.5727
43.0816	309.929
476.749	473.178
79.687	232.163
289.011	52.8362
419.681	351.53
440.114	48.5238
224.721	185.402
408.29	109.131
239.981	395.685
218.745	149.611
294.975	370.607
406.068	419.962
92.4473	466.685
36.7721	425.604
188.305	365.179
449.621	431.764
258.28	88.1483
339.754	453.804
208.986	333.357
213.446	336.41
484.616	95.1606
57.3059	375.946
13.1657	335.497
118.193	444.882
209.52	143.319
25.7818	315.165
449.941	421.517
385.801	411.552
383.963	413.193
136.5	460.568
481.766	481.829
382.321	461.65
174.021	335.364
49.3827	380.612
252.045	332.143
18.7455	277.038
211.048	346.118
22.7446	476.776
222.774	216.189
284.98	370.295
426.869	423.612
391.494	61.4747
49.5501	371.623
194.277	86.404
184.187	307.384
33.9194	362.672
371.775	485.358
295.081	457.265
80.7846	402.476
336.848	376.839
293.371	265.617
163.595	240.694
208.155	468.61
4.47429	353.963
24.1856	200.951
391.947	94.2576
243.368	337.114
292.113	478.154
237.715	413.298
278.147	164.616
323.801	376.989
300.581	483.473
307.385	402.39
316.882	39.7356
24.103	218.869
113.324	262.49
179.355	409.612
214.842	121.431
67.2334	227.872
152.478	475.394
208.298	157.938
208.835	332.649
121.037	283.829
239.286	402.71
8.50405	363.115
165.928	401.514
453.364	354.219
229.931	486.225
56.5863	350.2
297.065	96.0969
301.803	454.879
76.5069	343.915
428.284	454.459
354.76	142.342
144.579	371.14
203.305	421.62
471.368	405.848
271.33	48.0816
183.181	396.531
108.086	484.63
86.3356	260.546
176.516	200.958
168.595	480.505
176.807	371.029
380.179	107.936
409.518	434.244
310.459	408.331
212.184	308.569
65.4886	418.386
476.085	89.9434
155.245	213.835
157.027	395.079
371.836	464.853
248.906	437.276
326.385	467.227
491.873	448.478
362.268	57.9771
110.108	392.968
95.0803	234.501
266.76	424.563
200.289	122.35
164.676	341.771
163.971	26.4188
64.4316	449.076
201.838	267.972
84.5386	343.843
464.433	31.5521
429.423	475.078
178.509	200.508
361.516	127.759
50.7905	433.758
22.047	480.454
65.9448	212.236
376.38	484.466
28.6291	275.517
303.303	361.792
163.071	351.641
37.7778	307.92
447.115	89.8849
458.242	421.774
419.65	477.2
348.4	351.205
91.3012	472.57
446.311	426.795
327.218	461.103
20.5238	286.879
52.3671	370.663
363.347	18.1108
346.487	436.703
207.924	169.387
261.121	348.803
392.547	36.1096
477.958	55.5092
168.905	57.9169
139.599	451.156
491.445	134.523
67.4743	487.621
127.549	219.024
454.647	134.696
364.843	446.939
124.946	421.021
390.419	62.2663
179.477	366.815
173.406	82.1569
183.173	179.477
476.28	410.682
17.6515	279.339
287.796	470.261
384.392	423.184
75.5793	468.326
433.973	11.0678
64.1223	378.339
254.063	259.945
249.638	339.196
93.3682	364.593
319.035	388.812
421.36	455.642
210.732	349.837
476.706	406.237
154.652	327.741
171.682	429.518
308.782	489.196
258.774	262.471
322.326	49.1925
136.228	420.288
45.2915	453.96
28.103	279.25
318.121	143.661
169.58	464.036
477.986	439.933
359.47	399.003
460.046	465.358
120.52	320.235
442.48	19.9924
363.529	65.5806
324.044	354.398
212.447	293.401
254.927	140.82
425.292	6.10351
126.995	390.323
230.281	475.566
419.101	140.789
473.553	384.898
83.577	333.889
107.272	463.819
189.007	216.39
15.7839	437.57
127.595	376.843
467.837	22.1494
322.404	33.9973
128.8	372.049
175.215	284.168
125.229	421.73
61.1568	338.94
8.37019	278.327
248.496	7.76681
31.9172	430.739
19.2776	403.22
260.46	252.259
44.752	363.149
169.548	158.014
445.353	418.115
186.16	364.957
63.6862	427.845
67.8931	487.406
359.415	394.129
27.2868	202.307
244.683	347.882
397.121	10.7433
478.596	120.857
308.888	417.874
111.669	292.902
426.692	144.806
323.52	285.691
281.231	152.751
228.701	256.698
340.42	23.3448
162.762	244.636
426.841	121.884
176.791	471.399
358.147	455.773
251.208	384.98
90.8322	475.244
253.1	399.401
128.753	365.537
363.718	396.536
225.584	178.342
448.764	12.2133
339.829	458.888
116.128	267.308
34.4058	238.29
66.4227	429.42
4.65212	395.51
457.177	466.675
311.163	324.682
187.797	355.092
20.2675	323.491
348.098	382.579
192.312	75.283
305.169	425.384
233.925	251.02
271.918	333.94
226.576	355.995
321.406	296.952
382.701	110.81
376.857	76.024
338.24	417.853
197.838	402.985
346.886	16.3515
343.309	119.714
377.889	98.474
349.568	404.679
256.783	266.455
23.9719	242.148
255.952	29.105
282.853	456.169
378.379	43.5356
182.777	394.488
178.057	315.488
279.532	477.882
423.187	478.25
304.942	269.336
478.715	444.747
180.856	403.508
381.473	20.1678
278.224	130.038
2.59122	351.838
165.401	303.287
411.949	483.578
264.909	88.7114
358.072	133.102
275.423	486.998
100.155	331.21
313.918	401.44
64.8259	355.529
317.758	42.672
97	400.82
279.227	362.115
85.1486	488.933
102.105	459.307
166.658	337.671
101.453	351.415
310.979	364.277
372.213	357.631
345.764	405.833
213.819	175.773
200.7	425.453
191.89	339.51
427.318	13.5669
413.195	146.737
485.147	455.878
198.751	62.4494
60.2857	376.305
153.552	248.472
25.5089	262.216
171.802	248.001
281.478	153.381
307.057	45.9815
240.821	130.568
425.899	361.378
490.186	476.433
347.489	13.2814
345.058	115.206
132.44	428.737
310.386	481.321
198.555	376.953
228.607	57.617
309.319	359.53
346.798	421.402
106.857	229.159
241.363	372.856
350.808	374.855
101.646	456.314
7.43746	213.877
32.6063	354.442
181.331	284.967
153.784	425.623
59.8374	438.71
241.052	327.386
84.8942	453.688
492.344	460.678
273.964	490.503
52.1967	230.899
264.766	142.606
248.339	43.8439
477.892	477.967
408.863	477.972
190.735	112.316
279.292	129.174
134.063	485.831
323.44	425.831
434.024	77.8501
466.025	40.1626
201.067	25.3832
274.684	128.023
158.086	417.038
309.13	33.4174
476.729	17.5725
232.669	214.743
119	473.873
284.085	261.906
402.736	470.069
67.5407	469.905
269.094	130.939
247.117	172.2
144.97	363.091
294.583	57.7784
280.638	86.3531
161.219	483.111
264.177	115.965
252.63	485.162
173.466	489.239
225.24	197.891
399.418	35.148
415.202	469.195
49.8008	484.287
436.68	433.521
226.494	482.122
493.132	144.38
491.367	102.538
363.521	8.11233
443.228	127.329
151.778	320.598
138.156	476.707
165.322	290.788
357.928	468.406
21.6697	306.05
344.256	381.707
302.044	393.43
251.043	150.035
172.692	354.367
120.385	377.528
336.214	91.2969
14.4032	282.544
387.742	75.6332
247.049	442.573
63.6033	273.74
95.1078	497.515
179.561	406.286
226.967	155.303
370.557	141.635
208.198	374.307
235.349	13.4345
314.2	38.2526
143.244	247.224
217.814	139.541
316.156	411.451
482.066	423.183
374.819	452.657
315.126	388.199
52.9735	380.785
215.213	277.211
17.8451	303.893
139.078	242.793
91.7538	257.919
160.677	335.129
258.238	305.333
207.792	384.196
224.687	476.651
408.766	92.7186
80.2897	270.768
303.688	492.4
219.727	55.7351
359.626	119.013
154.363	320.636
274.913	155.337
406.706	61.5093
203.234	406.301
191.491	180.812
262.56	66.9175
316.721	413.879
305.154	269.384
306.082	76.6811
145.095	412.367
420.813	24.8188
482.996	463.626
42.4996	370.071
350.094	7.52832
88.1474	462.287
259.352	470.064
95.1634	480.2
352.766	454.069
51.224	318.967
275.937	316.12
267.526	16.556
73.8858	434.328
175.818	111.266
190.859	22.5664
287.049	252.356
216.935	141.49
194.612	409.395
144.023	281.589
162.583	96.5942
356.422	473.068
277.779	153.282
167.173	335.578
7.10561	221.684
36.8636	478.889
423.275	409.439
370.713	1.16487
238.126	113.255
270.116	351.376
433.751	448.056
196.685	286.076
420.09	428.238
256.387	388.627
288.065	357.435
174.542	103.088
253.417	475.72
207.654	21.898
419.661	489.944
403.135	386.578
86.1457	436.464
145.847	296.255
214.109	233.154
48.51	309.235
351.227	93.609
461.371	36.3231
37.3878	270.691
222.035	107.495
187.6	355.454
197.496	406.814
162.607	425.839
174.18	83.6085
67.7048	250.199
166.974	430.777
299.33	62.9032
308.723	142.164
82.9383	486.888
438.702	90.7941
106.353	204.908
231.057	118.27
163.318	206.668
445.074	48.0031
423.697	9.45933
297.681	291.091
403.225	145.961
237.296	261.81
280.601	394.431
48.5477	367.537
383.139	60.7016
376.544	6.49608
254.59	485.683
356.702	458.963
240.72	449.933
355.747	135.559
290.288	391.816
350.99	14.9832
218.643	172.616
55.6473	230.939
201.814	13.7804
227.696	44.2316
438.219	423.58
279.63	270.859
80.3663	360.917
140.192	418.76
71.9017	230.56
274.493	142.651
482.595	380.628
308.914	361.863
191.613	386.779
81.8148	241.934
411.728	380.746
198.291	419.921
261.51	331.896
468.55	26.2672
197.609	398.384
241.97	297.007
180.977	253.531
284.767	254.393
94.5718	315.419
413.509	422.365
370.241	69.5874
461.702	145.941
255.948	486.154
443.527	465.824
178.854	174.994
166.54	154.575
36.2018	338.314
172.718	382.474
458.581	145.281
167.656	27.32
170.285	232.769
227.226	471.079
333.468	46.128
370.736	127.416
232.449	8.56043
175.972	322.289
121.357	395.316
308.074	432.572
232.234	331.394
456.697	63.4532
452.239	435.072
490.595	374.629
326.846	264.342
232.519	237.286
174.918	358.506
130.766	455.572
63.1677	412.382
222.726	429.225
147.503	220.164
146.06	452.21
484.861	13.2389
333.529	140.549
251.464	312.689
66.6275	333.688
355.361	483.012
271.363	27.8711
417.251	33.2009
209.511	468.291
61.1157	317.499
274.546	437.682
261.098	355.648
460.512	72.697
307.54	76.8143
126.194	214.289
250.345	152.126
343.063	72.5747
204.119	456.261
302.929	17.3343
304.23	18.3002
487.984	19.8537
447.303	387.185
164.707	426.058
295.375	356.475
49.0699	341.139
383.262	12.8327
269.655	494.102
159.002	360.776
472.596	400.544
280.59	259.736
116.922	299.689
427.051	496.681
322.926	31.2318
330.525	301.056
69.1707	311.573
133.547	457.674
68.8827	438.738
391.095	82.322
463.37	37.9288
340.333	50.8793
268.18	26.198
486.251	144.727
102.102	293.193
155.842	283.714
465.023	376.709
245.764	217.638
351.56	113.474
395.206	76.8469
11.2674	291.795
258.25	443.312
139.118	287.689
250.571	475.532
234.005	214.209
346.042	91.0277
73.7255	278.007
54.5156	216.259
445.308	440.568
66.3363	375.517
189.562	44.6633
444.314	401.585
189.285	273.272
228.278	449.495
458.596	47.8324
352.814	439.755
379.579	438.731
170.711	348.234
250.378	41.4348
112.241	427.716
431.806	488.871
116.135	344.891
239.661	483.917
332.401	447.026
230.37	321.569
322.581	59.6638
120.364	300.738
426.265	148.21
137.665	421.011
221.745	163.674
170.439	297.755
176.179	36.7554
409.706	386.787
407.146	430.591
45.7521	238.122
497.647	22.4299
359.578	373.979
357.46	411.25
217.634	437.832
214.524	135.155
460.766	368.032
110.098	436.504
86.4288	399.654
381.616	356.156
193.378	173.098
18.1668	365.69
136.189	367.2
97.6848	341.789
243.703	291.455
83.7021	488.468
223.258	101.356
464.565	360.811
126.954	252.863
375.591	78.1619
338.817	417.634
167.974	352.669
187.369	255.811
244.532	403.538
93.2121	406.582
318.168	160.491
454.046	354.024
55.3124	423.84
150.975	372.74
414.323	409.334
174.237	492.294
11.2661	335.331
162.233	67.0309
45.584	478.136
291.956	334.388
339.777	108.272
311.871	411.39
275.514	328.262
449.836	445.027
397.538	60.6943
349.304	420.206
292.143	294.289
234.44	175.502
22.9197	447.366
474.545	360.186
293.098	303.765
455.467	40.61
147.309	390.02
103.935	230.904
494.801	437.012
26.2935	439.534
223.74	178.488
36.2425	328.738
272.82	158.126
465.243	459.453
219.75	483.274
9.61187	293.445
207.313	413.113
85.0907	427.705
222.517	319.262
209.465	288.561
375.296	478.166
263.523	382.487
30.7858	413.563
474.392	487.486
31.1409	249.011
188.684	434.59
424.36	474.823
275.401	37.0195
263.212	448.266
477.314	25.3672
157.939	446.857
190.088	352.882
234.812	24.2964
208.74	438.331
12.3898	478.731
479.884	137.514
184.531	362.664
32.145	329.214
480.403	34.878
172.938	499.295
392.209	50.625
170.147	368.885
371.104	478.045
337.778	37.8614
454.26	478.412
195.372	6.13204
228.739	131.161
318.633	86.1094
33.188	299.036
366.374	451.415
477.22	350.551
343.845	370.787
266.06	160.657
176.613	196.527
390.344	135.489
235.472	478.513
80.0357	498.938
480.291	370.897
294.003	53.7059
316.026	390.989
299.724	116.21
62.242	324.592
55.9823	373.111
319.972	132.425
448.416	44.6245
456.351	42.1537
11.709	303.774
192.974	203.567
31.5833	296.505
394.414	17.4039
361.919	93.4595
245.491	137.148
246.681	11.4062
135.071	372.637
63.7999	290.365
213.981	327.86
454.81	17.6167
264.838	471.166
93.1142	232.011
273.176	311.116
195.98	123.403
122.748	261.305
161.234	485.372
166.176	453.056
232.844	338.102
105.105	497.734
301.992	440.51
178.453	119.484
308.16	494.457
157.47	362.611
402.687	410.55
128.538	293.466
184.156	62.251
193.592	340.097
254.193	360.324
76.5221	213.369
335.005	470.748
100.331	231.609
230.1	94.0627
5.70613	239.563
356.559	85.1898
358.412	45.5382
249.267	310.591
317.528	458.63
420.526	388.773
316.561	455.904
385.81	481.137
250.504	109.65
270.708	106.428
96.2979	452.795
453.057	410.43
197.125	34.3818
406.354	398.011
142.717	259.203
242.116	357.762
343.744	88.8511
23.9487	217.422
319.971	36.9039
263.589	60.269
446.729	6.3086
387.455	16.9742
295.001	56.977
289.264	451.984
236.582	267.574
213.295	326.366
237.555	53.3257
5.83976	311.87
74.3486	439.897
10.7847	403.804
239.698	388.916
295.368	339.633
197.289	291.99
340.586	42.9073
413.032	88.1155
300.854	394.052
386.643	465.209
109.307	472.492
275.422	250.832
393.412	353.427
267.027	360.512
440.051	488.564
402.71	15.6672
319.025	258.096
437.412	435.394
326.01	403.437
69.4994	237.023
204.987	139.123
164.616	18.4779
492.951	13.9045
307.091	349.782
183.548	304.218
119.171	389.772
378.188	15.3966
215.598	330.873
245.29	171.69
334.162	435.829
299.344	458.679
435.147	14.7431
332.501	71.5554
469.392	73.815
284.846	363.958
160.564	281.386
33.2471	305.342
114.847	392.619
200.695	3.90301
478.536	147.101
301.696	282.86
316.742	394.884
267.508	438.523
199.186	379.254
183.142	185.821
477.137	497.102
185.783	13.9508
200.399	367.801
55.9082	450.659
224.589	152.52
481.199	81.35
224.467	426.01
291.59	268.498
1.34523	441.892
322.722	146.051
163.718	82.4714
139.519	371.812
352.789	369.725
288.671	399.399
216.627	138.374
17.8236	224.822
402.338	124.648
247.113	246.276
221.274	175.239
340.739	392.201
259.66	424.459
225.242	127.151
321.132	259.735
232.328	186.448
377.191	102.772
8.4832	331.771
175.61	426.288
404.832	490.604
494.657	405.974
170.238	396.682
195.737	383.515
291.302	306.335
471.562	60.0098
249.839	69.815
173.261	485.451
158.623	438.427
65.6928	309.29
182.351	239.848
4.62181	305.534
210.695	417.335
356.3	126.042
415.307	33.0688
326.486	453.482
304.142	71.8152
242.425	296.038
136.603	394.343
295.923	10.1986
205.632	201.161
218.771	460.335
364.83	93.3958
232.068	405.153
452.803	14.3068
142.535	215.729
354.1	15.754
218.085	41.4704
303.23	264.901
246.795	421.96
95.8651	283.594
486.364	72.7871
174.463	291.033
86.9764	348.352
23.3519	397.318
2.36087	300.765
476.778	8.58354
245.135	323.233
315.479	77.9939
413.426	92.1501
365.291	476.409
232.022	244.017
72.2064	482.038
97.1055	411.343
235.743	345.45
475.505	14.617
483.511	59.8357
282.738	431.947
211.397	200.428
279.491	290.514
47.5349	338.348
183.276	275.357
173.131	277.36
5.96907	288.563
393.525	437.169
126.04	435.964
351.85	141.823
202.131	24.787
395.719	66.6106
262.167	443.843
206.177	249.074
499.542	464.183
245.936	316.176
130.08	262.429
390.103	39.0098
332.094	93.5312
376.714	90.7504
372.738	53.003
253.767	302.368
286.163	269.708
297.722	468.163
372.109	491.101
102.365	408.926
351.947	482.624
284.918	448.562
56.1083	410.415
145.508	227.634
255.078	122.489
227.913	268.766
437.246	451.804
471.281	33.4762
199.031	417.506
453.772	426.655
310.451	411.476
450.083	106.518
212.38	213.193
132.887	382.087
473.04	368.562
61.8448	422.031
480.667	364.48
378.444	27.2096
387.134	37.4441
196.109	409.866
309.008	65.6355
278.119	431.306
459.721	366.357
172.601	390.457
254.736	272.485
400.663	463.693
22.434	284.863
274.717	299.599
472.169	126.743
186.627	362.666
314.805	427.655
300.701	430.725
414.554	442.05
169.45	94.558
376.088	36.2542
435.688	412.126
249.467	92.8746
152.648	424.347
481.378	382.277
453.62	124.722
428.94	362.165
493.052	89.7902
236.386	158.664
248.86	128.844
441.167	29.095
487.449	105.65
72.4351	240.682
363.157	425.855
214.239	187.289
18.2668	204.226
191.958	277.282
210.693	325.686
219.528	441.089
402.784	418.223
317.142	356.781
175.781	179.836
180.902	212.613
250.58	316.967
98.7149	220.643
78.3591	410.765
217.127	270.861
34.03	222.491
326.175	46.6311
338.827	389.314
242.155	65.6231
272.669	16.7682
116.094	457.215
404.096	38.1167
296.135	337.524
37.0518	204.462
69.0557	261.445
80.6585	295.281
448.867	446.829
20.5022	457.52
178.284	7.33531
320.698	108.966
75.5602	287.647
283.383	484.269
192.875	125.65
409.948	419.712
15.5448	269.657
57.5325	241.722
51.2037	239.02
27.1393	445.449
19.2053	441.055
107.635	403.856
377.699	56.4979
112.574	214.046
437.27	440.693
413.596	70.4019
168.243	32.419
326.326	460.438
122.207	452.58
418.441	436.65
189.08	263.32
268.468	284.321
276.654	359.713
374.313	114.569
497.611	462.146
297.564	454.033
437.08	120.777
359.083	80.1123
131.575	312.252
283.232	60.7518
203.973	111.126
105.282	280.23
164.818	216.16
18.4487	216.384
493.488	384.201
283.057	325.418
290.385	17.3124
360.829	46.0539
239.443	47.6174
488.078	419.807
104.919	358.768
123.469	461.704
186.968	314.547
496.038	98.9394
363.151	77.5028
372.258	477.237
203.645	383.522
238.625	268.061
381	422.284
323.575	414.037
397.346	438.898
332.312	452.003
466.14	89.0802
81.7565	261.826
259.661	266.389
231.413	311.624
137.406	367.064
259.981	417.573
205.924	29.3189
303.886	280.924
451.12	421.511
432.422	394.814
81.9924	410.575
367.842	424.02
242.216	170.26
253.377	76.7146
203.519	482.355
367.152	367.066
402.37	79.8929
373.56	454.565
65.6921	443.936
241.119	283.497
255.936	93.9018
237.649	241.469
316.527	407.656
33.6382	334.673
4.38054	476.774
68.0899	323.028
258.231	383.586
299.887	486.928
148.611	422.416
57.6867	234.707
244.598	461.882
209.769	158.276
175.503	421.201
186.887	203.574
177.158	102.883
294.789	307.223
338.393	108.042
443.858	479.317
317.372	93.1701
404.645	140.995
248.534	468.424
437.811	443.289
144.57	357.323
311.542	39.346
314.689	73.126
179.341	434.382
173.843	324.637
195.193	342.883
190.914	125.182
82.7068	323.927
415.442	465.374
65.0882	280.688
308.989	61.2195
172.872	118.267
422.788	469.458
222.175	470.15
220.455	428.773
141.315	350.626
175.756	102
446.515	428.74
461.67	139.634
435.901	444.663
320.712	127.098
253.903	66.143
130.763	473.046
163.931	356.025
290.916	134.815
375.509	355.242
244.585	148.093
259.77	486.765
346.555	353.643
246.653	437.836
193.603	1.306
478.001	358.552
288.466	340.097
117.72	416.466
121.402	247.76
348.567	492.035
363.107	391.935
355.189	460.295
465.428	35.2054
463.359	15.0693
180.66	145.711
58.797	246.065
361.758	33.5962
334.518	8.61901
322.931	363.864
262.253	461.375
430.915	390.784
207.015	68.0804
475.538	73.7335
302.129	263.632
281.643	286.111
213.012	469.225
339.242	477.948
273.151	252.749
166.813	194.534
175.22	447.064
168.401	438.58
256.329	460.491
279.414	165.127
252.682	404.126
339.526	390.329
206.246	131.354
341.571	71.5785
165.869	18.1065
492.979	486.035
210.329	476.796
495.125	390.422
325.609	6.84314
469.731	84.6643
229.203	0.77746
39.6178	422.487
182.474	64.7757
273.197	97.1311
444.753	48.5398
258.594	149.315
208.779	431.333
298.5	58.907
82.0425	405.764
382.217	413.078
361.398	42.6434
233.858	333.764
171.505	99.3864
495.542	68.8174
401.581	78.1973
495.814	437.969
227.105	489.91
315.402	130.04
13.6461	490.234
480.345	352.123
196.655	147.164
236.512	62.1693
231.869	107.901
44.7275	418.771
23.4889	232.754
137.145	275.476
179.023	53.7754
313.61	27.6109
148.294	415.924
256.22	80.9104
464.453	146.953
268.846	441.775
154.35	492.625
261.657	88.9002
236.591	56.0776
492.232	372.461
272.474	430.966
319.664	366.092
209.473	235.036
95.8516	214.058
153.903	278.377
480.093	451.324
457.696	16.986
276.652	398.599
361.511	54.9194
379.578	102.549
185.139	79.4613
270.351	8.28113
372.677	99.1332
229.52	367.781
177.049	51.1244
407.581	143.171
300.442	417.281
134.368	405.523
281.758	296.351
239.3	40.5046
307.159	452.588
319.004	330.889
48.3861	454.645
37.4346	461.187
459.716	391.12
257.268	433.142
93.9437	360.271
73.4048	240.493
58.9338	384.844
41.5434	331.17
401.202	415.73
51.1434	252.501
372.623	51.7655
422.977	401.015
74.0757	319.158
174.832	333.852
332.844	310.784
9.03086	321.927
56.3541	410.731
276.105	67.1559
38.2164	308.574
334.257	120.985
9.71162	456.587
495.829	390.348
285.011	123.561
225.152	245.915
178.828	333.911
11.154	424.494
276.865	161.224
177.161	38.5094
106.6	441.486
469.011	404.826
170.772	15.7589
249.346	258.107
67.0033	232.521
316.282	79.5855
299.901	59.159
45.1054	450.614
227.125	326.722
98.427	250.494
265.347	497.18
105.882	241.053
219.281	106.654
158.837	407.001
140.923	306.845
294.644	405.494
117.375	326.325
238.76	304.702
253.125	44.4563
185.45	456.222
418.412	448.856
338.609	492.948
274.587	254.859
291.787	401.685
347.17	141.734
478.117	47.2294
363.397	351.305
228.862	31.2109
179.768	460.322
34.6384	477.665
143.383	324.355
207.937	225.157
437.653	469.849
191.284	379.557
302.84	349.378
317.438	97.7205
213.736	407.457
361.021	432.064
473.322	441.503
458.994	62.391
68.934	448.9
237.444	164.354
213.257	382.214
297.863	339.245
302.04	87.6386
468.827	499.809
92.6746	416.269
147.794	410.188
10.86	458.541
435.51	117.927
326.967	457.267
121.974	479.342
453.666	79.5157
382.833	477.092
28.8829	317.633
499.128	139.838
161.605	223.018
274.419	0.666125
204.85	34.005
408.064	30.5893
220.955	289.72
435.155	405.363
163.644	65.487
188.353	21.8378
181.073	357.237
168.857	25.4178
127.684	331.037
227.581	404.185
445.552	13.8625
15.7451	333.494
248.636	276.642
65.1624	314.063
130.478	210.516
389.946	385.921
212.405	405.069
10.9254	446.4
264.237	22.1491
274.963	69.8126
376.441	145.932
329.585	476.604
86.244	238.433
187.796	198.37
124.07	330.343
68.2843	404.573
395.049	388.703
382.663	80.8429
443.769	497.847
72.1253	388.025
91.0655	329.993
132.871	348.034
307.437	348.792
364.249	85.7961
42.8059	436.3
10.866	490.79
349.904	128.441
56.2676	365.504
467.678	69.8203
94.3164	279.987
254.068	82.9302
475.537	424.162
196.365	338.107
230.601	235.527
28.3705	446.004
413.799	126.684
5.34442	267.395
448.54	80.97
291.186	303.985
182.329	72.6741
81.0799	322.166
219.019	443.449
260.828	488.915
105.677	316.954
371.995	90.6306
247.444	191.355
306.35	468.529
282.096	481.44
139.959	205.955
410.346	113.123
103.895	212.593
208.455	322.663
470.486	450.491
40.7188	420.131
432.8	464.611
498.495	390.587
445.262	388.964
137.058	273.906
281.876	266.339
158.588	304.366
483.905	456.515
392.015	396.048
164.38	432.854
41.9137	474.381
319.767	7.08177
418.788	135.32
136.537	224.69
183.08	62.3827
338.615	427.36
249.066	255.323
297.927	59.1066
395.67	378.767
252.583	412.244
306.488	144.973
435.645	467.5
231.853	399.119
328.602	380.354
482.951	358.616
368.59	379.858
295.089	402.541
290.577	432.526
449.085	420.797
278.562	406.02
203.669	92.9055
327.799	398.31
446.576	49.8809
23.2021	232.374
218.093	319.098
142.277	421.624
403.228	383.715
152.632	371.268
71.4625	418.971
451.716	65.5989
73.6865	302.45
180.492	381.264
379.805	421.086
299.148	34.0102
101.078	489.403
380.584	362.463
473.617	59.4011
32.4884	280.824
346.609	448.486
185.806	277.284
150.852	499.494
422.635	138.507
165.405	7.32126
174.777	300.013
249.783	104.66
350.797	15.3326
462.453	8.65477
137.189	262.523
487.335	91.2035
330.352	166.604
312.623	475.218
367.159	376.87
227.535	458.062
199.831	75.7655
475.104	463.56
381.487	477.184
171.892	339.491
219.553	297.549
224.12	364.946
170.006	464.537
305.104	104.416
475.394	423.486
53.5116	309.543
378.947	89.6146
80.2564	389.37
272.675	51.7707
133.812	229.486
333.276	92.7437
255.377	97.2028
178.275	203.472
53.832	289.564
275.816	489.897
173.352	57.0777
114.571	424.759
493.876	122.751
395.33	15.095
324.138	468.927
379.411	396.693
165.148	242.253
294.081	68.5915
255.407	60.1725
26.0177	277.451
155.652	321.602
294.621	77.0222
101.421	453.042
258.225	377.027
304.782	98.732
208.974	28.8395
254.336	496.179
18.843	371.306
331.561	119.582
154.317	461.442
221.522	430.051
239.801	366.097
265.689	80.4206
230.331	398.523
439.928	446.231
125.681	366.086
322.596	481.463
104.295	283.154
224.935	433.088
350.564	356.43
229.222	374.954
470.202	67.9631
199.151	76.282
82.7225	333.47
26.2126	261.453
425.634	356.556
307.742	398.301
234.771	60.6413
164.28	402.961
450.957	65.2543
118.067	482.643
56.8429	387.512
370.354	123.653
182.217	261.303
179.323	136.872
35.9828	413.891
261.064	314.851
178.321	40.9595
25.7223	442.142
106.527	499.375
117.257	439.161
251.676	431.45
4.79641	455.416
349.969	485.309
244.529	498.131
426.109	487.837
298.706	43.4804
450.518	99.7649
295.22	391.857
297.443	76.1592
152.902	383.492
266.174	62.1101
435.659	142.225
351.027	374.247
291.652	162.771
117.892	209.362
424.335	444.969
232.693	49.2757
32.0094	458.374
251.604	482.806
452.386	439.458
371.288	5.62785
415.242	16.5142
372.356	491.818
426.055	488.455
47.9001	391.987
3.45601	219.384
165.849	396.524
207.694	433.454
178.889	179.149
89.3326	479.853
180.699	243.888
367.483	464.189
403.859	126.737
493.811	135.301
215.376	345.826
155.18	398.653
128.532	257.557
273.597	341.098
136.139	235.466
329.329	376.056
342.247	116.614
343.784	86.493
224.468	408.551
190.849	431.957
441.203	55.5086
124.048	249.841
39.9879	473.249
238.323	2.93687
45.5266	218.317
443.004	458.293
260.761	295.565
140.649	297.214
435.461	471.66
294.902	2.32451
345.566	122.346
432.089	123.877
258.286	5.72438
11.2115	365.33
409.394	440.45
85.2639	494.216
33.6599	344.872
164.503	490.316
236.814	408.129
182.037	57.2485
185.084	227.576
301.502	164.496
162.749	465.083
199.291	487.638
212.745	401.732
326.624	413.567
463.961	355.6
47.3112	396.868
385.919	34.4691
392.077	116.947
422.409	6.57764
75.1691	466.127
394.279	406.992
359.759	134.147
51.9353	223.857
486.376	63.2245
72.9282	451.332
18.9865	312.321
200.464	212.518
164.186	485.27
216.414	315.857
355.159	401.093
283.503	309.737
142.058	384.859
49.8741	299.328
31.7635	312.925
16.8867	380.792
126.672	405.935
120.551	433.232
167.361	363.699
241.363	169.298
101.202	488.798
276.891	476.201
492.115	365.498
352.184	3.44967
58.1068	231.09
291.849	144.089
20.9178	319.777
131.019	489.328
247.494	107.495
371.443	139.555
404.094	126.628
20.2453	326.979
127.679	206.025
264.129	388.206
67.9331	354.28
275.406	124.75
241.435	138.829
313.349	274.026
91.9881	488.109
369.229	147.738
283.206	432.209
383.431	8.0442
20.5247	316.345
166.916	185.637
293.651	391.694
497.074	461.132
130.331	424.248
29.9281	204.539
185.606	41.0201
293.851	392.678
267.384	411.621
211.54	443.773
29.8246	317.117
181.217	224.633
285.521	323.687
177.314	236.896
495.086	364.613
199.949	437.184
139.049	443.64
221.444	487.16
482.386	373.649
119.989	450.34
65.2135	437.287
420.306	21.2658
242.182	336.786
187.818	55.5758
228.159	84.253
181.74	210.621
175.457	94.0033
220.253	55.6289
277.563	60.3519
174.672	172.287
480.012	353.22
34.7657	441.265
219.756	396.925
137.493	323.993
222.937	105.255
259.993	143.604
222.682	23.3496
330.669	358.125
183.094	197.825
290.602	396.099
244.726	289.412
466.132	354.902
450.422	97.0373
451.271	135.151
454.48	109.868
270.758	251.675
216.853	406.807
436.412	106.602
194.304	34.0808
361.005	9.41676
18.21	425.961
172.878	413.818
288.28	265.966
190.27	454.127
384.067	127.444
289.839	46.7165
163.694	431.262
391.046	12.7156
342.501	1.4204
186.25	316.016
38.2186	339.174
399.341	412.024
201.252	379.932
280.419	250.991
494.371	440.498
308.882	346.595
480.108	360.713
165.462	367.581
425.645	432.263
486.377	41.0106
275.263	250.551
210.423	47.8966
166.791	419.473
35.8136	396.34
191.102	469.176
452.126	458.256
403.075	118.125
73.0954	398.248
201.59	58.0846
230.395	295.335
162.54	273.083
234.041	89.27
499.452	409.831
295.339	253.589
120.859	258.646
86.4678	240.25
282.637	476.203
176.111	191.175
183.515	475.442
325.998	261.758
208.911	102.43
61.9145	424.75
230.039	156.796
229.034	479.59
144.279	378.613
242.993	39.056
48.3208	252.881
394.639	111.768
77.9794	429.069
160.497	320.6
314.629	475.701
480.511	360.986
330.442	121.286
195.531	268.173
97.2369	426.68
131.031	445.728
55.4546	301.042
157.008	371.362
160.386	362.944
177.574	110.222
337.32	492.817
325.481	456.709
369.918	10.4946
328.013	300.315
410.616	94.1634
21.17	257.266
176.566	284.075
447.792	451.195
7.2482	427.721
467.385	399.998
413.019	479.165
248.902	97.4785
84.9195	459.245
36.8525	213.373
3.88043	256.551
283.177	492.673
15.3572	402.199
240.603	309.874
67.6521	303.217
164.438	249.69
56.683	211.355
155.646	356.519
423.082	79.7413
161.83	221.59
149.438	490.446
190.234	437.76
312.509	441.535
415.794	40.7307
332.719	426.776
229.367	114.737
249.062	333.1
277.899	78.4097
481.457	460.253
147.119	205.635
19.7242	477.23
157.889	241.517
189.46	485.804
27.2264	319.177
99.5073	399.26
278.461	445.797
22.3052	473.906
183.941	443.73
418.2	138.51
91.4109	241.824
329.967	65.5411
173.972	187.701
13.1321	438.564
58.5556	241.831
307.424	4.40414
468.498	58.2805
295.054	87.3477
476.229	139.96
150	266.801
292.669	495.821
372.943	444.722
347.254	50.3564
96.4441	319.218
232.522	88.4858
62.0904	419.766
398.205	14.0044
441.704	127.705
320.238	377.12
49.177	432.201
60.3929	453.637
281.271	162.403
286.065	294.122
372.424	460.216
405.398	147.648
382.202	355.57
253.367	287.053
160.995	320.317
308.686	367.42
189.04	161.389
323.6	286.929
159.895	391.389
314.918	286.924
11.4308	298.918
296.452	95.0664
62.6051	217.962
113.112	378.776
237.034	340.964
358.927	113.344
41.5804	356.857
334.819	5.93243
179.771	82.8553
380.563	146.836
439.549	72.2053
338.407	432.919
61.0035	467.018
395.767	494.825
104.111	389.741
13.1557	421.31
216.337	39.2703
193.015	45.0754
269.112	399.072
446.381	405.161
224.437	374.465
298.948	287.959
166.668	68.9657
382.996	416.068
488.843	131.48
316.71	99.1202
392.339	109.973
48.8226	405.345
371.982	438.044
206.036	96.9087
78.4173	474.415
332.01	262.457
229.56	176.795
320.719	405.916
244.146	204.173
481.879	493.606
225.524	172.709
115.165	258.113
183.338	197.513
368.64	478.744
493.285	92.3116
211.951	76.7773
291.214	491.066
213.701	125.173
29.5313	300.788
453.335	13.3708
294.603	153.615
407.197	421.985
191.061	230.131
391.005	131.637
318.119	495.369
62.1187	437.953
254.969	405.067
8.59689	400.952
160.762	435.571
78.8956	337.552
92.8219	274.908
268.179	337.282
397.953	128.694
326.416	472.594
180.262	248.371
154.184	290.029
461.424	409.842
466.472	498.455
314.822	296.479
22.4733	308.213
406.307	471.487
426.507	424.953
374.62	42.2452
161.562	380.243
363.634	393.936
163.746	321.784
493.888	47.6123
233.418	224.765
74.3536	319.388
53.5319	370.461
479.003	117.178
391.638	365.858
100.704	206.479
459.226	472.179
270.004	342.989
268.376	456.181
11.1415	320.52
79.6377	479.206
209.489	377.69
165.228	267.376
116.753	469.308
91.2263	214.978
361.308	0.0223647
231.545	90.4259
370.776	366.502
356.015	374.563
481.925	1.60409
254.551	344.605
392.564	355.082
471.318	78.7754
358.664	449.502
354.791	384.764
203.56	15.602
422.842	113.934
17.3899	458.66
453.325	387.68
267.998	271.599
174.982	256.154
205.914	254.406
59.7498	345.479
485.12	58.9833
238.321	392.853
153.612	267.488
124.507	227.065
14.9727	245.821
185.608	446.998
211.638	409.015
439.399	475.465
34.3358	479.393
336.74	350.159
290.026	147.203
286.875	439.202
64.4445	209.533
204.423	232.978
347.119	442.257
184.771	99.6947
224.11	139.435
58.5123	438.841
452.458	66.7449
39.9343	389.952
262.419	411.129
472.157	45.1576
247.728	215.93
434.992	430.957
333.457	354.067
185.19	379.377
350.403	374.036
186.547	461.236
195.034	449.767
170.33	198.558
56.7862	373.981
425.791	3.36807
433.691	91.9828
195.094	223.705
349.196	40.7205
149.303	465.208
98.0674	242.3
126.895	235.813
470.502	115.63
98.8874	466.866
434.482	133.84
15.9642	226.842
357.426	490.857
126.284	473.656
445.886	61.4409
34.2676	470.373
382.89	375.258
170.483	134.921
32.6195	493.732
343.189	410.825
268.836	253.469
245.221	298.017
33.9798	234.246
397.627	421.065
214.818	181.142
280.545	407.464
398.901	382.284
319.771	368.203
306.507	105.648
266.661	40.7926
254.507	85.3661
159.21	374.618
220.348	134.586
328.073	308.666
307.579	6.00588
103.751	201.849
380.213	83.6963
347.432	434.757
96.7111	455.839
435.336	450.749
419.484	463.898
233.431	292.701
227.589	235.442
491.38	476.088
321.909	446.315
123.33	277.448
243.282	392.66
311.945	154.048
227.743	227.176
220.776	97.8772
214.935	353.38
300.245	425.087
236.92	24.7697
146.428	307.928
486.883	396.085
363.183	1.89899
275.992	451.352
340.206	391.027
185.178	136.23
242.97	362.238
310.975	295.736
321.504	387.565
363.97	146.679
483.988	130.532
290.576	82.2725
375.707	58.7144
409.677	440.674
386.377	440.699
310.594	489.637
424.89	6.48337
250.828	8.45603
294.492	31.1903
487.913	384.075
255.528	346.276
259.374	351.725
486.051	120.262
22.8727	357.011
248.488	221.681
174.535	199.658
130.584	429.564
273.072	407.235
439.747	416.625
153.354	297.939
7.93428	431.825
306.495	53.7455
84.3357	427.139
300.691	95.6304
400.707	77.0681
438.307	56.3772
163.514	422.841
298.626	90.4926
307.833	339.99
236.297	340.126
305.794	165.997
242.418	408.596
292.383	291.182
189.273	158.159
355.955	102.263
357.012	452.719
176.857	291.229
156.782	214.375
2.64447	427.592
306.316	390.983
182.12	395.72
227.484	99.2628
121.881	336.215
19.8295	271.985
410.647	440.959
198.932	401.166
240.68	371.705
233.601	332.042
20.0499	292.207
247.13	250.912
498.386	56.5434
237.961	70.2144
414.649	424.39
88.7611	297.49
481.782	21.8141
295.834	258.076
225.778	440.622
99.565	404.619
451.644	480.624
390.584	67.2585
223.812	162.539
40.8977	489.019
239.612	340.849
105.913	205.523
151.406	227.607
63.3421	479.179
91.0126	462.697
315.32	97.199
5.46519	466.116
39.5576	452.025
135.132	200.088
480.355	74.9434
162.079	257.734
460.161	398.77
371.641	372.689
203.416	286.493
424.719	148.681
213.24	68.7144
179.531	62.5192
426.15	130.523
341.029	425.793
203.793	417.389
366.973	15.7137
473.068	95.9421
277.662	379.504
304.732	95.4023
253.75	69.3064
436.694	49.5278
52.1274	474.3
166.304	327.775
380.03	96.2443
403.472	59.0538
312.688	468.583
263.472	346.022
189.69	372.779
280.963	405.951
75.2312	361.762
435.123	498.407
308.743	135.503
392.115	86.5659
459.95	63.962
164.904	464.808
355.115	125.879
247.218	141.018
162.881	236.528
288.477	35.9895
194.918	493.617
201.556	410.53
435.178	357.395
448.005	56.5688
451.049	379.893
25.6291	490.893
437.672	23.1613
349.653	115.698
181.308	434.64
84.8166	389.699
6.78754	244.993
44.9022	433.004
233.589	185.072
206.656	180.855
476.933	137.91
460.102	149.352
213.462	174.772
440.276	44.8115
318.947	109.783
178.178	256.336
149.658	274.854
441.794	84.4137
48.9128	408.385
477.286	64.3383
384.575	371.913
244.817	251.277
84.1529	387.648
469.274	39.5785
341.632	72.6266
150.899	289.159
464.742	405.155
132.789	446.234
184.458	67.0275
406.719	455.969
311.118	448.457
264.391	66.4082
418.809	377.772
323.654	33.0859
187.772	378.623
299.532	472.126
299.835	386.903
172.265	241.797
309.778	92.1836
124.442	298.659
447.141	87.4177
43.833	289.708
229.758	210.424
189.708	193.361
166.626	25.894
301.285	46.5957
38.9732	372.505
129.954	307.8
496.474	460.705
309.154	454.251
349.554	73.454
178.527	496.286
43.8128	261.426
323.983	64.2407
313.339	411.86
168.765	96.0052
254.493	322.349
378.087	486.038
171.558	380.86
369.9	401.969
31.1794	496.56
327.838	38.8117
198.74	429.176
53.6407	471.421
279.909	403.534
53.6023	414.286
220.574	486.202
272.534	418.003
460.666	428.531
437.276	424.649
407.19	460.484
326.153	282.583
449.121	463.633
225.269	18.9353
460.9	382.491
238.96	329.588
450.145	480.977
215.56	286.959
49.36	472.773
228.957	421.591
341.806	351.121
442.384	472.264
303.177	29.1741
200.652	416.828
419.38	484.946
63.5918	254.52
464.705	135.483
490.205	471.155
61.0166	386.603
12.785	496.66
58.4202	254.868
483.138	32.7945
229.907	121.664
182.268	85.2524
71.3862	496.017
124.583	332.234
396.492	472.778
310.595	295.017
70.2197	453.81
185.411	478.809
288.976	138.782
44.6478	422.933
270.258	323.067
267.371	316.409
378.091	124.777
147.428	310.538
217.281	261.271
191.022	228.489
386.411	92.4965
377.798	415.307
330.302	415.29
36.2763	257.387
390.894	390.759
186.685	233.738
463.484	76.0229
139.392	374.325
334.321	54.9772
164.699	314.791
290.874	69.8699
163.581	34.0881
230.026	139.28
235.769	54.7457
463.53	473.669
449.291	387.14
86.0739	316.432
450.135	143.29
204.405	361.873
378.958	140.763
287.561	372.566
304.331	393.526
196.409	174.614
239.883	495.09
92.491	258.148
206.217	67.9261
365.735	368.624
104.49	330.595
255.996	318.916
230.015	277.408
389.906	33.5465
469.474	2.17718
201.549	425.167
378.447	37.5185
125.713	469.818
179.717	407.51
188.131	145.946
330.35	350.923
473.123	45.953
324.086	494.295
293.563	324.881
18.7604	311.079
62.2796	311.646
453.719	379.018
46.5549	210.312
54.5885	336.748
90.777	423.437
303.781	251.645
159.83	349.216
112.669	276.989
86.489	335.441
25.1772	291.691
190.531	133.228
198.454	385.617
160.821	319.336
43.8187	322.273
306.015	161.826
161.24	423.488
215.784	57.7117
2.73271	371.281
183.022	199.725
12.8386	311.703
97.5302	396.68
363.33	423.605
94.7172	346.347
276.3	378.217
48.9491	255.819
66.4251	479.202
175.664	413.962
349.749	116.127
193.529	391.003
207.65	127.06
71.7432	464.649
51.795	450.423
210.758	94.0293
408.881	13.9701
383.095	480.816
293.706	135.075
459.72	50.9495
337.528	6.71217
307.74	365.338
186.779	321.505
85.1207	369.611
442.966	16.9573
257.053	149.826
144.964	449.692
191.857	25.9653
147.244	323.726
208.716	433.615
85.6473	497.279
235.033	317.507
182.068	367.686
191.11	212.663
492.938	462.304
155.901	259.224
72.4296	430.245
189.777	344.578
275.948	453.701
426.306	457.043
275.684	485.159
293.544	333.779
237.114	217.327
301.689	290.296
224.636	319.143
453.978	134.638
10.3232	498.331
49.0155	313.963
238.427	492.799
253.357	370.148
320.168	449.261
465.81	388.795
145.338	310.739
105.16	279.688
416.83	21.4538
297.501	146.51
7.16997	340.498
303.708	253.789
188.413	265.816
474.842	410.807
269.154	320.753
21.5852	336.529
287.901	316.438
489.001	54.605
19.2015	474.844
278.332	438.585
385.828	478.205
428.383	144.758
133.154	469.198
426.882	107.71
28.8634	464.863
260.557	488.721
455.356	419.493
426.655	71.4709
303.037	24.7868
141.883	303.888
299.51	262.751
88.4678	237.589
119.114	286.373
191.046	105.206
137.203	345.864
491.792	472.868
387.965	393.179
122.284	352.703
75.4218	461.419
165.187	461.543
245.075	237.451
375.338	26.6438
25.529	393.955
171.641	363.819
432.301	365.116
255.679	105.791
208.781	286.11
195.376	79.5354
16.4269	301.451
335.878	8.99535
286.959	88.791
199.047	337.361
227.037	208.746
131.205	281.036
79.2544	248.323
176.731	66.7929
429.712	385.376
349.019	358.066
404.42	50.9127
225.193	365.993
118.385	295.858
191.387	475.265
334.777	423.761
415.49	75.2946
113.865	287.465
299.795	404.865
482.409	89.9593
238.52	204.699
269.298	283.253
266.32	381.074
84.7756	390.134
312.934	147.933
468.451	492.496
244.409	398.686
124.275	311.374
25.1033	469.572
30.8908	330.863
38.5406	214.889
430.656	444.247
169.127	287.376
309.069	72.727
22.9587	314.077
384.153	456.432
188.617	312.251
381.182	491.786
384.377	124.614
235.792	327.434
244.509	440.985
466.67	3.94888
114.139	354.673
224.578	110.721
155.913	302.838
74.5195	310.278
183.141	12.0029
299.696	451.648
291.412	497.824
458.798	378.799
77.5357	323.468
3.93707	348.303
237.373	34.5017
141.496	214.692
473.936	361.779
46.3792	399.827
240.798	81.8983
106.209	459.75
190.833	78.6451
160.215	333.803
398.88	100.852
237.141	287.064
305.915	85.511
62.5398	302.211
182.795	472.706
163.405	432.407
116.96	306.068
114.102	456.801
122.375	492.884
198.655	184.544
119.665	230.942
182.707	388.315
492.617	139.42
191.681	263.629
200.099	194.997
81.2244	216.243
95.5178	485.786
329.333	124.121
285.953	377.437
163.332	234.734
47.539	239.716
444.274	40.9031
174.032	252.306
246.166	223.33
85.344	359.228
384.512	449.046
202.245	374.227
449.749	60.2356
219.204	295.489
16.6694	307.414
3.65523	392.143
283.131	303.642
290.775	459.526
135.547	377.743
255.431	100.363
46.6733	464.859
320.043	22.2708
487.152	414.99
355.159	61.3736
259.906	316.754
31.8866	285.147
328.708	64.9124
488.335	57.416
50.9803	283.993
89.842	293.732
416.199	376.7
298.165	80.4727
245.939	103.48
7.32164	413.654
325.099	416.846
439.569	405.127
202.213	327.631
47.8715	321.675
240.976	43.9879
133.311	425.345
219.085	73.1998
306.657	348.484
434.448	458.192
200.001	220.422
449.161	74.5041
230.62	253.619
306.819	163.589
11.8393	442.912
14.247	308.289
99.7951	260.216
54.7708	359.918
263.76	298.62
494.958	388.856
50.4549	444.617
181.15	229.982
10.2132	218.078
209.443	438.717
231.437	323.938
273.456	391.246
279.379	432.957
271.574	110.113
328.08	112.354
357.853	426.536
401.153	21.4779
440.352	123.178
138.565	458.215
218.329	139.72
222.28	426.122
214.208	323.339
330.898	124.342
60.8524	379.686
135.359	295.364
403.851	481.332
224.736	389.838
312.299	275.754
327.101	41.6801
461.241	473.699
399.866	86.0557
78.8001	234.945
357.248	495.605
91.2727	326.996
367.897	89.4943
267.961	459.546
400.828	25.9618
468.841	470.807
346.096	13.9812
301.384	104.658
432.004	491.406
251.009	251.986
488.001	106.831
211.966	176.259
28.5131	451.316
187.567	102.876
240.075	104.736
493.77	442.829
390.847	11.5938
164.668	364.9
211.742	22.371
315.47	311.83
243.898	288.563
204.285	491.414
248.221	411.727
346.581	356.088
186.018	149.353
409.949	462.125
417.829	110.585
221.628	498.276
308.339	416.448
328.45	17.6826
195.37	355.178
1.086	357.393
292.177	378.091
487.051	88.0212
75.135	496.817
275.339	313.897
261.686	348.238
194.087	173.084
147.409	218.268
136.931	223.489
88.6431	293.165
199.864	41.7223
159.238	468.044
359.6	451.303
266.738	433.378
254.563	453.983
179.845	250.935
262.713	38.3658
271.375	10.1611
275.449	427.955
184.901	146.416
8.50822	401.459
128.747	298.004
313.218	407.41
131.562	418.158
256.839	401.25
316.649	382.65
214.104	305.302
196.206	313.186
134.196	494.868
341.961	55.5163
234.343	184.679
485.589	113.361
465.975	407.773
55.0651	402.713
199.28	477.535
318.562	406.601
469.66	394.043
73.7986	402.651
222.566	497.727
498.678	427.517
445.486	418.719
234.517	292.358
366.588	27.7303
156.33	242.965
367.928	404.392
101.727	411.291
151.7	265.482
436.828	91.0733
346.398	485.929
219.548	363.077
414.329	430.14
15.5893	319.17
26.91	398.143
283.253	451.628
280.542	20.9327
431.163	97.914
69.4525	212.571
187.021	443.816
90.8791	220.007
209.482	212.396
194.604	213.76
498.621	67.7297
498.575	394.067
443.56	133.73
68.2359	237.29
200.925	219.388
213.884	374.02
244.546	116.088
420.755	397.944
247.347	110.985
317.49	36.6169
234.425	287.603
247.549	87.2379
43.8076	369.336
14.258	428.802
476.061	493.728
403.372	141.084
284.506	336.351
73.8489	264.793
451.051	60.7
302.737	19.2098
7.756	265.068
141.817	418.253
449.009	112.408
263.968	467.379
34.3697	362.479
130.833	394.069
496.58	129.93
241.27	444.94
212.363	210.386
370.048	35.1745
327.077	404.793
260.941	393.078
408.434	10.3235
316.518	144.156
98.276	255.143
182.585	404.309
182.536	343.902
28.167	391.527
482.15	19.3813
244.376	235.552
31.9458	348.688
53.3259	231.206
408.775	91.1645
156.326	229.521
191.105	227.732
82.1489	247.716
495.785	132.727
307.258	410.732
93.2517	312.365
15.6595	202.15
341.651	375.315
119.586	217.808
86.2555	499.946
113.172	424.869
83.718	274.95
477.312	470.85
230.812	129.173
13.8736	362.44
116.121	222.608
475.916	145.096
240.245	443.759
392.279	473.874
248.934	307.785
60.548	220.06
213.023	389.19
413.248	1.55837
157.873	484.566
48.7759	217.555
212.791	254.492
451.591	481.851
272.258	364.94
205.075	88.0061
45.3618	433.663
236.57	221.103
58.3292	437.243
178.634	150.264
205.201	214.555
292.746	334.276
284.034	99.0182
466.552	28.2316
469.484	17.5366
400.222	127.038
456.777	26.363
267.878	397.512
159.185	312.382
491.962	90.9455
342.168	68.9586
5.10372	211.019
139.528	318.081
148.971	494.656
442.911	106.324
318.06	457.265
182.815	91.3504
17.4828	448.749
200.22	56.7404
432.987	407.004
375.524	114.431
10.7056	246.714
166.677	443.841
212.703	153.812
243.801	186.655
310.388	439.656
352.323	475.163
54.4536	449.557
237.691	280.189
276.178	285.057
226.27	76.8357
387.007	22.6142
413.644	416.395
55.3509	387.556
188.891	469.757
207.275	0.425629
482.647	122.167
240.208	43.0352
210.858	386.69
416.392	403.062
166.354	339.949
272.861	347.012
169.515	310.265
217.048	476.823
499.803	409.311
418.454	434.049
181.468	179.175
239.152	50.6184
276.295	147.885
222.318	149.395
230.019	371.082
34.5943	420.395
274.811	272.658
157.346	213.742
301.487	402.067
10.0681	468.138
118.996	344.169
