Saved a vector of rrt <nodes> points.
X	Y
250	250
254.703	241.175
262.502	234.916
253.683	259.297
244.614	255.084
251.837	262
259.798	268.051
260.995	277.979
257.798	258.253
256.566	286.945
264.198	293.406
251.783	278.163
274.151	294.375
281.169	301.499
280.245	286.447
288.592	308.2
296.015	314.9
292.173	324.133
292.918	334.105
283.997	338.624
279.606	303.812
284.068	294.862
269.646	304.7
287.23	285.376
259.968	307.22
291.156	345.606
250.699	310.97
241.488	307.076
282.398	276.621
299.247	351.482
295.48	291.027
304.943	294.261
275.813	269.094
236.203	315.565
231.538	324.411
223.022	329.652
306.565	358.298
274.706	259.156
314.688	364.13
275.236	249.17
267.055	243.419
324.184	367.265
258.167	238.836
282.04	241.842
288.133	233.912
289.274	223.977
213.188	331.465
248.311	237.15
332.222	373.214
339.831	379.703
347.89	385.622
356.581	380.675
363.259	388.119
238.442	238.765
373.258	387.979
229.832	233.678
295.718	216.33
203.618	334.368
220.271	230.749
218.98	339.617
197.368	342.174
300.465	207.529
380.787	394.559
388.317	401.14
308.744	201.921
188.146	338.305
178.69	341.558
289.615	224.252
311.495	192.307
320.156	187.307
325.462	178.831
318.589	171.567
171.295	334.826
211.631	225.715
395.847	407.72
403.377	414.3
203.259	220.246
371.874	390.026
335.194	181.13
387.955	387.586
313.547	162.931
344.321	177.044
295.119	232.6
218.903	218.851
296.856	242.448
350.936	169.545
353.452	159.866
173.03	349.802
176.486	359.186
362.983	156.841
372.29	153.183
410.907	420.881
420.818	422.209
362.148	387.704
200.211	210.721
286.07	228.344
427.961	429.207
174.385	368.962
299.247	250.812
163.094	350.926
435.103	436.206
192.425	204.447
382.238	154.205
442.246	443.205
449.388	450.204
310.583	153.381
373.164	143.221
166.654	375.305
304.364	145.549
181.742	375.735
299.301	136.926
305.509	129.086
423.44	412.558
381.605	164.185
302.568	119.529
356.594	379.387
378.441	134.727
289.764	139.932
197.202	220.258
355.817	395.445
456.531	457.203
443.22	458.075
187.452	222.482
428.023	403.67
153.233	349.262
463.673	464.202
470.816	471.201
302.402	260.302
187.529	195.727
147.459	341.098
391.136	167.213
177.568	196.605
171.252	345.144
387.083	176.355
171.457	188.69
346.9	399.971
297.048	251.855
384.61	126.857
139.612	334.899
337.06	398.188
303.257	270.265
191.413	373.193
477.958	478.2
129.742	333.289
484.383	485.863
287.423	249.146
351.724	370.653
121.278	338.614
186.818	232.462
344.815	409.751
490	490
327.103	397.27
149.244	358.432
306.109	279.85
284.894	239.47
113.338	332.535
106.63	339.952
377.572	179.444
401.068	168.375
376.925	120.459
145.487	367.699
368.264	115.459
359.094	111.472
350.727	105.995
317.103	397.238
490	490
348.537	96.2374
98.1143	334.71
147.499	377.495
490	490
151.566	362.82
283.613	229.553
350.953	417.646
89.1548	339.152
490	490
80.0011	335.126
388.825	135.925
163.135	183.145
178.541	181.632
490	490
357.96	362.836
476.84	468.263
195.546	382.299
352.714	354.323
161.339	173.308
276.905	222.137
311.764	265.007
70.0964	336.503
354.759	88.4086
362.281	81.8197
490	490
196.718	372.368
200.278	363.023
163.308	163.504
370.01	75.4743
370.527	65.4876
367.953	362.464
67.1708	346.066
490	490
370.332	105.676
156.861	190.933
490	490
310.199	390.002
490	490
490	490
112.029	347.778
341.51	109.873
182.69	190.73
342.328	119.84
468.504	473.786
310.195	404.469
168.238	154.804
321.246	268.183
66.3076	327.249
151.488	171.585
61.9605	354.601
202.529	353.28
349.19	407.802
291.005	236.288
208.509	368.703
142.613	386.219
67.5526	340.746
286.269	245.096
137.746	394.955
490	490
380.424	66.9158
174.05	146.666
366.794	56.2104
52.2718	357.077
395.142	143.678
135.169	404.617
490	490
402.466	150.486
144.214	164.724
406.178	159.772
129.747	413.02
416.132	158.819
67.5299	317.324
276.513	247.288
267.222	243.589
135.246	169.149
216.843	374.229
125.848	172.568
425.009	163.423
433.387	168.884
176.04	136.866
371.15	352.989
357.559	52.3739
381.139	353.468
350.364	59.3185
331.741	107.735
397.246	164.267
260.157	250.666
340.909	56.0613
307.783	380.299
62.6414	308.6
208.559	345.302
155.522	200.843
192.683	191.1
458.686	471.886
297.399	228.599
490	490
42.5013	359.207
118.2	166.125
181.411	128.431
198.033	199.549
390.423	66.7633
154.349	210.774
373.075	343.176
217.474	384.209
221.717	393.264
371.355	47.3113
190.841	125.104
294.917	218.912
125.487	422.067
430.925	155.36
109.132	161.911
301.845	372.253
305.893	363.109
307.315	227.305
323.493	102.081
490	490
146.225	216.604
426.672	172.152
388.107	360.641
144.78	407.378
400.415	67.166
490	490
490	490
381.113	337.227
193.328	115.418
314.91	387.314
194.657	105.507
390.702	334.388
56.9257	365.928
490	490
490	490
399.972	330.639
324.884	386.598
129.948	431.017
366.536	335.611
396.664	321.202
490	490
490	490
99.7904	158.341
140.806	155.323
310.83	236.667
330.983	57.2736
409.86	63.8819
136.731	146.19
400.602	77.1643
325.299	396.589
104.597	167.347
319.315	241.959
357.154	50.7227
419.416	66.8293
448.686	471.829
429.395	145.478
322.502	51.9756
204.56	104.117
114.527	153.491
314.516	45.9571
134.133	136.534
53.5856	312.842
425.49	66.6934
356.63	40.7365
394.811	311.375
284.937	219.544
148.736	402.285
332.203	403.823
490	490
490	490
326.36	411.938
220.073	403.128
121.054	435.587
440.919	155.722
317.508	416.59
206.9	94.3947
440.498	466.089
129.51	127.667
192.433	181.103
201.061	208.873
216.398	374.267
150.656	157.044
448.367	149.049
197.521	90.925
188.218	87.2589
133.83	118.648
147.28	226.548
404.476	308.806
490	490
116.336	444.404
100.71	176.561
89.8128	159.01
357.417	331.505
125.749	112.758
409.326	334.175
147.842	392.326
342.203	403.924
332.224	106.956
392.843	369.448
348.514	326.953
119.892	104.652
49.0394	303.935
391.708	81.7359
454.718	463.854
149.122	382.408
329.005	388.176
425.954	182.126
490	490
106.43	445.776
56.806	297.636
453.497	154.896
103.507	436.213
415.954	182.181
216.771	92.7936
136.243	217.21
330.468	116.801
91.9943	181.463
398.419	377.749
414.46	308.245
307.675	53.2509
218.201	412.951
490	490
333.208	126.418
405.967	66.7781
209.381	203.326
303.928	243.904
51.3581	374.235
418.363	338.458
154.506	233.461
82.7615	151.92
358.54	30.9206
215.301	422.522
89.952	191.253
205.337	421.674
342.135	121.913
188.094	77.2597
147.645	240.736
408.082	380.324
45.0105	317.986
223.912	367.669
421.551	301.194
198.413	218.516
432.922	189.299
220.41	431.119
102.337	158.741
457.666	454.298
139.413	380.012
454.458	444.827
461.196	441.538
60.8935	319.668
111.737	164.091
93.5212	435.681
107.758	146.13
150.085	250.434
182.3	69.1092
463.492	155.206
88.1377	444.108
490	490
129.619	377.991
335.65	380.703
93.0832	425.69
145.601	259.372
132.228	368.337
320.492	116.106
346.062	317.258
160.193	154.036
203.709	411.808
78.2099	445.307
68.4342	447.413
70.3557	316.433
432.631	472.263
115.505	96.1374
177.73	68.2238
414.967	71.1359
220.555	441.118
313.15	240.035
107.271	90.4629
469.189	146.988
232.708	362.911
296.794	250.911
219.823	83.2705
436.424	465.019
423.19	65.4455
40.8437	298.205
304.946	62.8716
105.298	455.712
137.854	265.696
406.169	184.242
93.1156	415.69
84.0686	199.339
33.4317	291.492
234.08	353.005
431.512	302.08
242.428	347.5
401.17	339.961
61.5073	454.626
354.486	311.869
335.649	370.703
490	490
440.697	298.126
397.751	301.405
442.321	192.715
439.391	479.632
215.731	449.877
135.256	275.353
347.96	336.937
319.295	232.146
432.961	67.5772
215.55	74.229
55.9448	287.673
135.474	110.428
169.649	150.781
289.192	257.408
282.666	264.985
137.995	360.167
414.97	172.229
164.356	235.183
290.708	270.93
216.424	361.041
355.392	330.626
83.5103	141.948
74.7352	145.896
425.417	75.1946
396.575	63.3433
27.5513	299.581
219.002	206.055
212.344	82.4606
103.535	81.1868
108.748	144.002
396.647	291.466
395.941	281.491
335.066	390.686
403.71	369.406
67.1959	139.327
435.062	57.8004
143.547	280.944
391.205	340.796
313.566	123.32
368.398	29.2415
353.1	345.515
422.738	473.719
490	490
392.683	72.5547
441.612	72.592
294.853	280.03
428.076	340.834
412.799	472.615
445.256	202.274
490	490
325.076	391.134
490	490
305.411	129.107
490	490
74.1643	197.958
150.648	224.235
490	490
119.762	376.307
416.785	162.395
454.832	150.206
95.7519	74.9081
490	490
490	490
117.229	172.448
153.289	283.2
291.389	242.497
308.794	53.6415
51.6699	456.421
150.629	151.114
38.9181	325.916
317.191	397.284
285.84	284.362
432.501	349.802
318.044	49.842
108.126	465.303
101.949	411.003
114.703	149.181
418.309	81.6802
135.523	389.225
296.93	134.405
211.326	458.855
169.362	62.7494
89.0454	67.4904
403.319	469.432
30.0248	330.489
160.643	289.976
325.25	228.816
378.073	26.7129
83.5676	59.1242
295.959	58.487
201.334	459.247
330.232	118.373
73.6908	57.5593
438.024	339.814
442.835	51.5095
142.389	351.184
334.174	224.303
273.494	268.969
419.616	152.805
205.308	401.936
413.173	372.638
45.1516	464.005
64.1647	198.049
409.844	382.068
35.4611	466.474
78.7531	155.054
450.952	76.1653
281.543	240.752
160.98	57.2945
490	490
473.463	156.028
229.122	446.276
228.803	204.073
236.212	453.328
91.3382	206.205
151.554	355.186
474.793	138.705
490	490
382.887	17.9478
264.008	272.133
210.128	210.665
275.47	232.807
490	490
490	490
383.053	69.8597
177.748	68.1968
290.277	253.212
327.802	48.6036
197.29	407.911
277.693	249.981
490	490
91.9302	405.761
333.815	369.498
490	490
449.76	148.81
259.829	263.047
432.741	195.581
159.235	275.159
490	490
235.686	438.732
67.4282	49.7631
490	490
340.229	118.617
344.776	127.523
421.037	142.906
339.503	331.6
202.43	392.36
177.383	144.443
222.837	78.0357
58.1237	135.12
125.286	276.126
490	490
354.577	129.504
81.9499	405.133
118.214	283.196
324.481	110.192
459.946	71.7945
29.129	458.734
423.029	197.965
163.389	47.5889
122.805	292.08
175.036	159.206
430.47	359.594
287.112	136.303
356.745	320.718
449.516	211.322
405.597	278.892
222.62	368.89
215.316	92.0086
490	490
393.39	470.624
442.115	352.551
243.073	460.603
490	490
157.671	39.3849
307.228	396.425
389.553	82.0522
406.561	391.514
152.523	30.8121
490	490
25.9011	325.585
72.4588	408.282
204.175	80.8374
60.0044	43.0633
64.9435	191.894
20.26	454.114
288.78	51.5255
70.2245	66.9393
490	490
204.742	219.091
55.47	447.171
33.2186	339.965
416.487	205.528
490	490
399.403	65.1491
283.59	145.662
86.5897	49.5918
140.999	290.515
490.399	480.008
355.867	139.421
231.301	213.756
445.055	332.702
490	490
399.167	334.745
490.279	470.009
331.824	398.514
453.19	326.887
265.524	233.843
490	490
281.088	155.344
353.386	311.299
287.217	294.267
393.232	91.3508
406.787	207.959
383.717	468.09
113.448	456.837
461.496	61.9153
490	490
144.25	25.1931
61.6839	72.141
286.79	251.72
229.2	194.081
142.778	289.904
345.625	314.824
33.5398	476.287
490	490
49.7808	140.634
375.784	62.992
251.057	258.246
288.993	65.6616
118.805	301.245
483.917	462.293
232.495	223.684
457.196	317.725
50.5537	39.7948
375.579	473.901
338.981	405.498
299.196	402.382
214.46	405.967
80.8378	145.273
490	490
288.455	143.22
230.867	83.9952
238.059	200.287
25.5984	346.44
187.257	146.026
21.2188	444.16
171.161	41.297
406.414	268.925
22.0115	316.373
443.047	141.399
43.5111	46.8943
169.21	274.459
447.784	360.79
296.519	290.595
490	490
179.21	274.524
490	490
105.821	450.37
25.0935	481.641
340.352	216.44
457.767	360.212
467.276	363.306
414.918	397.006
40.5283	346.789
490	490
280.513	45.8992
345.24	397.699
411.679	260.424
207.522	80.8446
40.2539	137.594
16.0816	327.477
339.681	306.782
75.9246	164.645
490	490
234.293	233.521
365.692	472.402
289.217	403.037
177.186	41.0163
434.258	346.365
188.009	411.635
291.602	281.888
474.673	458.478
454.034	308.238
60.454	76.0414
182.194	69.2333
62.4822	207.906
252.922	462.334
40.0908	56.2911
134.548	22.7729
277.986	298.112
423.204	391.408
380.4	86.08
266.93	275.678
196.819	212.99
159.58	265.165
265.144	275.558
125.771	308.42
279.033	308.057
16.9802	484.275
178.416	414.461
449.916	312.951
360.071	148.494
445.901	220.646
278.129	164.896
192.171	204.136
490	490
456.035	203.739
31.3915	51.3594
347.696	145.186
457.501	366.144
74.4582	194.972
355.041	313.326
278.273	131.626
455.541	80.7718
420.909	256.576
62.6071	47.7852
179.362	134.64
416.298	406.91
330.474	335.897
367.183	141.465
381.598	67.814
490	490
399.745	55.155
370.112	54.7562
406.359	408.015
211.277	415.447
457.104	52.9314
449.491	46.4469
490	490
270.829	43.4053
258.812	454.253
279.664	400.082
308.298	386.483
270.34	403.697
165.041	159.518
394.334	88.6256
408.687	68.8645
413.963	135.838
490	490
349.569	154.775
282.92	173.674
490	490
35.886	325.036
15.6061	346.047
212.119	425.412
453.002	142.354
75.9446	417.655
275.424	142.169
183.083	208.308
65.4697	45.0068
490	490
355.895	474.41
26.9439	307.674
490	490
119.611	464.712
197.198	144.936
361.681	312.901
223.319	227.659
299.576	289.704
208.85	70.9333
157.353	153.124
263.738	36.3536
473.95	355.859
116.983	474.36
41.504	50.8674
399.93	384.028
14.126	355.937
119.934	292.883
286.615	282.905
346.93	411.566
290.895	281.869
82.6833	146.538
220.235	189.651
39.3127	333.486
490	490
457.778	151.139
174.281	69.14
256.211	262.84
330.726	213.731
186.908	401.696
373.881	148.89
39.1417	472.88
347.893	209.872
189.429	155.787
325.884	406.56
31.3657	298.704
183.077	423.308
466.124	156.647
336.215	297.402
17.575	365.323
363.36	47.3795
374.925	135.135
133.913	12.7931
490	490
52.9821	204.784
84.5895	412.629
437.727	132.931
66.7558	413.71
81.2965	189.221
490	490
470.147	449.562
275.771	121.944
271.444	399.027
363.732	37.3864
495.3	482.624
152.288	258.321
322.005	218.624
267.203	243.701
182.476	392.732
490	490
381.779	155.024
447.893	36.5753
333.836	213.729
114.792	284.306
460.441	76.3169
181.592	124.892
82.7048	135.449
288.878	40.4202
490	490
373.625	35.9237
431.743	396.612
373.84	93.6278
149.608	159.45
112.481	442.911
39.5702	66.2776
324.412	228.33
62.3302	85.8638
290.415	288.412
257.331	281.799
221.201	429.597
404.606	278.76
46.1228	480.04
193.169	194.186
416.237	129.388
215.087	63.1164
338.864	341.338
416.378	145.542
174.659	408.917
183.325	192.427
107.302	277.68
11.0922	361.821
379.566	72.9695
306.926	282.924
146.09	35.0225
473.344	440.086
297.857	61.0323
290.536	412.949
174.11	387.254
490	490
146.966	266.788
449.572	355.984
44.6142	210.259
490	490
288.105	30.4501
466.847	320.344
216.454	190.693
187.81	384.273
416.966	416.888
178.086	431.974
165.087	73.0736
445.443	126.57
371.507	138.448
129.604	464.323
109.502	267.925
356.926	411.855
129.88	317.537
368.575	481.03
41.884	356.697
396.177	284.141
71.6604	52.6999
455.291	29.8465
171.519	377.595
92.6732	136.244
158.356	250.372
463.517	305.062
124.236	10.274
139.486	320.314
365.136	130.74
145.385	168.514
271.984	112.688
260.1	469.296
187.937	119.145
258.839	45.0711
466.286	433.002
123.902	325.553
447.545	198.456
442.013	306.824
294.855	421.969
114.629	259.34
266.621	390.267
449.033	230.143
490	490
464.066	312.037
206.474	148.67
369.989	26.6082
65.0042	35.0176
164.717	407.843
136.946	471.112
458.049	234.468
65.5236	26.5826
378.259	483.523
63.8926	76.5895
265.993	380.287
339.642	144.543
255.56	478.206
173.458	119.075
424.111	423.884
158.773	275.132
338.789	351.338
243.456	465.56
39.6033	218.913
440.977	296.878
490	490
90.4747	193.191
335.853	407.357
42.872	74.487
49.9156	362.654
388.253	483.182
148.813	323.922
490	490
148.637	154.606
342.555	289.668
155.279	75.02
259.363	55.0573
490	490
24.6252	291.318
372.663	471.903
140.037	14.2755
437.578	199.274
155.16	404.9
98.3112	127.984
23.5268	57.5357
60.3074	217.667
230.156	188.397
68.1161	223.914
72.5615	19.4785
119.591	334.577
99.9961	284.508
157.077	318.291
341.907	134.803
107.709	478.1
476.753	321.713
394.354	78.6256
233.48	464.877
36.8152	204
196.794	388.664
357.15	213.657
177.232	433.78
292.915	173.369
246.995	266.72
201.576	379.882
451.093	89.7284
312.354	216.007
466.184	295.424
414.019	155.26
42.3131	366.807
261.713	464.884
346.451	477.698
18.0928	375.31
387.487	289.09
490	490
213.193	190.04
39.4622	194.357
211.053	80.6875
332.025	133.273
415.583	165.136
268.732	370.669
284.759	117.56
360.264	24.278
77.0694	228.368
223.481	464.728
370.935	316.692
41.9335	184.667
441.722	395.958
490	490
442.085	362.614
418.606	70.136
363.521	62.2764
338.108	472.185
123.71	291.147
219.925	85.3024
115.413	472.991
438.995	32.0117
403.587	269.467
490	490
490	490
334.37	481.46
117.265	249.694
125.259	342.816
98.8895	283.23
138.643	154.962
21.4303	316.016
53.8711	486.362
440.342	225.197
396.347	262.569
448.964	155.863
383.142	38.993
166.91	316.469
271.457	462.635
132.97	14.1121
163.354	269.561
216.626	53.2356
11.9971	319.335
384.362	48.9183
72.3302	85.8345
257.226	243.019
129.743	351.754
128.846	156.967
490	490
134.905	145.687
357.58	322.022
219.771	234.512
490	490
490	490
304.409	419.017
490	490
451.497	165.537
97.3883	118.027
490	490
490	490
27.9508	208.629
120.057	483.876
490	490
292.102	431.582
406.971	416.568
41.5125	84.3941
74.0381	130.46
216.366	147.201
216.296	243.889
445.958	405.017
424	154.648
378.404	31.9027
174.718	310.222
483.944	355.511
470.253	147.539
332.166	464.142
358.135	135.904
490	490
229.133	89.2035
438.652	119.229
303.937	216.621
280.267	24.2398
490	490
16.1224	385.114
490	490
227.969	198.155
99.6955	265.965
11.1021	393.762
103.087	446.338
267.917	40.8776
441.848	349.632
182.809	316.098
23.4417	318.901
333.992	417.182
279.346	114.735
463.744	24.5045
70.4324	139.788
350.617	314.844
329.763	236.779
444.048	238.812
490	490
210.178	384.981
228.422	433.926
202.597	148.171
438.03	198.286
174.351	196.839
216.979	137.22
208.289	134.096
32.2568	284.855
267.858	233.722
459.146	171.978
207.422	248.499
215.588	376.571
99.0892	188.112
490	490
7.77205	403.192
490	490
146.548	45.012
473.328	425.902
88.9186	282.469
292.006	298.285
490	490
274.316	16.2038
256.48	377.204
226.211	141.064
189.226	323.767
330.19	336.362
246.601	378.752
465.558	446.362
493.863	354.242
55.4504	354.326
32.9233	315.723
252.209	251.67
15.2716	381.584
432.916	345.134
264.579	13.9243
151.069	333.664
469.985	31.5125
214.173	43.5411
257.043	291.795
21.5734	200.926
254.579	13.8834
377.781	145.525
361.315	34.2226
422.337	132.524
126.493	166.687
214.28	84.9488
383.264	23.1635
375.963	155.358
371.681	461.952
464.752	330.122
290.36	109.276
17.355	191.86
455.41	127.38
204.474	41.1055
369.439	102.085
301.866	70.1933
218.544	242.925
142.876	46.0807
450.224	246.678
15.1289	409.965
193.159	151.476
423.466	68.0862
113.709	240.347
199.168	322.693
144.696	319.07
31.6711	225.003
9.80748	316.086
350.285	23.6271
490	490
82.9887	195.383
110.588	330.226
128.244	361.641
367.075	212.438
159.221	339.456
215.296	470.473
269.247	473.338
490.638	480.02
205.555	316.35
451.405	20.6322
173.349	78.7073
490	490
368.663	104.081
39.1686	175.057
490	490
261.592	255.127
48.7494	374.46
366.303	222.408
459.724	454.484
113.776	230.347
205.763	90.1901
97.7324	477.412
220.239	128.485
84.721	205.232
246.413	19.6557
490	490
460.974	464.405
457.74	82.2574
238.217	431.91
168.799	336.582
426.698	337.303
490	490
309.394	67.5202
68.5938	228.306
29.3023	275.302
207.992	181.498
322.13	243.239
357.846	132.394
127.666	371.625
343.927	279.763
337.396	490.991
83.5574	232.286
44.996	89.8078
309.126	420.057
297.093	209.331
53.2438	476.381
490	490
287.929	440.67
149.64	327.88
432.488	24.4183
466.934	178.251
465.058	124.752
406.521	148.642
74.1732	190.663
159.2	65.8211
381.534	32.953
46.4986	349.869
490	490
402.183	425.348
433.584	330.051
224.076	375.475
247.351	386.34
23.1781	67.5296
58.176	474.412
432.328	392.531
239.633	428.455
92.1786	485.728
318.316	63.0036
192.04	376.872
215.794	147.349
261.77	300.607
30.439	179.935
355.798	203.749
490	490
490	490
472.628	41.1567
198.062	398.583
490	490
238.874	86.9428
298.518	115.06
400.955	156.95
75.5888	120.581
449.402	393.049
81.2002	90.4521
271.096	304.218
417.753	341.774
495.103	344.319
113.018	447.512
464.66	226.965
64.9874	351.318
127.593	158.816
496.439	334.562
212.239	389.017
322.477	136.246
454.524	472.047
462.072	232.658
77.9344	240.555
197.904	34.3548
490	490
469.551	218.243
171.755	300.671
436.425	288.367
314.167	55.4722
353.672	60.5414
23.8083	47.5397
130.026	343.974
340.341	398.421
7.47206	416.397
490	490
446.8	16.3792
18.7801	76.5106
376.492	453.185
486.19	318.406
488.711	470.208
265.076	264.501
198.949	137.668
230.129	207.919
413.248	266.884
482.427	421.754
60.6341	141.786
239.381	273.204
474.728	50.9339
165.076	57.7295
200.36	241.418
96.1534	453.04
361.994	195.9
38.5281	97.4345
127.294	291.582
163.678	331.857
125.559	244.106
490	490
5.2595	319.737
415.664	347.563
467.877	324.126
490	490
207.136	328.736
96.6358	127.999
84.8668	291.611
343.508	420.254
136.007	53.3488
135.985	377.174
50.3867	96.0381
43.9649	484.995
475.999	361.584
490	490
425.65	17.1218
53.4996	84.5459
33.1496	294.816
480.165	146.217
205.476	72.3877
486.584	336.255
24.3406	266.62
167.779	430.517
297.262	111.568
190.14	40.6577
431.489	205.85
370.908	33.0987
468.554	240.273
456.312	293.827
132.868	174.391
153.127	73.7658
435.458	320.229
469.402	423.03
142.438	171.488
273.468	459.462
490	490
17.4927	83.908
406.848	342.843
353.853	190.093
248.871	86.7291
88.4037	231.63
30.3304	39.9593
467.446	243.733
281.354	453.313
386.458	264.054
142.317	10.5574
150.105	83.2982
344.522	64.5757
35.1985	31.2242
337.26	272.31
196.17	93.0131
58.2909	151.508
341.596	289.488
410.377	75.818
125.06	143.935
490	490
385.807	254.075
225.38	58.0707
290.311	201.982
320.28	335.026
390.125	54.5015
490	490
96.4825	262.607
90.7049	87.3439
151.223	93.2355
65.319	467.413
355.013	14.8157
12.8237	182.945
314.734	142.575
376.894	470.486
122.598	380.245
105.43	444.874
205.916	404.774
115.071	144.405
38.6653	21.8444
58.8093	79.7851
317.001	251.824
233.184	148.231
387.77	29.1683
273.484	229.947
361.153	145.437
376.158	54.1745
104.733	256.956
306.394	148.092
248.738	432.589
47.3358	24.2106
490	490
382.874	162.586
263.671	49.9316
226.373	365.743
359.664	7.81413
385.032	248.687
377.603	241.992
490	490
330.09	129.762
448.342	479.907
261.177	226.281
370.783	206.913
411.697	276.763
70.2644	359.812
490	490
479.012	467.771
385.629	241.97
116.566	167.896
261.534	479.703
28.9239	234.618
157.269	101.201
137.283	292.056
79.7988	296.235
396.209	57.4312
41.2763	98.1381
80.1902	225.219
490	490
490	490
382.781	136.864
360.682	97.2581
165.499	440.254
417.574	81.9842
108.413	151.866
215.524	374.759
209.275	462.488
132.163	62.5802
352.603	150.624
310.412	336.106
24.9147	176.777
328.442	144.272
490	490
348.624	138.992
411.199	356.511
394.505	21.7761
224.927	467.781
490	490
83.3207	490.369
169.022	188.377
452.436	402.578
490	490
272.12	311.511
103.359	435.09
126.521	385.741
405.029	284.216
229.382	273.246
158.783	111.086
154.276	348.148
447.545	133.557
430.271	117.105
21.7803	34.7731
174.143	53.5117
85.3677	304.541
86.2496	454.424
258.04	286.621
352.348	424.93
24.5807	406.699
404.444	352.987
64.0222	226.803
460.08	77.5126
432.429	63.6518
291.978	71.6816
328.104	276.331
103.966	337.72
402.194	362.731
257.374	19.8021
296.686	150.492
104.226	268.934
490	490
379.604	13.8573
386.558	49.4812
490	490
440.51	8.60541
57.3719	369.846
74.4387	292.344
78.7758	95.0722
220.461	40.9995
34.7502	271.736
217.513	118.864
172.608	54.515
278.63	476.796
350.922	293.097
42.4612	265.369
5.7501	175.877
65.4879	296.803
19.3777	199.141
184.656	330.189
23.4369	166.887
490	490
347.09	74.2403
422.51	263.113
468.863	82.2935
478.7	214.207
212.365	190.492
455.885	478.002
490	490
69.0537	356.81
235.849	362.548
320.327	47.5953
80.6783	183.068
367.883	221.949
185.578	151.81
97.8607	127.569
199.11	394.537
490	490
359.884	418.356
273.518	259.14
137.587	19.368
264.175	265.647
360.904	186.451
33.5305	282.428
248.68	273.142
37.3598	87.5855
440.348	201.21
436.975	54.7451
473.087	251.99
128.065	395.621
490	490
439.059	388.411
189.016	136.517
318.585	279.395
490	490
490	490
123.476	67.5336
102.168	247.291
204.525	402.595
76.2665	250.415
424.924	108.655
313.924	39.9145
9.51506	322.991
451.038	387.996
243.006	150.109
380.56	172.315
259.438	274.453
214.397	92.2389
168.503	298.984
490	490
50.0138	258.815
377.732	214.105
308.87	277.023
490	490
467.006	127.497
141.245	92.5829
145.71	297.44
121.995	443.106
135.169	316.03
190.081	338.59
432.319	334.217
312.583	30.0047
326.496	342.859
345.697	266.943
454.059	388.248
478.5	239.238
17.7311	25.6296
215.485	454.651
55.1229	374.674
315.325	412.211
239.364	283.204
254.24	486.544
324.527	233.531
4.99608	189.168
490	490
314.299	402.264
363.988	426.39
168.21	288.989
190.835	244.462
334.412	336.749
412.811	76.2798
270.789	259.707
354.273	184.651
157.018	434.956
127.711	20.9399
478.535	79.7555
200.136	248.139
89.8049	212.79
181.692	35.3066
490	490
490	490
183.194	372.207
203.415	66.9953
146.319	99.7057
370.919	463.575
7.82106	81.3664
346.809	487.615
253.843	48.0857
490	490
262.268	491.102
445.5	209.781
199.886	231.429
477.002	127.783
490	490
255.358	93.9619
104.332	328.221
356.333	490.663
451.398	489.429
59.1912	383.809
351.289	434.873
101.488	255.635
454.286	69.3623
334.809	121.568
296.141	193.857
352.118	213.047
120.429	284.311
205.283	141.07
342.713	137.108
146.007	53.318
93.8105	438.062
322.337	223.773
490	490
423.067	200.459
118.748	25.3736
281.843	313.851
147.995	430.643
490	490
78.2795	253.854
101.846	488.287
490	490
305.535	60.5216
490	490
449.878	463.192
419.027	91.8781
361.993	107.172
439.001	217.382
239.175	263.206
286.705	151.096
55.3308	161.06
130.454	368.843
246.784	421.466
36.9718	477.847
490	490
108.131	431.099
91.3302	492.923
359.473	298.283
490	490
472.811	429.996
491.687	310.052
490	490
471.569	439.919
261.601	216.29
248.371	481.787
473.75	153.888
368.747	302.022
192.803	329.686
114.832	154.869
283.429	257.81
210.532	112.992
239.992	414.126
184.985	128.324
322.521	352.035
457.996	228.703
126.936	57.9595
438.711	111.743
490	490
35.6796	292.683
490	490
304.35	403.271
3.96031	90.5911
330.741	128.001
371.459	455.644
485.931	362.753
126.869	254.02
66.8916	246.935
288.62	476.35
490	490
444.643	393.213
301.714	105.586
490	490
400.699	359.103
33.3888	167.866
323.989	361.927
490	490
314.529	233.315
108.783	26.2034
78.2299	110.936
255.011	415.781
41.7322	84.72
242.539	474.766
336.348	111.687
8.52876	21.7159
275.698	295.34
490	490
144.603	382.247
73.5463	488.257
490	490
364.374	409.421
436.713	286.293
134.487	140.6
397.412	67.3586
400.966	29.409
490	490
84.6297	434.098
217.445	123.09
120.611	76.4667
235.585	352.551
450.908	25.4965
173.248	371.169
111.59	490.533
365.197	290.196
113.545	134.522
104.89	443.278
390.7	358.965
327.383	154.215
446.59	193.398
108.972	454.225
341.302	434.36
432.611	5.17581
434.13	298.1
151.08	389
490	490
27.0027	478.632
74.7401	432.616
490	490
379.279	127.498
490	490
490	490
173.46	40.9838
350.682	97.3954
51.7721	365.342
398.116	74.6418
134.331	260.677
477.93	117.826
185.493	252.916
371.958	134.31
385.948	120.046
3.93315	81.8188
21.0227	276.053
396.978	357.418
194.527	245.145
393.769	350.046
495.903	489.728
304.333	344.047
181.022	156.503
490	490
447.917	107.837
14.3946	331.719
490	490
449.808	453.192
420.149	253.396
373.518	405.375
442.225	297.66
38.9113	235.121
98.7868	25.9096
163.99	93.7957
468.897	212.233
23.8159	396.729
262.13	311.952
181.588	240.654
490	490
363.76	310.689
321.003	161.915
339.392	58.0549
219.754	31.0246
455.306	380.289
432.21	381.124
178.251	322.509
132.852	87.1461
94.2024	335.56
486.786	372.716
15.3303	314.855
29.3448	199.951
152.283	386.123
304.993	96.1388
361.753	32.9733
116.729	425.994
261.361	304.746
445.047	409.316
99.1354	148.134
479.871	151.034
343.867	190.623
305.975	22.4997
216.673	371.444
371.823	429.965
490	490
267.251	21.3622
100.225	90.4033
480.352	367.421
200.95	323.887
343.92	75.7455
41.4692	108.136
77.311	119.157
19.0707	232.911
481.692	238.441
394.386	237.141
280.996	142.886
364.069	310.996
4.42745	100.58
380.155	49.7432
387.122	368.302
443.574	32.2938
303.813	197.25
487.914	472.328
25.8573	294.402
209.369	150.197
297.408	114.611
122.388	12.4744
254.021	209.767
25.2249	468.791
255.876	84.4964
234.515	269.247
121.583	490.901
123.822	432.644
490	490
328.017	371.08
341.801	108.322
14.033	241.549
446.988	76.1989
483.13	372.519
40.5043	39.7006
88.3407	77.6274
169.975	316.897
212.554	412.253
490	490
161.788	389.23
487.743	115.901
392.749	161.013
210.468	326.957
490	490
453.657	186.322
181.222	25.3177
391.519	132.003
322.801	396.999
254.316	103.907
191.688	35.0211
192.546	368.666
297.825	405.85
57.0165	21.7038
445.116	283.924
65.0597	76.4567
453.871	127.322
81.634	297.96
113.364	341.138
386.853	469.587
479.744	121.189
304.479	286.007
232.439	367.363
351.339	13.3547
385.391	181.07
289.246	313.026
50.0284	36.6526
191.057	261.225
254.656	300.41
475.571	420.385
355.966	488.66
383.336	171.773
298.594	477.074
490	490
190.085	330.171
490	490
361.259	203.864
490	490
177.945	286.7
325.297	118.482
484.708	206.213
410.495	250.791
440.738	402.508
490	490
480.991	206.17
499.23	485.31
490	490
306.38	412.89
307.273	472.108
460.373	22.268
103.804	258.984
297.476	283.659
206.243	190.236
304.501	68.1317
465.256	30.3944
319.052	22.3786
161.387	322.02
286.301	134.409
490	490
12.742	72.661
24.9935	205.255
165.935	279.251
297.982	308.158
318.383	373.761
27.455	214.948
202.115	469.47
213.912	180.612
340.923	292.968
57.5735	170.805
309.787	87.363
317.472	242.872
261.509	219.081
15.7232	63.1157
490	490
368.899	439.528
219.412	322.485
73.6968	478.258
142.639	287.923
19.9356	476.488
490	490
395.309	179.795
193.833	245.819
79.2381	447.294
256.883	104.783
188.989	162.547
381.06	426.134
486.87	200.179
130.049	244.539
481.255	121.88
207.183	449.075
36.9965	167.549
34.4775	222.067
409.622	95.2759
476.481	379.988
91.1119	463.163
76.5802	192.189
88.4007	130.81
131.906	234.713
490	490
494.235	464.578
86.5216	424.279
21.5656	338.689
260.517	229.032
385.042	240.702
270.778	222.834
239.536	343.365
121.596	18.4256
490	490
94.7416	345.545
342.353	147.101
490	490
193.837	44.7875
159.845	444.548
387.735	433.58
330.281	403.635
201.756	108.198
270.116	497.3
64.7643	433.311
448.226	274.421
410.804	31.2007
163.542	39.7034
481.666	70.2581
464.555	157.818
389.847	430.927
224.254	93.9211
209.658	229.306
112.286	35.5695
209.21	364.788
224.98	451.514
91.1677	19.4328
159.832	271.329
447.503	489.435
197.205	221.796
485.211	417.726
322.681	108.83
490	490
459.851	463.93
300.819	317.747
490	490
273.141	468.438
49.8722	102.715
315.904	252.749
79.0537	356.846
267.336	280.586
490	490
329.206	167.635
333.06	357.717
344.791	49.6379
172.688	162.029
103.344	495.745
490	490
213.118	355.583
415.134	269.866
303.943	40.5376
82.1101	15.1948
490	490
138.768	227.438
381.128	453.092
438.119	101.76
122.845	73.7554
342.854	18.6467
246.198	159.586
490	490
161.882	261.542
351.949	56.6208
62.965	370.046
462.322	189.477
126.332	285.241
54.284	151.115
395.559	422.719
66.1695	256.909
173.965	156.919
381.182	355.899
30.9693	403.716
265.449	31.1984
494.613	478.414
87.563	67.6577
252.591	223.406
229.192	320.4
167.083	149.664
376.782	59.1572
58.7016	68.7383
429.829	343.902
300.403	273.305
79.8053	212.701
483.458	315.734
410.754	87.7463
146.364	14.5749
117.806	420.886
230.036	413.191
296.241	135.499
146.881	398.076
468.405	163.435
352.561	138.847
12.0473	470.342
40.9428	402.988
85.5867	416.489
24.7551	338.756
83.4291	453.017
61.8682	437.767
14.4158	393.317
173.903	234.464
310.541	474.283
431.213	405.551
204.149	178.446
75.5762	101.295
249.022	346.531
437.586	372.691
490	490
248.595	201.367
228.707	277.387
230.921	403.23
55.2386	45.1881
483.46	60.4203
323.112	418.485
218.655	177.521
158.892	275.156
193.858	64.0532
262.261	12.6965
393.466	474.619
231.417	262.04
297.477	204.987
448.229	226.557
176.193	379.588
122.513	345.175
38.3419	49.464
20.6232	59.8825
263.174	467.616
369.067	285.848
342.109	302.898
427.728	344.886
434.458	403.956
61.7144	438.337
478.341	307.143
474.758	28.6017
255.735	310.39
367.051	98.5455
490	490
129.536	288.623
98.3783	458.829
299.864	486.993
247.125	55.4926
42.7647	265.703
268.905	18.8063
131.574	491.334
150.317	447.584
167.018	434.947
446.424	41.8789
490	490
5.72427	62.9708
223.121	131.322
460.901	12.2819
488.297	105.916
490	490
490	490
51.9727	141.385
321.592	174.117
360.285	8.88519
442.31	464.665
57.987	30.3705
189.202	161.385
132.83	73.2233
474.182	319.468
392.938	119.234
333.978	355.926
75.6283	415.577
81.859	454.956
490	490
9.75113	188.529
490	490
294.722	276.056
111.753	432.227
42.5412	299.957
63.7148	362.024
312.075	403.553
51.9154	436.342
185.181	49.7943
15.8873	293.628
490	490
85.8735	336.384
476.631	197.599
43.8104	240.767
37.8913	112.182
72.5809	302.207
344.012	438.19
377.721	371.712
344.65	65.8639
271.082	307.495
61.6673	138.933
280.24	323.722
446.899	62.6217
402.976	429.426
64.9181	86.4557
348.309	478.504
397.657	227.691
250.344	95.1305
312.234	15.5396
41.7937	469.086
491.51	454.957
198.736	158.369
110.744	483.764
111.607	457.913
434.775	387.212
174.188	313.414
490	490
258.509	229.838
287.459	188.895
292.11	408.962
395.186	235.995
449.624	206.752
490	490
30.7895	119.222
364.116	36.4289
197.491	211.8
488.696	119.02
449.946	418.035
347.542	15.7907
362.174	278.603
106.499	98.1907
87.9127	290.176
43.236	441.309
494.337	300.41
331.904	64.6828
494.833	488.478
193.585	374.392
225.386	312.925
177.845	23.8097
490	490
17.5276	66.3485
410.606	268.571
28.9788	195.927
122.716	230.771
160.923	454.489
110.324	125.055
289.95	418.726
28.9433	158.909
375.786	47.0392
369.09	368.045
57.1495	156.43
486.722	446.178
24.4804	126.98
336.491	356.362
56.062	64.4436
183.459	309.665
448.679	177.649
399.667	94.3243
166.163	43.3316
364.587	97.3303
93.7025	338.86
75.3431	241.59
480.381	487.266
335.605	296.166
43.372	43.8966
148.681	407.913
186.62	24.4137
22.0626	460.387
115.126	164.864
332.436	127.198
352.938	209.41
109.71	35.3443
244.481	87.1297
490	490
375.372	292.568
46.4933	394.67
220.427	90.6984
490	490
490	490
196.569	319.312
294.766	44.5089
385.481	139.974
397.018	340.589
75.1108	468.358
461.165	388.393
431.539	388.286
73.2264	348.719
283.322	318.272
59.0293	132.403
312.062	484.167
68.9342	239.793
218.03	223.837
153.844	21.2118
355.378	271.267
169.198	304.748
459.187	187.289
481.073	308.443
263.511	271.346
351.064	76.7479
220.692	94.4284
69.4004	86.3628
136.916	398.902
150.021	409.918
78.804	432.992
187.509	311.755
142.029	83.1749
204.489	244.28
294.349	344.615
325.892	253.221
73.5238	218.822
142.664	297.923
199.037	474.503
491.668	425.363
68.7182	72.1531
283.923	145.002
241.063	372.424
122.335	295.562
369.508	289.713
313.886	41.6031
279.964	418.203
124.978	233.096
312.825	280.498
490	490
410.012	251.664
490	490
431.183	382.736
490	490
463.624	220.73
134.832	380.117
297.09	27.0893
267.688	215.903
471.565	110.939
438.232	226.315
169.798	171.603
446.823	421.621
142.314	143.693
333.916	374.173
34.1646	260.6
418.442	81.3518
490	490
378.276	473.892
405.883	255.862
320.51	473.5
86.9166	116.376
235.033	339.9
319.77	86.7856
272.498	458.459
153.921	409.858
234.185	252.431
202.238	69.509
10.0729	402.325
490	490
237.279	57.2418
382.055	149.045
159.317	102.637
163.66	287.77
119.256	221.389
456.061	102.034
470.423	368.611
38.0923	407.873
251.773	191.886
322.151	62.833
174.626	14.342
238.612	330.562
72.3553	406.128
174.807	274.636
80.2661	283.732
165.133	169.032
490	490
490	490
255.682	33.3433
401.658	27.1574
11.0182	412.28
412.216	433.25
130.58	436.829
328.512	135.104
490	490
73.4671	488.255
162.731	161.013
439.754	342.678
273.255	232.523
44.7477	94.1279
335.03	309.961
46.8458	52.2228
292.594	492.329
295.907	214.863
207.61	61.0742
310.337	26.205
56.5095	29.7813
11.0821	88.8111
211.141	356.435
86.1718	28.0954
80.1155	232.802
49.8211	89.5723
282.254	456.264
405.584	221.595
329.446	347.012
440.534	202.585
389.804	52.3714
295.155	94.3439
223.198	215.276
132.718	140.88
153.503	10.9601
170.742	286.413
7.50357	402.514
490	490
490	490
311.149	163.617
243.904	340.845
386.222	343.485
429.473	106.784
466.986	148.118
466.095	225.613
474.917	373.99
482.726	377.624
457.776	447.149
461.861	473.726
490	490
13.078	422.065
390.834	62.3182
418.159	37.9752
100.985	249.389
45.3778	248.467
454.817	94.3037
15.591	223.536
273.587	149.602
413.899	100.947
461.333	463.883
423.585	72.7756
150.416	267.961
358.656	217.614
312.785	59.5877
26.8792	335.046
131.677	230.856
253.052	320.023
114.572	104.092
381.105	467.576
284.399	187.901
40.1338	478.947
205.505	66.8727
350.095	210.372
125.621	305.007
53.1227	368.277
373.909	91.2672
22.8428	461.996
490	490
69.3816	199.13
490	490
279.218	476.379
218.584	153.457
305.395	326.639
349.87	468.626
11.0129	79.747
53.6605	428.874
381.529	483.349
376.29	417.345
490	490
191.862	106.747
336.625	411.366
215.209	334.537
296.416	103.502
387.029	333.518
279.443	485.866
484.395	452.76
264.857	80.098
373.564	368.435
17.3602	486.151
402.746	160.769
84.2162	365.41
36.3666	434.042
449.48	340.351
257.076	4.1455
270.239	415.873
156.356	173.824
366.365	316.575
59.4879	197.676
465.21	118.66
298.152	141.71
248.003	39.7486
398.033	84.4588
480.494	297.378
151.277	108.325
89.8916	83.2621
81.7965	284.398
476.907	149.377
66.8278	379.27
14.5213	345.787
19.6673	93.9389
449.765	34.2163
400.883	135.512
147.714	222.971
490	490
259.021	239.825
14.5194	127.862
6.11347	413.542
33.1965	32.8744
347.263	447.646
490	490
120.291	125.859
490	490
402.157	415.204
285.108	310.519
462.694	234.917
314.508	493.863
302.605	12.8426
238.699	277.782
65.8997	398.491
194.047	368.543
407.349	102.248
490	490
385.153	69.5879
253.988	471.566
255.524	46.3388
343.693	134.385
456.442	59.6342
28.0392	457.986
485.264	61.789
490	490
490	490
28.4792	93.8009
372.836	62.0837
372.439	146.3
151.108	181.836
19.9914	354.158
294.906	198.608
490	490
351.379	8.81569
490	490
490	490
199.219	210.353
402.927	477.86
368.957	271.256
487.551	106.224
177.111	178.424
490	490
410.536	256.403
344.596	218.724
161.998	93.0027
347.685	228.235
248.845	480.143
24.3341	262.433
319.715	463.531
28.8313	252.141
238.536	340.778
490	490
428.467	347.351
240.936	480.954
382.05	380.726
113.48	233.232
490	490
44.8797	80.8785
222.595	266.751
450.7	334.697
167.466	53.2463
7.12278	387.745
111.084	215.625
31.2301	128.522
148.522	457.421
322.399	169.696
170.869	88.3873
16.0158	408.362
193.953	482.517
370.863	107.791
5.49872	79.7145
238.578	478.143
300.716	126.556
396.202	79.8231
268.183	425.659
490	490
247.79	304.318
267.771	283.408
186.869	176.24
381.758	51.1417
83.6797	139.626
22.2237	471.89
464.878	376.933
482.104	157.921
151.434	322.989
61.5545	59.7061
371.022	411.148
204.11	319.119
490	490
215.211	230.538
160.683	176.982
