Saved a vector of rrt <nodes> points.
X	Y
25	475
29.7334	466.191
36.0285	458.421
39.6006	449.081
47.3337	442.741
46.7998	432.755
53.009	424.916
61.9364	429.422
70.9929	425.182
76.3062	416.71
83.2428	409.507
91.7975	404.329
101.414	407.071
107.077	398.829
116.498	402.18
104.932	389.061
102.788	379.294
102.737	369.294
100.314	359.592
101.674	349.685
103.713	339.895
109.172	331.516
119.103	330.344
125.404	322.579
94.0215	367.364
125.502	312.579
92.8704	377.298
134.535	326.657
123.231	302.84
119.898	293.412
144.216	324.151
101.222	382.798
152.193	318.121
159.478	311.27
168.392	315.803
176.046	322.238
182.515	314.612
112.537	286.643
109.364	277.16
191.303	309.842
200.289	305.452
181.29	330.753
210.041	303.24
211.087	293.295
215.091	284.132
217.615	309.77
186.762	339.123
226.177	304.603
106.191	267.677
236.177	304.624
103.018	258.193
218.768	274.832
245.935	302.435
225.318	267.276
232.796	260.636
236.432	251.321
233.628	241.722
252.841	309.668
242.563	237.232
99.6186	248.789
257.082	318.724
179.79	346.291
96.4555	239.303
93.2924	229.816
96.8478	220.469
90.1404	213.052
80.2193	214.307
109.45	246.961
169.815	346.996
117.908	252.297
170.066	356.992
173.118	366.515
177.073	375.7
77.4191	204.707
71.6043	219.384
266.79	321.125
160.081	356.445
249.754	230.282
97.9	258.12
267.399	331.106
275.716	316.617
275.688	336.7
285.633	337.752
295.633	337.757
305.381	335.53
93.672	267.182
169.161	381.815
245.345	221.307
270.431	345.207
310.571	344.077
320.437	342.444
122.977	260.917
166.606	391.483
122.495	270.905
84.7562	271.711
329.213	337.651
78.595	279.587
331.673	327.958
69.2728	209.66
247.471	211.535
323.976	351.797
120.884	280.775
164.868	401.331
330.113	318.08
261.558	349.819
330.706	359.193
161.888	374.951
72.7539	287.704
70.0614	297.334
66.5307	200.043
264.369	359.416
170.523	409.578
244.976	201.852
69.6578	219.652
78.6686	206.236
339.705	363.555
81.1354	262.389
349.61	364.928
247.562	192.192
245.16	182.484
165.307	418.111
359.224	367.679
73.3484	306.779
154.915	400.367
162.835	364.996
357.846	377.583
83.3222	306.055
130.712	278.926
68.8954	315.733
156.381	422.618
320.937	314.107
72.4693	325.072
72.1118	335.066
172.754	363.728
352.406	385.974
358.468	393.927
249.653	173.551
243.016	166.071
235.046	203.033
148.363	428.594
138.747	431.339
259.396	350.74
234.729	160.474
365.331	359.759
180.434	410.905
140.712	278.93
375.33	359.887
240.824	152.546
120.92	280.957
346.876	394.305
241.04	191.236
151.437	438.11
148.476	285.232
384.593	356.119
225.947	207.181
225.653	156.277
116.337	272.069
220.23	147.875
248.938	146.701
337.341	397.32
256.491	341.172
338.68	407.23
252.655	357.933
211.767	142.548
205.184	135.02
365.077	401.431
198.748	127.367
330.803	312.475
191.23	120.773
130.502	436.998
182.565	115.781
107.742	266.959
173.505	111.547
69.0447	344.584
111.608	257.737
254.672	367.727
102.743	253.109
72.5304	335.211
158.382	283.865
252.676	137.426
216.057	205.703
262.43	135.222
216.152	140.675
329.712	302.535
141.096	268.937
73.2685	353.648
269.243	127.903
96.3333	245.433
393.643	351.865
403.152	354.96
411.513	353.69
95.305	235.486
174.067	101.563
268.771	117.914
242.656	357.867
165.172	96.9944
68.8318	325.92
274.419	109.661
373.688	406.515
377.361	415.816
71.7854	321.637
284.262	107.899
235.644	364.997
86.5639	247.569
58.8334	326.1
67.5538	361.854
67.2354	349.437
293.721	104.652
78.6865	241.409
62.7809	370.642
59.083	379.933
303.475	106.854
313.239	109.017
378.425	422.665
225.687	365.931
95.0503	225.49
135.801	428.517
421.291	351.593
270.779	100.347
253.224	147.411
379.634	432.592
260.032	154.736
220.382	214.719
68.7021	241.966
158.519	293.865
368.624	424.652
325.258	311.488
148.272	261.973
59.1666	244.979
389.59	431.654
252.555	377.501
56.3024	389.538
318.325	117.627
223.533	224.209
243.508	149.775
378.817	418.323
294.899	94.7219
242.806	347.868
327.975	115.005
55.6811	399.519
51.8013	238.215
268.044	127.101
396.98	438.391
143.984	434.265
71.6502	326.854
231.234	357.731
220.504	220.07
240.747	338.083
229.906	211.671
47.954	228.984
218.574	372.959
361.638	431.806
150.87	441.516
241.407	139.998
411.352	350.486
156.515	267.634
213.368	381.497
77.7214	238.859
50.2238	407.899
204.453	376.966
267.052	91.0678
213.158	207.805
159.653	446.297
46.8358	219.047
128.641	435.499
337.931	115.943
323.474	301.649
48.2012	209.141
345.536	122.436
252.664	349.546
77.4573	363.24
322.198	291.73
120.128	440.746
70.2915	316.947
204.837	202.258
55.962	416.089
251.682	160.237
402.182	354.475
255.694	386.995
96.8562	215.654
232.269	135.936
260.461	120.582
231.807	201.854
41.6996	402.67
158.256	456.199
341.389	106.56
262	159.024
81.6292	327.502
218.438	232.814
354.293	127.265
144.963	424.313
406.415	435.079
93.4851	206.239
251.524	351.213
48.7352	383.001
36.8753	218.159
84.685	335.952
259.633	342.374
81.7182	372.287
329.319	284.71
362.363	133.171
166.47	461.901
371.573	137.065
92.7283	341.894
355.204	140.154
340.583	96.5926
176.364	463.359
362.068	441.797
265.326	384.307
384.621	410.18
113.498	448.231
379.657	142.952
347.766	89.635
376.996	128.663
385.473	123.358
42.6754	375.046
409.845	444.473
393.129	116.925
222.633	133.264
203.97	192.295
52.5171	248.189
60.5846	314.543
214.075	128.091
260.484	83.5271
353.085	149.927
226.725	238.411
256.817	74.2239
353.668	447.223
421.352	350.401
427.224	358.495
276.636	93.9218
43.8645	253.202
199.992	368.016
329.357	274.71
182.14	471.521
354.958	149.36
71.1597	314.891
227.291	248.395
86.5087	243.632
417.712	450.646
248.117	69.2927
242.822	77.7757
403.112	117.507
262.906	66.2914
270.804	154.282
96.435	244.844
103.295	204.299
87.6222	325.015
253.64	392.966
409.952	110.213
51.1477	317.852
419.765	112.138
423.989	367.958
343.705	448.079
144.728	414.315
207.003	199.588
220.846	256.041
423.919	103.041
418.397	376.248
206.194	121.935
175.14	478.662
105.995	454.842
202.531	358.344
418.809	380.169
234.447	72.3114
50.6375	424.553
267.472	336.164
322.766	291.749
192.123	470.936
234.718	62.4551
243.878	395.134
312.882	290.236
200.079	348.649
433.385	106.264
36.917	208.159
275.2	382.723
230.364	53.4526
388.04	148.403
436.718	115.693
194.501	375.535
213.243	262.536
394.563	409.102
440.392	99.1304
158.139	467.432
204.906	268.059
197.912	184.339
442.236	124.032
334.282	451.428
332.282	265.148
280.1	150.595
192.298	342.368
427.075	454.158
190.532	364.773
451.989	126.239
284.135	100.537
224.992	45.0179
27.1296	206.108
335.819	461.309
330.314	298.309
45.5081	433.137
422.219	389.57
198.502	478.637
18.5806	200.92
78.0708	248.999
196.287	120.579
345.34	138.512
34.1414	250.865
411.082	446.82
435.07	460.165
187.412	115.969
35.747	430.965
444.924	458.466
444.128	89.8541
329.596	255.515
113.238	203.23
216.891	39.1554
117.396	212.325
184.922	335.615
320.593	251.162
240.014	404.357
208.419	479.926
191.433	176.722
258.767	341.088
46.4745	211.101
136.135	409.201
453.17	85.5842
178.044	119.467
339.852	438.851
207.146	36.9134
246.917	411.593
197.147	36.7556
430.274	383.643
43.9858	310.873
180.411	326.69
346.768	144.066
395.873	110.609
207.905	184.734
187.17	36.0743
223.55	240.984
455.143	135.729
456.608	145.621
433.545	365.009
415.18	363.226
446.409	468.356
333.653	431.004
177.193	35.393
431.894	454.089
245.235	416.801
167.72	38.5955
101.968	253.174
276.862	107.4
188.903	461.469
324.283	451.583
335.164	421.119
422.62	458.04
83.4458	315.929
168.518	116.424
216.162	121.135
439.108	81.205
331.855	308.19
157.011	457.495
289.781	148.092
96.4258	457.747
207.131	341.559
458.505	77.1264
252.4	348.798
172.794	320.211
254.303	421.017
222.363	30.7852
130.987	400.628
169.666	310.712
284.552	386.264
181.487	175.682
404.183	454.059
33.8685	203.855
331.414	470.286
167.372	328.613
323.366	281.767
166.215	301.327
390.957	139.1
174.127	168.912
293.625	382.06
228.701	23.0505
35.0096	315.281
179.618	160.555
225.82	231.245
204.343	343.868
295.205	156.494
222.85	265.311
26.307	427.665
442.624	369.2
122.893	200.628
253.876	394.922
226.161	121.282
268.919	381.266
342.743	421.919
423.259	399.516
262.066	427.32
287.296	156.384
138.457	393.98
102.649	465.575
449.898	362.338
47.1693	320.352
289.775	92.2794
459.382	359.169
96.7863	447.754
292.81	82.7511
412.208	353.678
89.97	323.508
87.0089	445.655
433.747	72.7636
234.786	42.9995
328.883	479.96
109.938	472.421
433.351	128.621
73.0356	257.639
318.925	479.046
268.674	339.727
234.717	226.679
429.847	63.5553
283.92	78.1731
456.3	117.216
312.036	256.337
132.683	202.668
148.403	395.025
169.575	106.48
207.195	26.9135
116.151	480.257
238.527	24.9085
448.094	448.982
141.021	208.189
329.414	317.887
343.348	425.577
230.033	404.959
234.428	226.466
19.0567	434.553
167.378	96.7248
430.893	53.6102
432.395	403.317
286.533	109.944
146.402	216.617
223.993	274.596
270.117	329.832
226.85	111.305
465.822	114.161
125.601	400.373
53.1594	328.36
236.147	120.753
195.597	454.041
325.734	474.364
229.428	115.996
454.025	440.931
468.458	78.1042
466.449	147.396
237.136	52.7196
394.32	148.517
127.046	204.653
116.893	465.237
82.5523	436.703
429.223	43.7505
115.641	401.265
202.554	446.857
468.325	363.645
30.2574	208.166
351.919	417.945
338.882	480.081
437.863	38.7156
225.312	101.424
277.394	157.783
144.766	401.693
272.55	346.337
113.914	205.028
48.6199	337.27
156.493	298.984
75.1838	267.405
453.337	430.954
166.212	29.7358
109.874	393.095
302.259	86.0245
343.194	489.104
214.652	188.561
274.275	320.737
283.57	324.425
163.988	87.3169
25.2971	317.661
444.426	434.258
419.736	40.5903
36.0079	325.231
315.211	488.331
302.873	83.0024
381.146	141.034
247.711	28.8655
73.4841	315.055
474.273	355.607
410.705	44.884
454.271	456.846
403.274	444.1
173.468	152.67
137.108	213.947
405.281	53.2856
151.823	225.02
198.229	441.418
441.755	66.7739
117.698	411.051
209.731	128.792
261.075	401.863
320.428	491.591
373.619	147.618
119.198	200.881
173.375	110.577
217.141	95.6596
434.294	29.3742
201.07	19.0086
463.534	453.078
213.049	263.328
444.493	353.924
186.5	449.888
304.114	262.439
179.771	118.264
242.886	15.9084
457.94	438.682
98.5268	328.683
43.6365	201.714
388.073	129.525
475.31	117.323
297.439	254.993
456.607	149.164
475.368	121.912
328.475	460.727
398.837	60.9327
173.11	83.2195
93.8455	470.318
204.217	9.51675
161.098	228.759
56.0497	343.963
125.722	477.361
106.399	322.516
471.444	68.5605
200.31	462.861
230.11	15.2481
98.2861	337.671
476.444	147.077
65.7899	346.228
24.8476	216.576
351.552	407.951
310.563	76.61
393.735	447.103
208.162	469.053
230.191	24.881
473.527	453.453
117.108	488.812
389.143	63.385
274.534	81.6244
232.447	236.418
384.952	54.3055
134.694	481.778
17.876	444.483
427.746	80.7625
287.485	255.951
156.043	213.962
291.114	258.916
481.317	459.723
461.371	425
452.446	124.063
39.9352	342.227
380.943	45.1444
175.081	73.4156
247.086	51.7204
94.086	475.695
149.989	291.388
23.2704	452.903
272.877	356.331
321.698	258.916
31.9474	310.193
116.649	491.211
163.12	291.496
107.401	495.013
264.962	84.5177
312.635	250.227
32.3735	348.771
206.317	36.8749
258.741	340.881
279.707	343.629
381.967	70.3495
222.326	284.456
287.402	268.201
165.517	210.761
153.879	308.636
257.4	26.3908
484.607	142.489
22.2903	202.122
434.661	352.099
230.856	410.946
167.648	236.315
140.673	478.859
438.892	351.156
236.64	130.741
143.553	283.735
280.231	331.491
22.8505	462.894
268.04	94.032
339.255	416.453
329.139	496.502
287.35	156.842
305.286	489.55
31.8445	223.721
249.666	345.08
176.76	232.195
346.075	399.584
220.517	12.4243
447.855	38.3131
472.124	372.895
153.224	231.821
426.192	31.144
381.606	36.6669
41.8264	224.321
14.6676	468.642
105.688	312.541
257.357	411.146
19.5609	434.626
10.1282	477.552
63.5527	313.886
116.161	324.684
331.692	258.573
240.274	348.515
165.129	221.995
224.03	185.09
225.766	228.978
123.822	331.111
419.295	75.416
117.873	387.094
468.959	141.758
173.87	36.1667
264.233	33.6922
472.265	452.698
231.775	220.985
443.085	127.582
233.461	181.767
144.427	273.773
476.301	353.553
297.349	156.684
182.086	458.861
289.725	275.311
241.519	223.233
163.342	233.723
267.847	104.03
413.145	445.702
414.488	435.793
65.6951	356.228
104.632	384.579
289.396	346.105
417.203	26.7623
410.731	426.525
272.699	33.681
277.449	42.4809
270.587	404.949
372.471	32.5975
305.431	162.573
368.988	33.7348
343.152	390.021
280.523	406.078
318.688	478.955
442.774	117.587
161.212	201.735
14.8852	215.71
26.7409	427.665
322.243	489.885
150.666	478.477
127.036	407.472
163.871	36.0153
141.365	215.761
183.707	440.286
186.372	430.648
187.195	122.598
157.762	317.852
238.616	338.825
96.3854	331.289
241.564	213.233
28.1756	300.932
298.295	341.544
461.203	450.799
110.064	321.189
115.593	210.209
382.536	80.3333
441.646	22.5949
111.718	219.428
418.447	16.8401
472.937	78.4484
235.054	120.867
408.458	16.3913
396.41	456.739
371.973	70.6891
273.867	23.7495
210.14	138.391
415.272	52.8511
132.84	415.615
379.68	89.9166
282.266	30.7676
69.0555	308.656
24.3008	342.869
184.443	461.234
193.606	445.678
135.241	269.822
304.011	349.749
221.037	412.837
149.287	323.16
317.805	83.5058
394.858	58.8403
125.372	268.208
237.95	203.909
70.2473	298.728
98.1378	498.782
36.6181	295.572
214.91	410.401
371.881	96.1766
167.714	316.868
429.937	90.5194
135.532	425.245
208.313	471.104
215.889	230.542
121.153	203.123
381.096	123.999
461.513	67.3863
185.561	433.7
145.214	332.029
153.623	269.843
438.75	42.447
336.634	497.964
23.696	311.124
24.1371	418.01
184.759	75.9314
363.542	98.0962
258.523	330.884
235.006	110.867
195.058	470.629
364.701	24.7003
324.941	268.376
354.526	394.238
454.515	61.6392
18.2994	483.317
140.633	318.149
315.431	162.524
480.854	65.1756
282.171	281.864
45.2391	214.921
74.2981	292.453
231.533	400.969
308.77	80.5526
385.153	444.416
256.477	321.095
230.471	420.938
327.011	256.681
182.008	114.049
444.567	62.6511
245.05	120.596
225.525	117.835
240.262	205.87
401.283	23.3569
156.441	202.831
34.9324	425.711
216.553	283.577
269.472	395.011
213.967	141.76
357.899	89.8406
272.454	279.5
239.584	58.3323
125.733	427.238
381.423	133.994
172.009	113.861
439.852	358.442
231.289	243.263
287.974	146.862
145.928	284.992
74.9018	352.324
313.113	345.606
364.322	64.2497
385.813	142.978
316.841	469.127
203.285	145.672
172.17	457.566
379.98	452.975
239.704	339.084
300.903	331.89
311.921	156.634
322.277	349.607
330.395	411.818
178.409	127.372
120.907	377.566
485.964	356.13
156.086	214.085
211.964	292.462
97.4896	391.579
355.987	29.6072
124.994	485.7
16.6999	216.488
421.033	95.0706
220.26	149.531
23.886	408.013
232.652	330.798
295.427	491.223
277.316	107.244
213.976	273.915
26.11	489.562
203.513	297.809
452.417	446.022
484.385	55.8199
130.681	375.449
308.711	463.304
328.051	341.443
43.8148	421.118
419.612	84.3407
131.15	202.888
32.7584	461.54
223.257	395.357
229.31	321.373
435.765	18.5083
391.162	33.7191
226.135	337.731
170.25	310.271
470.658	131.903
11.7577	459.075
346.624	498.41
306.454	323.572
359.272	16.3018
107.175	204.812
177.15	69.4422
36.0627	488.59
16.5152	205.844
307.032	359.282
279.368	416.011
453.585	457.277
442.2	40.1785
384.773	114.7
184.55	238.465
346.31	27.0869
470.9	64.7953
286.567	486.585
238.254	172.99
475.641	443.285
421.413	104.393
146.209	341.98
404.503	436.351
211.93	268.132
175.257	314.093
371.436	458.17
469.576	462.33
467.016	55.5802
110.437	208.17
194.085	149.591
206.125	273.489
139.601	408.247
350.012	382.746
12.8925	427.174
289.325	415.085
216.563	465.453
74.4329	282.454
379.338	456.218
430.093	360.625
311.434	73.6215
164.455	206.217
432.044	82.1984
299.102	417.183
207.561	417.183
298.313	270.189
168.455	448.282
292.015	327.307
148.301	403.316
42.1361	303.912
44.6983	224.907
324.973	403.415
94.7185	489.384
453.32	436.063
183.027	320.388
371.046	468.163
119.525	276.321
166.148	465.55
162.769	469.86
323.248	359.56
146.497	487.567
332.188	341.054
214.955	423.916
61.3444	365.232
126.482	437.21
354.209	373.669
347.057	488.419
167.43	71.7883
325.339	76.9305
314.048	454.848
236.198	48.9229
98.5364	399.142
66.111	276.909
35.1571	452.039
67.4561	286.145
152.105	259.959
427.713	350.912
355.174	103.571
92.737	407.288
384.983	121.862
136.375	398.781
386.809	434.554
311.247	351.419
241.934	40.7311
231.031	389.067
151.516	350.455
47.3233	205.141
184.955	153.671
6.20633	219.457
172.148	199.828
208.712	431.728
454.982	426.202
276.574	486.969
307.899	69.8132
144.404	470.68
476.368	358.943
301.413	470.141
35.6655	294.063
168.085	45.084
226.375	123.395
227.679	117.95
8.39124	200.013
361.928	367.311
288.418	22.8845
218.08	343.657
336.927	30.5458
262.835	387.531
331.385	421.769
469.982	141.88
304.519	313.761
177.971	207.959
238.899	318.535
8.556	229.177
221.449	420.6
385.972	424.589
205.45	409.19
345.674	480.411
19.3844	462.144
196.184	274.578
369.125	360.368
148.121	207.4
340.496	39.8876
284.721	417.399
236.302	380.569
72.4786	269.198
17.4667	314.115
330.81	331.149
480.81	434.725
13.4803	237.88
437.057	86.6024
488.759	365.731
308.859	318.825
164.495	77.0056
431.175	106.561
221.862	473.934
446.887	88.4394
267.643	378.763
161.764	257.372
194.829	159.563
476.651	469.396
21.5664	234.795
295.084	260.725
231.033	43.2576
412.562	442.272
237.761	427.783
50.68	428.389
161.211	211.899
340.811	18.7349
379.053	89.2078
175.591	60.1279
377.212	366.25
384.125	359.024
82.8174	358.435
267.283	279.468
240.472	102.493
389.573	455.798
191.311	325.99
409.106	451.656
70.8339	259.334
176.148	129.615
62.0092	256.225
200.177	158.607
245.92	204.96
475.121	442.455
272.545	116.032
477.291	476.596
295.035	139.782
447.15	351.606
480.925	75.1754
300.777	423.071
303.001	133.736
472.851	74.8065
240.518	182.731
318.961	395.424
241.435	399.568
51.6903	362.624
187.124	105.457
236.359	61.7729
467.301	476.149
118.357	427.19
193.586	480.13
379.107	376.068
332.994	274.305
186.296	314.054
111.182	434.156
432.219	39.5752
304.398	355.644
447.49	461.8
215.429	408.552
224.659	35.5527
131.094	321.149
454.328	358.568
14.716	223.98
384.118	384.722
116.419	266.815
76.4886	349.847
345.93	369.941
456.333	90.8326
128.878	494.915
199.641	297.129
44.4892	411.141
14.9858	304.428
336.625	498.554
239.968	204.95
328.099	283.025
162.209	36.9924
121.54	445.904
217.35	28.7269
320.706	161.411
360.354	104.465
104.597	426.631
45.9472	490.106
452.703	416.465
80.3478	290.517
460.599	353.954
91.1174	490.261
357.403	89.0584
306.981	155.639
331.792	44.8127
311.902	163.223
23.6714	471.178
272.434	288.009
283.473	137.931
246.311	31.74
226.553	283.643
58.2394	374.737
434.637	87.3918
195.886	100.636
143.735	356.737
460.298	144.372
64.0185	382.898
469.749	45.961
217.521	436.46
54.3731	262.682
378.143	107.213
157.794	400.171
479.301	126.873
105.612	406.208
56.141	200.424
194.612	319.761
374.866	388.517
34.3681	424.398
179.055	154.714
202.288	296.446
45.1029	266.432
39.3346	274.601
100.069	480.936
274.007	141.155
170.496	476.208
79.1622	300.446
327.866	26.3156
265.576	269.615
166.611	438.453
345.245	48.6875
252.134	39.6089
301.043	431.892
272.38	390.513
119.352	257.255
53.5878	269.071
230.127	203.169
388.597	131.187
302.01	253.512
114.587	423.431
93.7643	409.271
378.735	132.846
161.464	351.475
210.855	464.721
434.604	18.0756
336.374	430.435
201.928	312.944
472.589	38.1961
120.619	437.316
136.642	350.958
225.429	408.654
104.766	202.832
286.91	110.067
147.881	261.18
45.0279	453.641
6.61592	298.956
211.68	258.135
45.3483	282.59
89.8968	365.498
106.311	392.853
433.499	8.1368
240.812	310.538
404.75	426.633
222.195	114.409
201.382	168.534
217.45	127.906
95.6099	474.171
144.5	366.708
129.466	311.282
409.665	417.924
210.213	173.227
303.599	479.899
168.848	122.78
102.543	213.524
225.619	28.3075
141.955	267.955
362.606	453.476
355.077	477.006
311.887	368.024
388.586	379.492
392.298	378.665
211.581	248.136
483.962	118.026
160.305	202.742
362.264	443.482
392.657	140.325
428.544	116.209
362.359	483.859
165.669	394.008
273.066	112.557
4.54008	289.174
418.668	413.57
167.876	384.255
389.704	132.278
211.883	313.898
145.319	354.402
73.7352	385.262
20.2263	305.77
142.816	358.452
167.817	485.843
164.259	495.189
455.354	445.301
465.172	31.4888
19.3834	323.93
301.13	77.1749
291.661	32.3442
174.469	153.708
374.482	141.897
244.17	22.9205
359.313	449.59
392.973	460.121
139.254	395.803
176.809	490.218
272.976	263.043
135.281	399.155
332.017	489.679
473.474	368.515
70.1205	295.386
411.705	461.312
46.742	461.682
35.8344	406.131
166.261	86.8484
177.103	388.11
63.6331	274.129
77.4093	385.581
118.878	494.843
369.87	350.396
238.648	172.907
299.032	154.228
181.194	490.659
176.578	469.007
4.11806	236.002
265.127	256.847
306.497	124.367
344.129	12.9846
222.352	352.698
196.099	266.835
95.4338	214.019
355.244	48.5407
7.90628	246.183
202.294	108.313
60.9213	373.18
25.9402	404.68
20.7851	216.032
282.038	326.633
369.189	396.749
126.787	330.174
168.045	28.872
86.4837	211.155
365.244	48.6142
35.6127	278.348
221.597	385.751
185.522	392.631
112.539	213.791
171.508	189.849
170.838	261.575
144.794	494.627
423.171	404.642
285.61	13.8044
356.675	52.7066
223.681	444.337
189.635	496.021
188.479	260.359
115.117	276.73
401.823	136.327
452.471	100.057
446.997	466.212
211.834	238.139
266.406	147.653
85.7974	283.514
303.219	79.9239
83.4589	291.237
217.557	284.335
234.435	32.7951
126.837	329.724
303.371	431.314
354.523	43.2162
77.3991	251.791
450.566	146.671
451.072	412.776
308.369	88.4959
276.676	18.2968
102.596	212.048
168.914	187.598
361.134	351.036
189.602	115.145
164.273	475.398
176.342	313.102
194.664	175.941
471.917	121.791
364.992	113.325
383.561	394.707
80.9753	310.281
282.354	391.232
461.839	412.399
354.013	11.4717
134.086	400.477
318.184	23.8142
424.703	19.479
357.008	451.144
86.3598	318.707
297.15	131.752
483.58	447.788
237.162	51.159
415.848	14.8321
262.567	138.419
453.674	426.418
473.118	25.4176
118.51	324.187
114.723	201.9
215.053	294.016
225.504	194.303
294.764	475.215
430.86	78.1326
215.006	471.962
464.02	402.64
393.983	430.401
257.352	280.639
27.3949	298.798
483.505	445.394
221.141	317.677
371.2	40.5813
289.741	466.568
326.576	432.439
207.68	26.18
171.348	51.1204
370.897	438.78
145.538	217.06
486.407	83.5388
165.023	38.2134
237.579	424.176
407.083	408.264
124.778	455.365
436.135	122.718
42.4308	358.848
202.263	235.243
311.364	152.604
410.03	471.171
16.145	457.18
189.319	94.7905
124.987	495.742
280.084	149.097
55.3824	248.736
118.123	275.478
113.566	332.88
86.2782	201.157
226.574	482.754
307.287	376.903
203.31	320.005
374.896	80.1129
337.449	364.642
130.577	436.396
231.017	450.706
437.296	353.308
253.274	142.114
393.511	395.704
257.444	48.0829
297.167	67.9937
206.902	36.1496
484.173	82.4598
444.424	475.875
311.924	481.443
76.7718	200.374
487.857	67.9683
136.067	372.082
238.193	71.6032
439.83	46.0612
209.523	442.462
467.356	400.226
398.692	370.975
246.652	110.355
204.103	444.773
171.209	212.113
274.28	329.412
329.057	480.127
363.82	9.51577
397.502	386.639
241.318	47.0403
282.204	459.996
331.014	480.182
255.551	109.638
448.643	365.317
166.595	34.8181
328.957	395.139
348.774	38.9316
328.257	405.115
76.8951	375.594
276.059	381.215
482.479	39.6766
484.761	435.473
75.3211	395.361
254.912	99.6583
307.998	153.9
371.754	443.938
248.467	198.798
355.423	438.112
486.518	432.796
162.697	402.312
309.283	346.918
275.182	28.1845
467.728	435.721
29.6464	216.124
173.154	199.629
445.396	444.387
26.5556	274.109
372.202	434.294
16.8959	241.803
71.2946	398.905
22.7038	481.131
258.777	90.4351
313	77.8431
364.406	122.933
34.4572	305.878
389.556	421.434
170.695	20.9251
420.449	420.748
205.525	28.2696
129.804	402.703
55.5443	385.581
361.526	44.9621
454.087	426.275
292.127	161.461
112.481	223.791
86.8606	255.028
25.799	280.17
24.9294	452.402
229.705	379.898
3.55983	283.832
443.496	8.38529
176.586	437.746
12.7557	482.149
166.352	353.668
218.236	284.953
188.69	250.361
298.921	58.1486
349.889	458.166
408.619	473.557
306.678	377.402
71.5998	268.085
50.8687	418.841
9.26336	256.09
253.712	57.3606
319.181	287.55
276.081	371.215
483.827	135.791
266.454	335.637
190.201	310.786
320.375	373.31
78.8308	383.439
300.192	477.96
122.139	465.011
110.438	417.225
168.793	271.364
142.325	269.028
205.147	100.902
330.704	161.619
454.89	370.162
240.859	74.0463
207.314	309.204
367.592	381.655
301.645	353.373
449.327	42.9284
255.905	67.1172
448.124	435.623
449.693	462.709
362.854	384.729
93.8538	370.096
129.655	430.015
195.361	113.121
434.314	41.363
213.506	357.361
383.15	74.4682
277.058	121.726
334.255	355.166
190.081	176.208
21.4936	217.162
139.957	379.068
113.64	419.637
217.401	311.182
136.78	330.793
195.508	439.661
212.4	389.676
213.293	300.821
167.496	317.766
234.907	405.465
274.286	145.133
310.454	386.662
265.508	52.1086
458.222	467.929
237.659	162.956
357.898	433.317
421.072	80.1831
144.823	278.711
485.889	46.2978
278.904	111.93
273.159	250.891
90.6487	307.746
185.809	465.162
255.01	114.257
321.828	441.239
192.065	301.886
305.752	395.488
452.603	94.9315
83.0919	295.353
329.163	288.139
195.413	106.62
14.1123	208.584
171.549	113.152
173.853	80.3399
477.62	74.9059
199.169	158.782
359.009	62.4303
11.8928	449.316
265.573	30.9538
259.268	138.18
192.902	124.585
18.2049	398.343
446.797	403.736
215.13	249.361
206.642	152.138
61.832	400.209
380.836	440.454
443.267	52.7064
4.09271	248.027
118.232	427.317
170.056	325.806
90.1598	418.599
363.76	19.5156
286.827	481.298
345.582	51.1171
440.195	370.668
190.8	186.182
412.14	24.1188
243.55	320.156
451.37	98.2893
333.365	396.386
169.714	363.086
149.498	251.311
248.527	171.357
317.739	91.8269
198.521	276.537
208.094	328.786
178.792	144.691
413.644	34.0051
365.801	428.531
316.108	449.441
171.206	441.326
367.83	87.1895
96.6814	477.244
462.181	473.682
405.582	483.085
325.403	453.127
298.648	422.499
187.02	271.026
163.324	364.321
87.4028	480.974
275.35	383.399
248.517	13.9145
354.363	22.9353
97.5322	379.083
167.98	371.138
315.84	120.8
71.3859	313.117
440.661	148.048
215.326	310.505
83.5725	220.722
14.0911	332.415
472.85	117.375
441.108	142.351
402.35	22.0778
216.034	289.529
422.65	123.495
273.179	58.5239
201.681	129.373
143.039	327.295
197.44	39.3044
71.1182	323.113
10.4802	391.992
308.53	336.946
232.091	491.095
326.989	19.0728
211.282	391.811
196.769	327.57
248.16	199.498
240.662	485.943
264.764	34.5224
205.799	363.734
455.121	85.2535
175.885	333.931
477.899	16.6342
206.405	132.966
460.612	410.63
403.062	396.943
441.377	143.991
330.786	278.272
254.525	65.8456
218.834	201.753
134.754	456.062
191.008	283.136
278.198	271.571
185.553	194.695
204.379	44.5626
241.522	6.76749
158.302	497.795
98.6699	301.774
50.5785	455.5
212.843	201.136
196.596	488.841
12.3193	406.376
103.199	472.456
30.984	486.738
233.653	382.112
325.94	269.525
483.345	136.41
188.976	262.329
47.9775	379.044
179.345	498.77
199.6	113.398
222.67	470.036
41.6197	299.146
280.379	316.771
26.0295	414.68
144.009	264.28
273.447	455.167
481.62	8.96554
234.048	81.3676
248.306	180.744
197.762	276.429
272.827	361.936
180.833	214.828
382.251	86.8876
78.9495	486.316
444.535	4.77916
427.296	398.539
461.515	377.652
362.058	113.185
423.349	430.318
453.833	356.77
171.695	406.675
6.89759	382.656
90.5902	428.589
141.085	485.341
97.9008	463.975
205.838	359.096
401.227	466.426
285.96	308.473
470.323	479.488
160.991	326.422
235.706	441.873
292.238	392.751
474.365	78.9421
311.565	31.3104
136.217	496.299
113.906	315.31
156.972	331.864
467.564	117.935
278.846	325.828
306.385	451.781
321.774	260.434
245.679	441.142
187.572	120.146
171.291	306.724
329.51	385.522
40.8276	488.5
213.615	126.037
310.902	290.801
451.226	463.68
69.202	262.221
11.958	466.262
23.5669	389.902
54.1503	410.674
330.148	254.969
176.267	343.923
395.611	483.851
81.3399	425.935
30.1243	447.478
307.761	441.876
299.324	401.409
316.632	144.962
340.376	483.697
290.811	52.2979
34.0769	364.344
368.938	109.647
45.2397	427.107
307.687	472.686
116.745	456.577
396.066	434.585
21.9016	418.947
62.6609	316.429
198.063	109.923
189.177	94.0164
186.049	223.36
205.486	16.4237
491.258	82.6862
320.98	18.9123
173.207	22.5904
381.166	41.4067
260.753	340.043
429.291	68.2564
100.065	471.998
237.409	56.1727
91.8708	246.374
367.477	96.4544
459.075	357.699
295.517	164.173
103.647	334.146
280.438	103.226
181.626	109.113
26.7806	488.696
25.7359	226.217
286.676	18.302
413.593	471.667
298.417	87.5198
159.239	274.316
249.801	490.001
179.73	193.097
469.036	356.809
171.506	73.102
178.961	443.054
14.0737	450.5
111.428	428.065
184.728	495.416
136.233	370.471
277.124	483.714
57.3523	426.455
272.814	67.8131
252.116	289.159
375.643	67.8616
358.65	83.224
219.244	117.772
0.172719	244.134
388.958	368.684
231.792	403.178
370.98	25.9194
230.753	450.315
477.419	359.026
245.9	76.147
110.836	305.793
55.3333	323.234
163.267	394.152
284.419	398.986
195.976	357.437
158.685	313.038
401.985	12.0845
99.3168	293.674
212.371	146.088
238.212	328.612
15.409	210.699
48.3135	350.761
394.806	402.702
199.841	435.747
176.236	468.053
306.057	88.0128
205.702	54.4746
193.212	84.8665
163.542	408.633
316.934	352.941
164.37	83.5162
260.199	295.047
320.416	451.838
119.099	419.365
412.252	468.744
256.914	93.0782
165.662	272.662
211.468	309.789
476.563	363.201
380.75	23.7886
8.63904	454.948
54.0754	258.65
58.4432	254.156
305.932	387.14
363.258	132.867
352.886	424.663
326.151	141.899
52.2785	346.237
231.43	84.292
141.436	207.94
122.456	414.133
472.203	107.396
205.767	298.455
167.695	468.61
236.939	68.8361
43.5755	388.023
8.2969	340.565
112.817	471.19
444.481	435.146
445.228	439.559
227.969	93.6739
489.989	423.417
75.9081	379.461
300.357	147.449
254.615	341.685
226.546	315.228
232.668	469.852
237.685	88.712
411.189	78.6613
395.186	493.215
272.609	104.572
304.011	477.139
31.782	206.355
467.033	77.5521
117.46	466.298
296.718	45.219
306.04	394.525
120.722	398.519
245.207	120.25
287.78	451.695
172.656	471.966
102.436	411.228
239.473	441.079
215.485	16.5833
188.874	250.171
486.278	354.388
422.063	25.3542
223.01	243.204
182.466	184.256
134.907	200.366
326.601	432.452
181.136	243.808
189.337	471.684
293.641	140.727
409.765	461.871
122.308	221.937
229.865	334.119
341.606	485.41
250.352	133.652
108.217	342.687
12.1819	265.655
31.3059	497.614
405.13	363.324
279.166	93.3067
272.298	343.751
157.473	282.004
143.161	287.272
347.202	45.3554
25.3211	493.705
289.106	396.853
410.492	420.473
3.75004	373.164
174.097	412.44
298.153	77.5232
209.364	135.497
160.002	417.231
38.7785	442.468
88.3254	481.607
377.031	99.4066
49.3429	404.825
109.015	466.438
73.7701	291.733
426.807	58.5698
348.688	488.165
323.982	383.031
340.799	54.0447
178.519	26.3089
195.467	242.652
222.249	147.649
3.76508	373.176
265.7	29.781
116.747	337.467
68.8649	369.635
341.124	362.433
322.676	423.254
285.737	298.476
228.554	343.083
243.792	410.053
142.441	204.042
145.933	371.589
479.001	474.519
388.832	45.6018
111.011	321.413
177.887	418.865
318.819	276.545
117.036	389.223
192.263	202.11
16.0043	246.682
255.648	29.7334
14.8069	425.995
326.528	12.0191
173.842	35.1479
231.88	164.935
177.188	154.561
482.353	66.0968
159.483	427.218
104.662	342.973
255.408	438.828
484.534	415.036
431.382	62.0602
153.059	317.614
230.773	391.688
18.5561	403.52
211.812	192.816
143.06	450.493
14.6828	268.524
24.7032	303.673
284.581	14.319
281.921	367.855
133.462	448.676
163.712	459.438
312.333	100.24
152.099	266.579
322.424	264.716
163.208	22.753
454.908	480.545
357.989	491.838
479.761	145.746
349.088	86.1511
171.142	387.989
78.5675	426.989
35.2732	276.97
356.422	496.312
341.295	37.2863
285.742	166.284
289.476	476.765
430.966	78.7305
308.039	425.739
434.57	53.8046
65.9117	297.917
290.938	157.959
484.245	369.603
190.024	433.687
255.215	122.908
482.526	483.877
158.823	473.223
174.853	251.587
12.8882	396.69
18.4003	483.24
167.522	152
411.448	452.014
272.834	22.7727
308.17	388.623
388.125	46.049
186.654	235.468
222.274	406.244
217.043	285.546
234.952	76.9363
21.7166	332.617
77.1506	436.888
386.375	102.97
193.003	83.3448
269.636	482.358
250.496	38.3037
410.831	88.6549
85.3949	210.889
168.305	264.995
212.909	409.75
440.123	74.7122
224.609	321.396
447.686	105.83
189.894	237.148
218.771	186.427
222.414	130.789
385.648	482.998
465.142	472.891
187.181	154.192
365.424	371.893
266.751	447.74
427.312	36.2289
174.981	387.642
28.4144	401.842
481.086	464.738
368.795	141.194
164.532	470.098
9.1332	276.842
450.408	45.7066
29.01	230.896
181.084	433.043
46.9956	352.823
350.641	490.245
305.516	164.027
301.02	413.044
462.905	381.705
134.634	260.799
12.588	375.286
253.685	14.9901
188.935	109.91
167.113	347.95
85.5176	200.89
141.071	263.887
178.127	65.6077
485.108	405.053
40.7442	409.93
415.093	364.187
365.84	34.4971
461.242	110.187
463.893	401.184
365.126	371.904
212.265	181.737
286.573	92.1989
420.351	355.961
402.041	471.942
201.608	493.975
161.625	274.602
411.187	20.5629
401.511	473.153
123.082	399.23
450.817	427.409
442.539	132.454
425.741	58.4205
218.679	258.71
372.321	364.652
242.231	287.652
212.407	26.0981
95.6658	347.339
200.689	91.438
238.343	397.082
317.607	125.676
95.2584	255.783
402.884	414.036
202.801	281.4
191.825	287.871
217.496	461.478
411.908	373.666
205.135	249.036
446.463	36.5175
318.629	292.286
18.1061	464.236
344.899	353.173
189.494	89.4952
441.522	466.096
197.052	303.359
464.765	375.095
72.8584	252.913
301.11	475.823
34.7094	354.365
361.215	362.701
105.133	401.598
86.4169	471.798
32.964	413.472
297.285	390.803
375.319	37.3451
444.461	31.0744
276.786	399.416
185.565	246.673
41.7966	269.391
38.6254	233.642
166.964	64.1931
327.606	125.839
282.25	71.1227
306.189	486.899
290.856	157.787
96.4421	237.48
16.1825	390.052
275.692	261.89
228.679	258.709
107.619	478.69
178.744	276.111
233.396	489.684
14.7835	304.939
231.04	465.558
315.939	436.86
489.538	371.031
470.52	97.5387
192.172	288.594
193.251	91.7893
391.736	443.599
485.128	377.693
271.421	41.9848
166.62	161.959
131.687	404.324
186.322	487.586
224.509	310.409
393.005	18.5196
482.121	106.121
262.64	40.6472
59.0949	460.742
120.641	431.954
365.71	69.0101
244.312	122.791
23.872	272.468
490.557	10.3384
95.7796	398.061
218.308	468.066
318.406	360.815
410.325	453.219
318.675	98.2193
118.067	212.88
142.808	283.849
64.6267	271.113
360.21	113.06
31.1072	336.055
170.62	312.909
270.707	253.221
35.9758	203.816
40.8259	211.427
248.177	122.93
170.17	333.371
278.91	463.543
481.546	454.749
238.14	295.305
162.837	290.443
223.907	263.519
126.927	267.171
330.484	417.006
102.946	262.178
119.825	454.577
40.2045	495.127
416.085	61.0205
178.099	471.522
149.686	368.578
271.496	101.401
451.903	55.5942
315.768	284.557
256.363	304.282
205.896	120.901
416.502	382.548
298.958	96.3611
157.158	482.131
122.711	393.215
123.983	208.308
137.541	440.967
378.892	475.625
429.081	351.083
214.491	134.828
130.087	420.595
223.35	78.4003
163.601	13.6733
426.173	420.725
437.077	396.454
72.2201	265.245
385.883	54.7965
320.992	289.781
356.001	415.161
60.1142	433.844
494.823	92.0291
267.507	439.138
165.556	403.814
206.336	271.281
44.5023	255.996
232.049	372.241
395.868	415.722
78.8563	470.05
406.196	454.293
356.071	376.147
257.81	296.303
434.422	79.5652
180.102	206.424
283.387	388.097
279.01	291.076
56.8422	316.729
488.316	471.331
292.857	418.82
80.18	287.571
455.061	490.544
252.279	415.342
170.528	197.011
339.058	388.494
196.635	313.351
62.4771	305.117
41.089	335.452
134.494	212.228
492.987	2.838
373.756	354.756
317.297	302.196
203.316	125.595
73.4032	259.82
220.009	109.331
203.103	197.732
377.573	145.984
304.065	283.503
199.198	78.8342
146.37	288.367
242.924	88.4103
174.251	102.361
316.996	251.649
181.136	127.799
258.621	139.276
110.53	381.629
211.992	475.819
454.614	443.009
422.175	415.907
297.199	43.2596
103.719	423.419
253.37	331.763
356.438	376.626
98.3053	425.791
87.6602	258.984
418.268	40.4948
79.9321	264.712
307.36	350.053
225.689	233.57
247.415	186.783
13.7727	391.185
358.2	62.4062
22.4736	282.37
436.691	140.565
246.878	324.454
488.817	375.476
261.905	412.634
406.054	472.269
111.126	429.989
353.262	120.251
196.723	157.185
0.0952744	378.658
139.874	422.65
392.037	25.4531
207.469	482.893
316.604	276.752
200.335	292.031
125.788	333.194
103.868	415.226
135.203	404.584
209.736	434.301
446.663	495.972
397.322	411.873
376.416	134.72
266.999	287.715
135.995	270.813
96.4448	333.495
461.303	59.0064
309.152	489.032
148.853	473.999
173.004	109.815
194.344	210.351
22.8692	213.852
171.491	7.5294
307.855	75.0991
340.091	362.653
245.339	32.0617
81.3508	473.575
443.773	423.563
219.38	7.37334
297.789	466.391
382.819	448.124
152.315	470.032
412.71	473.591
262.153	289.276
371.437	21.5025
39.1918	444.885
190.12	358.02
61.5863	414.972
260.917	251.181
288.166	99.3424
460.702	428.919
233.847	408.143
416.122	359.142
62.1925	347.546
440.204	22.559
403.139	79.9902
263.539	39.0041
87.9568	461.917
495.767	12.1331
441.072	149.555
385.47	493.536
72.6417	315.81
39.9989	428.038
279.637	23.3154
328.748	451.078
454.436	30.3766
32.2755	480.341
247.859	190.912
376.258	31.9264
313.38	141.517
225.699	188.246
165.438	260.45
329.62	294.838
289.025	441.773
164.045	93.5109
110.575	433.149
268.911	463.668
399.225	411.118
402.246	81.5958
223.407	415.66
39.0265	416.809
140.198	220.441
263.806	348.512
279.207	306.05
253.439	351.001
243.659	64.7962
327.953	151.735
131.571	362.376
172.841	238.223
130.43	446.703
448.723	436.391
248.583	84.3292
368.926	474.8
243.09	399.987
263.68	485.401
490.901	105.608
443.698	129.906
80.9531	291.985
448.371	432.175
11.0853	285.249
400.589	456.128
90.0502	491.457
466.257	437.235
434.831	427.433
92.561	356.845
390.739	8.77957
459.127	358.155
206.15	33.8986
131.275	438.586
267.599	395.464
476.161	373.311
200.66	366.272
388.927	422.921
266.009	132.537
77.1449	389.384
163.136	490.148
481.255	369.27
283.448	461.785
219.546	5.86746
239.62	194.016
135.231	279.823
86.9479	234.34
430.838	404.27
107.997	392.983
295.498	106.143
250.079	40.3129
269.108	278.21
449.195	472.244
107.275	287.619
336.278	9.79783
457.509	67.2499
362.422	17.1742
104.815	242.948
279.579	158.409
270.768	282.989
181.352	459.46
331.666	260.896
272.967	85.4604
5.49674	429.644
163.905	297.741
25.6249	325.694
482.172	109.071
172.968	38.7135
251.141	126.294
355.759	125.384
76.1352	207.113
146.234	462.093
168.766	56.1092
390.686	29.4178
142.601	469.013
370.145	129.808
346.345	412.56
306.78	353.492
334.333	61.673
212.05	419.179
436.99	493.432
72.2335	470.94
173.134	489.952
492.406	383.987
168.694	2.19452
240.163	159.332
422.72	16.2055
362.774	384.362
177.395	405.807
74.0366	446.391
285.065	447.998
179.049	164.387
187.496	24.8027
166.857	456.904
92.2484	359.806
265.013	261.442
370.212	135.865
188.485	319.145
301.512	107.847
234.517	183.528
37.4393	471.778
163.203	40.869
218.534	12.4015
182.637	161.012
498.482	111.277
342.966	361.62
168.117	329.736
294.729	132.318
168.538	112.815
197.375	311.185
480.559	10.1693
295.177	301.775
144.718	321.564
62.0238	318.349
230.051	386.173
249.844	161.837
359.762	393.898
422.983	374.932
245.024	278.05
229.714	362.518
246.809	296.646
66.7309	479.29
354.15	354.108
354.952	496.907
438.854	404.076
28.4127	208.122
280.018	86.2929
149.824	488.929
394.928	97.7882
275.725	134.904
367.792	489.859
303.953	340.651
294.345	337.88
257.2	38.7764
328.719	277.952
384.916	105.55
433.699	85.7517
116.819	290.603
209.966	496.624
176.04	105.863
427.119	495.028
180.935	379.607
433.545	484.045
128.404	328.784
141.885	379.038
205.165	100.38
332.841	117.319
136.7	449.376
190.559	485.372
337.542	446.317
251.999	132.098
43.9846	440.986
205.136	40.4362
166.927	403.997
78.5682	476.675
305.28	461.984
451.542	351.638
150.964	275.526
315.34	115.937
178.829	177.684
435.551	124.107
454.583	114.772
282.941	304.626
85.9165	254.889
399.882	33.3469
330.992	53.939
480.008	117.193
438.373	102.188
446.357	475.213
245.439	116.914
447.235	449.758
256.51	9.18862
175.889	285.695
193.414	320.608
292.021	34.704
411.415	17.2159
493.286	390.678
436.806	457.988
476.874	103.565
68.1418	316.489
477.783	123.665
237.057	203.682
63.4163	262.982
18.7572	471.175
33.5179	270.714
270.861	417.083
307.169	253.504
473.128	477.284
174.061	320.918
325.207	142.12
169.884	191.034
330.455	161.418
194.906	69.8019
247.864	306.216
201.771	360.82
21.5602	200.839
499.421	370.004
313.779	159.468
73.1627	364.665
43.7098	209.308
492.572	21.6087
317.356	78.2188
285.031	412.595
486.236	389.746
395.896	409.09
257.152	360.286
375.759	45.2415
337.036	52.0325
281.964	400.838
180.057	442.99
223.609	271.892
79.6571	451.419
296.728	116.628
25.1237	316.78
136.442	217.667
366.132	142.107
197.116	435.626
137.031	333.843
188.592	466.358
82.522	425.856
224.408	88.3442
444.213	18.4467
358.825	88.4283
488.702	58.3712
16.2433	284.168
368.743	87.147
211.516	256.755
15.6743	301.542
252.95	332.735
289.626	77.8752
138.425	313.792
247.706	321.761
230.062	68.2134
195.644	110.136
367.996	125.241
12.041	268.499
261.586	29.2878
53.5913	313.218
330.264	450.916
109.091	233.909
264.699	468.632
335.037	393.166
0.0132527	377.925
299.025	441.796
432.542	399.261
476.115	435.558
375.591	70.5431
300.936	427.599
392.522	112.042
36.4945	493.198
101.56	280.532
289.196	426.14
94.9874	334.92
373.377	90.6211
89.16	206.229
491.118	367.087
412.125	51.8378
275.222	149.408
489.092	491.419
61.233	325.29
344.015	497.085
298.548	359.17
463.775	407.77
417.153	495.855
246.902	205.437
39.1906	478.386
51.2266	215.904
185.698	134.695
393.597	76.5765
175	381.394
269.922	493.213
15.6044	258.566
436.336	20.5748
249.151	141.616
303.02	66.3455
398.057	452.25
93.1786	324.044
171.478	303.378
139.846	488.274
253.328	67.3482
209.123	371.6
286.622	79.583
451.306	137.265
241.852	374.214
361.279	423.654
115.903	378.672
233.114	229.847
266.485	125.142
485.159	128.846
275.958	121.939
400.438	118.153
45.4674	401.115
461.372	23.1724
366.382	364.663
243.49	93.001
386.706	405.148
368.195	127.136
354.979	18.292
143.876	275.623
407.558	493.038
453.814	51.6409
79.1367	433.631
452.575	470.27
316.676	258.192
368.407	111.748
155.652	405.2
62.3376	271.591
183.995	350.116
141.865	313.979
184.381	410.612
263.834	388.114
191.983	15.8658
169.582	85.1841
172.821	282.342
376.939	407.294
231.405	71.0265
323.143	94.8872
294.055	311.712
237.842	197.102
332.887	92.6404
232.094	352.805
157.65	280.527
268.291	416.499
327.358	125.636
266.043	342.255
441.879	16.3437
382.483	3.13747
444.163	354.112
234.542	281.258
11.8865	330.782
120.397	341.616
449.581	421.278
361.318	469.246
272.861	470.28
21.0583	302.474
163.58	461.596
60.4733	333.387
497.441	22.6418
337.673	444.21
183.204	179.587
497.267	118.678
265.58	436.892
126.045	354.042
249.844	358.205
202.813	493.197
367.549	492.458
447.033	444.161
53.0292	455.902
337.61	424.022
137.754	354.516
324.488	413.007
244.192	200.1
43.025	488.793
458.951	477.782
457.998	35.0409
65.5029	246.139
344.194	63.3341
279.693	25.3115
11.2648	421.475
342.082	485.073
217.475	428.48
254.673	481.055
306.46	424.839
29.1169	214.553
479.955	364.528
173.479	486.132
34.7421	348.371
97.4412	498.193
229.93	220.367
41.0267	361.425
479.609	440.799
102.333	438.811
137.175	411.881
135.645	360.04
329.564	101.18
431.564	97.0159
459.947	486.842
488.406	457.03
242.494	45.0715
427.263	433.969
13.87	207.01
240.662	97.1691
333.554	133.877
315.563	344.333
105.96	330.419
402.579	370.065
70.78	258.937
444.615	364.102
311.154	461.918
7.74304	214.914
417.119	407.28
133.682	412.96
223.739	453.667
261.713	464.5
207.86	296.988
15.0598	295.275
236.611	129.171
283.606	295.884
353.732	71.3522
252.567	0.734646
101.889	340.325
294.37	365.478
112.558	439.746
221.556	76.1399
421.334	69.5321
212.276	108.021
473.736	408.649
486.89	99.2654
135.342	313.627
165.423	450.517
126.679	439.612
113.772	473.786
340.03	71.465
468.048	121.378
363.918	147.317
339.035	117.609
177.643	395.81
92.021	277.532
376.979	480.855
397.846	365.906
40.5922	325.957
50.4721	268.772
344.149	116.429
192.35	148.192
300.732	107.954
366.811	8.18874
135.247	374.876
205.651	351.603
236.626	252.639
195.325	371.525
198.904	122.517
210.423	121.091
405.578	448.94
221.585	434.562
108.113	341.047
490.098	400.156
364.006	148.728
176.352	436.081
107.041	276.507
102.475	375.703
53.5192	300.672
183.123	215.957
458.036	105.509
458.331	77.216
192.649	416.238
490.91	357.089
47.4563	395.893
442.158	481.429
92.9054	378.263
306.246	491.222
174.676	426.222
87.6477	258.753
3.98861	368.749
249.314	176.965
30.2431	330.904
492.533	124.109
147.326	468.499
49.4851	386.101
103.256	476.448
289.681	111.899
180.88	125.529
273.632	166.449
176.969	273.43
272.002	160.833
297.211	254.421
406.661	64.3661
113.19	212.448
386.236	136.61
365.502	422.744
252.173	423.37
51.5871	303.037
332.756	429.49
340.193	401.734
406.24	110.009
299.667	466.209
258.235	58.6349
246.007	56.8068
71.2044	412.235
392.147	396.757
477.986	425.734
429.741	147.756
333.406	490.045
330.159	17.7075
87.0659	388.13
375.008	419.641
78.1166	307.442
177.791	47.1987
176.49	313.296
284.945	147.072
100.642	247.921
277.605	20.8481
113.351	248.157
372.687	7.48304
296.928	59.3697
392.858	79.4521
174.828	257.011
223.214	212.957
453.296	56.6457
79.9081	390.545
52.3119	451.804
386.944	14.5808
131.866	327.323
355.918	104.028
245.503	344.916
334.365	459.156
19.6164	328.44
414.355	115.853
59.0244	383.101
198.276	134.232
430.1	369.044
176.547	256.33
454.333	127.734
61.813	417.359
4.22363	263.033
327.569	386.515
169.21	463.385
478.377	379.131
95.3781	248.484
190.8	471.43
295.938	321.533
87.9738	319.644
190.721	347.339
175.896	415.905
362.947	357.028
264.974	100.432
278.535	415.638
22.4667	396.126
425.881	121.559
326.552	27.0341
434.576	434.901
431.053	67.178
477.264	445.589
29.0616	310.618
148.444	214.783
151.245	273.465
120.772	389.276
188.914	67.0759
215.65	98.6076
385.037	432.133
98.5511	202.793
174.981	412.696
162.851	296.255
268.56	163.116
484.289	65.8856
371.326	469.649
421.374	385.759
30.4226	220.594
159.664	369.237
269.233	379.696
79.4886	439.44
147.245	475.711
172.576	156.764
464.423	42.7043
230.81	430.701
483.406	138.691
178.589	47.3819
478.626	19.9807
115.945	483.547
23.4228	305.722
232.659	103.165
43.8402	246.018
62.2516	271.553
178.113	477.27
329	461.514
237.902	355.195
175.24	16.8001
269.285	356.104
291.684	353.115
169.253	248.709
240.885	134.363
230.481	290.396
92.0476	481.659
255.625	102.513
67.4724	391.922
78.4122	295.521
196.481	74.3139
217.865	428.61
477.385	23.1175
484.47	148.634
95.5372	313.102
491.585	450.846
103.632	490.341
362.42	366
208.944	342.161
478.269	101.575
227.362	216.569
72.4062	402.307
266.421	463.656
279.308	136.286
208.942	381.598
67.0367	242.339
449.886	439.977
31.1837	439.063
29.8679	433.247
434.359	135.846
83.9355	235.11
393.911	143.019
235.908	349.391
382.372	52.7429
331.486	138.475
213.891	269.533
348.826	88.5464
442.44	475.373
466.174	351.061
71.7395	344.57
3.79739	391.887
247.906	302.25
195.414	38.0943
106.461	434.768
93.2106	207.643
159.37	247.184
422.161	351.171
192.667	302.363
192.368	57.6914
373.636	92.058
101.126	375.936
163.856	233.834
147.908	372.134
144.602	270.344
175.383	32.3075
360.898	56.8538
154.027	279.713
277.458	120.977
178.369	347.861
299.751	264.093
215.202	499.242
180.608	457.441
2.63614	439.226
188.693	414.432
166.025	200.259
231.326	364.101
170.053	168.753
229.563	275.425
41.1017	253.559
14.3852	311.458
94.3761	378.676
70.7773	448.963
48.8782	480.896
193.064	177.921
110.884	408.1
72.4258	431.102
346.476	377.5
160.899	296.754
254.423	140.923
473.885	485.551
457.471	141.447
293.721	467.163
37.4469	370.763
251.702	475.621
241.772	224.844
484.193	56.7518
85.4833	212.332
160.508	441.808
25.2697	487.477
290.778	357.14
169.374	6.59119
129.293	305.665
320.508	15.0898
170.434	455.008
130.543	439.371
186.409	156.37
2.72358	211.864
331.129	250.91
443.746	107.614
259.039	433.705
463.721	141.762
149.693	452.71
159.83	231.267
231.913	232.432
228.438	367.169
419.591	129.333
13.1838	248.864
200.327	409.832
225.172	265.086
240.753	431.768
262.54	155.567
264.943	423.852
342.917	137.39
291.586	133.058
242.245	35.5177
493.335	392.695
292.199	290.769
233.329	30.9896
269.833	75.9642
177.845	31.8587
393.977	371.9
237.736	320.991
72.1239	462.187
432.801	466.63
207.029	46.2337
444.513	374.102
183.586	28.9115
389.162	360.948
195.566	459.192
227.78	444.52
297.934	337.143
290.111	83.3427
379.651	59.7951
236.491	103.513
481.092	487.423
293.442	34.3599
187.906	126.214
216.791	44.0651
155.72	412.182
67.2135	424.577
319.353	274.449
377.27	397.299
344.965	371.903
491.599	31.5613
120.156	309.73
79.5081	406.871
217.715	105.147
204.595	67.3257
165.421	361.06
35.1446	318.663
211.564	75.7606
485.654	432.153
381.25	468.422
457.646	399.868
326.687	376.554
471.748	386.618
190.386	131.248
181.346	275.354
135.124	267.155
288.573	368.414
396.986	24.8296
321.052	455.989
64.5365	409.934
430.485	149.445
382.412	48.057
129.272	403.985
476.769	135.169
244.973	135.321
317.604	372.37
94.3143	432.835
481.023	112.545
23.5763	227.883
48.555	218.554
224.396	44.2368
236.858	53.7898
230.87	326.235
387.274	372.759
141.404	230.368
37.8543	257.069
491.577	20.6619
332.101	142.632
88.3685	350.629
337.284	7.37643
214.186	31.7548
357.156	492.476
117.186	318.664
471.364	369.206
487.539	466.992
454.707	428.014
190.005	354.893
174.917	469.896
6.54488	359.082
121.988	370.737
50.2146	433.164
112.187	215.663
436.834	350.275
375.803	431.882
23.4102	492.709
280.164	284.369
113.039	449.735
450.424	10.6096
179.187	126.914
471.221	135.26
371.012	50.841
227.713	406.635
76.0956	412.425
415.907	42.5807
474.489	392.456
327.154	163.437
133.776	329.291
313.418	363.288
69.2417	232.585
33.5268	218.329
344.123	63.6811
230.762	175.812
155.758	358.485
305.294	99.8541
185.87	286.315
272.187	488.75
415.936	74.5673
493.471	485.797
298.5	326.72
463.62	31.8987
387.677	429.254
392.076	73.558
256.322	394.714
377.861	7.25951
235.778	326.65
140.439	285.802
246.376	250.416
255.259	456.861
201.148	410.987
165.628	402.847
325.267	346.75
95.5795	392.287
237.718	141.866
120.89	241.588
65.3403	331.512
471.316	105.738
89.4027	257.242
191.004	277.746
251.297	430.141
368.953	24.7473
171.99	333.577
150.977	490.937
200.931	139.138
284.356	144.514
310.176	374.507
493.22	18.8482
50.7867	228.302
448.195	37.013
442.072	131.573
164.682	210.169
41.2104	323.716
116.688	203.079
140.332	258.618
20.5058	308.543
361.261	144.448
117.193	373.527
498.591	102.205
269.023	332.709
164.8	495.479
90.2332	286.175
41.6005	311.026
84.5609	425.068
447.738	420.227
444.574	474.574
213.929	209.245
197.832	488.01
424.142	82.8103
185.562	252.001
86.7026	329.961
225.361	30.0383
71.6681	334.923
123.434	471.21
245.547	439.378
286.906	162.281
496.866	55.1163
5.63367	354.525
484.88	418.491
150.766	469.386
40.6719	274.558
176.447	138.492
473.738	13.6093
233.955	218.648
58.7822	485.358
450.888	83.8943
331.25	351.863
371.694	474.378
9.68729	374.526
311.608	125.214
42.9829	358.719
334.028	32.6232
439.915	364.861
472.808	100.41
187.506	343.405
216.582	128.969
52.4966	277.898
258.735	388.236
294.217	342.607
483.311	472.869
149.369	204.826
165.135	444.193
449.204	24.5983
51.0737	494.728
444.408	422.567
256.834	378.418
364.787	99.5729
442.544	445.63
35.0609	241.878
167.426	224.493
203.569	427.986
458.561	137.647
186.827	225.245
190.192	117.159
413.967	416.77
223.375	169.072
272.677	255.019
201.113	19.9448
77.2978	475.951
300.097	83.8682
144.1	473.892
353.259	28.1429
302.079	139.099
66.954	342.755
345.258	46.3416
326.232	18.1777
8.82313	283.431
300.671	41.2701
409.118	7.48349
338.854	483.157
269.129	387.974
67.7	222.704
274.221	441.926
232.368	90.7906
75.0505	318.9
1.63667	442.487
310.693	17.0029
16.2514	221.075
171.033	123.302
165.567	34.2154
285.848	165.308
101.893	312.781
118.906	237.038
17.5489	307.146
216.53	301.972
167.532	143.023
285.985	468.237
114.716	445.005
300.828	52.8581
393.016	460.886
143.099	463.261
496.852	482.07
395.156	136.556
11.0954	445.732
381.286	424.939
219.884	490.405
92.4857	277.579
117.059	217.981
250.12	307.329
76.1793	374.199
183.912	59.0577
32.3256	493.055
444.93	469.628
213.449	116.951
452.19	483.103
152.71	270.701
225.817	217.804
30.9775	208.079
390.413	51.3678
235.462	412.956
467.698	468.887
323.842	46.9477
345.62	430.007
496.312	51.475
434.413	119.331
296.09	464.253
348.264	383.9
267.795	373.281
52.9307	318.234
199.792	83.7498
40.7505	439
475.896	21.908
93.1722	382.38
287.085	395.579
317.521	284.279
228.44	238.199
290.551	88.5618
311.759	65.3114
207.508	90.9647
167.597	463.738
73.2957	359.157
275.539	360.267
10.5125	411.504
224.73	123.17
323.437	385.836
405.727	103.916
293.918	271.727
277.342	69.3601
249.424	218.407
465.679	350.297
449.171	399.947
276.346	405.372
129.06	246.241
98.9989	341.115
287.9	281.055
274.192	369.965
60.5894	283.773
172.376	256.203
246.47	206.007
402.301	148.46
65.786	347.896
75.99	427.262
488.47	61.446
33.5323	331.157
3.97646	220.458
89.263	373.932
151.818	219.368
232.477	21.0259
158.592	399.687
443.406	103.103
323.94	291.947
271.474	458.661
436.421	19.3889
243.73	194.651
452.59	113.442
261.576	346.596
113.641	233.964
400.359	447.59
53.8527	399.023
278.605	35.2522
469.985	468.844
230.027	297.752
218.939	381.832
313.41	484.245
425.821	43.8938
184.244	143.898
172.424	232.745
480.761	62.7803
398.891	395.089
228.283	342.921
169.846	137.553
293.247	426.676
230.597	174.396
244.456	309.882
199.459	375.564
344.53	486.642
425.487	412.755
356.042	358.722
253.802	151.507
363.831	58.7301
367.345	368.477
114.11	476.207
160.618	419.044
295.013	295.012
384.588	468.987
170.132	125.269
355.025	92.4311
252.985	148.934
210.612	105.675
49.2874	390.804
427.418	75.477
328.389	278.732
321.742	292.497
35.0881	217.619
410.341	131.981
323.211	25.979
189.094	127.071
81.6775	467.065
479.187	139.972
335.307	467.153
273.829	466.77
331.906	15.2754
441.027	67.8898
162.49	420.161
402.699	495.677
434.546	398.778
272.486	487.702
444.296	420.761
94.3156	343.835
481.482	92.6456
252.891	103.73
164.803	239.444
441.284	357.53
370.963	24.9511
119.737	484.816
193.062	214.858
496.651	9.45523
429.349	61.975
438.814	90.1284
409.319	79.34
276.981	472.084
159.105	445.368
183.362	75.3927
414.903	130.1
384.029	460.263
193.364	473.672
258.586	404.454
150.069	232.025
183.069	81.9309
449.693	101.312
306.512	253.98
199.611	309.559
176.459	423.321
380.27	53.4861
211.44	495.12
300.781	18.3329
312.04	433.137
100.207	333.282
264.722	21.8785
494.632	476.708
52.6062	432.896
113.892	458.542
87.1558	209.545
220.344	279.297
223.374	448.707
207.993	368.627
41.8342	342.293
81.0116	449.035
448.612	454.035
443.661	414.829
76.8615	447.285
330.392	28.975
22.6069	428.898
164.892	340.621
281.808	252.097
70.4646	468.424
174.745	70.3173
249.16	387.374
164.368	26.1307
119.167	356.175
208.434	264.455
267.62	97.2073
321.285	62.2674
432.742	395.318
209.316	26.4765
491.756	7.23738
118.816	211.237
53.3811	206.138
480.115	5.90633
477.336	452.264
144.998	316.386
477.608	30.0784
303.227	148.56
28.3426	258.063
253.825	477.744
402.032	362.603
290.551	272.49
4.0606	337.007
495.308	353.131
239.535	250.528
50.9553	364.755
273.609	144.503
51.3806	291.51
97.4797	303.293
463.784	119.805
404.463	88.0819
109.078	449.757
347.321	80.2703
288.434	25.0455
18.618	370.027
53.2084	366.923
220.23	203.01
313.461	21.9286
302.545	298.123
260.07	306.328
383.55	53.4749
274.838	280.577
210.327	407.018
88.8496	263.921
443.679	467.508
369.779	465.123
113.171	433.68
106.123	348.462
321.262	290.639
350.143	400.733
282.075	267.183
193.377	37.081
473.503	403.122
230.567	351.98
476.174	351.06
46.8375	481.202
66.9006	407.361
169.023	52.0073
82.1437	395.62
421.374	34.2073
185.245	337.8
224.61	35.1228
146.074	405.302
25.28	486.592
220.635	269.553
334.9	61.3367
12.4463	375.024
291.362	133.807
437.154	454.053
148.234	446.043
162.935	59.9406
182.624	135.533
137.972	358.948
402.647	498.742
205.823	271.173
285.881	365.898
298.281	86.345
231.051	11.1281
449.92	13.3777
460.454	436.197
479.734	21.1863
178.797	39.1185
5.39429	252.974
199.751	488.376
189.896	66.4078
331.428	298.574
193.556	70.7357
291.152	387.327
340.992	19.4506
317.367	356.267
271.118	411.521
412.68	496.297
135.53	443.728
270.668	480.539
36.1763	302.625
277.526	301.537
312.556	152.161
103.232	414.422
43.7225	351.909
155.002	214.894
87.7039	437.465
91.0941	467.913
287.985	282.21
492.698	452.45
134.42	471.383
184.009	311.742
66.0936	442.761
149.563	245.228
103.688	234.932
89.6767	432.617
70.0794	259.386
194.078	381.948
145.461	463.497
172.285	322.309
107.725	205.413
366.21	1.13816
138.002	220.965
125.737	213.602
475.667	487.663
310.652	437.9
492.118	450.929
190.208	209.933
473.538	443.394
136.074	417.066
480.935	497.32
229.043	23.5257
24.4337	397.874
247.619	374.535
300.904	388.131
410.768	486.481
80.8672	406.165
358.475	355.346
86.1461	367.127
228.435	220.263
496.139	124.28
116.35	245.536
48.8719	323.948
438.342	362.463
420.65	488.009
45.7258	444.552
425.293	494.933
96.6336	340.039
157.558	336.021
104.616	353.355
481.683	99.6339
463.505	36.2823
85.1118	220.718
283.095	394.087
28.1138	493.756
381.362	68.8749
383.319	394.471
210.084	75.632
443.915	470.476
11.8847	343.235
6.00635	299.522
222.405	6.10342
136.307	331.908
13.3375	453.454
317.137	490.258
201.913	388.711
298.174	338.16
155.679	305.284
396.369	367.96
329.036	117.425
247.857	90.6328
164.951	4.86164
356.798	4.5146
199.543	45.6405
281.461	77.2097
228.785	96.1991
195.494	11.6726
129.804	252.467
83.2823	200.326
320.311	458.325
92.5028	223.967
93.3026	440.692
269.234	155.196
56.3828	302.508
270.243	62.7906
32.8705	241.196
78.5035	224.092
486.047	373.61
345.519	475.702
233.224	27.5326
485.601	144.095
176.038	284.489
330.634	121.77
20.0392	495.542
181.558	236.816
235.552	339.714
105.227	441.98
131.828	237.177
400.284	49.7704
236.132	124.449
295.458	255.854
276.472	54.968
148.977	226.535
399.009	405.088
253.545	130.172
275.785	451.188
189.674	187.329
431.111	82.1143
124.138	381.137
252.754	421.68
70.9345	428.835
125.309	476.517
416.589	358.331
117.549	405.963
218.24	343.178
469.893	149.154
314.381	424.506
481.279	6.6694
310.119	415.459
216.011	398.791
268.359	63.2816
353.108	96.7701
180.951	336.519
367.79	141.753
186.414	472.406
409.456	34.94
139.032	260.108
228.161	496.017
255.846	146.14
208.657	13.4538
301.352	457.219
276.1	311.434
190.657	113.425
6.41927	360.174
234.907	451.534
333.558	351.022
304.417	358.931
246.722	153.851
197.461	203.049
17.3195	298.52
128.806	338.522
115.014	270.472
224.337	222.411
372.139	34.8817
48.3554	257.617
150.998	461.619
33.0677	300.413
111.563	305.952
441.702	491.419
467.838	480.202
473.779	38.2479
221.895	281.847
428.936	389.57
296.963	106.168
272.358	280.862
476.614	13.9169
218.287	138.822
151.664	470.796
193.433	32.7661
431.648	97.026
202.701	432.723
392.673	498.017
45.4873	360.517
374.908	142.019
221.606	2.49091
41.1088	316.456
391.737	491.437
231.892	426.03
291.74	24.9635
212.576	416.762
136.828	254.096
474.788	56.1833
352.993	472.996
220.058	376.452
434.118	376.56
451.435	112.369
424.783	118.741
23.2951	420.59
191.563	151.438
492.664	143.674
124.108	354.655
313.709	474.25
440.232	380.147
211.979	85.011
103.346	307.217
403.014	460.712
257.887	95.5328
270.455	74.5738
126.071	353.98
428.368	54.8814
199.557	170.315
366.635	62.5554
181.435	91.7963
331.515	498.213
455.104	42.4658
221.42	322.966
78.7863	485.84
413.294	7.48518
402.314	470.687
294.882	87.9103
90.7675	291.796
371.612	32.3979
175.792	9.51491
330.674	280.836
234.443	373.699
422.774	422.38
328.837	432.32
478.64	472.48
358.741	405.839
63.6387	279.216
158.698	379.19
397.588	59.4001
368.94	395.775
171.681	492.76
123.414	297.575
211.014	293.631
308.096	439.292
376.684	28.1742
169.269	485.502
354.569	463.121
289.866	32.124
260.219	73.2133
304.184	345.833
446.368	33.8678
42.733	322.53
312.095	253.611
464.256	350.192
421.392	112.338
354.381	83.8803
181.906	72.05
70.6573	360.363
293.04	312.237
431.337	360.755
307.65	15.487
404.479	13.2175
231.418	439.791
199.591	141.427
227.771	318.923
342.852	354.714
135.106	211.195
423.75	94.1233
314.899	97.0707
123.048	409.402
232.091	437.384
353.85	113.812
151.108	235.632
74.3625	253.894
306.705	364.244
248.617	456.547
51.7192	452.557
85.458	493.289
280.626	63.0894
110.469	253.624
367.857	481.456
433.395	20.2471
3.73582	201.916
167.521	72.676
142.493	424.734
476.527	91.1619
83.5459	210.538
354.843	426.142
202.22	138.627
493.462	70.1108
262.605	423.435
335.936	110.967
77.2536	484.161
247.162	204.634
322.824	265.071
236.034	339.273
459.212	431.952
233.347	99.238
188.423	57.4293
42.2392	330.338
289.962	162.622
172.64	437.584
429.308	122.84
434.739	421.498
347.599	436.13
175.937	198.934
269.499	475.166
23.4422	315.34
145.904	329.979
447.719	400.927
101.754	479.252
215.705	98.9973
125.433	482.888
302.496	392.615
108.484	358.968
206.593	271.14
73.5567	424.379
46.2657	355.479
239.024	63.5524
212.512	293.628
214.173	202.212
174.38	416.897
262.502	282.554
166.439	328.492
110.007	322.849
298.14	312.403
328.038	59.8269
384.448	466.265
406.585	475.451
307.17	293.586
430.374	145.643
239.833	286.854
160.434	264.842
69.2193	246.248
232.835	375.067
206.866	390.674
221.541	75.0881
268.467	371.757
386.574	2.35272
279.606	42.7046
298.434	61.0082
280.253	494.661
231.877	425.782
40.2443	473.683
162.887	262.83
283.806	377.204
166.847	61.7633
195.294	187.499
420.688	143.16
212.452	61.1394
120.631	427.021
340.512	403.427
165.823	416.671
126.131	331.004
217.214	307.278
291.799	161.75
397.921	10.6093
221.419	393.681
92.6186	366.997
88.131	311.459
388.985	418.559
443.704	13.8688
363.827	113.141
484.671	66.6119
177.471	30.9878
238.538	38.8265
487.745	117.022
86.0252	382.794
247.67	91.6235
145.227	273.287
407.251	359.572
324.73	156.167
124.505	391.13
62.9769	277.005
49.0436	383.563
5.39472	456.437
282.204	137.677
211.382	286.974
113.735	280.39
437.716	5.85982
359.479	46.9551
396.4	492.188
49.4792	257.38
178.442	53.5318
383.061	457.022
318.998	450.919
98.0639	474.425
311.669	339.202
47.4235	233.667
170.941	394.375
352.973	457.761
304.608	148.935
334.841	138.39
32.2164	494.419
92.0542	471.048
184.231	286.155
482.756	401.788
359.402	109.279
274.265	408.133
350.907	366.644
373.503	406.562
255.969	466.29
55.6573	487.905
99.5508	481.969
145.951	443.419
249.149	42.7521
426.572	85.4203
321.677	380.637
499.565	385.738
50.0403	367.904
220.226	37.3129
296.052	9.52226
222.683	54.0889
72.0456	281.75
305.915	392.315
240.556	389.656
467.328	120.233
489.696	16.5269
176.923	64.4492
477.194	102.425
107.98	432.167
183.032	55.7924
223.695	425.064
179.752	279.781
256.247	16.5703
240.47	172.807
475.539	394.451
208.043	175.605
242.953	72.7483
350.364	123.185
394.036	450.89
437.56	498.05
242.868	138.997
132.102	224.89
244.548	408.781
341.686	122.711
49.6613	299.997
241.803	402.351
402.619	496.221
242.928	408.075
188.276	285.182
452.383	79.757
183.695	75.4338
48.4567	260.08
89.0271	247.249
429.557	353.652
188.714	9.40848
481.617	127.745
448.295	407.069
59.129	448.733
236.212	389.576
230.665	129.45
439.47	41.7911
329.077	288.282
376.898	389.538
212.831	328.089
145.813	496.372
344.514	429.103
192.33	309.018
29.9158	218.987
309.333	394.471
282.262	23.9612
16.8449	462.819
390.312	42.5374
406.35	82.8142
259.904	328.604
45.77	250.622
337.321	126.401
80.8263	426.538
242.273	85.6517
390.613	42.8549
288.792	164.524
173.062	130.062
176.369	486.157
383.749	491.928
160.921	448.31
492.719	437.43
148.48	472.015
489.138	131.291
415.154	89.8982
492.466	466.656
42.0601	427.376
169.621	370.135
259.274	146.29
220.25	256.381
168.497	212.681
86.5793	415.402
233.796	144.113
56.6488	498.676
375.966	363.411
300.712	445.324
205.845	414.998
198.582	360.036
314.779	259.063
221.332	224.055
292.841	358.717
163.589	311.404
211.241	375.469
493.513	37.6879
391	489.633
311.811	299.789
209.705	429.857
249.517	133.718
393.028	468.072
451.841	446.015
194.833	36.6641
36.8094	356.283
207.451	80.2618
352.509	32.6019
331.683	260.43
167.538	193.507
189.163	336.336
41.6715	362.126
492.713	17.8631
26.5082	426.981
18.9328	349.93
121.634	279.36
179.247	408.161
199.576	442.222
90.7634	410.684
136.29	493.319
403.984	72.6862
330.391	383.191
470.038	148.294
402.215	365.58
386.079	133.117
42.5692	250.512
471.163	365.412
201.32	153.629
389.204	4.52104
160.776	244.871
286.985	337.553
167.595	113.912
265.706	149.631
150.278	287.591
449.121	71.8472
370.418	22.5221
470.743	44.2459
422.311	384.203
61.53	341.24
8.67056	259.718
29.8057	229.062
271.278	332.463
491.997	131.44
30.681	274.986
260.531	433.98
178.112	151.796
182.368	77.456
361.954	120.927
409.732	83.2609
160.599	438.181
288.638	86.1085
482.07	37.6317
167.697	42.4673
298.916	14.2485
295.553	435.336
212.115	227.935
112.001	382.073
55.4275	351.471
403.524	484.842
450.928	495.278
343.599	490.201
399.84	451.374
435.526	52.7102
330.009	252.656
434.161	484.851
438.338	411.794
451.284	357.512
444.16	462.263
216.518	79.3708
42.0254	396.64
270.09	421.928
480.421	38.7592
78.6082	446.17
377.348	415.313
496.123	490.927
51.8939	454.627
88.5968	393.19
283.723	287.779
380.438	358.062
226.832	448.184
276.371	102.047
471.434	466.372
354.086	87.2532
407.954	130.023
487.448	142.278
226.743	224.023
223.821	71.8711
206.199	99.2173
226.933	311.544
222.37	317.818
427.593	144.739
39.9269	394.115
179.025	366.734
439.821	461.177
69.0445	271.162
100.764	224.082
221.403	105.551
177.946	204.619
338.261	394.23
296.981	155.439
2.22907	436.721
243.971	436.133
450.235	454.435
238.033	497.614
393.177	401.42
234.993	496.028
227.633	347.523
242.968	277.358
103.301	365.442
300.051	154.569
377.139	379.78
324.207	61.2067
441.113	409.39
129.278	272.912
444.131	16.2643
73.3328	467.849
153.81	335.72
192.437	128.007
88.1025	360.469
456.02	91.6437
245.675	483.539
217.842	80.0793
130.076	495.61
145.906	410.63
213.273	339.679
201.051	179.177
132.974	201.425
160.311	468.213
274.053	153.806
44.5816	467.341
440.95	58.4948
118.748	231.32
185.256	226.504
10.2216	493.64
419.385	479.146
331.81	295.14
361.014	466.326
195.261	367.632
223.974	404.84
103.707	299.198
322.349	150.413
437.547	147.696
167.32	217.06
211.382	129.843
340.874	26.5313
132.796	376.637
22.5091	430.358
206.982	57.7395
310.759	426.024
242.743	126.171
21.5255	270.964
70.3272	214.067
391.469	55.715
116.404	234.566
222.523	301.555
378.239	448.262
325.506	111.842
497.116	362.966
258.829	6.90932
142.191	397.082
83.307	253.559
496.233	101.891
15.6396	284.255
121.9	466.085
162.384	206.097
280.127	142.201
275.835	21.0801
53.9872	209.716
336.213	412.456
51.6729	441.204
278.427	39.1641
225.422	416.942
39.8456	323.642
205.914	207.635
94.0441	217.078
193.203	1.4915
332.397	291.996
349.88	34.2358
424.89	395.602
420.612	138.818
359.387	482.928
230.351	252.036
358.907	353.609
78.4649	214.69
285.827	335.527
323.751	166.119
154.153	491.393
316.038	440.213
317.357	431.414
237.317	478.048
262.38	406.696
147.944	358.2
406.896	372.412
61.6087	454.486
432.909	86.2208
270.765	410.112
227.9	474.685
270.799	290.74
238.644	260.489
285.189	361.968
333.974	109.024
227.599	457.734
162.858	298.323
154.476	463.882
206.905	42.4643
158.434	203.255
167.783	82.6726
258.715	60.6389
198.064	176.438
261.122	96.3361
130.342	242.63
254.058	482.023
319.049	108.801
204.781	380.554
228.165	219.07
208.015	71.617
54.5549	468.071
51.5226	224.546
43.7113	398.638
225.977	57.0645
170.438	463.285
22.7319	249.785
44.907	244.845
189.955	45.7205
92.9808	442.417
53.7528	218.342
332.928	361.721
483.962	499.681
336.148	63.5347
210.794	337.97
459.37	458.503
142.909	314.442
350.61	74.6632
225.402	427.452
264.079	472.928
358.386	417.222
162.99	60.8271
219.441	304.702
16.3566	268.602
162.674	291.119
424.237	50.1374
145.696	314.329
213.729	80.8431
403.175	376.9
300.807	49.4917
171.152	144.661
84.2672	223.535
427.164	453.626
264.354	478.073
152.021	433.041
422.236	461.828
267.037	421.608
442.354	425.384
426.837	487.342
189.808	372.393
245.533	176.444
291.641	269.95
244.666	220.865
325.368	348.83
112.49	257.301
6.80448	248.126
283.802	262.789
485.823	63.1619
154.21	253.734
261.769	307.754
129.628	226.566
482.217	12.5892
109.443	209.196
95.1561	495.728
227.447	473.221
254.525	436.199
383.013	74.3341
334.956	37.8728
199.449	61.0372
235.916	114.451
157.432	355.043
221.049	202.154
248.104	483.642
202.335	169.457
149.367	367.071
295.585	269.069
211.556	251.441
31.2055	249.096
295.77	266.504
234.812	133.185
227.499	345.811
452.506	365.007
103.952	477.049
68.2214	423.5
316.12	292.328
197.512	377.578
189.215	482.771
355.575	456.53
484.781	380.538
77.4214	411.602
379.226	356.322
378.467	43.8312
307.711	156.834
427.092	421.641
282.526	405.37
114.126	228.62
171.771	159.529
154.296	447.512
54.6665	440.021
246.539	60.6029
470.057	44.6084
280.399	482.412
299.361	134.654
227.473	198.065
202.742	470.199
146.385	261.863
116.675	285.677
395.623	57.8894
167.529	412.778
247.048	364.552
204.057	131.763
235.952	316.117
157.495	386.657
245.642	180.058
361.383	389.561
256.958	275.718
215.114	194.721
303.772	348.585
236.708	355.58
476.351	495.082
477.293	119.532
7.21676	272.659
373.605	451.083
310.996	166.279
181.891	276.837
432.789	113.629
476.773	141.807
76.7405	419.393
117.68	466.064
348.746	31.785
496.544	462.356
351.147	131.108
164.72	210.146
260.421	347.886
491.294	51.291
215.569	418.121
326.282	293.986
422.132	10.8206
274.484	89.9342
235.258	75.121
469.876	83.6944
146.032	302.653
384.085	68.9987
239.88	6.4328
404.687	438.575
356.049	35.2648
85.8606	298.227
318.425	304.072
9.12818	443.411
337.069	52.8942
259.785	81.7791
192.429	76.9923
458.291	426.778
84.9946	473.852
485.754	448.558
270.332	29.4286
362.932	405.244
222.554	345.536
228.662	23.1476
455.818	118.46
96.5558	359.573
143.57	351.721
273.742	111.695
246.95	319.566
297.728	365.632
431.729	57.4495
276.582	112.338
172.923	447.58
213.03	64.963
227.66	476.006
69.0272	345.49
185.058	126.743
465.52	36.5735
205.53	243.46
95.3504	254.33
81.994	469.811
344.757	10.1863
160.455	374.686
165.098	68.1449
38.6023	339.197
173.573	451.645
206.938	341.725
172.918	497.902
465.501	430.777
7.28809	334.515
25.0106	353.691
153.288	373.627
271.953	296.32
248.027	405.87
307.571	314.703
217.539	327.812
326.958	254.649
132.593	233.017
216.865	137.775
224.756	415.994
408.345	480.646
33.8738	352.365
327.898	138.514
373.939	132.595
58.8011	439.32
497.741	11.569
396.309	34.5357
76.7341	430.796
390.793	56.0089
325.884	7.29193
175.177	277.711
8.18186	381.937
364.161	413.497
63.774	441.745
361.984	96.378
14.8014	415.313
184.318	105.691
371.191	482.09
458.916	27.7256
254.697	351.836
205.354	412.261
204.086	156.214
447.96	355.286
364.224	41.0558
216.813	146.14
3.18568	305.729
230.155	405.11
188.189	77.2627
74.3461	337.022
416.71	29.9142
404.996	124.838
444.069	109.776
140.277	218.497
424.464	15.42
215.319	168.745
497.932	444.057
442.331	42.4024
207.612	393.42
121.058	461.269
74.6457	432.751
284.205	160.828
116.189	372.994
366.507	373.087
243.563	294.198
63.0352	432.432
207.778	164.714
488.015	140.822
495.394	427.794
122.403	390.596
144.787	317.435
296.502	336.044
209.614	372.77
448.348	352.962
331.605	308.573
318.443	398.595
354.164	91.9225
187.492	144.285
183.571	417.695
191.906	436.912
228.188	127.112
362.086	492.557
223.282	91.6354
480.078	404.768
60.1237	336.522
210.468	241.766
361.628	149.629
218.97	155.904
189.271	414.449
437.575	396.044
334.144	414.715
344.226	439.763
13.5289	255.793
454.218	102.395
480.001	105.756
264.003	441.961
209.314	169.379
244.573	49.4718
38.3	459.56
345.708	420.122
216.535	371.535
75.6789	408.442
390.812	141.926
323.827	110.67
138.46	483.558
218.601	81.188
326.442	307.487
199.831	72.2594
134.349	281.531
214.042	487.417
130.624	267.653
180.382	86.9712
499.917	375.744
159.839	390.395
61.0553	373.122
396.277	148.106
381.747	448.51
150.24	285.123
393.052	461.037
176.738	95.0856
220.326	195.879
322.703	478.621
166.885	188.029
193.35	429.569
147.974	456
369.58	136.28
234.278	315.042
90.7136	377.708
328.785	144.749
117.453	417.465
244.391	156.453
186.126	387.759
228.199	26.3741
338.981	388.383
320.636	264.835
196.06	192.166
193.184	311.371
65.3082	205.676
47.6461	461.479
366.491	470.216
105.21	490.213
384.731	373.271
448.154	467.219
169.911	3.97904
206.379	327.31
231.8	134.426
321.907	19.9831
206.024	263.226
258.776	153.117
126.017	221.284
175.241	238.44
40.9363	323.065
88.0639	432.032
83.6636	469.19
304.569	419.09
392.626	441.61
269.052	139.141
443.136	450.937
280.025	420.785
492.047	369.149
245.722	112.494
105.53	289.705
183.443	295.207
62.4072	297.997
421.423	494.034
17.4625	275.113
305.924	20.5097
8.53308	324.592
449.346	126.083
174.198	187.806
199.036	256.073
86.4054	321.309
86.2425	351.383
96.8382	478.64
56.1392	291.491
49.1108	347.314
425.236	110.834
454.609	106.517
491.709	131.278
36.5032	424.715
350.325	1.55105
471.755	3.11426
228.022	150.615
302.188	358.049
226.692	41.1872
345.119	16.7099
102.508	457.295
108.918	223.042
285.264	130.36
20.1658	413.219
54.5892	307.473
117.674	382.667
43.4151	206.962
210.723	431.384
27.5915	280.669
496.207	475.378
225.584	163.404
277.598	81.0728
70.69	292.502
239.772	178.613
21.6847	498.913
396.483	94.1078
430.441	105.093
462.876	449.137
210.863	329.257
367.315	418.541
77.1053	211.295
106.729	413.367
86.0489	218.913
5.41459	241.743
254.515	82.093
19.2939	400.188
148.547	225.066
11.3321	457.015
366.716	443.835
292.427	91.4861
236.469	372.435
324.707	451.816
456.231	103.905
120.017	437.914
241.59	83.5121
266.638	278.526
462.404	116.067
105.598	256.65
60.165	466.105
471.423	492.143
171.141	113.667
340.709	496.162
434.251	126.519
268.322	138.454
258.13	90.3063
31.8812	265.058
123.222	200.644
435.579	74.4717
315.256	497.624
421.194	416.878
446.81	101.691
238.603	15.5191
253.227	447.673
263.288	373.593
37.6361	458.067
66.1942	264.569
182.478	39.1739
112.831	398.116
318.39	465.665
196.468	435.714
30.8078	228.918
483.976	413.977
467.327	424.022
352.014	146.876
206.089	239.298
308.34	485.503
269.346	68.3359
450.19	363.035
244.179	399.716
199.435	303.319
246.32	126.493
79.2692	253.406
452.662	485.43
130.452	247.894
460.122	461.674
92.5351	257.331
270.602	110.333
162.757	475.11
245.631	16.9928
217.486	79.0671
289.489	124.359
234.964	411.148
373.513	401.903
225.371	497.555
178.18	157.285
271.968	17.9874
208.858	131.125
320.933	124.198
351.523	458.628
230.947	277.596
266.998	65.5513
480.251	451.849
93.7272	290.297
37.664	261.729
484.259	116.971
118.995	318.467
465.391	95.1357
230.33	104.809
325.05	447.853
29.3793	464.079
436.273	5.66674
313.664	272.003
192.057	388.421
16.6524	321.223
42.7589	258.785
361.214	354.541
157.447	488.892
385.436	135.517
224.364	212.079
222.053	355.621
412.991	6.90093
239.108	132.46
315.901	368.173
188.747	473.084
300.752	492.015
294.897	339.55
414.594	367.365
206.182	18.982
63.1567	200.151
343.948	492.128
294.89	416.575
137.843	236.465
390.422	124.109
32.5098	449.481
299.162	124.189
216.881	124.181
484.144	76.598
436.544	104.024
4.26194	391.136
448.925	495.442
403.456	428.651
352.75	82.9917
15.5937	391.861
158.995	431.666
323.536	3.52557
26.1915	393.129
22.8348	345.348
70.883	435.195
411.747	109.697
473.894	138.523
256.082	286.007
189.36	110.089
362.684	392.349
288.421	369.313
325.539	312.703
385.149	115.612
407.002	101.438
55.895	345.626
190.477	166.125
59.0582	486.059
168.617	169.018
417.134	480.427
399.487	498.777
480.512	459.539
220.701	273.329
285.56	254.404
178.73	393.055
279.586	478.15
131.515	465.249
74.9397	447.915
271.299	403.011
29.8816	263.805
42.2313	251.721
21.272	451.019
70.372	353.997
311.791	361.385
81.6235	415.639
205.755	399.152
256.612	160.307
218.079	169.248
259.896	405.158
493.146	432.489
254.485	354.067
403.459	430.659
230.01	370.886
302.094	14.0446
291.586	488.302
444.891	113.832
139.316	280.719
75.8401	354.71
264.878	471.356
158.111	257.85
261.069	440.726
395.729	131.35
8.12539	377.443
337.237	420.173
70.0904	304.398
441.828	41.278
79.5209	261.749
380.282	141.935
422.966	43.349
221.558	82.7296
345.845	61.0896
37.1514	443.17
437.639	477.762
165.077	474.716
343.822	402.869
290.739	132.232
197.143	147.687
301.933	250.032
341.15	64.0314
391.589	112.587
215.544	127.745
32.5217	349.666
320.013	414.006
441.312	468.806
492.228	364.419
302.021	346.695
204.454	414.362
453.617	88.7695
182.714	381.409
83.2666	406.688
300.251	417.343
307.044	301.117
153.721	426.029
357.315	488.406
0.858737	263.91
181.949	27.0796
410.298	84.1373
53.947	293.88
293.794	91.2089
165.025	289.729
222.845	360.533
198.536	340.202
293.386	340.6
489.27	62.3292
494.641	427.278
140.738	334.421
356.402	476.342
416.862	38.3053
102.658	487.155
402.123	431.516
356.677	487.837
440.708	389.39
291.356	7.53985
92.8536	411.458
189.225	462.809
30.1936	311.618
132.332	458.794
183.44	40.6929
175.834	406.162
94.9069	261.472
277.24	72.9743
159.38	335.371
281.837	308.527
93.0179	433.217
219.075	387.756
274.138	8.22578
28.2517	411.207
262.312	478.815
162.22	10.3714
209.561	82.3098
322.186	435.527
185.469	296.605
397.75	472.133
268.94	353.123
294.612	407.842
0.835563	352.377
16.9032	248.494
162.07	208.995
491.78	31.6278
347.234	62.9192
232.29	219.516
96.6546	313.342
135.237	231.162
380.456	415.642
29.405	401.49
205.765	382.23
203.026	396.835
326.27	262.339
59.4326	230.664
270.897	371.908
190.027	371.941
165.717	271.607
213.992	267.484
443.235	444.29
393.814	33.5722
297.612	267.572
44.3083	219.608
95.8798	498.342
15.3908	382.824
285.836	278.511
47.0264	495.954
256.267	18.2547
46.8238	303.777
30.5467	299.481
249.035	172.588
365.331	405.35
435.317	453.278
435.977	459.507
271.699	366.208
328.972	395.376
113.789	203.874
141.102	456.543
321.558	89.6102
428.031	50.969
483.997	99.6981
12.6981	388.091
334.458	145.391
276.076	251.232
30.5443	435.406
460.244	146.275
346.488	29.597
396.017	391.831
270.294	449.734
338.145	99.9348
187.317	408.884
317.567	436.687
416.88	85.4697
119.598	331.191
308.472	374.56
327.277	4.60481
373.687	131.677
115.251	288.864
277.742	309.553
364.438	147.682
289.229	264.242
428.179	7.02546
60.2077	347.267
263.042	481.151
375.812	498.01
224.086	254.694
153.72	305.615
46.0844	467.858
189.14	273.709
220.685	444.816
144.662	270.585
117.113	266.168
353.665	444.079
392.225	473.172
221.714	355.425
332.797	438.805
260.363	312.083
310.006	434.002
243.374	348.125
226.23	270.614
156.335	236.785
134.382	277.282
180.665	217.621
131.505	241.033
287.969	21.449
196.681	420.969
35.8376	423.796
6.84601	289.017
314.152	317.171
86.5591	201.002
337.573	107.188
110.904	440.429
285.801	499.256
345.636	8.95765
267.201	268.542
204.292	274.946
414.493	436.615
15.9524	371.219
30.5844	235.784
211.273	440.513
426.639	412.698
277.975	61.0705
347.99	99.8383
378.468	27.1951
118.179	207.077
13.6469	460.308
92.8889	290.574
61.364	314.828
133.209	476.546
155.82	290.725
77.1574	249.348
162.145	397.063
245.862	472.854
204.943	97.1877
73.8759	369.831
83.6006	333.82
428.764	90.9664
290.688	101.334
97.9919	405.489
228.209	106.872
374.036	483.023
171.89	166.381
309.445	372.739
217.395	44.2007
332.272	30.6054
400.222	3.56326
423.435	400.593
431.075	472.417
19.5046	408.221
471.854	457.586
15.4246	338.015
344.192	370.936
270.789	323.5
331.087	417.46
446.736	85.0957
271.077	265.082
36.7597	246.61
441.555	57.4289
15.3305	285.718
126.994	498.774
8.81938	232.34
376.392	37.6523
152.438	223.99
430.567	459.159
180.041	231.936
344.415	101.116
62.8891	234.849
460.4	94.9725
218.788	292.894
85.3194	298.994
353.794	29.3553
239.76	493.101
202.857	450.918
335.387	13.6795
247.949	128.497
439.894	36.0278
62.6763	382.99
216.532	325.356
416.055	124.16
486.63	478.257
182.88	299.751
225.571	227
195.404	94.1886
261.089	348.652
215.306	440.778
421.328	426.961
72.6001	491.114
144.479	420.947
305.335	134.408
486.363	356.32
465.636	135.13
63.2927	386.605
242.863	393.429
277.73	115.789
265.561	472.074
101.571	208.924
110.714	356.411
436.568	493.547
153.746	461.306
394.955	148.404
484.07	407.395
494.58	350.622
470.882	385.602
244.121	483.631
340.938	447.932
233.999	270.938
233.953	36.0635
189.979	285.917
242.041	358.896
58.1226	464.608
437.014	390.639
196.174	341.811
219.795	470.752
359.18	129.617
149.585	315.542
201.747	431.572
271.696	63.2366
294.421	29.0893
224.071	97.9799
109.764	297.248
185.549	314.618
235.971	116.29
488.112	417.124
325.165	57.4118
28.8248	279.592
411.348	415.131
396.954	422.013
424.302	369.764
280.963	311.912
301.919	362.054
383.895	484.641
62.7231	348.329
152.149	218.861
388.246	494.393
145.018	261.061
467.734	396.898
284.32	484.54
57.2101	451.138
85.5853	479.09
221.186	407.337
289.067	428.439
238.974	255.34
179.11	413.49
409.153	107.689
203.153	128.371
215.703	138.075
166.531	238.1
313.77	375.026
334.065	435.32
256.158	357.634
333.766	146.404
60.1556	490.745
182.001	303.656
488.254	374.872
223.888	20.8154
163.435	212.5
198.145	474.329
40.6655	274.429
280.851	377.241
386.864	96.0619
293.548	91.0095
161.6	475.26
325.023	39.0342
369.056	440.828
8.34833	431.204
234.356	292.844
211.209	453.145
217.176	204.998
193.116	272.333
404.875	14.2387
316.404	426.05
472.423	494.708
331.306	441.252
491.507	58.9432
112.495	295.404
95.5124	231.027
45.1675	220.965
261.444	51.4508
48.8852	431.6
417.844	450
199.139	196.859
160.025	256.352
164.301	334.233
215.957	380.888
494.344	13.3532
47.5382	392.367
423.831	497.592
252.023	150.356
324.983	256.219
288.408	312.959
343.057	110.673
29.3737	209.002
310.031	391.102
450.706	389.575
382.828	79.114
179.921	277.195
216.98	395.026
434.497	362.346
33.8167	344.346
202.68	9.89367
330.619	450.749
257.555	278.538
255.738	451.359
123.517	340.111
88.2362	317.642
46.1701	397.564
56.3755	345.123
65.2616	490.175
111.025	471.163
254.956	5.55799
341.444	114.809
224.449	307.332
253.552	451.469
283.764	287.326
278.452	447.967
281.643	309.433
68.3256	401.665
147.043	324.458
362.157	484.446
427.395	121.955
189.741	373.262
14.8648	462.761
475.477	143.825
483.615	142.761
283.953	474.492
323.431	159.771
270.326	73.0866
58.7244	398.869
191.099	410.9
331.741	255.047
293.542	20.0384
116.903	283.803
3.9448	492.403
40.0969	379.096
262.004	23.0065
352.211	406.612
241.364	133.955
51.6327	389.077
2.99155	362.142
426.797	69.6893
49.9802	253.544
311.117	319.317
283.576	476.429
82.5216	492.083
272.771	372.448
482.07	14.5618
472.473	447.181
315.679	382.601
249.685	444.54
64.4457	244.727
366.292	102.463
188.194	27.687
43.6892	472.572
243.172	32.1897
69.3316	279.12
63.584	400.879
138.035	287.619
142.142	219.806
396.41	19.5628
75.6553	409.931
194.235	8.7698
279.267	438
161.758	366.007
207.298	153.35
220.188	239.414
217.033	476.005
278.054	359.198
313.242	297.645
440.896	433.267
83.8923	339.264
118.456	426.772
266.206	381.118
80.3248	307.657
35.4375	377.426
164.401	367.554
232.124	475.874
189.299	19.1255
198.432	326.73
0.647405	311.465
160.492	294.762
470.936	355.415
444.034	64.8795
227.916	85.0845
7.11355	258.704
433.73	65.78
348.913	389.545
286.941	90.8405
338.166	353.203
151.453	374.488
360.172	50.1979
474.708	457.333
230.07	402.536
378.325	478.133
197.343	321.135
201.694	441.975
352.95	481.926
259.317	41.6795
211.405	495.782
356.184	358.839
269.82	422.384
431.631	21.6352
383.392	48.9875
493.736	120.163
283.882	374.938
214.944	318.199
354.632	132.478
321.555	312.553
317.466	141.687
159.907	363.666
421.663	499.286
369.822	23.2544
316.156	347.393
146.528	394.132
257.735	369.264
422.778	365.801
265.531	351.71
30.2088	383.284
203.194	384.784
78.805	376.046
436.794	476.162
69.7883	442.866
222.554	243.477
155.842	313.102
421.769	486.489
92.5111	457.551
414.409	409.494
131.231	337.188
69.0902	299.786
254.227	301.654
492.462	64.9013
124.611	499.11
320.553	481.578
480.115	373.516
100.037	308.904
287.381	452.468
315.879	25.6128
214.874	111.421
76.0385	357.72
404.841	65.967
475.29	73.6649
302.113	146.193
363.096	132.503
13.5653	484.216
177.689	307.605
3.92715	261.786
245.667	27.524
14.2125	438.746
269.253	323.28
426.317	411.856
307.405	279.802
401.379	117.233
164.848	32.8815
35.7772	466.094
355.734	355.492
498.049	116.394
167.819	51.1551
250.514	19.3614
124.41	470.658
405.428	423.638
193.442	200.468
221.907	133.369
283.174	386.967
229.03	386.807
212.818	23.5495
69.9059	310.072
310.16	254.873
195.702	136.668
381.323	99.925
148.835	302.554
53.9654	221.995
392.215	38.2974
261.124	450.141
41.9524	481.839
243.32	210.956
165.146	400.973
239.422	207.601
61.8532	458.626
386.716	452.214
496.375	438.013
279.029	328.73
295.58	276.646
229.455	281.731
280.764	442.416
220.252	256.945
48.3361	233.378
221.566	57.4602
56.0081	220.273
198.095	233.291
174.482	189.841
21.544	202.782
314.87	8.51691
458.592	68.64
202.116	467.481
376.086	72.4058
183.773	406.431
73.587	240.472
234.155	271.799
157.413	371.605
168.1	15.4255
389.413	2.43907
101.761	412.814
180.959	342.054
189.404	338.883
317.516	80.4633
351.375	458.409
90.061	308.413
320.848	490.195
395.677	475.683
298.928	483.926
21.0846	296.245
128.071	388.007
33.2945	379.197
277.265	160.068
102.372	429.681
251.659	348.997
115.386	229.346
35.9466	489.835
470.281	433.277
442.856	121.642
248.991	136.021
495.719	19.2601
311.133	34.4149
203.952	379.394
204.415	134.272
339.418	122.001
118.743	342.66
128.578	348.736
474.247	460.686
63.367	386.543
284.389	79.1847
192.477	29.8743
150.317	283.342
77.6805	347.228
398.702	358.79
158.253	322.74
44.4169	251.544
234.387	342.767
200.123	238.335
17.9787	321.985
222.633	178.152
14.6703	235.512
274.725	11.7037
38.385	492.176
325.934	113.371
178.593	178.824
304.262	58.8759
74.8363	375.357
143.72	450.145
361.742	436.278
285.114	115.506
243.391	403.729
445.952	369.714
119.502	350.623
404.211	9.4606
161.963	330.525
435.925	16.1363
247.993	153.427
398.056	31.3053
35.6177	452.905
429.133	353.906
245.639	270.708
483.977	80.5293
78.5135	237.825
298.873	152.083
224.301	242.72
30.8434	440.019
198.981	140.699
396.419	454.645
165.195	7.08551
26.7248	448.228
163.579	220.353
300.963	482.774
359.515	409.002
198.43	223.657
327.335	400.234
166.316	233.085
344.355	465.6
247.468	250.062
417.116	101.261
23.3059	455.588
296.021	133.502
88.1386	378.656
128.593	367.562
316.69	327.62
51.6789	349.058
427.721	406.326
464.393	20.4514
207.828	458.688
207.991	108.514
58.4187	474.93
102.265	238.402
297.101	11.5921
272.314	343.709
417.787	495.036
463.53	452.038
292.067	422.068
13.2217	280.603
118.946	265.777
57.512	454.326
421.671	360.28
198.74	389.569
170.399	105.51
71.8616	285.693
360.48	88.8984
364.17	46.6047
201.641	61.1545
115.893	263.767
