Saved a vector of rrt <nodes> points.
X	Y
250	250
240.011	250.476
259.864	248.355
231.787	244.787
240.371	249.917
247.579	256.849
237.579	256.953
231.761	265.086
234.137	274.8
240.165	282.779
242.811	292.422
247.342	275.816
256.994	273.2
250.56	298.743
238.208	271.746
258.374	304.984
266.187	311.225
274.171	305.204
228.345	273.393
283.631	301.961
232.868	264.474
219.266	269.199
213.038	277.023
288.042	292.987
234.932	254.69
205.424	283.506
198.024	290.231
294.667	285.497
188.162	288.576
295.2	299.97
303.143	306.044
286.973	279.11
298.354	314.822
288.691	269.259
182.642	280.237
184.531	297.893
178.083	271.336
297.25	264.088
305.735	321.569
301.153	254.881
177.96	261.337
303.663	331.352
315.13	318.144
325.126	317.849
168.483	258.147
189.193	306.74
333.659	323.063
162.965	249.808
340.495	330.362
161.788	239.877
347.331	337.661
165.01	230.411
310.839	252.396
315.259	243.426
163.577	220.514
346.853	347.649
153.425	252.807
315.938	233.449
325.412	230.248
184.07	315.328
154.014	217.59
174.858	319.219
353.944	354.701
361.034	361.752
323.006	220.542
193.523	312.063
370.99	360.809
177.627	328.828
145.187	212.892
170.949	213.756
171.641	336.838
329.747	213.155
163.056	331.709
329.025	203.181
377.765	368.164
384.54	375.519
334.896	195.086
178.194	206.863
330.533	186.087
153.717	328.135
328.209	229.082
146.261	334.799
332.968	176.388
141.486	203.602
179.44	196.941
139.954	342.56
135.819	195.363
130.595	339.037
126.481	329.923
137.636	352.287
384.758	385.517
391.855	392.562
180.381	341.697
134.807	185.414
399.114	399.44
368.293	371.37
406.197	406.499
135.745	211.789
138.218	362.27
129.062	177.229
413.281	413.557
131.378	167.5
119.109	178.198
420.365	420.615
427.449	427.674
117.747	325.054
337.789	167.627
420.033	434.382
347.111	164.009
353.77	156.548
141.312	371.78
374.147	363.263
188.987	336.604
358.662	147.826
367.201	142.623
360.88	378.082
357.359	387.442
144.763	186.345
107.771	324.36
111.183	172.101
434.533	434.732
130.096	157.583
350.852	395.035
105.57	334.115
343.449	401.758
441.616	441.79
448.7	448.849
137.138	150.484
100.054	317.999
193.242	345.654
105.694	163.743
184.37	350.268
375.508	137.054
135.451	379.882
384.715	140.957
124.076	332.796
330.459	160.824
187.209	359.857
193.543	327.702
391.413	133.531
138.861	140.633
192.716	317.737
455.784	455.907
401.377	132.694
328.048	151.119
351.003	376.521
381.848	356.883
344.915	411.65
129.391	387.837
391.569	354.538
462.868	462.965
129.101	397.832
193.46	367.663
202.619	371.675
398.894	347.731
334.099	398.212
440.436	426.661
90.3697	320.491
328.003	170.518
107.047	344.005
99.0078	156.306
82.2832	314.608
107.364	311.175
405.042	141.999
76.0698	322.444
469.952	470.024
403.283	338.745
415.042	141.993
351.021	419.569
477.035	477.082
92.3003	148.889
320.96	144.065
336.457	416.985
83.4881	144.162
484.119	484.14
195.193	308.048
400.693	122.718
324.489	395.446
204.237	303.782
490	490
138.941	130.633
90.3326	142.266
133.312	406.903
199.122	359.42
66.7558	318.803
212.614	371.34
94.8288	165.391
413.159	340.315
78.1659	135.696
319.968	134.114
490	490
311.534	128.74
336.62	175.591
443.116	417.026
222.584	370.567
357.256	427.388
315.48	119.552
477.282	463.222
490	490
322.89	112.837
203.941	293.787
490	490
301.534	128.674
490	490
490	490
433.605	413.938
314.978	392.36
72.2698	127.619
103.556	301.929
320.675	177.322
314.313	382.382
404.207	328.788
62.7677	327.974
320.914	103.034
330.828	142.442
209.804	312.09
428.166	405.547
218.969	308.087
93.7588	175.334
126.383	414.113
460.514	473.33
321.877	93.081
199.668	284.746
320.731	187.322
490	490
136.743	120.878
422.456	336.632
355.234	437.181
427.476	345.28
400.192	112.73
398.287	102.913
490	490
400.21	93.1001
326.906	195.187
410.415	324.775
64.6372	121.159
133.073	111.576
395.849	84.1013
314.522	86.3061
406.975	315.386
351.475	446.448
83.779	174.699
404.44	78.9844
127.722	103.128
191.857	352.548
64.2203	111.167
412.537	350.295
404.418	68.9844
67.1033	336.985
68.5458	102.151
337.129	166.025
410.154	111.866
55.0546	321.609
125.348	424.059
416.81	119.329
436.843	348.782
322.709	204.264
101.961	181.054
204.226	275.845
106.598	311.455
132.134	431.404
490	490
308.663	78.2022
60.0593	344.083
322.378	86.248
228.956	307.593
201.852	352.889
130.285	93.4615
127.752	404.207
238.442	304.427
426.81	119.402
66.321	135.658
309.01	373.904
443.572	413.132
434.141	126.204
321.046	144.518
411.923	62.3759
299.271	371.635
342.031	449.737
142.097	430.539
443.253	423.126
490	490
436.191	358.761
189.121	362.166
354.473	455.988
142.066	129.343
358.595	427.763
490	490
490	490
144.856	138.946
181.868	369.051
138.985	421.035
106.625	301.455
99.6169	294.322
398.422	122.573
490	490
490	490
421.641	64.7319
446.664	346.901
151.562	433.765
116.809	429.263
73.7626	344.445
490	490
490	490
404.567	305.68
319.221	198.732
135.896	85.1843
334.208	156.461
429.485	58.5285
302.845	70.0692
314.996	210.628
194.316	274.504
90.7283	167.508
107.274	426.248
313.938	86.3113
123.604	395.108
132.094	128.595
448.207	404.271
314.964	189.966
305.005	210.213
312.84	180.195
144.656	80.3599
445.028	394.79
294.231	75.1498
94.5668	158.274
318.845	372.094
75.3876	94.858
435.031	395.046
331.408	90.5461
439.362	134.733
490	490
490	490
311.534	141.431
75.3389	354.32
297.928	381.544
303.105	177.911
105.748	286.422
76.086	89.5583
395.374	309.615
159.794	439.443
449.2	132.943
154.641	80.9007
455.028	394.74
463.832	389.999
56.9642	132.129
362.34	462.161
343.333	444.956
244.246	296.284
409.882	52.5865
115.818	303.238
490	490
159.944	72.4224
450.946	142.789
427.786	364.18
372.123	460.093
77.1437	79.6144
287.29	82.3485
411.443	312.941
318.543	362.099
100.98	434.019
168.966	443.427
438.455	54.1077
166.256	64.6662
390.051	128.043
176.764	449.687
155.273	448.362
445.978	47.5204
304.585	60.2218
125.657	305.024
490	490
93.3511	428.351
451.505	338.15
168.07	54.8322
307.882	50.7809
101.259	277.486
66.2004	358.381
88.649	177.29
456.004	329.22
461.071	320.599
89.664	295.291
315.743	195.036
380.245	465.928
125.221	135.859
490	490
293.326	180.003
80.9974	70.3868
376.411	451.059
417.248	73.715
321.866	217.895
472.024	395.735
56.2164	357.815
456.289	349.615
405.439	295.718
184.718	271.697
130.736	144.2
71.9739	80.1999
457.985	149.892
319.334	227.569
110	293.905
66.1552	337.955
86.1845	435.325
467.49	146.784
335.026	450.522
307.289	385.061
184.382	443.209
59.135	330.833
153.433	64.8324
286.5	92.3172
340.05	435.51
412.471	82.5006
439.419	387.329
192.389	449.2
100.2	267.542
380.956	123.885
49.1957	331.933
283.478	178.268
317.286	47.3817
83.2862	444.896
300.017	44.605
490	490
148.371	455.599
54.5146	122.434
66.2536	135.831
90.4466	183.078
70.9902	127.024
276.541	93.223
385.56	307.699
83.1903	60.6302
269.239	86.3911
384.764	114.638
117.7	310.404
84.6756	191.245
201.419	444.904
138.57	137.985
85.0066	356.876
371.275	121.379
172.798	46.0204
51.4936	140.5
470.216	156.405
292.178	38.3959
382.724	317.288
467.582	380.729
62.81	76.197
91.3091	302.112
418.749	319.769
142.952	457.473
73.668	442.159
386.295	326.629
97.1029	422.75
259.465	84.2761
273.722	180.467
100.41	182.228
103.039	257.954
455.915	331.615
107.976	441.164
310.779	232.747
194.095	459.053
285.955	46.2233
76.5578	197.085
455.163	43.5643
490	490
443.403	149.354
210.721	441.233
311.816	67.1292
92.6303	363.348
113.039	257.898
133.118	311.682
272.772	170.512
469.877	162.875
115.33	248.163
319.534	73.4881
172.62	72.3798
192.824	277.553
365.959	129.849
306.391	241.732
399.959	126.691
161.99	50.1909
265.138	164.053
93.7904	254.152
441.348	145.92
60.5903	85.9476
307.354	375.061
152.892	46.04
325.614	193.433
166.523	80.306
336.294	426.242
355.979	130.482
333.417	199.688
202.801	276.88
200.172	434.982
476.355	142.157
462.83	310.755
459.552	52.5494
307.06	251.71
409.943	127.262
49.5797	365.295
46.8553	322.211
202.058	461.331
312.255	39.5891
57.8748	73.0888
76.0851	336.772
375.595	306.86
84.4617	250.549
490	490
297.396	375.977
66.1709	121.511
435.204	155.079
53.7365	112.464
50.4664	66.372
105.02	300.508
490	490
66.7732	137.88
490	490
205.742	286.438
490	490
75.2027	254.327
315.638	194.128
490	490
211.194	465.397
310.657	202.799
383.393	104.848
346.671	134.137
490	490
490	490
123.027	258.401
255.59	161.081
278.474	39.5869
136.305	302.203
364.011	114.506
205.015	296.412
365.992	309.65
298.801	244.253
342.252	457.434
156.365	461.607
251.284	170.107
340.158	126.549
184.431	461.623
201.677	266.944
465.843	332.81
197.768	425.275
178.972	470.002
83.9165	203.856
373.854	135.987
96.502	412.768
206.736	446.047
429.612	389.283
285.446	97.7738
422.897	396.693
40.6508	369.798
424.737	406.522
69.1347	433.246
293.374	91.68
350.259	463.424
288.993	370.556
458.762	62.5182
279.204	368.509
209.223	475.201
385.466	297.699
208.233	305.88
40.0858	329.571
322.924	82.896
66.8062	449.433
379.874	143.972
220.895	462.97
371.37	318.081
230.884	463.435
316.866	253.672
242.454	165.412
316.71	30.6365
374.991	152.699
490	490
65.277	253.11
283.159	177.158
40.678	68.4182
391.321	121.652
340.667	206.575
58.4227	245.829
377.083	97.09
490	490
253.188	173.122
215.68	285.328
408.767	319.172
76.6807	210.758
490	490
490	490
131.101	252.502
44.4974	108.638
35.5525	59.8316
447.356	37.3149
164.234	90.0407
391.496	289.722
490	490
93.7827	174.74
40.1899	50.972
490	490
209.844	442.225
110.267	291.996
303.97	261.22
357.958	457.042
490	490
50.3791	251.77
284.859	107.757
490	490
470.371	172.863
367.857	455.624
438.063	33.6201
460.592	170.768
287.593	183.229
473.683	182.299
468.582	190.9
343.508	428.232
481.464	133.56
490	490
469.511	51.6498
41.2704	255.897
36.9051	76.9928
255.872	151.085
301.957	96.8124
334.768	118.126
119.334	239
329.122	76.4636
91.667	210.175
356.563	312.981
198.542	291.002
207.609	423.496
40.5234	339.562
459.532	301.314
428.742	415.685
70.5896	85.8312
269.706	34.7786
490	490
313.853	212.275
382.022	125.33
332.624	460.134
490	490
428.921	425.683
144.658	40.3659
76.0202	197.72
462.678	291.822
464.715	340.212
490	490
336.772	70.0236
264.706	32.9966
75.6732	454.057
417.291	324.4
427.808	161.81
137.811	312.089
120.952	229.132
391.667	289.807
490	490
76.4255	135.267
344.87	215.649
84.6965	331.689
398.083	282.136
490	490
468.629	305.466
146.677	316.714
346.564	313.144
258.992	41.2034
34.2388	248.787
50.2295	64.6291
151.528	33.1001
200.532	257.009
490	490
36.909	264.896
37.865	116.122
454.073	29.9065
24.9589	252.513
159.467	39.1809
490	490
289.593	240.352
281.468	358.768
159.592	98.8975
272.039	375.484
364.263	299.801
203.349	435.739
66.8915	193.638
81.3771	462.27
490	490
472.527	200.089
468.749	209.348
325.447	258.806
78.2391	79.3903
465.696	69.7234
84.7787	257.208
453.445	65.3838
490	490
473.982	343.97
58.8703	455.518
339.281	306.292
315.801	243.728
255.891	28.2736
31.0181	367.112
94.084	416.675
470.364	201.517
88.9105	468.847
151.334	313.682
155.717	84.801
413.061	398.497
232.948	168.514
67.0131	138.644
490	490
191.094	417.829
277.67	349.518
61.234	427.115
419.194	166.889
39.4529	40.9992
86.0617	326.471
90.7001	415.638
198.481	261.737
255.036	182.95
480.014	489.479
98.9012	469.277
329.946	309.876
103.782	174.606
263.161	173.848
490	490
85.118	72.1322
490	490
234.438	472.782
333.531	428.915
101.822	423.01
470.086	490.681
100.44	290.141
27.5992	80.6536
138.236	259.508
490	490
73.5113	95.3949
262.073	374.659
92.9239	164.777
353.44	472.905
449.65	299.783
78.4364	264.94
329.143	450.76
399.986	116.659
490	490
203.931	247.605
319.398	448.516
145.723	85.1409
337.689	197.029
230.189	178.126
130.952	229.113
220.364	176.266
38.1195	261.756
240.395	480.814
268.549	345.417
365.204	150.645
42.327	31.4211
421.355	392.911
405.502	328.624
34.4819	25.2199
406.02	276.053
146.689	326.714
100.002	408.615
105.884	400.527
142.201	261.577
319.65	444.38
362.729	476.609
17.5088	259.184
247.963	144.966
158.858	104.401
231.597	188.026
345.328	323.068
462.048	484.732
261.774	20.1871
167.064	32.6775
50.514	339.996
490	490
159.827	318.963
404.5	393.328
479.55	135.543
165.831	326.959
50.897	461.553
269.575	335.469
280.798	116.895
420.351	333.92
87.1705	341.378
354.489	212.917
276.898	101.706
212.774	434.236
183.758	411.033
352.399	314.775
460.992	281.965
490	490
364.516	289.804
93.0147	319.284
431.354	393.044
98.0743	394.282
181.727	401.241
346.274	333.023
490	490
341.771	341.952
261.282	171.044
454.992	342.549
444.463	60.9869
462.004	23.8163
268.458	96.3411
265.811	152.195
350.206	482.368
221.434	429.237
490	490
490.716	480.026
106.883	473.08
490	490
168.822	105.249
260.771	89.9458
193.829	438.8
467.062	203.492
478.913	352.67
82.4439	66.673
364.489	212.861
83.9209	268.879
490	490
215.847	167.345
101.938	323.797
490	490
111.129	181.39
249.694	44.8856
174.041	39.8414
372.251	479.663
30.781	337.307
41.4714	464.894
169.704	336.179
101.237	432.993
319.946	309.974
39.2341	372.813
183.919	38.2878
272.951	44.2375
396.537	123.146
396.923	333.763
462.507	287.347
472.696	128.261
63.2093	184.34
282.338	247.234
331.621	61.4522
423.197	343.507
490	490
239.567	150.398
272.441	245.803
88.6617	247.993
331.825	342.988
177.123	342.883
439.716	387.559
135.773	84.1349
79.4678	59.9538
277.731	48.9005
33.8584	15.2394
52.0687	471.484
69.9324	422.435
446.94	394.474
339.143	54.8622
35.4743	456.891
258.657	343.956
270.064	349.413
250.042	483.448
490	490
485.767	359.952
279.412	92.0268
27.3137	462.671
405.115	266.094
315.449	258.976
490	490
279.364	333.427
343.5	471.812
460.516	78.2772
95.3165	474.303
138.579	267.72
398.462	258.629
413.527	408.486
422.697	412.475
471.821	21.913
490	490
165.086	81.3051
402.456	383.539
82.4743	476.5
88.1646	258.955
229.796	423.752
366.135	160.602
189.883	256.631
310.127	311.864
490	490
239.005	146.725
262.482	328.42
62.5139	202.628
288.146	353.114
435.641	56.2792
372.526	143.833
251.349	93.2986
155.372	110.987
172.368	46.618
185.273	28.3798
388.529	122.287
426.175	53.0543
282.804	126.692
419.779	156.906
191.463	398.958
410.427	319.921
428.254	352.134
195.385	271.246
161.842	84.1152
469.843	277.31
308.278	237.14
348.461	204.938
183.103	334.868
335.691	325.737
196.002	434.512
213.905	248.328
402.226	314.199
367.656	140.751
68.7569	148.491
490	490
81.0148	102.005
328.108	199.894
105.48	189.642
490	490
482.528	369.413
389.714	253.783
109.788	293.138
108.572	482.937
468.29	25.2061
419.023	421.775
17.4642	269.184
267.585	17.1407
429.038	153.129
222.828	185.822
454.632	86.3631
354.377	326.616
33.1087	364.909
340.653	314.228
183.831	248.67
241.771	173.22
383.512	113.637
467.358	34.7574
457.527	305.944
52.0819	423.086
188.814	19.0281
29.0535	90.5473
185.181	443.82
181.18	239.028
315.092	301.231
69.6406	138.53
476.296	207.33
136.82	325.101
319.35	204.721
18.9634	468.173
149.123	102.115
154.203	328.17
215.418	421.249
177.609	110.021
335.858	45.4171
345.191	320.467
473.105	216.807
307.934	265.574
490	490
456.703	476.28
268.535	320.461
244.817	100.87
122.8	223.32
431.855	48.2462
419.697	383.049
249.433	340.093
237.744	160.23
409.875	310.376
456.348	391.086
306.687	295.814
187.076	113.244
347.219	315.84
59.2959	151.729
79.5363	243.903
331.895	352.988
447.422	472.559
186.994	276.685
29.2767	100.545
103.92	398.615
490	490
93.5892	239.291
27.6926	110.419
25.9051	81.0558
12.2539	250.676
254.802	341.342
394.783	245.162
490	490
157.284	30.5881
97.5886	262.3
237.366	417.218
359.881	280.943
490	490
410.45	270.692
191.094	280.575
70.5772	412.456
190.789	328.471
69.5564	244.536
416.139	431.35
416.4	262.655
156.081	20.6607
267.672	151.785
286.571	44.2261
347.875	349.873
396.822	312.082
200.672	283.45
267.391	237.171
221.244	255.12
136.291	267.031
62.0209	251.11
237.274	94.3052
402.724	115.29
76.4326	275.507
179.387	53.7404
237.449	430.188
147.316	31.3838
243.484	348.132
392.127	257.773
413.395	164.603
337.696	463.668
351.974	358.994
110.368	428.916
142.955	108.377
243.036	408.98
114.017	466.072
35.6925	79.005
170.877	350.693
247.664	84.0024
490	490
259.455	480.072
446.917	387.639
120.903	179.279
92.633	390.902
182.55	11.2335
253.52	330.176
91.582	435.596
50.3941	413.229
339.792	453.89
239.402	78.3692
463.996	313.569
267.286	310.539
25.3255	275.364
490	490
202.175	434.666
253.032	409.275
88.8023	56.3667
394.614	389.743
447.79	308.221
344.397	40.2122
217.782	239.11
130.357	176.019
109.675	390.437
490	490
490	490
459.618	466.714
453.392	18.7342
180.316	391.342
168.111	31.7888
292.168	52.5131
330.823	449.469
32.3707	343.143
486.509	346.165
376.621	470.668
309.003	286.086
431.609	341.405
299.75	45.9927
51.0182	157.34
30.926	267.08
478.112	225.463
472.103	307.878
56.4522	473.241
119.639	389.588
207.035	172.073
415.724	174.328
222.728	429.594
41.8827	340.057
490	490
442.676	299.628
55.1925	209.44
416.189	52.5311
490	490
490	490
222.077	195.793
490	490
309.479	203.118
216.114	157.348
490	490
490	490
291.669	62.5007
88.7264	381.697
490	490
341.808	344.838
27.0024	120.395
461.947	484.795
76.4363	484.472
17.0325	121.17
18.4575	74.3824
342.637	64.232
19.7199	283.645
238.109	108.287
192.976	244.623
478.854	120.382
27.8522	130.358
321.314	452.564
32.9582	138.957
490	490
268.845	483.513
273.378	159.998
71.2443	284.055
251.949	325.496
490	490
188.591	7.92316
490	490
177.29	274.267
454.797	395.473
478.564	272.418
188.696	290.283
270.471	153.461
183.596	453.066
349.691	452.471
10.3961	280.03
132.164	219.81
432.221	414.229
56.3503	430.819
110.274	197.808
309.809	193.124
358.28	457.593
151.364	11.8434
490	490
45.256	478.805
331.609	192.712
235.428	354.056
197.184	336.159
373.526	114.17
281.999	116.724
38.8075	273.234
392.606	258.73
262.895	301.554
364.594	118.666
492.061	481.879
464.749	484.702
258.73	12.4949
490	490
248.89	14.2765
490	490
260.715	402.875
172.692	390.634
281.68	341.368
270.686	403.639
490	490
24.9146	359.177
116.583	170.261
192.801	259.37
48.4259	436.918
412.612	113.798
26.5411	73.8223
420.493	183.117
440.144	479.417
341.126	473.061
139.941	178.873
296.703	296.384
421.69	117.992
172.38	265.556
177.158	63.4886
162.578	267.539
324.161	213.487
364.335	327.536
89.4162	46.3855
162.774	45.2699
368.39	336.677
269.707	7.36834
367.037	287.927
42.0914	330.059
197.211	173.938
123.801	464.006
270.292	246.741
260.382	416.056
405.882	176.097
455.435	492.384
470.587	114.755
260.452	229.97
15.0786	64.9706
423.797	269.384
174.358	449.238
383.033	116.285
321.957	351.874
489.112	376.94
10.5955	56.0318
39.9325	69.9483
250.246	402.034
235.805	359.524
333.472	467.88
49.0359	201.56
256.56	79.4357
450.308	471.163
311.51	454.532
277.831	487.901
490	490
352.457	66.121
101.311	202.244
354.256	368.73
191.508	182.153
410.403	300.39
442.276	378.781
444.735	23.7406
469.156	31.7868
131.167	470.769
194.972	171.757
186.48	166.476
490	490
181.527	100.821
208.819	150.508
490	490
492.667	471.897
53.8969	445.289
45.5256	324.668
476.573	130.118
329.593	356.392
355.362	75.6896
384.535	464.555
432.7	486.094
361.026	128.008
444.238	31.6197
490	490
157.6	276.212
245.934	182.313
367.663	106.07
308.834	183.171
18.0109	107.916
490	490
38.036	350.588
404.529	388.444
14.6712	46.9001
243.743	321.526
256.874	401.435
182.567	435.384
339.174	31.6847
198.265	5.3896
231.483	199.188
371.115	346.298
167.288	61.8786
423.267	409.776
252.713	189.664
240.262	150.553
490	490
64.8869	211.894
129.516	388.027
483.056	368.982
166.443	277.028
272.954	143.294
215.906	190.482
340.105	21.7282
82.6322	440.057
349.694	377.629
345.132	351.096
490	490
245.107	361.536
358.678	114.147
416.937	155.251
126.815	270.227
88.1053	259.127
68.3079	156.063
166.581	442.952
392.6	379.948
470.617	321.063
180.281	354.094
340.878	188.957
396.19	399.618
215.562	181.481
188.838	386.109
83.0801	64.5676
490	490
490	490
429.256	480.975
427.164	57.078
490	490
208.158	442.679
145.356	115.797
324.384	472.052
256.269	229.133
455.939	469.113
253.025	175.261
248.91	370.784
49.321	435.143
150.448	9.57356
490.248	336.89
474.232	23.1708
61.3262	285.333
47.6389	268.543
426.584	411.597
6.68975	289.318
476.35	38.7331
77.815	73.0694
159.246	449.749
474.072	234.61
389.763	318.858
490	490
17.7934	37.4
449.79	11.7445
73.686	164.494
473.004	48.1568
207.532	168.002
73.3035	147.401
464.685	231.163
42.4562	162.506
168.378	352.207
490	490
144.744	170.101
150.447	283.2
319.717	222.446
161.155	345.292
120.358	428.451
180.902	354.524
340.061	186.085
215.266	159.495
430.085	185.945
201.359	340.723
350.672	387.581
343.729	41.1528
332.897	14.7966
183.609	248.124
370.42	463.736
80.1228	42.6933
321.717	344.966
185.876	399.654
406.826	49.0192
187.402	256.436
408.781	149.464
490	490
166.824	266.51
234.474	412.127
96.7495	264.155
490	490
348.854	112.281
421.326	43.9516
228.725	248.484
484.524	359.09
80.9066	82.5795
241.866	68.6777
142.558	3.42956
305.954	173.595
487.21	345.045
490	490
154.486	14.5384
75.2862	293.202
393.129	247.823
437.156	178.873
182.163	11.4402
286.715	68.6766
153.242	339.178
79.3472	172.737
459.12	13.0804
42.3562	359.607
8.31802	272.292
8.05221	262.295
329.603	34.5823
258.368	336.068
358.364	374.505
331.902	439.527
251.337	181.288
406.557	105.84
47.4136	425.339
417.743	402.398
490	490
163.275	9.76797
481.415	53.5666
187.158	63.4616
260.539	479.242
323.114	12.7258
362.607	278.962
369.719	457.297
340.849	389.457
194.519	258.849
67.8234	72.6604
62.859	449.725
161.191	459.558
363.136	380.849
403.551	39.5704
345.376	40.9852
246.137	103.775
417.315	192.599
72.5192	40.9201
178.696	290.191
490	490
331.572	180.8
198.694	290.099
164.411	19.7033
236.764	328.688
215.869	203.633
490	490
232.308	368.893
198.838	385.999
289.036	341.065
495.274	328.246
483.057	497.197
464.613	397.379
350.569	191.422
358.957	185.976
270.49	242.478
83.1258	149.278
86.9493	391.538
174.064	94.1647
427.339	260.033
365.217	454.924
263.593	220.476
250.502	353.116
224.152	176.362
374.883	99.1511
484.758	217.991
32.4856	257.202
338.275	335.483
180.109	395.217
93.0059	372.659
354.301	273.393
490	490
114.718	468.189
141.846	217.308
322.342	184.647
77.4678	388.359
352.923	201.141
214.105	428.728
490	490
154.816	350.669
87.9379	364.038
394.124	36.2351
395.628	251.367
457.139	477.815
146.204	292.255
490	490
315.922	190.327
34.9776	64.8091
461.162	10.5071
433.924	304.465
482.383	208.277
146.725	173.015
95.8351	360.669
16.7368	257.338
346.374	481.574
358.342	182.285
224.538	411.004
490	490
490	490
74.2614	397.831
376.395	284.402
385.847	122.798
321.415	196.381
267.472	331.929
245.271	195.122
255.297	187.8
39.3873	419.374
52.0138	362.201
171.244	296.86
277.26	396.104
228.471	410.379
490	490
488.038	386.882
135.367	116.249
437.41	370.045
126.013	420.204
490	490
294.321	75.169
190.462	300.126
257.321	488.71
490	490
30.5474	414.699
476.77	62.4223
222.468	370.676
108.606	476.104
104.158	189.896
476.726	235.169
53.3636	358.793
203.486	13.9184
475.915	354.001
184.561	189.346
485.18	240.51
339.822	186.178
260.72	291.794
251.902	23.8122
138.349	383.338
155.617	12.293
48.385	170.559
124.664	424.043
247.324	488.479
85.98	91.1969
251.153	294.704
257.342	198.117
80.0999	284.437
492.979	499.546
32.7033	333.504
200.883	326.868
180.939	158.152
490	490
207.563	426.327
241.126	370.034
490	490
435.432	20.0723
273.244	217.858
278.06	477.903
125.052	410.971
138.721	298.889
219.441	380.206
315.113	18.7249
491.073	473.406
18.0011	247.418
190.423	105.39
22.0325	419.942
230.968	258.229
62.2667	80.9744
404.681	108.278
451.415	460.194
439.231	20.2249
490	490
47.573	453.036
179.741	457.666
337.543	431.27
176.934	109.704
216.354	143.933
185.593	53.5848
490	490
433.622	271.25
262.896	173.66
350.824	210.918
494.82	351.532
411.824	291.85
270.48	289.614
238.145	492.448
286.571	392.457
490	490
483.054	338.795
22.8809	331.628
70.1197	456.602
461.525	325.226
132.582	2.73479
473.811	340.809
50.1528	164.231
203.337	425.234
399.266	321.97
135.904	421.681
274.039	13.1478
150.413	445.062
490	490
473.204	136.184
134.596	224.196
431.837	496.057
490	490
490	490
187.621	198.867
39.9073	175.863
478.764	108.998
352.717	489.305
291.742	60.0318
142.248	160.418
16.9424	45.5706
463.363	107.84
78.2281	257.565
46.0139	411.884
498.032	464.352
433.527	409.56
210.712	186.13
490	490
465.056	495.112
188.092	452.166
394.149	461.804
490	490
17.7488	428.978
50.3035	315.883
455.525	227.151
443.119	274.381
80.1197	456.635
221.999	155.634
361.829	62.633
371.911	293.34
282.838	141.774
437.998	360.062
260.694	410.677
345.973	433.675
258.49	497.548
337.837	45.0876
442.493	455.678
491.015	50.7683
348.873	276.204
405.429	249.381
149.62	294.694
257.325	32.2136
490	490
415.424	282.52
407.796	30.516
424.316	268.396
305.051	176.368
161.289	347.746
125.348	260.336
482.501	139.868
45.1737	278.235
428.01	359.587
38.7351	405.027
485.138	208.65
8.97827	424.174
56.3135	206.746
307.901	196.298
490	490
490	490
418.221	191.169
52.8499	179.507
269.858	225.338
351.654	102.681
468.012	67.2497
134.504	120.354
475.964	312.612
490	490
316.115	477.675
432.788	314.401
33.3062	363.861
242.276	379.968
490	490
473.084	204.6
280.297	244.434
279.205	391.698
320.151	197.57
205.489	450.704
474.776	63.8493
131.999	119.535
490.107	146.36
190.938	45.1335
380.952	292.151
448.62	219.917
293.592	399.578
472.807	194.604
348.254	334.835
186.353	452.708
326.08	465.062
145.85	422.713
490	490
414.777	293.631
402.4	239.85
226.593	238.714
463.725	76.2839
490	490
148.237	169.475
67.432	171.616
490	490
400.884	31.854
490	490
186.366	181.857
443.517	409.991
467.078	407.071
449.853	281.774
102.662	197.852
128.396	232.042
185.424	238.29
199.89	450.47
214.626	412.334
307.765	15.6685
490	490
103.393	179.926
219.589	150.497
171.563	438.306
490	490
319.735	335.164
67.5247	387.295
490	490
231.042	400.715
447.693	419.078
295.84	50.9102
78.9891	247.594
34.1084	427.867
489.486	459.16
126.895	10.9599
262.011	206.96
484.566	39.5563
213.344	15.5986
166.538	256.514
413.009	255.903
239.095	262.833
159.325	469.382
84.7808	139.416
490	490
391.941	452.05
490	490
129.292	302.22
67.6099	62.6626
338.469	39.8408
2.31456	254.105
209.379	346.698
463.835	340.122
29.4473	401.321
319.037	3.59457
490	490
298.702	199.044
66.1288	204.833
490	490
497.772	384.604
200.314	394.333
282.402	221.874
490	490
347.349	122.167
82.4606	403.556
69.0073	197.439
213.229	345.374
381.707	91.8415
148.311	382.473
158.714	27.922
341.56	130.322
253.647	285.183
490	490
349.775	324.952
471.549	416.016
490	490
188.244	451.386
343.503	123.789
206.832	355.443
486.087	334.561
353.374	317.887
490	490
31.7652	74.2791
103.337	479.038
176.83	233.178
86.754	392.683
411.218	395.565
308.645	198.903
344.012	140.017
342.332	283.768
453.646	105.479
144.075	343.173
353.212	365.934
23.6976	29.329
329.183	426.046
35.4837	363.106
378.186	282.748
449.046	482.986
323.684	231.625
112.804	176.544
490	490
207.554	365.417
12.1028	239.343
490	490
335.296	195.096
490	490
490	490
280.117	143.029
438.72	221.329
240.619	105.852
75.1054	209.24
472.375	363.353
343.174	97.3822
121.196	171.106
400.619	447.08
333.67	121.97
367.729	289.716
88.2051	48.5819
231.036	254.801
129.028	263.397
80.158	99.3273
464.564	400.715
242.328	347.354
189.753	292.714
490	490
351.81	94.0802
487.366	103.899
490	490
16.9907	34.9008
244.14	492.091
496.115	108.742
26.0563	48.2397
325.418	241.474
164.169	464.874
209.028	430.439
332.882	10.5873
447.865	272.428
228.671	185.282
92.0858	51.065
490	490
317.794	184.403
145.049	219.389
221.761	396.992
75.6592	291.417
47.0071	154.738
332.439	282.306
126.646	292.577
134.771	17.1215
350.693	344.533
107.198	480.811
95.0694	87.0275
226.443	405.814
356.736	379.992
9.66028	240.371
411.351	115.729
67.1899	378.244
179.22	385.257
21.783	19.514
439.702	282.018
471.891	50.517
4.75941	417.846
335.191	381.212
450.783	291.73
362.712	489.628
490	490
449.917	485.614
76.2621	174.625
460.557	293.844
63.4846	388.568
336.043	146.057
321.927	440.231
274.886	468.42
354.011	139.843
66.9021	466.07
304.268	76.1939
3.4851	407.928
342.367	13.7551
483.1	317.001
468.821	425.636
208.981	209.883
33.0904	333.188
101.703	79.5445
450.549	415.698
267.047	164.562
74.5758	213.894
499.228	357.189
127.253	179.063
354.175	263.394
334.19	390.463
13.4992	229.441
355.549	172.683
68.0129	31.9929
415.584	24.2437
490	490
93.9745	399.601
294.415	66.0106
184.061	154.785
426.124	493.006
435.853	16.8205
191.136	157.869
463.657	201.263
321.52	196.321
116.348	255.975
490	490
176.567	387.857
387.251	299.917
478.788	426.449
415.186	124.965
490	490
321.746	190.928
274.543	151.332
459.275	85.2393
498.525	57.0353
413.305	20.8189
125.301	126.96
52.9857	408.798
193.33	456.595
338.647	148.707
22.6201	233.014
38.9814	150.302
77.6345	132.421
20.7036	321.868
397.636	45.5982
404.315	53.0404
362.263	298.09
494.218	54.2957
264.887	468.6
176.417	375.658
252.855	41.1588
293.011	409.561
382.381	308.651
120.866	418.284
215.949	189.881
484.318	450.599
286.282	252.445
349.954	472.236
25.1006	10.0804
490	490
197.433	448.139
490	490
126.24	189.012
490	490
130.879	14.7024
407.066	328.228
31.0743	80.2033
490.443	310.212
313.944	189.762
490	490
226.082	248.875
166.233	305.513
490	490
56.1899	166.149
77.6753	223.402
487.286	103.236
230.118	268.193
42.1189	461.417
355.466	430.528
128.244	401.494
99.4075	351.329
393.858	51.7191
405.482	387.374
316.767	344.713
490	490
9.14007	28.7067
326.093	147.059
320.447	150.865
475.748	62.0897
285.735	132.202
363.01	437.092
278.857	124.943
89.8657	286.589
355	220.005
484.461	29.5569
179.214	204.281
327.978	46.7595
483.128	66.5157
247.974	47.4469
490	490
469.715	188.889
411.839	101.295
450.115	113.187
230.193	278.193
488.693	249.872
490	490
274.043	280.754
443.04	400.003
105.058	77.7866
296.01	254.759
39.1197	140.303
323.168	418.057
152.738	476.906
411.298	183.953
89.6957	130.707
249.22	179.858
361.627	103.424
400.008	437.099
251.544	56.788
390.245	86.635
60.3033	315.817
101.071	392.556
118.284	473.587
24.775	71.3174
490	490
489.136	247.727
480.039	225.733
42.4557	471.412
437.902	421.114
252.147	17.5605
34.9428	8.3109
260.355	157.131
237.354	338.679
490	490
326.336	376.565
320.397	24.3537
490	490
122.098	266.884
454.181	342.732
119.458	227.558
462.019	417.551
128.032	475.82
315.253	411.945
334.442	92.5085
392.635	237.694
348.657	255.055
416.638	331.124
24.2581	418.981
330.022	83.5385
196.837	355.141
99.3417	392.082
124.994	238.258
463.797	180.829
248.291	64.2156
404.2	290.954
258.003	66.5968
74.1204	276.422
207.448	438.879
312.009	441.504
76.3692	241.376
26.5366	248.463
490	490
244.851	35.1644
184.79	158.378
490	490
290.605	58.4871
206.221	204.736
114.83	79.9121
43.2612	288.05
381.964	451.381
490	490
136.067	238.457
452.876	450.302
283.485	53.7128
117.544	217.743
193.434	244.277
490	490
350.958	262.555
172.423	428.343
440.237	114.742
143.708	12.6354
490	490
138.411	383.883
231.131	109.013
185.261	212.245
253.956	149.446
418.021	296.318
29.2377	152.551
490	490
115.697	164.211
386.123	230.105
53.4	172.897
215.579	25.3455
424.999	198.523
420.834	249.677
408.792	452.841
484.757	108.172
27.4283	355.771
32.4557	471.398
193.93	283.628
126.672	403.909
221.707	105.669
152.809	298.037
248.486	152.017
152.657	8.17289
158.732	466.673
389.454	220.676
326.614	40.2861
68.672	52.7192
334.864	80.2669
57.1926	378.476
59.3458	401.081
27.0733	6.81091
458.169	300.629
251.182	7.60708
83.8893	144.973
228.971	147.035
93.6935	146.943
167.092	339.603
60.9187	452.685
489.864	133.102
111.887	489.644
355.245	389.88
307.436	348.309
286.799	385.192
28.1019	393.527
199.428	437.359
359.468	349.33
187.18	357.741
68.3566	235.393
231.948	414.162
135.891	309.734
226.444	175.534
467.788	435.583
490	490
55.2349	317.203
307.67	483.031
218.421	144.06
399.131	427.137
251.258	407.366
457.134	442.697
209.69	151.911
231.486	229.993
25.7603	151.5
447.953	395.011
363.365	447.086
241.25	232.153
149.161	432.149
94.9403	484.468
454.865	337.519
41.022	331.473
475.437	132.79
411.742	293.564
78.9642	389.432
414.231	51.7416
133.504	319.445
215.052	140.635
265.79	26.8886
312.458	491.81
482.85	465.869
150.881	392.137
131.083	8.83676
323.86	55.8723
490	490
326.121	415.117
360.898	270.797
198.157	52.0536
484.641	498.443
267.703	273.954
259.289	270.542
34.0114	255.106
283.883	278.973
494.311	37.3117
134.892	381.161
490	490
10.1751	220.009
275.425	238.027
284.519	471.103
206.929	449.338
490	490
490	490
11.7112	43.3936
13.6611	328.967
440.483	445.882
489.372	144.538
251.36	375.788
310.826	16.5509
33.5083	54.9081
41.1103	354.839
160.865	482.734
490.011	199.917
430.529	112.341
171.19	427.916
490	490
118.49	119.638
490	490
228.519	288.051
191.244	209.418
417.011	121.866
238.171	354.953
181.215	47.4716
472.56	426.113
261.877	459.064
25.983	62.5353
490	490
245.225	410.48
431.547	441.394
335.092	239.439
46.4869	465.497
194.465	218.885
262.614	167.541
68.287	247.265
435.767	230.075
189.173	465.69
239.822	418.296
361.649	133.389
405.165	462.16
79.7088	287.268
311.108	486.53
172.105	396.807
352.76	274.363
256.044	473.268
135.029	347.437
251.151	477.826
99.6269	44.4975
445.497	398.57
170.427	199.507
85.6749	237.715
253.425	75.4874
114.796	223.811
490	490
103.288	92.7247
275.327	290.672
176.983	237.877
459.171	291.523
154.023	344.187
490	490
370.989	438.72
185.882	347.825
121.199	493.287
308.104	358.287
222.01	160.199
90.4231	346.938
229.52	406.904
260.961	451.587
489.574	228.746
211.971	103.385
439.175	239.477
288.826	200.613
210.311	335.81
343.163	328.74
235.678	273.109
14.8814	313.737
490	490
82.2573	166.622
144.87	441.181
392.111	33.6228
214.991	326.972
466.296	42.2287
481.412	246.946
383.922	27.8833
464.921	363.948
128.295	373.646
168.407	253.256
124.723	81.365
19.6128	36.1601
207.188	372.587
22.6084	469.657
110.488	191.627
397.736	392.683
65.4294	468.225
267.955	65.6114
447.951	330.293
293.708	209.34
241.636	176.203
421.839	101.241
236.936	267.283
73.2183	399.738
379.391	450.199
247.673	475.838
42.8862	298.043
296.789	384.74
63.5149	169.052
411.421	91.3039
77.8796	267.155
188.457	167.572
58.7072	417
490	490
242.878	280.049
257.605	48.26
335.524	92.4685
490	490
490	490
391.641	424.751
373.69	286.766
403.987	377.486
456.972	173.52
374.328	25.0626
69.2871	320.209
422.56	323.067
4.8973	313.173
343.253	242.651
38.3336	157.334
404.049	421.024
159.869	396.275
234.22	493.356
34.4709	242.376
162.086	248.621
389.45	38.0633
127.17	346.909
187.568	288.814
133.847	85.4579
474.265	398.291
143.795	84.4333
196.094	472.908
357.981	341.219
253.191	170.257
146.772	372.592
323.057	237.033
355.868	464.943
387.714	432.448
8.59069	52.8942
342.046	349.556
307.779	405.302
209.475	148.192
216.462	446.315
245.658	336.056
323.709	277.43
92.503	296.234
406.302	441.788
85.8314	488.595
195.976	253.165
468.314	206.243
408.654	62.05
214.614	166.929
421.2	396.168
490	490
485.054	191.232
490	490
57.6798	210.182
490	490
191.92	214.016
73.563	404.202
488.496	20.4068
81.5764	479.545
415.294	437.56
238.663	64.7488
462.882	85.7684
388.302	389.367
42.0236	235.822
224.754	440.726
191.277	473.127
137.011	176.878
490	490
420.063	92.3412
341.804	73.0673
363.977	178.065
15.1442	9.14737
68.071	160.996
347.271	283.258
402.088	34.2879
496.038	335.542
225.692	223.862
289.948	74.9576
420.396	179.803
490	490
70.5924	96.4119
350.653	8.15691
177.373	355.786
364.839	307.753
477.854	45.0597
179.598	468.573
19.1985	45.8704
46.8891	180.487
297.437	348.179
407.99	420.217
488.36	42.0874
416.471	11.433
325.368	222.347
449.602	305.787
9.73523	233.426
32.5008	251.781
490	490
490	490
439.877	249.452
152.249	89.7737
27.7417	409.608
448.636	220.033
344.638	136.358
437.224	212.221
490	490
19.6781	388.138
173.34	438.301
166.926	429.606
421.524	169.867
341.98	478.271
340.308	203.749
140.653	426.894
319.542	268.339
262.077	441.65
22.7092	85.6828
364.625	393.344
156.274	80.6191
473.532	253.102
206.153	136.073
422.737	200.846
296.399	50.3362
422.818	46.6177
422.411	183.966
113.911	168.362
266.578	432.72
24.1934	459.783
417.593	493.8
105.019	225.909
401.639	118.112
122.355	168.279
401.316	183.356
354.668	399.863
487.583	183.23
490	490
490	490
175.266	161.429
43.3023	406.302
394.993	125.584
121.599	338.604
148.571	21.3736
292.685	129.781
309.964	337.384
484.583	177.434
17.572	145.76
356.752	433.251
490	490
288.462	281.696
479.662	253.697
324.466	434.921
243.605	266.911
27.1011	422.31
146.101	473.837
399.488	244.976
77.1874	91.4284
188.242	45.859
59.622	26.5531
207.934	49.9532
425.159	489.314
255.245	338.9
486.381	338.139
66.6581	287.06
497.995	44.0531
31.3441	60.5997
481.681	150.93
6.36937	19.0982
32.7437	338.77
206.761	27.4126
489.83	209.915
268.838	166.882
198.216	482.68
421.492	82.4438
6.72235	406.914
238.251	474.118
490	490
27.9082	65.0068
490	490
195.466	61.6847
157.205	98.4596
414.895	403.93
268.875	124.332
358.414	315.415
136.896	94.9818
145.855	310.586
349.347	311.198
490	490
397.109	370.228
430.387	87.0123
357.652	486.079
97.1145	305.108
62.5011	306.062
304.412	49.5023
413.302	467.973
461.592	33.4043
320.903	287.029
405.771	96.4347
143.545	480.513
201.835	446.307
120.231	354.11
469.123	93.5814
174.846	310.594
279.195	203.305
339.691	68.2516
482.276	419.952
440.378	86.5896
233.035	222.832
160.641	341.929
398.538	81.0476
200.274	362.804
342.205	488.269
349.655	244.439
365.791	466.184
364.499	223.131
115.351	426.626
59.4789	16.5541
191.039	489.538
423.406	72.6288
394.807	419.685
336.249	375.25
355.215	313.777
490	490
121.478	18.1137
204.228	156.903
18.8016	427.888
423.336	190.948
321.952	145.025
490	490
322.33	490.215
490	490
404.558	15.9711
117.592	476.777
405.018	364.108
440.522	7.97766
480.824	307.478
225.459	186.787
204.683	96.5389
396.574	187.432
363.457	168.079
490	490
175.72	402.511
60.5991	96.7788
300.287	401.527
414.488	454.491
198.525	226.854
276.561	254.79
18.7151	451.417
490	490
490	490
166.125	405.329
399.619	173.502
240.283	166.295
255.327	405.789
456.876	369.887
37.8136	466.642
490	490
15.2321	303.744
490	490
490	490
53.4171	375.947
489.518	422.179
32.7281	56.2941
402.637	163.968
384.967	244.113
490	490
181.38	148.978
216.088	205.371
234.018	55.8928
395.63	170.734
50.3212	30.2267
258.61	84.0386
181.253	392.768
446.289	88.7455
327.826	17.6594
490	490
216.577	245.768
35.2849	361.971
400.06	254.96
469.174	93.7743
490	490
388.511	125.359
47.135	25.2738
155.173	314.094
152.523	403.06
55.8234	310.396
277.245	124.591
102.708	151.272
427.797	171.721
347.138	9.32236
26.6546	50.0261
409.11	329.28
55.1114	88.4191
434.964	491.278
121.387	482.986
441.939	241.321
12.8306	136.955
263.748	92.6178
493.817	112.406
490	490
21.82	479.626
127.535	218.167
334.092	142.948
281.725	480.704
345.716	403.549
402.558	132.124
246.048	402.099
259.406	54.6301
462.592	449.6
13.8909	411.528
104.96	487.166
302.504	11.0065
490	490
216.007	243.006
38.2409	130.342
482.203	219.246
482.978	263.131
493.298	41.4155
367.838	339.535
399.991	67.0456
167.301	467.174
85.6197	470.399
257.93	485.177
480.649	210.227
357.855	217.913
269.388	283.767
145.933	311.625
490	490
82.7342	123.528
490	490
490	490
258.73	429.19
390.132	65.3725
490	490
111.03	391.651
490	490
22.218	384.089
243.432	497.247
76.8374	53.7785
490	490
490	490
196.596	133.129
227.169	297.39
275.515	134.44
380.239	279.209
112.67	433.495
174.046	404.324
490	490
422.605	159.926
345.904	7.73105
112.984	235.18
237.948	335.18
294.638	62.2432
284.624	375.431
335.872	36.5061
278.685	165.793
126.827	221.154
425.631	39.5046
74.2448	320.568
19.6471	223.216
302.673	130.273
130.851	428.872
112.021	429.65
6.16906	134.783
429.181	156.307
247.173	189.646
192.673	50.4604
209.717	359.516
123.764	128.134
266.153	234.281
340.892	366.512
490	490
52.8176	98.5611
362.367	469.081
214.561	160.356
436.707	167.181
107.645	201.009
417.656	180.508
272.318	300.208
327.565	45.5491
168.279	263.255
389.337	84.963
430.111	247.907
123.733	382.545
284.533	461.103
174.537	141.686
41.0379	188.597
18.3163	294.231
171.97	330.873
20.3835	255.471
406.14	373.124
493.082	144.59
490	490
420.162	244.079
332.052	349.893
358.847	338.788
490	490
170.704	484.52
490	490
220.35	231.399
235.975	358.012
280.633	71.3192
425.644	289.845
275.037	212.399
321.242	88.3259
212.459	202.156
423.638	55.7872
218.92	142.644
141.188	247.047
346.415	145.082
294.499	56.0593
490	490
250.964	83.2526
74.8475	238.465
9.64615	210.023
247.543	26.8349
87.7088	281.268
352.267	235.731
80.9759	272.393
310.916	286.533
257.782	67.6827
151.686	472.906
332.279	81.2087
237.956	24.609
326.689	378.183
490	490
490	490
442.745	484.997
22.2498	292.626
490	490
169.996	230.723
288.37	84.8323
55.146	9.14168
278.995	276.474
416.064	175.521
449.679	226.882
450.948	387.774
306.587	50.2149
28.7411	300.233
6.54524	62.6828
137.898	186.838
60.5732	29.6736
153.178	290.175
211.005	245.166
256.274	193.789
487.327	494.223
360.078	495.075
124.062	372.216
68.7236	282.45
120.607	28.0757
337.665	102.237
217.587	353.345
396.539	114.145
36.6471	369.496
372.677	463.686
93.507	148.693
354.95	350.537
69.2952	14.6462
421.064	411.799
261.182	7.69546
99.4533	54.496
490	490
498.588	112.058
109.09	435.772
455.407	213.553
225.853	61.6663
256.437	495.065
306.697	327.933
285.163	365.446
11.7729	387.027
155.278	12.7394
476.66	43.0762
84.6589	460.445
56.7816	30.702
490	490
468.117	301.648
195.291	210.891
77.5418	43.8033
360.488	208.266
291.567	89.1218
417.247	10.0059
490	490
296.753	194.517
148.858	487.312
425.917	250.139
102.151	216.329
207.813	17.468
399.32	141.585
413.021	453.169
73.7401	127.899
326.886	83.5816
211.524	89.2456
187.178	66.9091
102.329	64.0737
364.672	261.536
40.0962	151.198
165.323	160.366
380.966	469.28
214.75	248.37
490	490
387.433	476.343
417.355	209.275
304.752	43.2073
351.804	73.0823
270.479	4.0132
272.516	129.078
45.3948	6.92492
296.696	276.021
57.3139	443.357
79.8356	457.185
472.262	42.8841
490	490
490	490
196.904	69.1376
439.488	487.647
412.565	448.945
316.608	405.123
129.147	29.8211
84.3174	227.807
176.634	233.146
277.226	132.638
344.34	268.969
265.078	307.106
34.1326	260.582
55.3784	40.6031
64.3944	328.93
304.622	495.888
490	490
490	490
64.2161	4.93067
375.083	15.0911
45.1196	88.8242
32.9405	270.511
315.405	439.153
358.869	408.938
344.157	75.9714
18.0264	396.398
16.8685	456.261
338.872	128.187
63.0092	26.5525
105.398	399.914
306.715	385.959
248.841	194.852
406.265	111.086
101.94	186.438
287.892	45.0788
242.033	340.993
490	490
171.334	45.9345
235.7	409.202
28.7141	160.066
248.389	92.9156
496.638	14.6022
201.396	261.569
25.3617	360.734
380.873	61.5961
22.7116	292.734
287.568	217.232
27.6883	163.072
192.75	347.134
20.193	303.212
490	490
178.651	446.188
279.398	482.119
73.4534	485.378
44.8995	104.669
49.3655	229.032
113.805	245.146
225.974	242.203
151.566	381.368
333.475	63.597
490	490
21.3973	170.846
220.734	353.612
181.353	285.355
244.124	101.96
152.604	447.52
63.2207	399.956
266.041	473.028
25.6353	432.585
385.488	270.697
134.584	389.97
138.32	383.742
490	490
490	490
3.23801	416.288
66.5788	304.629
84.7677	158.841
446.269	9.91122
385.395	32.7759
64.9397	338.916
282.725	246.916
476.218	44.7986
263.687	344.26
359.938	123.537
142.527	402.796
417.275	328.328
378.404	14.7173
490	490
197.777	52.7285
457.25	89.6029
21.3904	283.405
47.7019	210.846
487.408	328.192
170.184	482.574
134.315	171.105
115.886	492.779
276.042	114.663
73.9067	124.155
114.25	32.9779
490	490
58.1821	24.4896
490	490
490	490
178.973	311.274
490	490
353.484	168.811
172.635	141.572
416.482	293.852
490	490
114.286	34.0766
311.342	86.9171
464.966	196.82
338.996	249.865
112.382	153.802
457.428	357.325
443.657	81.3738
212.892	380.8
490	490
484.816	50.0739
340.57	412.124
303.189	414.186
424.628	441.147
421.335	49.3137
458.865	441.933
490	490
54.7982	308.931
379.64	235.651
11.4428	171.799
213.316	379.962
338.276	414.11
24.2061	397.12
199.173	378.568
482.837	254.748
169.802	362.319
415.295	433.727
279.652	143.544
208.546	377.172
213.912	344.905
92.6163	347.249
196.323	283.981
155.259	299.956
485.953	348.13
472.392	451.591
95.4194	485.479
283.274	262.201
341.841	397.981
7.74488	236.113
490	490
258.616	72.4726
207.078	7.49511
493.677	480.7
387.646	366.994
372.174	396.251
282.163	141.877
373.893	176.771
230.676	262.844
459.94	368.464
490	490
443.382	335.258
220.399	243.538
89.5765	143.572
476.446	390.106
184.26	407.713
249.334	42.6397
83.4501	456.831
235.226	484.838
306.741	195.007
427.053	211.717
25.4434	480.885
41.0867	333.257
69.1362	60.1574
15.9875	223.949
374.772	394.96
85.4688	260.643
427.086	73.5166
151.391	30.9677
482.883	229.223
490	490
104.417	497.151
260.811	130.244
481.824	448.27
293.534	456.746
175.882	235.585
58.3512	233.421
14.4314	316.19
114.446	124.506
416.431	97.4112
429.959	45.1284
285.435	366.947
497.206	487.59
58.1865	102.023
115.283	443.624
1.87419	65.7135
222.671	298.524
490	490
30.99	276.11
35.8422	120.633
455.992	163.568
368.027	252.116
50.3187	15.5339
94.3197	301.432
343.762	390.72
263.221	296.057
273.421	95.1534
456.67	99.5861
340.341	201.378
225.241	484.297
372.38	34.8711
490	490
27.5512	446.735
317.71	154.08
316.609	490.556
239.409	41.4186
484.239	477.394
490	490
490	490
401.089	91.9796
379.293	129.234
419.848	20.8458
490	490
130.045	93.7764
46.8406	146.415
106.235	447.884
230.009	69.9763
371.073	40.8214
284.938	152.033
258.74	240.993
304.906	413.528
325.529	368.251
172.096	281.573
244.47	363.287
222.914	430.897
292.868	210.145
473.479	266.255
402.864	264.559
389.657	280.35
343.678	30.2551
329.262	443.696
117.117	466.789
167.657	401.792
76.3941	7.60312
221.24	338.1
328.034	104.928
32.5336	185.68
490	490
44.3059	398.312
484.188	388.807
464.319	447
432.037	447.863
490	490
430.73	281.297
108.797	65.6629
88.4298	356.33
330.372	31.5249
172.398	395.091
273.181	303.173
393.787	468.621
330.116	426.913
490	490
330.04	126.189
259.623	465.359
264.331	401.438
13.6709	326.161
490	490
217.755	300.264
310.488	124.034
65.588	491.553
354.615	169.192
182.437	73.0952
164.342	222.475
490	490
0.539712	56.2042
472.452	82.8682
62.9164	242.318
348.622	381.98
481.68	79.0142
490	490
371.148	390.753
66.332	304.939
226.53	258.723
281.862	175.275
381.401	63.3141
426.933	432.449
207.164	193.673
490	490
96.0423	222.392
377.827	339.058
306.754	295.626
490	490
474.648	176.298
201.128	185.7
233.544	498.742
241.207	173.65
195.276	123.217
160.304	264.518
227.856	450.233
346.876	345.726
241.497	464.659
486.319	48.0978
468.324	443.314
251.069	127.985
316.52	288.321
120.991	26.9569
356.644	478.364
104.251	32.8582
379.449	86.4574
293.694	6.27469
239.154	35.1935
424.448	39.9396
6.09587	299.678
159.584	351.873
65.2933	324.768
490	490
312.503	11.1255
39.4414	456.776
490	490
82.505	217.973
395.514	88.168
437.085	340.086
299.142	95.6501
38.7047	329.054
180.517	416.986
71.7728	477.769
31.8301	488.579
111.555	184.67
470.208	194.476
495.06	37.3187
229.861	334.93
391.302	460.595
490	490
41.4705	161.103
332.945	85.4952
362.147	45.329
288.591	343.515
391.714	75.4714
191.986	368.401
188.457	308.103
195.098	358.559
473.904	293.492
145.755	385.712
52.5338	152.735
361.748	331.159
154.709	400.757
343.686	170.808
188.421	290.905
48.1537	461.684
318.385	258.407
156.385	108.426
490	490
37.5606	496.775
28.7741	430.51
370.07	495.462
136.625	487.732
490	490
7.13714	180.825
207.859	298.826
273.884	398.482
340.851	269.209
289.529	129.006
146.358	282.861
358.77	498.217
383.338	10.9912
292.99	359.221
436.205	272.928
490	490
129.322	136.447
364.068	354.644
383.926	369.781
490	490
496.908	331.313
320.16	4.69314
99.7577	32.8817
98.9713	222.279
144.347	282.858
305.628	387.629
150.754	356.567
145.074	309.703
186.803	363.073
172.261	422.628
306.566	185.008
364.449	495.089
388.479	230.974
434.228	432.463
204.208	210.991
368.395	314.787
322.724	443.71
268.279	335.376
475.158	221.787
339.883	205.686
454.094	451.365
307.861	402.352
297.703	362.022
42.491	452.394
490	490
282.893	37.7391
285.244	272.856
394.843	223.261
308.003	414.988
430.495	435.382
141.214	85.9622
315.839	365.778
422.868	205.729
346.672	97.8928
97.5492	279.488
50.171	223.251
89.4854	134.033
417.418	460.97
490	490
60.7708	230.375
2.81479	138.452
203.702	287.133
52.0475	319.655
490	490
57.9423	159.06
451.477	329.387
479.73	285.365
364.985	261.739
11.9064	444.093
154.578	40.4462
131.048	370.688
126.028	176.702
378.237	119.29
102.559	346.18
34.8534	176.126
153.398	437.552
101.064	229.257
380.314	180.038
277.531	156.398
347.713	372.273
457.729	380.425
490	490
474.313	478.609
206.678	480.302
237.211	188.772
14.8702	384.376
322.11	74.7954
379.225	30.9858
490	490
490	490
67.6293	33.1384
408.097	398.79
187.784	352.797
52.1424	440.74
354.095	339.821
198.542	122.403
437.689	160.439
468.34	42.0317
490	490
409.338	408.162
208.598	179.769
411.338	49.5462
233.243	166.976
122.637	8.1811
240.393	339.534
388.319	427.294
40.9301	334.133
448.137	164.618
268.592	352.974
240.569	229.407
490	490
280.59	462.463
18.9225	295.886
313.054	266.867
490	490
490	490
490	490
490	490
324.412	59.3694
490	490
490	490
490	490
351.545	24.0825
186.161	451.083
466.08	24.4683
244.552	96.8247
82.6132	283.369
416.067	445.728
431.799	240.134
12.7632	478.114
150.463	262.74
346.129	317.954
66.3132	153.589
109.589	254.214
55.4197	368.903
271.354	270.023
70.1196	458.942
275.69	365.745
489.301	209.839
374.062	220.208
487.494	233.296
322.05	57.4337
488.247	379.668
208.974	157.877
279.712	7.85414
236.1	25.2114
313.209	335.522
459.512	172.928
10.4305	125.736
490	490
492.281	152.816
424.296	256.12
366.081	120.758
315.403	275.584
262.78	8.30068
416.126	372.588
11.8172	62.1488
128.186	99.2457
275.263	481.886
80.3035	328.524
314.62	429.183
478.135	193.686
336.99	137.515
25.301	438.913
35.0171	138.105
128.611	131.584
215.786	87.7706
9.06031	462.508
221.11	309.684
175.274	80.0734
295.666	388.498
373.267	114.165
380.903	90.1983
366.146	364.425
490	490
490.455	310.171
67.1952	222.712
58.043	313.448
152.192	323.639
490	490
490	490
132.087	169.897
44.2014	379.829
68.8878	408.195
32.8801	170.076
8.03377	224.228
368.435	119.117
133.128	145.164
274.184	261.281
300.252	367.577
252.174	369.662
493.648	300.694
194.764	43.476
354.46	398.697
399.51	410.012
379.102	431.172
36.879	83.1591
297.569	94.3125
490	490
467.901	73.9638
371.333	390.755
79.3674	208.478
68.4144	491.949
2.14154	75.7099
343.719	149.349
309.959	78.5518
442.921	151.917
268.116	159.77
138.709	306.451
273.791	484.506
0.179617	406.767
289.326	368.16
116.775	439.952
490	490
490	490
28.4345	227.989
62.5252	44.4308
165.161	14.2685
436.55	342.933
483.782	248.677
203.542	95.269
201.086	376.788
200.419	472.503
373.585	370.329
201.098	488.601
69.5286	210.072
465.053	288.838
86.9687	464.595
432.958	154.344
5.60784	438.08
250.43	73.214
72.5539	483.139
474.357	27.467
377.236	424.208
237.166	370.116
118.179	121.606
153.263	391.921
341.199	125.678
490	490
490	490
378.442	418.443
69.3688	311.546
175.004	16.034
117.28	449.549
466.598	14.4817
63.1365	408.821
180.14	415.781
490	490
387.91	369.013
275.086	371.797
25.3477	40.1118
107.753	343.735
344.89	73.7983
439.869	82.871
446.206	380.427
497.235	291.36
84.5761	113.699
151.142	473.309
133.695	185.237
462.068	49.82
461.022	72.284
183.779	423.44
158.066	477.725
149.926	49.2981
299.21	126.574
103.721	71.3279
323.868	453.644
384.567	431.34
207.353	342.725
346.649	478.044
490	490
190.428	419.118
166.796	212.781
436.757	253.235
338.869	9.59631
62.6501	494.341
183.567	21.1991
445.739	149.857
490	490
117.514	465.398
165.997	205.079
249.424	45.7704
402.462	122.202
440.573	283.065
129.808	188.333
471.406	302.123
97.7546	359.943
310.69	379.625
359.294	347.195
125.03	99.736
441.78	140.674
371.638	93.9612
66.1541	47.978
276.333	458.1
43.0994	470.313
468.181	443.061
50.313	184.859
199.433	364.03
460.175	459.303
490	490
106.171	160.46
253.859	292.539
385.749	131.672
128.011	397.507
58.6648	300.442
324.472	131.128
338.634	102.194
485.764	198.678
450.27	19.0759
36.8498	159.661
72.1733	395.5
25.2939	36.4346
297.213	346.425
200.844	152.055
378.902	344.964
163.791	469.526
381.72	387.767
185.714	228.956
327.614	136.226
209.377	27.1153
166.576	490.372
150.19	81.5524
445.268	258.485
313.745	21.0481
164.283	102.293
448.262	80.5267
404.902	119.027
112.157	168.471
37.9541	283.287
354.314	179.187
270.133	149.873
223.981	337.338
162.701	299.598
307.715	154.414
179.568	40.2602
346.627	363.272
420.482	182.765
163.443	491.378
324.648	64.4186
323.234	432.131
305.043	25.9759
444.112	478.476
55.9264	193.135
339.773	4.29238
233.723	463.604
142.02	277.456
417.589	70.3859
487.451	30.8301
319.437	128.421
338.774	359.631
450.596	230.092
490	490
459.435	325.665
490	490
98.5808	350.312
191.77	492.205
220.036	132.707
460.79	347.907
490	490
426.796	190.52
463.663	4.92185
64.3299	464.672
38.2874	427.428
135.576	269.809
155.386	385.605
169.202	432.148
154.949	330.079
422.082	27.4789
490	490
490	490
226.253	225.886
328.823	340.429
137.775	76.5722
154.68	58.0958
39.4654	158.952
82.8979	135.446
411.562	238.977
415.894	319.696
483.583	221.829
488.826	397.667
33.9388	282.982
480.266	475.803
10.0119	436.422
296.346	459.854
162.014	465.294
230.641	223.227
490	490
248.671	497.249
490	490
386.093	468.011
490	490
423.436	259.737
125.193	105.666
173.148	198.088
31.6094	378.135
206.956	117
269.714	3.15486
490	490
370.971	43.1054
200.601	218.965
490	490
144.959	493.883
196.516	252.841
471.789	2.29414
321.311	19.1624
415.469	447.019
49.0508	465.03
51.3943	81.0377
167.557	136.57
417.687	470.966
33.3097	236.72
490	490
283.71	465.073
12.7937	435.952
43.3237	471.748
53.0819	368.797
490	490
282.643	76.6349
134.712	187.171
344.593	308.073
186.365	431.76
194.875	158.943
282.858	348.542
268.829	471.9
463.154	451.76
490	490
173.737	488.07
490	490
66.7159	99.1738
22.7195	26.7717
117.443	102.611
174.896	455.456
14.4457	243.535
165.715	209.031
209.301	390.134
490	490
490	490
429.706	199.397
182.381	280.299
232.224	157.028
70.0374	402.37
202.504	49.3498
246.876	165.412
294.437	419.024
460.802	42.2487
362.164	185.383
79.7422	150.849
131.469	479.164
446.095	468.674
143.29	349.911
108.019	394.08
490	490
409.708	202.831
490	490
40.077	244.082
490	490
434.648	184.328
154.581	220.302
490	490
317.957	344.323
282.534	457.829
490	490
493.985	162.67
245.278	412.076
490.468	46.6719
490	490
107.285	362.971
153.452	281.253
61.4076	247.347
374.049	216.346
97.0479	443.935
429.32	425.718
35.6431	4.70998
254.353	246.199
32.0203	74.4188
196.097	434.061
462.86	24.9339
191.614	52.1437
474.288	203.606
260.445	392.224
175.304	159.751
320.992	329.73
145.143	384.617
490	490
410.077	9.15493
180.25	23.7059
490	490
340.087	215.684
490	490
11.4185	282.655
382.413	141.099
240.805	172.405
57.842	322.447
300.992	303.799
486.432	381.286
455.493	54.842
283.291	53.9574
395.231	145.004
257.872	199.146
38.1945	132.866
217.569	15.2693
257.014	297.313
378.919	423.556
156.462	452.7
71.8165	332.517
487.24	230.029
417.821	399.364
403.813	117.705
303.334	200.275
298.567	313.501
26.7639	151.191
45.5507	276.784
388.028	117.257
44.7428	419.791
207.138	480.577
490	490
278.289	294.75
281.049	302.567
205.111	335.352
57.8875	256.707
490	490
287.521	345.097
410.304	128.407
464.585	446.227
226.039	303.941
335.248	170.506
364.072	132.642
151.416	355.914
33.6292	279.081
95.1731	490.518
65.3352	57.55
227.078	156.293
490	490
490	490
130.295	198.321
68.9223	386.044
388.902	344.928
469.959	261.233
342.813	128.944
208.974	302.019
96.6422	286.971
330.358	217.998
297.64	105.537
174.964	54.291
295.06	300.919
147.636	257.429
169.294	47.2037
429.227	204.687
67.2475	393.7
407.986	55.2681
360.642	55.2151
133.704	314.417
498.457	497.511
330.457	446.38
146.91	256.477
244.995	220.439
170.889	395.461
83.4972	364.653
120.53	200.476
205.452	311.379
366.291	271.653
152.08	66.4417
68.05	70.0983
119.255	42.7545
228.587	193.834
192.039	345.457
373.227	274.331
252.484	33.1487
46.5448	492.383
267.435	245.933
175.524	194.316
95.5643	491.92
163.371	115.581
332.03	396.05
260.725	65.1522
353.427	486.151
490	490
431.547	185.558
492.479	406.976
5.85103	222.925
247.07	120.698
490	490
490	490
242.018	119.797
214.748	292.304
82.753	207.879
230.019	78.287
320.005	47.6451
44.3717	486.92
220.662	66.422
456.373	65.9084
417.244	286.055
495.223	227.067
490	490
420.648	218.905
479.236	169.386
339.609	406.992
170.52	471.795
339.519	89.9524
29.5163	66.6224
497.681	403.937
140.496	52.6273
498.482	281.438
45.914	229.127
490	490
490	490
1.74184	83.8079
258.163	287.494
135.443	136.771
338.265	77.7434
363.244	131.617
130.508	166.762
110.403	181.482
261.447	356.36
170.159	168.325
317.789	492.093
305.745	415.613
444.759	22.934
10.5301	217.491
26.8879	406.753
464.484	476.767
340.304	409.795
490	490
27.0835	147.825
449.383	220.166
360.01	246.139
489.874	442.337
181.726	401.867
376.108	467.467
176.665	64.9289
61.49	496.743
35.0914	92.998
219.249	391.154
486.025	176.21
415.476	15.6294
306.949	175.015
329.995	47.1946
271	379.919
311.906	278.344
434.119	416.945
428.772	151.87
279.658	9.24979
15.3454	433.396
494.425	496.068
310.376	286.854
135.518	90.5755
192.094	70.4993
254.375	113.869
267.776	482.739
327.881	171.593
310.557	44.3692
273.197	373.292
315.236	185.215
249.143	155.672
490	490
35.1045	252.758
8.49218	216.724
490	490
101.496	58.9214
485.27	145.686
467.073	18.8416
236.243	327.232
170.12	193.29
493.903	195.697
461.866	85.1201
108.894	30.3328
490	490
490	490
409.665	455.372
51.0641	20.3086
287.284	253.041
325.602	222.239
99.1838	33.7296
431.159	23.2844
393.165	359.995
483.255	466.26
58.1127	68.9802
349.816	206.846
60.9147	266.238
38.3086	102.466
256.993	292.765
65.6677	418.496
490	490
477.843	138.989
191.401	188.017
192.611	302.933
16.2454	19.1503
81.793	130.755
419.116	295.385
12.4609	129.916
122.89	8.01267
7.10548	15.0929
181.072	159.236
418.825	152.9
206.112	172.862
73.2324	138.01
296.421	248.976
208.023	304.109
220.402	249.773
130.42	470.548
202.274	470.985
359.631	279.112
380.066	495.76
61.832	361.229
490	490
341.481	118.903
490	490
185.989	430.746
323.431	43.0155
189.011	259.45
97.2981	433.938
284.137	364.885
490	490
476.237	452.341
314.34	200.185
490	490
399.713	202.53
175.589	90.0684
490	490
146.865	111.488
490	490
470.619	70.0283
272.135	177.594
490	490
277.99	476.922
38.2131	70.971
471.343	90.7406
301.172	468.612
79.2145	291.576
490	490
386.882	109.171
255.358	459.147
162.826	34.7925
229.241	345.121
451.771	157.317
69.8812	246.595
241.471	166.979
424.993	76.6874
446.478	378.183
254.792	63.7213
75.6083	17.5722
68.3918	108.661
406.01	41.0838
356.036	26.4586
138.729	133.088
443.224	152.986
127.271	306.761
144.453	363.422
193.032	266.589
468.199	1.27666
129.123	365.984
92.6508	209.305
109.361	133.116
492.638	241.872
141.249	375.407
120.284	27.4584
402.884	397.816
438.741	371.848
489.353	208.912
138.414	290.136
34.2653	243.884
248.11	213.332
64.7566	146.643
490	490
318.042	451.08
263.12	207.658
476.722	277.962
231.838	481.654
414.93	252.614
464.965	159.153
477.49	264.545
169.29	168.232
123.736	432.772
490	490
179.133	257.893
352.023	125.048
451.089	137.02
456.343	390.329
28.2937	97.2074
476.655	241.663
132.961	164.565
278.348	493.407
53.9975	328.197
274.741	168.013
279.869	347.775
490	490
235.197	319.769
446.001	57.9898
75.5555	464.318
125.903	10.1028
299.372	9.18357
177.483	463.099
383.849	234.926
278.218	334.275
474.554	46.4176
290.544	452.337
321.982	327.409
409.918	477.262
157.307	377.954
188.539	45.2574
305.135	244.071
198.1	328.222
80.1029	4.016
10.9556	302.912
452.818	389.895
490	490
109.179	467.038
420.383	421.231
54.2277	354.735
23.664	325.789
326.485	289.156
232.071	120.827
89.1705	229.235
490	490
337.955	53.2472
425.411	84.121
490	490
435.498	334.458
470.68	180.151
30.7968	56.7047
450.134	73.1464
490	490
114.81	350.82
497.797	341.274
171.042	100.528
495.072	214.861
490	490
192.323	120.52
336.248	342.332
236.505	259.436
490	490
412.074	254.936
189.711	13.3094
463.303	278.992
271.781	449.197
179.182	284.527
72.3352	10.0861
146.31	214.682
135.903	9.99849
127.164	275.216
490	490
354.105	497.94
117.92	65.8908
87.5504	436.171
241.368	123.945
147.527	370.266
70.9039	314.88
405.025	6.55528
490	490
24.1988	332.519
348.843	196.893
170.83	385.215
96.4102	130.147
14.9708	297.891
490	490
490	490
427.032	15.4775
377.244	136.183
453.029	317.986
258.408	333.777
82.2178	273.376
202.961	265.403
148.628	111.982
26.3198	272.256
490	490
251.134	495.115
125.931	132.673
485.616	409.112
270.147	402.716
304.208	135.236
206.062	434.901
104.151	36.8587
180.183	421.278
409.661	232.656
303.929	205.339
245.598	323.699
103.647	237.239
477.592	237.96
334.268	34.7813
304.976	240.495
460.806	436.307
250.292	420.728
471.392	26.4876
63.7664	469.269
59.7423	426.551
340.114	426.71
201.069	228.954
120.311	275.29
192.964	61.1059
199.567	366.548
433.318	29.8095
127.225	450.592
305.893	279.952
70.5194	113.226
20.9039	103.945
475.97	72.6022
210.363	307.263
202.132	93.0926
359.555	329.259
226.303	319.799
346.682	95.3981
183.972	354.777
322.198	172.07
310.525	430.123
110.117	95.8043
337.109	119.13
112.363	86.9096
121.504	354.144
286.912	488.243
324.299	183.627
225.593	312.052
59.8947	276.186
388.969	496.148
370.076	229.379
490	490
282.212	39.2256
351.336	315.685
314.472	432.483
260.085	422.75
21.0583	149.101
490	490
218.837	126.787
309.287	425.465
204.912	247.409
132.187	427.426
425.62	184.507
435.676	11.281
113.283	361.451
490	490
393.886	85.1138
370.04	207.184
162.45	12.6654
121.793	143.028
324.797	272.157
159.724	171.146
372.424	496.478
485.545	25.1334
277.547	155.737
248.215	472.067
195.592	294.416
381.946	239.004
280.66	0.632348
299.092	149.35
490	490
462.268	442.621
355.368	468.446
99.6731	130.342
217.411	153.812
382.124	278.898
424.442	283.065
490	490
492.361	349.667
44.924	109.965
99.6544	269.712
490	490
145.222	36.9162
41.2632	321.22
145.723	374.421
391.2	207.777
21.615	473.461
464.135	344.679
22.2715	89.2241
57.5097	228.492
490	490
112.584	107.858
47.8831	130.39
473.868	188.553
115.34	142.406
93.0066	262.242
383.667	409.917
299.217	412.097
133.012	417.46
218.617	401.134
145.394	129.172
458.478	400.098
323.448	180.488
490	490
245.008	321.568
78.0355	70.636
299.842	242.12
469.003	339.02
296.276	341.666
199.444	391.82
35.5948	285.44
6.82638	206.864
233.518	453.606
247.789	430.41
490	490
246.185	261.943
288.531	425.559
263.813	206.377
219.428	290.891
408.315	18.8254
360.873	189.795
363.455	320.765
245.201	418.332
189.662	124.347
152.779	299.211
2.93365	409.111
490	490
348.329	214.921
156.801	112.114
331.987	76.4127
239.981	128.119
452.584	483.79
472.824	217.679
175.446	19.3429
123.079	121.111
450.147	458.95
60.3143	387.464
494.24	55.9333
110.321	191.037
32.9393	449.433
128.524	183.7
398.312	77.311
239.68	15.8741
342.188	77.7228
421.486	64.5216
448.293	48.8545
27.529	167.923
200.202	270.711
49.8186	447.944
476.724	46.8592
207.894	238.745
274.358	273.846
481.321	91.3901
490	490
240.175	49.5723
451.461	387.752
443.478	478.369
180.822	64.9808
283.42	332.483
135.539	300.064
126.272	35.6966
307.797	53.981
360.872	482.962
315.613	460.781
385.834	412.261
375.418	185.631
71.5193	297.962
471.141	251.303
15.305	201.561
203.941	224.115
65.9116	152.543
135.113	149.874
415.974	322.906
380.481	21.065
315.863	425.715
340.975	122.547
1.50863	198.395
456.516	456.105
127.401	317.412
332.883	229.094
431.241	416.035
9.35499	252.143
129.554	110.274
285.006	258.742
35.9496	259.785
61.6196	216.008
147.537	429.449
61.0392	437.762
4.74419	10.858
490	490
314.938	295.753
460.459	140.514
91.2475	116.54
198.15	217.181
187.278	40.3446
330.949	0.600562
496.466	198.101
309.787	63.2409
240.806	73.555
168.713	391.416
119.563	65.3117
172.555	280.237
282.103	67.0202
490	490
234.342	172.759
376.87	432.494
492.648	390.031
433.977	437.377
338.363	324.254
9.41505	379.334
199.941	293.598
147.693	209.255
466.473	430.468
192.46	79.8939
423.873	401.33
212.703	342.21
441.183	409.867
298.292	310.961
490	490
196.632	220.203
481.254	180.975
439.742	48.1523
248.669	178.583
374.919	126.703
490	490
246.688	417.149
262.265	342.402
457.129	167.99
182.621	302.478
76.3331	96.4336
180.971	422.125
37.6735	380.585
271.604	212.952
488.165	246.696
53.1366	277.587
314.679	411.121
225.029	390.715
201.543	304.659
415.628	136.872
275.027	273.747
195.94	337.829
263.971	193.02
52.5463	227.685
362.919	129.055
248.16	52.507
100.529	179.9
146.282	90.0832
490	490
293.026	426.798
216.71	75.6077
234.752	393.055
479.443	129.118
157.13	105.731
216.255	20.4986
162.045	33.016
210.066	352.35
300.784	42.25
474.434	167.309
319.337	195.474
156.807	71.0051
409.616	298.509
76.7439	470.416
490	490
230.889	389.053
9.93491	412.344
487.408	94.674
417.444	121.405
67.7062	80.0924
236.952	71.1036
23.0023	103.234
54.2968	416.837
402.575	258.063
365.719	318.128
77.4975	454.839
420.432	82.3523
490	490
110.717	135.349
490	490
490	490
149.975	132.783
203.81	122.213
469.446	141.212
196.793	305.262
18.2646	80.2766
215.012	177.423
118.329	188.022
84.2487	119.776
342.757	51.6801
180.674	364.218
292.213	389.522
191.063	370.619
203.587	263.777
63.7934	437.242
304.105	215.338
298.111	307.343
38.6129	488.606
18.1661	340.494
123.682	426.936
386.96	114.518
141.872	171.958
234.716	29.5933
127.278	474.013
441.183	475.508
331.396	445.362
241.625	472.88
392.265	69.3464
89.233	34.7208
173.656	97.0851
77.7427	453.456
448.218	218.05
290.174	61.7807
191.732	196.977
57.0196	51.5561
132.594	423.647
357.289	185.459
496.099	89.7272
252.348	269.818
63.7434	156.221
305.372	155.467
408.315	61.2171
348.171	64.3519
79.1506	78.8354
162.818	145.376
164.158	61.1215
448.343	223.47
400.029	452.697
361.917	38.8603
364.995	268.381
159.188	135.047
393.452	232.136
381.789	460.744
45.7711	66.5242
359.371	17.0312
273.907	191.885
216.386	344.513
390.785	226.695
35.8224	402.262
364.687	499.469
246.586	164.99
490	490
496.386	437.915
304.088	277.192
261.204	419.707
147.811	27.8558
206.715	291.976
65.4811	233.272
273.563	334.437
74.0582	45.1871
347.783	420.293
15.9618	481.71
468.319	264.743
231.558	81.9976
177.438	138.106
227.807	482.064
208.834	127.878
164.393	385.692
336.247	360.28
490	490
41.3171	18.0735
490	490
434.315	151.065
103.625	157.29
66.3066	211.395
377.18	139.436
249.035	55.6565
490	490
387.281	335.06
489.822	84.7559
490	490
418.165	268.235
82.0735	279.352
460.842	23.2675
233.531	370.228
43.769	330.901
269.863	259.377
342.658	86.789
126.905	403.076
9.88293	2.27939
171.173	121.836
201.989	178.835
340.699	191.09
397.462	352.864
490	490
307.498	93.1229
105.338	489.803
367.321	139.715
478.448	215.74
365.689	373.962
234.105	385.882
80.9034	314.98
358.321	214.529
249.204	418.974
200.812	221.003
490	490
490	490
280.59	208.564
148.088	61.0043
490	490
257.724	360.325
158.716	198.224
105.451	339.985
63.4702	422.664
440.787	232.037
456.604	467.139
87.772	146.579
382.574	417.243
490	490
210.256	137.029
319.233	384.822
298.519	350.53
390.862	383.715
36.853	237.338
490	490
149.758	202.306
275.025	292.011
33.7087	387.528
176.924	173.27
57.3487	139.926
239.725	363.858
443.311	315.627
490	490
8.73496	400.966
462.449	130.714
386.171	61.4179
191.122	229.499
190.425	160.129
299.732	222.829
478.82	340.919
184.955	282.947
490	490
484.463	127.356
494.09	331.986
432.822	344.702
15.7219	153.473
103.218	402.743
490	490
295.147	14.3783
294.92	494.232
169.663	422.645
490	490
432.977	397.193
372.929	392.534
465.552	198.739
412.75	478.352
259.278	47.4741
403.242	107.722
382.358	465.589
34.834	34.0067
207.285	478.207
490	490
102.424	85.8041
279.672	171.214
461.747	351.112
33.0721	440.547
128.55	288.745
438.67	16.3277
307.127	277.152
439.155	57.4068
55.9282	57.4071
490	490
369.054	217.95
12.0837	257.047
226.487	311.235
55.0194	321.326
490	490
100.574	209.749
181.108	170.3
426.034	214.477
63.422	5.55234
310.85	174.941
130.5	52.3585
308.443	293.376
210.389	312.327
282.234	469.191
405.166	84.5934
161.265	181.026
306.957	83.1375
337.942	356.01
446.24	128.275
264.999	11.9734
415.032	127.113
330.854	446.156
41.5634	311.224
427.198	389.032
406.617	318.155
453.327	279.688
331.922	268.141
415.37	68.9044
490	490
447.682	386.176
480.72	449.008
143.237	37.9564
39.7961	221.217
265.502	248.821
439.296	121.079
307.152	467.815
39.4916	323.323
490	490
490	490
15.9382	350.243
54.8177	345.99
442.85	473.681
219.707	6.51709
384.049	411.886
490	490
221.673	70.766
372.699	203.68
447.174	277.747
121.523	436.583
335.146	25.9191
123.525	476.367
367.165	39.4348
118.715	93.8064
498.478	428.136
326.872	259.51
297.846	153.973
486.001	15.1439
138.451	364.779
240.098	138.118
271.68	189.309
17.0532	42.0995
54.2477	275.862
247.162	36.9521
370.82	350.852
455.763	387.659
253.26	236.259
490	490
24.804	344.933
31.8007	352.078
391.157	223.926
326.229	179.026
297.827	381.247
294.505	96.4995
139.774	76.0624
490	490
344.266	136.918
222.034	156.377
97.6387	204.271
242.454	186.418
169.421	441.106
136.753	217.625
151.145	247.418
136.291	417.199
476.92	404.174
133.144	70.6593
417.923	392.266
387.737	428.27
7.86734	485.963
260.184	494.335
48.0448	123.156
103.118	341.412
385.218	187.621
415.041	488.086
478.718	130.011
255.713	496.86
229.528	215.263
122.241	198.354
113.465	342.246
141.261	245.905
144.564	356.554
404.755	124.723
490	490
32.4891	176.606
452.559	126.046
475.266	1.41667
113.392	4.88274
340.313	187.412
476.457	269.376
419.383	230.529
110.415	331.303
490	490
29.62	50.4121
417.748	491.533
392.651	258.945
130.619	86.9541
490	490
98.3417	86.4097
490	490
369.064	51.3173
264.134	493.825
466.318	318.411
320.3	54.437
336.113	67.3039
128.203	417.413
490	490
185.163	485.07
336.008	343.592
110.052	11.2757
50.4938	423.402
413.069	126.99
490	490
490	490
12.3476	228.486
239.534	58.2648
232.31	126.752
395.342	155.004
294.421	10.5752
288.862	267.969
322.401	47.3467
433.431	260.029
74.1893	283.922
255.517	10.2295
11.8571	126.411
490	490
94.6547	347.747
464.664	462.327
137.216	450.171
485.662	151.53
359.636	15.3694
490	490
242.864	409.257
207.599	290.742
194.838	13.1587
468.832	265.119
133.74	136.193
454.787	372.619
244.065	164.685
440.209	111.121
142.257	409.174
490	490
490	490
490	490
339.061	119.269
287.318	63.0881
184.999	11.7862
449.823	289.053
277.71	216.896
19.8117	64.2098
110.731	409.343
228.145	224.481
301.269	174.243
153.137	16.3083
256.676	434.995
33.5591	166.948
66.4563	438.267
386.074	325.133
12.1885	422.087
490	490
351.964	8.95497
61.655	373.945
490	490
110.582	351.726
122.346	100.212
298.528	450.087
128.486	293.751
140.927	163.898
302.29	421.623
490	490
17.0044	31.3888
174.156	60.5221
9.66304	152.521
252.489	478.961
27.214	438.314
345.076	351.891
490	490
490	490
440.416	365.494
196.401	222.784
240.549	161.675
264.822	250.77
456.363	123.716
400.312	163.682
232.433	142.081
277.453	409.545
4.29607	7.64001
455.092	15.3795
388.655	161.672
304.231	40.0175
392.663	82.5084
368.988	58.3212
490	490
306.868	282.105
263.974	111.067
355.56	99.9999
39.6797	481.264
488.592	47.4524
490	490
439.883	287.952
249.691	182.211
22.3203	163.47
93.6988	212.577
356.247	115.984
297.205	24.1643
200.764	156.67
490	490
403.124	444.905
326.882	249.51
324.408	443.663
452.908	177.055
490	490
216.87	410.98
102.81	371.914
141.464	478.839
150.126	483.837
131.921	74.7486
346.103	7.48464
375.537	372.228
408.668	280.911
115.812	431.648
493.475	335.634
74.4879	267.925
490	490
235.453	116.576
333.629	268.527
297.703	389.106
106.077	64.1601
95.2369	349.172
138.229	311.782
441.607	408.15
490	490
230.422	385.002
377.833	104.915
444.732	489.982
7.19702	274.364
86.5041	472.592
345.603	307.491
490	490
169.222	281.67
50.7968	126.813
360.246	3.35124
359.692	35.6605
490	490
324.544	317.742
136.162	385.504
55.1136	161.274
149.788	260.59
83.9854	126.22
192.8	174.89
417.349	406.409
226.067	283.412
70.9044	303.399
25.5054	245.441
382.688	83.2073
496.378	416.102
258.214	268.788
397.306	46.0077
122.547	439.162
44.5277	415.619
107.843	275.452
439.711	392.836
479.224	331.328
243.802	124.519
490	490
206.968	247.302
332.081	96.6362
25.206	455.773
423.527	492.065
43.9219	404.228
455.184	393.16
435.404	366.893
12.619	91.8376
490	490
348.36	0.882704
189.115	249.45
200.65	334.706
324.659	410.499
17.4315	206.24
148.944	415.146
100.408	450.452
333.181	440.698
149.558	476.21
235.58	286.495
91.4205	252.369
125.879	317.031
44.3257	252.598
55.4448	148.959
59.8138	170.1
296.436	477.419
107.219	158.928
59.4207	47.285
379.24	83.2141
7.45995	375.684
27.5456	111.669
439.213	284.73
277.722	19.0607
80.0668	20.8489
490	490
194.426	386.343
490	490
245.61	151.54
498.279	331.739
142.841	487.785
323.476	91.5419
222.516	278.527
382.884	205.918
335.613	370.26
474.77	15.6795
254.484	230.052
12.9127	469.856
39.1146	119.121
148.858	81.4431
250.428	194.054
160.764	113.485
420.944	181.67
38.0882	131.83
211.389	443.363
170.546	141.66
393.963	86.3306
470.918	484.422
490	490
490	490
217.351	176.482
115.986	315.57
88.988	426.275
398.43	441.182
344.127	498.603
411.66	1.82353
437.995	17.2039
189.807	158.87
153.401	40.8757
331.352	24.2587
357.416	458.657
423.559	54.739
490	490
425.861	381.932
185.248	258.65
281.564	400.429
419.957	305.35
181.411	144.616
70.6153	394.963
123.704	312.023
490	490
445.656	126.536
201.845	168.986
138.234	410.237
2.46242	122.985
95.3429	58.8658
490	490
281.278	26.1457
448.056	374.889
179.449	493.277
79.8686	225.564
471.913	46.3941
290.983	325.94
219.471	180.826
365.926	281.737
490	490
452.343	208.941
71.6613	258.84
102.783	155.683
490	490
490	490
275.307	333.597
102.347	461.709
434.481	409.68
14.1625	434.55
331.839	25.3714
73.7684	298.618
45.6418	24.3325
174.332	379.28
170.496	252.853
424.788	182.602
490	490
132.948	46.4064
75.8738	205.428
406.467	405.625
268.295	208.873
200.592	427.059
490	490
279.138	76.5704
162.213	175.862
172.651	281.665
29.5204	180.1
82.0974	324.306
90.6509	181.457
136.252	488.147
490	490
172.623	185.962
20.6365	329.91
422.808	141.592
73.4647	28.3597
358.916	381.319
348.046	489.693
91.9071	203.275
415.299	497.452
450.974	268.497
62.4964	293.651
475.857	50.9335
393.315	326.92
492.149	461.689
25.8279	478.069
388.335	199.751
433.415	261.842
157.2	161.469
434.887	75.2333
361.321	315.281
427.571	59.7413
284.271	156.315
410.386	420.993
421.077	5.18718
245.13	194.009
353.082	481.43
78.518	54.1375
94.5686	110.574
266.935	382.896
397.206	99.7488
490	490
29.0737	416.511
84.407	312.064
262.32	374.024
275.683	145.912
463.56	319.458
223.846	142.233
131.853	157.174
247.081	72.5344
197.02	38.0884
110.358	312.568
4.84455	391.754
491.198	173.077
83.6529	45.8714
374.373	458.022
347.612	114.583
147.672	378.401
74.7606	195.49
268.227	51.9377
365.004	147.244
144.377	204.297
468.825	136.165
128.722	118.759
6.90979	375.954
389.512	357.793
486.462	159.832
490	490
341.888	426.812
402.694	449.831
490	490
153.327	237.659
463.575	116.789
126.21	182.494
392.751	86.4246
460.56	33.2635
478.501	477.903
73.0932	19.934
498.18	238.872
450.767	18.2985
490	490
474.293	328.698
146.119	108.018
169.295	82.426
339.348	484.759
227.377	263.52
44.8383	90.7624
68.2995	491.539
127.184	55.3841
449.611	374.94
480.556	287.198
21.4159	199.584
321.288	483.11
429.244	161.859
245.088	44.5848
141.592	148.151
283.119	44.0725
59.1012	374.794
260.892	423.462
155.736	6.70998
163.903	4.31959
66.1997	397.05
17.1225	340.943
67.7685	170.715
202.554	63.9398
217.425	435.391
68.0125	159.077
490	490
52.3659	248.351
147.232	72.3358
98.8017	170.051
118.122	302.723
362.481	367.496
424.302	301.409
445.432	456.84
20.634	432.883
490	490
442.658	220.711
12.3295	467.257
88.9446	471.998
465.76	86.5353
205.078	461.386
455.894	186.599
54.7666	89.5672
188.866	287.506
61.2105	484.523
366.846	66.901
37.4094	71.9315
431.968	146.016
490	490
122.922	273.839
489.146	189.826
206.67	40.7105
151.874	349.73
35.8058	244.647
419.023	294.887
377.584	175.869
310.066	102.788
420.334	481.238
334.686	475.912
74.6792	240.573
343.617	269.002
173.323	469.966
214.889	438.801
493.056	187.932
263.819	203.416
199.339	245.328
200.765	269.1
132.39	249.43
141.958	280.785
256.631	415.956
303.93	462.353
82.4914	456.333
299.418	209.763
384.821	355.117
331.625	127.492
304.195	282.581
255.24	41.0574
435.969	334.236
261.054	36.9191
204.465	375.266
316.893	424.836
457.258	492.63
155.15	86.5252
315.642	401.168
370.667	464.542
442.428	101.37
324.96	120.036
243.907	165.556
25.2263	25.6967
4.37831	113.17
65.4842	497.377
218.774	227.972
407.32	106.716
23.6511	356.419
32.1441	157.049
367.61	341.381
352.302	471.168
69.7268	299.894
238.496	179.729
407.411	351.848
49.1602	373.71
467.477	493.686
178.79	478.547
237.37	462.835
386.979	13.4638
107.952	70.6176
203.583	84.6204
18.0047	329.861
140.855	244.268
177.729	114.285
447.535	324.134
33.9112	113.067
345.242	114.396
333.984	423.579
339.667	370.067
420.123	244.068
490	490
490	490
149.611	402.397
79.3824	456.989
451.66	195.659
11.9747	220.442
116.016	202.345
16.4046	89.1077
420.363	111.84
490	490
245.811	261.897
76.1476	246.024
229.717	246.133
462.06	442.799
363.975	231.179
407.47	395.367
44.5389	281.642
107.598	246.425
203.254	458.044
256.664	183.405
456.001	58.0935
72.3587	402.108
475.546	148.003
468.719	147.123
221.071	292.292
186.107	492.739
193.333	112.71
372.77	419.215
154.512	67.4098
183.466	78.4273
