Saved a vector of rrt <nodes> points.
X	Y
490	490
481.097	485.446
471.844	481.655
463.879	475.607
471.102	485.138
453.881	475.779
443.881	475.838
487.193	477.519
443.983	477.208
433.905	476.527
423.967	477.64
469.87	483.533
414.127	475.861
411.311	466.265
410.446	456.303
403.351	449.256
393.647	446.839
383.898	444.614
382.236	434.753
384.798	425.087
386.238	415.191
381.809	406.225
372.999	401.494
364.914	395.609
359.35	387.3
350.435	382.77
341.938	377.497
409.62	441.465
332.214	375.165
325.131	382.225
315.197	383.37
308.738	375.735
301.807	368.527
366.178	408.807
291.873	369.678
282.022	371.399
388.574	398.86
394.63	390.903
310.614	392.258
303.885	358.746
300.101	349.489
397.62	381.36
312.042	394.266
304.694	340.607
296.784	334.489
302.865	326.551
308.622	318.374
302.228	310.685
305.975	301.413
273.273	376.242
350.445	382.4
375.139	449.439
292.696	307.661
287.103	299.371
263.295	375.581
310.449	292.47
284.31	289.769
407.475	379.667
274.75	286.838
265.564	282.886
253.837	378.827
416.866	376.229
255.569	283.192
249.74	275.066
394.776	424.429
241.169	280.218
316.073	284.201
244.136	381.254
419.912	453.08
387.123	440.296
422.617	368.048
474.265	482.036
234.196	382.348
315.606	274.212
318.769	264.726
232.448	275.325
322.317	255.376
423.305	450.773
306.891	402.837
320.373	245.567
222.917	278.351
255.915	388.608
393.758	372.136
324.086	236.282
312.391	353.488
213.228	275.875
206.233	268.729
391.772	382.884
323.205	226.321
293.688	322.579
198.669	262.188
329.997	218.981
192.367	254.424
226.864	389.148
255	398.566
334.352	209.98
251.957	408.092
343.46	205.851
311.361	241.232
182.395	253.672
353.398	206.963
177.82	244.78
304.386	234.066
357.689	197.93
176.083	234.932
358.87	188
355.354	178.638
423.305	358.072
175.668	224.94
362.458	211.196
218.368	383.875
308.445	412.716
208.569	381.88
327.577	202.625
387.638	371.581
355.46	398.867
176.117	261.456
253.841	381.212
311.525	344.307
199.066	384.993
178.81	215.447
173.019	207.294
372.457	211.13
296.656	227.722
321.556	194.641
189.251	386.91
208.247	281.725
176.209	197.816
184.174	378.295
174.194	378.935
166.517	195.353
186.552	396.539
421.308	348.273
285.795	375.428
413.419	342.128
165.623	384.086
167.891	185.448
180.334	404.37
156.915	198.148
323.848	223.551
209.276	371.905
161.93	177.419
419.235	333.992
171.93	409.791
162.907	414.101
205.762	362.543
207.566	368.894
305.663	422.321
347.426	184.733
318.756	250.942
155.636	383.586
315.515	186.672
145.7	384.722
317.477	176.866
138.109	378.213
221.603	374.412
404.812	479.501
146.997	196.875
137.967	201.171
326.068	283.896
129.536	383.363
129.89	207.067
424.948	325.786
417.212	319.449
304.268	432.223
250.343	417.961
379.56	218.17
309.116	228.179
186.288	412.404
239.622	290.097
123.589	199.302
113.676	197.992
483.703	497.768
407.386	317.594
164.58	423.96
120.148	386.805
316.453	247.032
388.445	213.581
377.706	370.41
108.537	206.571
113.269	188.001
239.267	300.091
190.236	421.592
101.706	213.874
108.09	179.447
266.818	379.919
309.859	440.515
320.187	167.24
321.211	157.293
319.465	441.902
98.7027	175.999
296.988	404.227
210.037	353.503
329.012	187.977
113.666	394.42
99.7623	166.056
97.1287	156.409
415.069	433.081
264.707	292.849
398.274	211.742
307.112	450.13
114.94	404.339
101.21	147.28
311.275	158.427
197.092	428.872
177.55	271.352
155.608	208.062
120.674	181.28
327.238	207.566
188.514	213.033
323.037	187.766
92.5223	217.832
82.6043	219.11
323.274	147.508
226.349	278.169
205.768	271.301
194.955	427.48
199.577	438.558
317.963	139.035
91.3842	145.423
408.101	209.89
415.241	216.892
390.974	362.154
72.8326	221.234
310.578	132.292
104.63	137.883
309.956	459.717
104.219	391.142
286.706	228.722
318.898	240.184
288.37	372.275
402.477	326.307
63.0007	219.408
295.801	406.23
186.877	392.836
349.344	402.207
106.913	410.302
409.724	488.211
276.713	229.086
53.9666	223.696
200.926	349.38
309.362	122.367
300.622	133.229
107.995	395.469
304.975	113.381
285.983	408.129
101.919	128.257
87.894	160.245
104.349	118.557
413.104	201.231
301.495	104.006
402.984	207.36
107.297	420.295
333.682	383.701
305.645	188.281
303.243	467.129
291.106	136.304
297.682	331.114
420.886	314.547
417.152	192.087
247.104	288.109
107.203	108.973
300.869	381.906
94.9832	115.051
307.004	95.6604
113.632	101.314
315.764	90.836
82.067	141.791
117.461	92.076
184.743	192.603
405.972	307.695
87.3175	108.63
325.753	90.379
192.039	185.765
109.17	86.4851
149.754	191.168
97.4312	226.544
414.236	486.176
334.038	84.7795
201.682	183.114
275.524	363.799
122.455	399.038
317.872	395.816
97.7651	398.781
129.599	216.205
311.515	81.7833
305.461	73.8242
359.452	390.664
205.013	344.307
119.368	95.6471
284.617	128.696
356.14	375.207
316.46	339.921
153.339	417.009
115.574	78.8044
305.034	190.489
129.062	93.1932
382.243	227.803
487.326	467.52
343.567	87.8122
95.9962	236.441
122.96	72.0627
352.649	83.6258
444.956	487.16
92.6869	245.877
416.476	182.11
301.896	161.896
212.259	337.416
455.101	475.239
287.93	145.786
293.583	102.816
427.907	307.426
107.921	72.3673
403.264	419.142
294.583	434.711
481.574	459.341
43.9888	223.031
89.5405	393.092
195.938	447.873
94.645	255.684
200.054	248.029
317.318	361.145
79.4287	102.484
218.13	329.32
301.274	64.743
356.198	218.995
72.2083	95.5656
97.9632	71.452
206.914	361.668
294.182	57.693
114.047	427.673
67.6505	86.6647
419.983	172.745
294.713	47.7071
478.421	449.851
423.885	163.538
65.0557	102.554
289.135	365.09
113.057	437.624
292.364	414.06
288.983	414.646
293.306	37.8067
121.1	62.2371
309.43	361.138
368.781	189.331
181.23	230.873
424.455	220.777
57.2433	108.797
398.974	388.766
283.344	38.6868
204.526	173.527
361.298	78.6058
200.947	164.189
87.314	262.485
386.125	353.408
285.168	230.877
216.889	387.045
295.06	189.773
323.912	222.993
201.585	289.183
315.967	188.962
327.042	199.475
36.9748	215.903
437.885	308.094
79.5419	392.925
69.5672	393.636
306.604	98.0554
406.669	184.063
424.225	218.903
300.612	30.9794
371.081	76.5367
413.218	490.648
409.68	488.226
380.971	75.0538
103.877	381.148
199.334	154.32
321.656	168.195
68.4764	383.696
422.47	153.639
99.2238	372.296
49.2464	114.801
311.572	472.664
66.7692	403.237
60.247	410.817
283.586	102.575
378.017	376.495
382.317	65.1449
447.38	311.234
286.473	194.898
308.135	108.207
478.503	439.851
45.9275	219.96
377.52	184.471
55.784	419.766
259.244	301.225
123.05	438.018
413.813	310.189
190.566	153.146
64.3917	80.6395
344.455	178.443
429.684	297.585
381.637	55.168
54.9506	77.3433
454.007	303.745
223.037	320.607
189.454	411.266
308.971	25.4895
317.887	149.751
86.9727	272.479
209.565	189.266
82.5742	138.792
195.873	361.06
121.126	52.2371
30.8245	208.018
214.31	181.284
122.719	94.7933
39.4837	116.966
210.445	161.059
331.518	98.5498
320.525	477.119
286.547	440.663
278.228	148.209
281.34	112.276
377.7	70.903
305.736	388.211
131.372	389.126
203.524	454.388
416.144	145.893
434.419	221.628
58.4765	383.742
450.852	294.256
200.751	144.421
389.936	49.589
399.568	46.8985
414.254	346.446
307.022	15.6811
394.269	320.594
278.482	29.9485
406.239	39.4494
105.995	236.574
105.161	387.449
422.45	426.333
209.679	139.917
284.307	326.044
93.3116	62.5998
77.7072	276.241
94.6972	52.6962
185.072	148.46
71.6279	224.182
336.048	284.528
302.59	178.759
297.811	80.2647
380.633	237.673
420.696	136.989
32.4988	109.81
59.3171	224.508
318.792	23.6082
421.474	230.323
415.161	34.9319
77.7112	286.241
28.1541	198.381
25.5105	116.963
442.616	215.9
98.8064	380.601
389.102	389.506
69.3538	291.732
106.064	397.258
498.384	495.45
450.613	209.896
124.31	52.7661
298.44	475.9
419.625	376.168
21.3124	211.104
182.684	242.619
71.6596	79.4242
206.973	427.335
75.0514	393.055
187.082	205.915
211.649	157.277
86.7532	290.512
57.7707	379.257
348.494	412.171
274.148	99.2706
412.433	131.357
98.7866	62.3364
289.507	471.404
402.313	298.388
195.709	297.274
454.593	481.758
383.74	216.564
178.841	276.045
205.78	464.13
103.157	363.102
73.8047	297.128
212.685	324.866
28.8782	100.488
219.939	352.105
406.312	372.34
113.42	447.617
213.05	198.639
59.6375	209.991
289.62	28.5104
92.3648	298.789
207.572	241.435
460.034	290.293
136.25	223.673
426.977	193.953
268.714	304.434
463.036	280.754
215.289	461.035
376.354	174.539
223.027	197.961
461.189	310.703
195.864	135.697
302.3	200.108
112.299	412.492
113.403	142.681
422.331	41.9019
189.292	128.159
149.122	187.442
318.94	119.492
22.6747	217.963
183.948	219.847
59.411	292.8
376.642	384.966
416.536	370.412
390.883	344.612
271.622	89.595
415.157	384.016
419.564	378.659
216.181	246.522
123.399	142.391
101.703	353.208
199.788	472.136
24.3504	91.5721
192.751	396.076
219.937	469.888
419.802	174.727
288.152	372.895
386.84	188.097
304.015	209.96
109.972	457.004
46.8236	424.206
18.9414	124.502
12.0751	117.232
278.159	373.656
390.447	78.2473
288.701	280.784
137.458	197.574
21.797	227.925
216.841	132.938
392.858	295.133
337.099	75.2594
380.136	64.8502
274.936	304.011
20.6367	131.755
384.823	40.995
186.463	301.085
322.921	334.172
232.936	196.614
198.718	482.079
191.319	118.367
101.222	461.846
411.345	223.328
83.3404	61.8402
383.146	167.2
415.355	128.45
459.08	215.216
106.291	470.466
47.7792	379.671
338.56	105.65
347.939	404.964
124.611	132.465
477.581	429.894
397.388	286.218
466.174	319.372
362.114	211.359
242.397	283.039
386.535	86.2238
206.778	487.998
91.7727	354.384
313.991	157.906
422.805	121.779
376.869	349.623
117.724	42.8334
432.564	119.598
396.254	221.536
468.527	211.938
221.649	157.329
210.645	373.597
441.071	118.837
284.614	450.474
77.8195	259.346
298.125	28.3352
246.304	277.212
477.949	208.586
476.916	494.257
118.518	452.2
240.416	203.251
400.822	436.711
81.175	152.879
298.633	352.126
484.573	422.744
383.984	299.743
410.046	41.897
350.291	397.875
422.566	28.2114
299.576	166.353
428.494	383.159
476.037	198.77
332.72	382.84
322.937	265.854
329.118	221.031
175.33	146.202
97.2445	474.728
485.869	214.69
25.0258	188.883
196.95	487.647
321.457	347.238
103.598	93.2119
321.878	435.907
207.814	418
482.983	412.872
456.25	224.808
71.5986	408.442
15.2883	87.344
57.9678	392.085
113.606	205.711
194.526	108.895
380.663	290.311
286.748	200.495
198.563	255.73
380.456	31.9989
273.147	79.7205
189.242	100.405
101.135	428.171
409.955	493.95
430.723	392.908
276.662	35.6783
36.8466	424.882
177.119	370.436
170.467	181.121
297.94	334.916
382.533	95.3883
87.2568	474.231
188.861	90.4122
68.5988	305.667
279.785	130.735
114.429	476.278
27.3	421.905
285.906	324.442
321.268	403.928
263.198	78.7198
33.3029	414.813
16.7147	183.322
280.565	208.355
118.031	32.8381
346.209	112.092
476.378	188.776
292.599	178.34
407.954	290.131
19.931	103.251
401.233	30.7929
276.122	385.828
31.7777	181.507
90.2897	43.7199
121.204	46.9518
407.941	495.79
391.525	429.255
116.273	80.326
221.688	124.191
380.276	247.666
201.985	132.331
308.711	287.406
177.989	306.394
429.674	188.074
193.29	81.4467
414.517	207.544
324.17	149.035
119.43	386.418
265.838	378.12
13.5052	222.335
262.985	281.397
81.8874	38.2977
111.169	34.1953
482.965	428.363
350.792	120.01
420.732	18.3811
395.872	483.981
240.151	189.69
101.152	247.089
196.246	155.747
444.696	488.635
188.251	255.267
467.035	185.21
283.333	325.331
54.0867	285.178
421.532	40.0231
484.876	183.505
111.7	353.448
154.529	177.856
77.8102	477.512
408.679	443.791
251.997	413.468
91.6009	360.728
86.0093	235.93
12.8461	77.6468
17.4076	420.443
213.997	126.193
319.261	292.073
101.35	459.084
275.754	90.3806
110.604	250.354
181.78	256.431
102.364	298.901
204.104	330.002
185.62	245.928
241.091	179.735
345.658	183.359
125.492	223.493
192.27	71.4989
198.233	82.5161
300.11	382.848
326.406	409.042
306.803	240.534
281.418	399.232
196.568	413.801
371.189	409.025
484.34	224.573
282.775	150.775
180.098	85.5938
282.67	177.148
299.766	141.546
133.179	394.338
212.45	186.732
99.1273	264.623
10.7747	67.8637
417.758	478.154
476.006	456.071
75.9097	387.674
253.372	76.8618
197.633	420.034
4.39452	123.636
242.011	423.491
97.34	294.313
327.056	122.308
237.65	309.959
283.897	379.346
343.545	291.146
301.869	167.791
476.475	230.748
385.824	49.2289
381.192	24.3564
45.1349	280.721
65.2527	411.603
419.448	459.864
89.8498	478.696
41.0598	104.642
53.1407	87.1782
450.613	115.846
353.87	93.551
37.8578	287.58
298.363	10.6793
180.219	152.804
112.719	343.5
11.1839	57.8721
84.9802	469.014
208.192	81.616
27.6678	83.828
303.121	111.599
340.788	300.758
339.985	189.73
12.9266	422.568
437.734	490.241
460.301	192.603
68.8046	481.859
193.099	437.93
87.874	30.2877
213.833	290.02
412.708	461.011
183.101	67.5075
2.89725	130.438
97.4649	240.79
95.6973	166.306
221.697	296.197
19.8452	52.8739
350.379	385.011
185.319	278.222
430.553	16.4993
221.989	254.662
315.663	176.554
385.408	336.244
59.8507	477.406
310.778	291.564
187.642	58.5982
302.863	19.8121
191.069	91.9246
460.26	118.479
432.575	477.705
373.479	17.9922
139.178	201.139
330.948	284.968
117.198	52.0988
201.781	193.008
473.032	280.479
303.089	338.998
253.792	407.444
246.812	84.4094
476.174	319.314
192.993	381.577
450.424	105.847
315.314	236.093
81.6605	361.817
283.213	192.118
28.9371	292.099
275.052	453.402
350.085	117.888
186.848	452.041
56.2852	200.57
440.544	16.9278
480.397	328.378
393.369	317.774
379.462	257.633
493.586	178.594
402.805	134.059
478.149	287.114
457.478	279.921
172.466	307.431
481.482	216.322
91.6927	21.0455
447.019	24.5484
57.368	289.985
391.176	182.693
108.808	350.643
97.3659	12.8105
489.204	323.642
393.483	474.27
287.843	79.4685
112.298	486.048
180.251	392.38
280.398	355.067
287.761	348.3
100.477	134.176
475.858	337.288
105.709	86.5198
486.948	403.691
314.356	408.835
342.376	198.325
415.449	196.595
113.178	110.852
467.346	111.423
190.529	49.024
121.978	211.657
327.314	285.609
70.472	97.3788
330.017	480.265
80.9927	388.619
492.867	414.387
413.626	364.378
108.876	334.268
304.704	47.281
84.4361	472.218
436.89	400.78
173.108	78.443
388.34	286.666
472.331	481.055
246.036	178.04
382.494	299.267
61.1921	217.35
393.775	493.759
243.195	318.281
328.893	82.4491
400.192	276.62
66.8519	112.23
487.23	210.48
298.592	416.808
11.9693	422.43
345.206	309.729
248.694	296.347
433.825	124.703
436.431	402.909
83.0941	105.303
200.659	492.833
368.748	9.18163
189.067	479.458
383.567	472.978
453.097	96.2112
50.7838	481.624
242.348	78.4533
189.178	263.692
115.797	221.043
457.573	209.085
460.03	89.0043
35.1959	200.295
482.856	438.647
20.6888	237.863
84.6316	219.379
433.481	489.562
210.79	231.967
79.1218	460.91
311.937	128.337
186.064	40.0761
384.95	157.364
119.31	255.274
181.325	118.035
173.942	213.646
429.27	313.916
94.9269	465.023
279.66	418.262
372.565	94.6001
421.225	432.529
226.469	322.848
493.263	494.283
166.786	86.191
300.032	220.648
194.341	273.908
38.8645	375.14
234.556	84.722
343.212	319.529
78.2629	388.347
435.704	376.229
14.4246	410.898
215.158	433.08
206.998	360.424
106.077	58.5291
266.214	105.358
339.955	479.15
124.749	99.378
156.611	406.332
435.979	495.16
445.331	395.418
164.251	313.133
200.808	369.094
291.635	361.183
299.728	150.59
274.062	296.108
445.319	285.926
100.271	339.364
378.476	259.368
231.675	124.707
492.243	442.095
309.396	270.618
488.014	285.471
391.624	271.463
437.533	499.006
176.807	162.204
346.1	480.936
322.117	25.5836
61.3132	312.516
180.614	367.699
105.133	404.463
377.136	151.123
307.563	228.823
416.533	113.991
389.678	180.223
109.029	306.356
290.08	5.07645
249.616	181.662
444.713	22.2484
238.397	185.646
110.912	109.85
370.972	177.841
84.356	36.6325
199.604	458.075
57.8697	99.0317
375.18	77.8342
254.934	280.68
20.8231	424.714
159.731	93.2781
439.533	298.335
417.793	104.071
31.9537	417.097
120.24	376.451
40.9546	483.464
484.084	394.11
243.872	302.405
200.514	48.4801
140.303	195.734
83.2583	15.6733
289.79	459.031
355.645	108.779
172.958	309.269
308.822	387.759
486.955	477.695
229.918	119.477
355.58	78.3327
26.3953	301.77
472.094	493.392
384.382	307.65
409.344	272.941
469.847	488.273
173.675	418.821
123.595	264.309
189.342	67.9547
13.2738	136.432
401.498	124.144
217.753	206.458
32.0989	478.819
223.969	240.249
191.467	473.465
286.135	480.819
422.43	486.684
294.457	96.4975
144.872	394.688
277.544	96.1198
406.961	263.229
261.884	114.371
71.3624	277.063
436.58	281.065
84.102	347.969
347.882	405.993
7.62934	214.243
289.324	100.167
349.142	422.15
289.98	193.237
426.91	405.966
396.084	23.8303
436.973	476.866
82.0145	290.433
311.486	367.416
56.9414	293.043
220.804	424.826
175.797	318.857
79.0336	390.645
369.597	104.15
101.225	199.75
403.867	41.8508
123.884	479.533
192.325	239.72
79.1802	165.151
230.112	281.454
333.521	411.469
344.199	481.868
117.521	350.169
108.983	367.573
371.059	80.3206
409.174	114.549
295.296	354.279
8.29284	431.73
443.366	203.005
413.93	256.056
376.041	370.922
289.504	292.795
328.876	397.438
203.366	256.785
335.374	311.555
375.437	459.398
61.3559	191.95
350.13	309.893
213.918	417.557
280.182	3.64988
223.187	268.355
215.708	293.754
207.271	91.5735
96.0459	477.012
329.749	303.287
388.845	23.7858
300.819	182.308
106.991	10.0994
214.365	158.174
292.613	204.994
26.2138	486.904
427.155	415.932
308.178	411.646
427.9	387.698
84.7447	278.115
384.476	358.017
410.884	450.586
377.004	51.8877
480.202	346.295
83.8817	46.8683
460.766	202.983
172.489	77.8173
214.328	73.7195
394.228	161.095
179.158	176.174
218.775	144.073
284.714	221.902
370.801	76.967
423.658	429.232
338.143	318.095
343.619	107.46
78.8896	450.913
127.189	185.065
178.58	33.4439
193.131	274.474
20.1735	247.85
194.193	178.579
242.311	405.453
358.315	304.147
365.62	24.1761
407.936	364.894
183.163	126.954
370.82	181.735
117.607	373.065
380.058	353.106
76.4218	475.011
21.9047	408.869
97.1252	253.362
357.397	316.763
177.327	77.0894
37.1536	409.666
226.996	314.473
188.68	371.859
33.6778	403.71
159.077	304.576
118.74	332.629
183.843	480.52
73.1182	409.996
332.825	101.53
192.579	415.19
94.516	158.809
319.625	152.55
216.772	488.343
491.976	168.724
282.508	71.0102
427.688	309.37
157.865	103.102
473.545	313.583
219.972	314.539
370.159	114.134
422.758	95.3911
285.53	324.121
379.216	400.27
448.583	488.124
202.121	69.7823
296.487	305.806
184.422	432.959
477.27	110.187
353.179	206.809
474.541	100.566
471.731	187.627
133.777	480.992
371.607	400.789
107.144	177.337
346.041	479.709
79.1229	256.403
94.7023	172.795
178.226	62.4093
10.2756	145.972
255.56	189.704
300.644	298.585
476.731	90.809
423.669	253.786
221.23	236.435
118.579	303.388
213.518	169.661
380.436	473.538
14.1807	44.633
274.006	21.0061
346.332	281.542
412.868	393.75
316.147	486.11
143.382	478.209
225.287	110.614
419.96	381.702
217.628	143.776
90.759	15.8525
292.751	169.472
480.157	384.914
194.752	306.295
458.307	79.1537
183.96	98.7383
410.075	98.4688
337.724	379.046
284.74	312.475
396.838	300.264
463.864	313.313
94.1445	71.9328
83.2068	297.154
202.924	351.053
423.633	51.8168
182.119	322.317
294.9	388.188
152.788	400.323
305.539	210.772
275.354	422.511
19.7302	424.983
262.679	94.0708
185.879	391.372
80.1611	6.16504
178.656	489.07
488.592	351.736
70.2326	7.35795
303.52	305.455
445.577	89.6195
202.352	191.405
104.538	413.095
309.103	388.141
176.87	452.709
116.851	271.693
97.0967	29.4933
13.3707	400.953
402.549	116.861
420.954	418.217
359.775	305.949
178.301	483.997
102.413	416.517
21.876	310.691
175.553	23.913
269.772	109.742
265.159	16.3449
122.715	179.376
30.7708	315.26
119.712	492.759
313.344	92.3714
350.568	489.882
282.851	468.182
219.586	185.118
482.806	375.271
471.677	390.213
223.57	426.752
153.024	85.861
188.233	424.836
475.149	428.539
0.998691	206.758
484.696	216.669
273.016	202.694
478.861	203.346
205.356	498.506
427.852	209.868
91.6556	241.047
179.438	428.603
382.227	80.4955
15.8462	437.008
422.086	446.645
194.533	155.72
227.691	108.514
159.66	390.201
394.341	392.159
457.017	24.7502
409.415	450.011
370.486	99.9765
399.949	497.881
40.7157	316.309
40.3902	386.409
182.689	217.686
470.578	175.858
324.398	74.9825
283.207	17.6366
217.403	394.329
157.113	84.7808
196.222	108.387
319.061	192.9
183.831	134.459
121.879	278.174
128.019	221.582
95.4996	112.326
193.496	218.821
463.49	395.956
97.7696	38.7763
486.03	444.866
241.475	386.752
310.941	105.33
298.942	353.963
248.771	415.292
296.712	11.8398
205.538	144.891
301.843	38.4316
364.455	204.776
448.132	497.825
190.273	257.782
421.84	60.62
208.401	42.3315
33.3806	278.638
152.126	307.089
324.193	64.9846
248.637	301.224
151.315	76.0081
224.915	106.731
74.0184	19.4975
269.74	279.034
88.0366	488.53
269.203	199.395
262.339	382.606
53.4313	378.239
445.636	377.39
451.816	320.196
302.322	333.331
9.31342	35.8975
92.1089	432.475
397.884	494.652
109.741	406.94
204.05	53.6588
359.431	494.513
422.057	362.831
430.233	195.818
23.9447	442.874
15.0146	317.965
212.32	33.1318
406.661	409.736
280.935	453.855
238.273	397.16
196.232	261.955
183.308	483.258
140.902	205.231
307.619	284.875
297.664	442.398
414.902	404.561
274.152	417.683
481.484	82.0111
303.369	323.191
447.978	10.24
300.438	172.432
463.536	405.955
16.9797	29.4765
204.161	53.5512
406.267	220.494
64.3673	322.039
119.001	22.8853
331.776	188.342
407.267	203.282
330.967	477.265
392.549	116.805
36.6482	392.639
327.076	109.662
463.237	415.951
207.776	316.154
310.434	70.3229
322.631	216.823
4.80829	415.529
370.081	404.046
41.3364	224.977
393.295	84.4431
282.074	61.0196
19.097	327.094
128.911	376.16
426.231	107.808
116.462	468.131
406.386	341.504
397.629	484.897
60.35	5.83012
185.56	442.328
3.46177	399.607
276.194	76.8057
406.244	147.302
299.869	56.745
199.043	420.239
273.097	0.497528
243.492	294.7
215.015	427.774
297.999	337.497
169.221	416.106
363.652	393.529
400.439	341.609
164.863	300.774
28.8641	322.889
378.256	418.476
186.792	92.1045
82.2399	224.988
444.779	323.572
123.75	14.0849
354.823	276.259
393.688	379.722
59.9544	391.056
215.854	102.501
345.749	78.3918
227.25	419.058
108.14	311.8
391.766	178.19
151.947	79.3707
489.086	172.31
112.918	176.41
111.837	489.502
388.841	391.201
433.243	419.678
414.721	209.222
466.037	481.472
329.985	293.727
249.119	304.892
94.3267	462.407
313.563	51.9199
301.043	56.4779
445.519	22.29
438.109	280.074
107.756	348.633
146.644	424.437
394.326	56.4722
231.627	199.092
271.367	304.438
181.185	15.65
149.21	108.113
161.849	320.59
490.199	158.883
308.59	251.694
398.429	92.7514
495.616	326.845
404.745	84.9989
13.6046	255.39
284.501	212.298
316.877	42.485
387.765	278.466
302.046	154.764
171.22	199.038
105.82	195.759
263.485	207.598
241.988	385.702
123.33	93.6446
191.858	357.601
298.732	70.918
90.0028	98.0736
480.663	482.531
86.9094	249.074
15.0408	398.877
168.888	422.562
233.794	382.487
193.41	291.09
427.663	316.951
50.3781	6.58047
411.027	43.5374
280.876	3.50455
439.643	494.367
196.72	203.249
111.159	477.726
399.171	143.556
299.434	88.8604
351.033	390.716
488.856	395.372
480.292	474.83
210.177	198.928
188.636	129.944
393.924	332.591
493.687	149.511
124.858	68.7786
464.131	17.7221
393.873	41.2141
229.041	411.547
82.6406	387.822
202.406	108.342
277.878	10.9492
474.739	408.597
207.63	169.974
154.395	386.559
479.782	240.186
207.456	395.361
22.6169	317.234
208.107	29.2027
178.064	77.9088
200.806	231.394
209.254	329.012
322.618	341.928
427.545	476.996
189.349	365.195
379.231	345.734
90.1462	102.624
83.9506	293.164
172.701	396.483
483.593	418.592
224.585	298.936
328.721	197.536
115.323	444.683
182.608	56.9159
377.58	120.836
96.2355	30.251
418.038	112.711
483.261	247.597
16.1158	388.935
475.251	236.301
486.33	444.216
325.792	19.4626
358.901	7.43931
481.993	459.879
203.68	88.3107
174.845	7.91695
373.857	376.248
189.994	293.066
122.033	232.509
19.6106	68.7684
6.39335	119.626
256.742	21.7453
487.778	247.789
416.753	376.977
145.505	81.2107
354.74	489.319
213.494	215.506
23.1103	479.363
120.174	151.857
82.8574	283.105
297.675	395.301
250.54	290.002
18.7186	42.0159
416.894	249.401
353.918	221.392
318.725	359.72
286.328	41.8893
452.42	83.4728
497.582	390.487
77.6301	159.8
189.814	224.295
41.1023	10.3167
280.295	401.883
382.048	305.142
395.757	13.8357
273.616	307.726
238.614	93.8616
210.277	138.05
92.6644	380.453
438.944	184.325
403.852	386.009
59.8755	99.6639
248.325	86.9575
239.664	213.223
219.692	170.815
366.298	202.711
3.18325	212.879
492.55	320.953
494.723	139.565
180.641	472.069
440.887	385.93
419.874	100.361
118.389	30.7223
338.514	381.652
141.789	420.447
102.351	130.973
496.038	311.581
122.462	84.6835
495.807	495.124
190.354	457.483
87.3079	298.053
172.389	398.875
119.049	188.252
472.035	11.5962
216.628	48.015
6.81686	184.748
191.301	37.9574
413.453	399.814
227.224	394.316
303.444	270.881
97.3118	417.256
88.6534	214.531
125.28	85.2002
483.169	72.154
394.411	194.63
96.7224	53.8499
378.078	275.986
427.507	199.484
85.1769	257.534
257.122	391.492
402.992	105.188
354.371	203.617
318.569	388.849
410.229	170.539
165.067	5.82053
334.445	290.92
4.86036	57.3766
302.58	55.5002
16.7023	121.929
395.123	214.868
319.678	492.13
98.5625	368.248
222.021	228.026
377.254	102.276
122.833	454.766
262.431	287.038
35.4316	189.423
481.193	287.384
370.612	186.411
309.645	449.513
28.7716	213.922
194.939	211.367
241.61	175.153
213.449	391.091
477.214	271.395
376.169	46.1818
353.44	324.602
360.623	313.68
275.747	331.846
390.406	230.563
145.389	299.699
14.785	30.5938
315.608	385.458
126.372	190.838
278.452	487.22
331.03	410.397
131.226	210.548
2.80371	28.3064
356.092	201.962
391.734	226.335
461.538	278.564
483.319	239.818
277.334	233.618
381.126	339.796
207.194	497.126
132.047	422.706
7.936	194.312
112.825	454.328
255.999	19.0581
71.3442	191.468
194.658	478.348
163.916	290.819
432.288	185.096
379.516	410.634
349.708	386.089
350.842	422.148
285.608	188.426
44.5617	386.732
479.979	5.5226
213.057	110.692
8.23479	20.4005
26.7736	293.833
105.913	180.849
10.5029	264.896
39.1535	20.125
59.9309	198.165
415.83	174.964
375.041	274.029
312.578	7.36621
399.714	80.3477
45.6399	376.946
86.5187	53.1556
6.91755	262.082
475.35	103.805
314.661	13.0005
94.8239	260.992
109.471	15.9392
245.188	221.558
485.74	95.1487
142.695	416.019
328.139	184.019
379.614	96.187
51.1243	93.1902
486.622	446.375
197.052	345.277
411.969	41.9433
9.38777	192.524
149.984	388.373
243.369	202.149
317.628	150.618
2.3846	185.397
488.147	331.042
7.671	250.812
227.96	77.2064
104.577	257.18
141.356	391.193
202.19	75.5704
311.18	378.726
89.4273	41.7486
16.8456	15.3159
200.653	314.368
365.782	405.943
292.048	484.08
364.361	496.313
121.721	89.854
23.7158	276.071
190.219	385.153
417.753	290.905
218.771	118.346
272.382	494.371
490.72	130.401
181.089	143.322
100.048	25.6075
479.049	190.684
359.214	117.016
18.6162	110.469
188.399	343.434
286.095	335.431
278.808	124.205
312.723	497.911
383.377	197.478
204.598	76.9023
216.724	78.9659
277.058	65.4354
307.503	157.613
49.3379	318.346
131.783	195.478
477.078	333.635
443.213	212.456
418.65	314.824
37.6655	83.612
98.4621	284.377
309.186	28.387
433.436	389.436
189.641	393.295
181.907	180.823
298.696	287.884
11.6025	198.229
468.687	3.88362
47.9096	123.254
477.61	19.8976
446.514	75.403
16.7808	225.942
458.905	208.774
118.421	492.514
224.821	458.011
212.187	200.715
19.6208	331.25
176.892	82.6449
141.446	488.02
465.795	415.552
64.8359	122.025
405.054	269.773
403.046	370.389
424.781	137.836
109.506	360.448
484.308	201.843
370.37	9.15469
285.73	158.678
246.961	312.644
210.788	365.323
12.2893	270.807
77.1865	451.172
479.454	371.95
326.302	204.706
119.524	263.593
468.402	490.922
488.447	63.6606
400.755	199.251
180.37	345.902
442.907	82.4137
15.8937	250.475
85.1539	35.573
258.084	178.983
207.458	58.0574
22.8472	417.599
417.032	357.247
485.357	26.2219
181.093	282.842
80.513	195.46
179.278	424.031
108.595	418.337
131.655	388.127
375.468	173.527
379.405	11.7624
215.851	466.551
50.2512	319.113
473.112	201.505
360.584	316.565
9.71226	280.469
316.405	371.809
193.401	359.427
275.602	427.579
151.81	188.215
473.761	284.376
287.956	157.938
407.32	375.151
443.939	77.7667
284.559	107.253
425.125	304.167
171.303	294.405
188.686	9.03599
16.8873	286.274
456.216	419.72
77.806	252.468
324.289	359.871
154.058	116.323
351.644	482.741
468.911	401.151
186.348	310.578
298.393	66.8276
214.013	21.1331
3.08979	131.504
301.739	38.6719
24.0002	319.822
432.925	83.0092
124.111	346.151
396.435	267.706
429.806	86.4632
210.257	102.503
388.664	220.396
280.683	482.325
63.3829	196.22
16.8762	490.483
208.069	29.707
20.346	480.941
484.376	179.131
409.425	437.623
188.485	28.6053
20.027	434.741
290.622	275.874
282.848	321.884
17.3455	205.627
188.816	89.6482
448.439	203.91
142.044	390.14
21.2994	34.4142
402.331	346.884
446.34	290.251
410.498	313.43
220.902	83.9917
297.6	28.1165
479.089	383.251
206.073	420.199
262.517	496.01
407.607	121.119
221.546	425.176
215.969	312.934
85.5061	89.1417
294.216	489.607
117.515	104.294
461.712	393.217
75.1808	114.084
287.453	227.717
156.959	283.636
316.336	288.46
296.491	107.729
83.9061	353.316
305.648	301.311
218.689	338.765
164.612	201.966
176.551	129.893
77.1666	386.246
183.128	208.566
291.805	15.1212
492.146	276.365
351.568	420.756
88.5597	189.523
49.0994	19.0869
395.363	76.2278
140.51	403.572
418.127	379.692
320.293	439.799
123.44	159.802
71.1839	282.319
6.46573	229.437
457.216	410.4
381.727	400.965
377.953	15.7542
90.7635	489.053
421.477	373.725
155.895	324.607
412.478	438.109
471.997	220.212
168.134	83.904
111.009	48.6706
115.292	148.884
65.6507	491.349
109.267	226.795
14.6308	173.542
378.548	201.422
80.8143	250.17
205.085	292.372
111.641	167.055
305.121	434.542
14.8313	169.524
474.365	88.0929
194.507	268.026
464.927	303.656
420.688	380.163
258.11	397.58
449.083	488.621
412.373	389.989
159.752	408.14
10.8695	239.755
7.10988	17.4505
474.901	94.0943
53.0742	290.387
473.705	287.737
104.638	316.552
43.8414	90.1302
124.942	354.5
291.798	16.5663
464.746	485.044
11.8361	337.527
232.886	279.07
185.107	153.182
205.407	385.055
19.8449	146.819
173.555	291.013
436.264	382.013
6.53853	20.5741
22.7366	191.108
439.177	397.457
459.692	87.8518
422.015	252.85
334.655	24.0944
182.796	212.288
476.718	304.474
331.256	401.725
229.726	324.931
129.214	97.8742
177.068	194.614
103.34	360.636
136.598	184.495
403.958	10.2474
298.675	250.389
96.8938	311.502
102.973	254.174
269.519	482.725
413.926	320.728
2.25992	32.4996
113.999	284.331
229.436	387.448
25.2783	90.6632
290.953	144.047
326.94	185.292
95.4661	471.833
438.271	314.4
176.202	0.400711
11.5611	42.7372
288.505	38.921
375.717	249.931
111.599	245.164
356.194	487.517
97.4701	468.927
211.498	485.409
213.118	202.916
189.555	221.503
303.245	410.624
391.509	88.0868
458.71	114.259
77.3264	310.548
91.1936	477.489
395.942	430.574
459.392	218.696
94.1584	111.778
182.51	391.819
12.5371	474.694
324.105	450.761
478.982	208.485
285.55	201.531
391.101	490.94
476.737	460.184
97.6104	301.595
84.4991	433.825
226.985	219.345
288.729	272.116
482.393	180.074
177.321	359.213
308.003	384.151
390.111	339.413
381.579	153.151
395.777	344.086
380.546	282.574
199.738	111.787
498.202	380.506
425.701	408.806
162.676	382.029
294.163	116.966
381.052	327.243
426.152	118.687
473.222	88.3315
372.373	222.763
429.523	180.236
42.7326	195.818
190.974	73.4146
152.969	407.158
206.717	248.829
387.951	367.991
397.512	409.876
318.885	44.1665
10.4827	99.9754
414.18	363.966
196.455	74.7207
151.978	483.32
177.822	36.0299
77.1634	350.653
384.102	498.082
333.586	175.633
286.469	379.146
409.807	424.24
375.586	470.737
301.566	496.388
326.025	217.287
88.1584	427.274
386.578	238.105
39.9391	175.728
184.409	306.682
494.378	153.475
417.421	451.212
66.6323	203.696
210.163	329.155
91.0684	14.62
17.9557	468.655
335.041	397.369
370.475	375.463
389.247	102.8
21.9922	164.321
391.216	196.806
52.425	211.762
497.528	245.568
128.508	404.673
187.205	294.051
486.454	35.9231
397.969	424.872
482.489	471.095
237.743	287.619
454.162	220.948
49.7161	123.099
207.495	456.057
107.854	254.453
192.968	267.871
346.226	497.413
276.211	243.555
197.528	402.102
439.036	424.277
26.074	118.962
456.311	206.015
118.981	130.209
136.337	407.512
485.186	360.502
1.52126	30.3914
484.333	122.707
470.91	85.5111
20.7911	182.835
49.6951	4.07827
86.6547	232.486
16.9236	389.45
404.155	401.138
60.4798	124.622
384.483	404.106
17.4401	329.415
481.68	437.319
291.727	453.433
113.62	209.796
12.5194	6.30015
195.311	93.3331
36.2907	107.641
154.929	486.87
229.08	213.052
10.5104	140.763
309.119	240.102
247.821	13.3027
344.194	394.587
182.226	329.289
492.954	302.293
88.626	453.194
489.685	3.11389
21.0931	246.576
391.885	305.037
136.995	484.709
232.088	94.3895
343.929	221.853
370.802	380.219
162.312	15.4335
305.863	50.4426
168.909	485.118
378.67	385.916
383.409	450.209
340.605	279.137
207.676	129.023
317	268.93
466.795	478.43
457.913	423.779
81.5947	59.7041
69.6898	103.291
300.193	401.529
9.06214	173.135
411.526	179.188
455.214	104.305
273.942	377.482
110.067	333.363
432.786	297.673
282.737	280.08
124.565	450.996
325.163	99.7275
451.954	398.178
226.466	485.888
90.2809	292.798
440.137	385.775
24.9473	310.291
321.905	11.7935
190.055	108.572
312.271	164.001
424.468	235.337
89.2922	283.139
467.299	207.88
495.114	132.575
65.554	313.558
316.245	418.973
354.343	493.588
470.527	316.416
288.769	415.348
96.0368	179.358
243.977	102.302
497.965	293.639
450.824	102.904
485.3	56.058
84.7309	276.448
313.506	79.8535
27.4264	397.917
189.802	425.276
80.4294	338.667
84.2355	228.888
324.937	206.5
94.907	281.614
40.2031	410.843
497.526	141.757
202.177	83.4031
188.515	396.82
99.8285	83.5398
290.168	132.946
413.07	79.4592
271.327	5.45181
188.134	438.844
190.395	6.67039
477.312	197.895
18.1036	309.992
210.132	470.037
125.511	4.24103
201.361	402.618
377.841	443.607
122.078	464.879
122.475	76.4118
371.286	381.564
226.197	180.267
237.988	402.953
43.5588	87.7695
231.88	380.163
336.403	18.0053
475.06	462.029
388.15	241.061
384.139	303.204
71.1721	207.028
430.775	92.0753
42.4232	393.48
361.893	118.395
311.021	26.623
27.927	404.449
281.792	134.494
445.858	489.142
94.3677	85.6753
33.8307	315.801
131.16	6.13892
193.798	223.797
218.578	476.609
450.505	416.036
333.151	87.1988
405.263	334.497
186.088	140.999
49.4351	118.817
54.9973	312.295
490.318	210.651
259.6	481.455
318.46	38.8609
6.46471	312.779
314.858	219.759
292.156	63.0696
76.0626	301.079
120.99	455.001
30.0605	420.718
238.701	81.715
222.587	167.214
316.186	217.497
491.342	48.0901
197.358	185.72
121.647	282.398
317.623	143.392
288.141	201.714
195.199	397.677
385.443	407.783
147.132	406.297
206.735	51.7606
306.805	66.4754
152.667	86.4894
436.133	204.729
116.15	252.463
104.884	306.672
88.5556	396.658
64.9571	105.314
199.138	195.312
398.933	32.2682
259.915	311.202
355.734	324.513
330.803	303.048
422.601	36.3439
279.84	161.331
209.939	158.395
214.296	244.859
9.56961	382.673
351.557	175.524
449.103	493.964
284.255	280.457
19.2677	5.21687
31.4614	101.88
453.075	97.0714
478.357	130.725
412.342	245.243
136.43	212.45
232.774	317.474
13.1587	57.8473
335.568	197.458
192.397	134.629
356.03	220.945
219.235	12.6045
206.686	193.547
127.858	423.325
2.38774	433.954
479.291	111.374
96.427	238.029
83.7059	266.192
146.227	422.478
209.718	357.015
57.6323	212.369
206.015	396.606
353.428	299.532
111.311	146.577
53.1151	382.976
180.967	497.019
183.244	445.074
7.79784	387.561
448.476	212.627
185.529	195.03
5.6827	185.459
214.615	369.993
328.47	496.895
229.436	286.479
183.937	207.08
104.046	33.2778
459.49	281.758
291.967	56.1295
121.726	229.138
6.07956	383.44
474.184	481.441
217.746	491.893
325.697	422.222
423.382	189.038
249.292	84.9972
249.782	483.358
124.444	366.129
481.734	494.345
285.004	463.304
215.078	356.152
199.072	136.348
131.912	178.209
399.875	23.1609
349.414	101.695
351.302	85.9035
488.099	234.126
384.962	473.158
104.144	233.16
489.152	81.0853
389.299	261.998
192.171	372.96
402.921	33.5305
489.838	233.814
245.976	81.4745
53.8219	308.443
444.656	411.336
340.291	113.479
356.762	118.095
295.615	139.622
185.201	147.959
415.385	245.921
487.354	220.355
307.988	462.665
88.104	36.8503
289.104	191.02
208.923	482.658
92.6764	418.637
403.904	287.193
291.461	161.303
283.698	156.33
190.538	475.263
152.059	315.015
209.23	221.903
155.147	22.4095
205.146	362.324
42.2711	10.7418
199.936	209.9
475.257	129.025
427.543	388.676
98.2858	324.275
435.188	421.566
205.266	194.551
1.73491	104.59
97.9064	381.035
237.999	294.788
199.463	444.629
320.581	233.862
252.081	116.347
18.8567	401.509
254.307	380.301
215.439	111.955
197.543	62.9368
82.0811	7.71883
399.622	428.068
485.219	336.473
137.767	418.917
475.337	124.757
211.045	312.043
312.443	275.682
87.58	245.843
415.32	108.015
274.551	5.12935
496.994	470.078
407.574	294.789
451.753	280.373
494.278	364.665
104.788	281.979
389.236	192.566
383.284	169.345
123.869	194.328
420.605	188.721
279.834	384.203
410.788	358.119
376.731	244.677
152.148	188.32
65.5387	123.064
361.998	400.78
390.725	138.203
159.334	213.604
148.121	195.33
23.192	19.1016
62.7322	421.6
396.043	7.07786
473.574	296.559
192.508	303.144
103.463	433.024
77.0852	164.589
99.2629	82.3834
422.998	386.092
164.466	87.2429
374.401	21.1123
407.352	94.2386
477.383	40.1317
75.1358	282.13
304.175	66.5086
181.89	59.552
431.009	118.224
284.535	12.3274
303.618	493.742
311.555	21.5519
9.29687	416.452
80.9046	408.018
496.65	86.8415
72.0324	77.038
9.38214	2.83748
151.393	275.329
175.335	192.363
183.256	149.372
183.295	363.406
218.605	471.36
493.277	20.1174
21.8999	219.659
386.051	170.19
203.708	401.702
486.069	153.489
52.5938	106.103
52.4945	289.535
457.922	103.206
243.453	21.0474
10.8116	347.474
149.345	91.194
63.9736	317.216
209.269	445.754
311.813	484.37
66.2926	396.498
306.679	61.8443
113.607	385.319
5.39217	322.721
9.3973	209.19
307.83	438.032
201.57	24.4738
200.018	286.165
181.467	117.126
301.677	458.278
312.812	117.289
459.838	204.751
355.686	414.258
440.216	304.644
169.727	290.828
429.924	178.451
499.494	313.447
395.235	263.551
219.576	381.284
10.8389	248.262
301.006	119.733
282.866	272.403
429.657	476.658
187.575	93.1282
182.935	494.01
188.821	126.242
317.391	250.387
338.175	413.035
438.737	305.07
22.0439	99.3237
176.311	243.357
7.47955	204.783
223.164	42.3076
30.3516	95.8407
86.4383	436.498
243.272	113.012
193.843	443.185
99.3399	388.404
183.099	284.13
44.7749	1.61902
64.4142	485.577
240.896	402.939
493.023	88.6891
118.928	304.699
279.792	39.3671
218.353	65.6646
327.82	309.632
197.643	175.259
160.417	21.4234
209.725	95.3687
358.287	193.471
102.046	1.40808
135.181	477.596
269.566	483.281
74.055	89.2059
347.539	193.259
315.632	46.8968
475.263	14.4397
92.3828	417.203
94.0673	43.7736
130.485	478.688
322.222	243.996
434.204	311.711
190.247	2.35561
346.116	20.3834
248.445	385.559
213.625	341.529
259.463	179.834
395.552	147.033
18.7002	209.326
164.823	291.763
92.8808	179.111
310.707	119.968
142.625	280.137
277.527	216.655
174.499	209.787
106.719	252.49
4.81365	24.8427
109.648	490.376
238.473	186.647
242.253	295.8
309.868	287.105
425.411	485.091
404.998	376.42
365.035	299.279
400.611	493.989
222.768	343.899
390.684	95.9781
285.808	379.435
222.746	462.159
114.141	214.885
483.56	269.429
487.963	437.483
239.267	324.497
111.799	239.799
434.584	285.498
277.443	4.96537
394.406	473.438
25.315	310.315
186.178	268.687
415.898	407.968
211.72	195.493
402.059	190.525
448.609	88.854
110.653	251.577
284.412	78.3467
207.723	349.514
115.141	105.171
209.277	181.171
434.776	402.193
321.851	202.241
392.62	21.751
11.9969	197.887
177.333	344.8
199.024	51.4888
451.153	288.14
144.834	393.616
125.505	106.797
306.763	382.355
411.995	4.29603
280.118	44.1665
335.162	14.7205
85.5507	408.701
112.464	3.32043
418.405	491.535
452.783	496.898
214.9	334.548
410.729	16.2748
170.337	281.632
33.1797	377.825
218.053	108.103
202.28	56.6396
73.408	204.748
15.1031	57.9392
123.22	90.8296
295.89	254.848
221.604	134.617
198.51	140.359
372.53	186.346
385.814	397.17
90.5158	194.063
126.746	20.1749
118.288	431.787
317.857	222.82
271.277	214.226
385.668	423.13
333.222	324.71
492.529	116.978
143.207	319.667
193.759	368.191
495.058	376.69
390.925	143.436
183.054	398.847
181.692	318.566
66.7653	396.891
198.589	128.105
383.345	435.369
302.561	422.702
496.048	202.456
255.015	289.078
192.672	41.2479
231.975	287.602
154.448	222.329
136.901	12.8068
233.668	23.1107
127.214	491.361
412.117	107.668
384.982	490.978
226.195	418.121
17.8557	354.572
200.598	396.698
478.951	215.895
13.7146	102.443
264.148	112.755
8.70481	120.105
194.739	17.9109
296.487	110.457
303.285	379.773
244.842	484.282
215.692	472.832
122.561	441.594
272.472	496.383
313.175	422.057
156.648	400.651
418.797	172.224
414.469	333.62
248.553	288.004
336.474	304.971
360.301	96.9847
272.815	5.36141
13.9473	15.9764
187.217	240.649
416.679	379.885
52.0204	380.231
106.276	101.813
24.1323	461.48
21.1972	136.984
296.483	421.136
483.922	65.8308
135.913	214.464
498.431	97.1005
208.435	252.967
23.4032	483.611
290.488	233.536
252.191	4.30792
344.337	377.034
13.0809	348.478
130.326	418.89
250.91	324.643
177.215	394.137
421.654	6.88451
462.383	7.78319
50.9866	209.246
315.902	228.417
395.118	26.0083
388.551	178.758
386.3	390.898
406.075	318.682
139.014	496.069
266.775	397.704
181.078	210.965
179.301	281.509
209.861	304.081
482.011	48.4498
215.644	375.029
313.736	462.429
287.994	332.121
104.786	494.921
308.208	120.943
18.1675	391.763
0.948849	215.395
475.906	78.871
187.208	468.461
160.807	4.94305
326.447	420.879
170.391	286.252
126.826	78.6421
102.517	56.5397
247.276	493.696
419.934	476.329
373.403	100.311
413.973	44.4595
76.954	281.851
487.942	498.83
287.166	301.337
151.281	105.411
353.713	110.968
245.692	494.185
484.29	68.1138
464.372	475.372
350.578	83.478
361.27	480.365
131.919	207.671
237.546	212.923
297.916	417.822
92.7612	368.035
195.845	2.33079
407.974	429.661
454.86	483.378
230.324	322.149
396.154	325.469
96.4833	459.352
496.191	431.799
6.2929	289.867
143.145	88.6634
177.816	259.406
165.261	409.699
129.424	219.066
295.701	113.166
319.586	147.331
180.527	130.985
309.592	259.172
98.695	91.7612
203.545	48.9627
448.988	386.131
356.505	316.705
419.085	448.309
454.377	8.69016
113.212	397.924
241.011	475.045
348.839	317.715
357.367	314.869
182.572	492.892
397.948	439.005
323.184	485.587
116.449	449.618
102.723	36.505
233.146	286.478
400.735	33.4176
379.254	246.951
308.738	452.111
205.669	267.769
480.605	389.4
146.708	123.104
343.293	8.90016
325.53	2.47374
31.7372	495.24
18.8074	494.463
63.6927	106.016
126.828	301.842
268.135	184.814
269.935	399.336
220.322	258.516
162.43	293.45
107.262	251.892
167.296	99.0438
375.375	151.402
402.868	69.6193
187.689	253.373
410.158	493.155
176.943	325.85
244.01	424.747
365.726	96.2771
185.144	262.322
488.376	184.016
245.658	290.293
134.548	415.209
194.479	35.4383
6.34961	184.561
303.855	127.903
244.141	294.047
423.73	404.45
122.575	82.3521
408.592	111.852
470.131	218.39
284.819	208.595
148.009	17.2527
315.083	146.482
394.884	106.413
353.857	92.1283
473.284	313.824
303.775	300.007
60.8014	181.966
22.291	64.7233
73.3691	287.915
306.692	232.651
146.873	302.186
396.053	209.356
406.519	267.084
13.9117	429.444
443.161	182.094
498.276	426.633
194.389	347.271
78.3733	133.1
492.84	327.481
23.1276	469.605
335.475	487.216
205.823	175.198
335.664	206.657
175.119	412.882
229.598	296.375
334.786	488.382
162.856	402.148
499.82	495.306
188.788	254.273
81.758	37.3327
490.473	35.1031
138.122	217.317
322.351	261.605
476.38	373.647
454.658	395.651
299.977	435.727
203.253	192.629
54.5888	188.774
9.69744	54.8703
88.0547	433.072
222.298	448.335
464.967	219.664
408.364	129.05
298.399	400.05
430.857	394.562
313.947	444.825
482.275	215.995
124.954	96.3767
276.366	362.23
457.509	218.91
2.53312	330.467
7.67864	86.5628
120.327	376.622
295.37	355.187
23.9273	486.989
327.037	124.466
12.316	70.1116
316.282	223.582
315.698	323.534
377.974	498.211
271.723	3.30254
422.874	246.741
261.589	416.296
127.325	296.531
32.263	378.135
438.95	275.22
170.041	422.737
287.057	8.9454
92.4371	17.741
231.364	184.248
93.1719	23.3828
94.5103	371.506
268.986	197.322
75.3333	341.79
466.623	395.999
85.9053	143.479
174.546	208.067
485.012	209.588
449.8	215.738
181.914	15.4835
320.517	475.548
266.891	211.282
317.163	390.003
404.099	159.496
223.476	19.0148
149.24	78.368
249.704	278.135
342.442	5.71574
125.742	475.334
318.581	279.784
179.507	318.541
51.217	324.549
206.153	76.5237
257.387	496.899
117.788	470.783
356.091	13.6362
285.946	255.91
461.22	203.694
403.972	133.641
213.713	187.013
423.596	415.048
109.215	16.7786
263.513	112.203
79.8372	68.7556
204.721	80.1481
395.768	384.794
407.57	85.2392
10.5098	273.697
154.34	483.25
3.26125	354.031
404.245	188.924
4.53593	74.4657
159.873	7.83736
279.781	476.644
10.6941	160.42
376.379	175.132
141.754	498.898
285.002	116.45
24.9562	169.249
482.201	431.126
94.7003	378.443
340.852	317.807
28.4985	9.06295
163.192	17.0095
56.5118	103.768
238.206	122.959
98.5266	312.559
40.5223	183.607
359.128	320.729
491.349	98.5252
307.267	349.066
284.664	210.469
107.365	397.99
271.601	81.1293
316.838	342.872
445.722	319.469
373.554	16.7516
145.09	189.806
16.6205	420.402
436.373	97.0159
462.086	277.271
275.658	13.9064
164.874	396.745
207.225	262.081
491.313	472.573
5.25904	467.837
358.043	377.173
399.785	157.934
4.05467	355.448
317.206	234.035
244.575	420.242
446.405	417.748
482.36	112.502
20.96	341.62
39.7332	378.64
495.561	235.101
479.056	105.169
78.9068	184.926
314.798	3.97355
99.4347	158.455
251.666	381.02
425.391	176.8
299.141	168.312
436.793	15.9227
474.826	98.1639
423.316	144.007
58.7768	412.119
356.448	476.226
339.811	298.34
114.43	111.539
17.5796	394.621
129.838	115.809
119.366	411.478
219.191	164.701
204.363	448.022
495.532	73.3848
334.622	214.16
205.643	372.603
306.903	398.41
19.9412	133.48
90.2267	142.87
382.866	242.088
112.423	31.2638
248.893	375.695
420.027	124.905
309.575	271.278
492.724	231.393
123.372	98.3546
426.353	1.32608
169.036	99.033
205.727	0.802017
150.529	421.698
184.851	378.807
398.735	50.8603
285.961	349.247
86.6086	363.516
224.632	32.4159
204.484	107.453
310.846	39.4074
367.962	324.896
304.858	484.802
92.6399	256.22
332.778	418.479
402.598	36.2905
87.3723	431.808
111.625	283.152
193.216	152.382
119.102	377.052
273.487	85.6125
65.3366	15.3783
80.5378	440.525
460.099	298.999
339.873	299.834
378.426	237.328
335.084	476.413
218.932	19.0488
363.384	124.644
418.742	63.7928
284.873	320.35
309.166	413.82
365.199	102.518
171.727	106.254
93.7263	91.426
58.3403	120.95
188.423	471.708
287.344	269.456
104.554	474.991
430.102	77.5438
413.153	461.662
402.293	132.321
409.799	496.975
294.961	213.87
385.394	242.641
480.505	9.53015
14.7742	284.798
161.573	199.808
193.467	348.308
288.525	313.335
136.536	298.439
482.178	420.821
478.793	12.4014
318.03	272.064
298.302	128.497
480.924	465.041
216.95	237.298
17.378	424.728
159.108	124.954
358.758	307.497
122.196	494.431
83.5553	318.371
208.336	196.434
462.036	403.454
154.771	392.568
280.786	302.992
451.567	496.422
234.423	209.021
375.782	441.179
142.826	400.588
303.197	95.0508
2.84369	238.655
191.297	96.9244
109.546	213.106
494.323	392.491
183.06	175.206
403.304	491.944
172.22	304.74
337.871	77.5151
494.55	127.653
226.826	492.41
326.603	392.844
351.888	176.16
103.412	135.548
320.399	240.948
207.416	19.6888
86.3579	37.5501
393.249	466.06
480.46	257.197
379.592	417.91
161.002	308.701
476.042	330.565
221.934	98.0552
344.237	397.431
89.4265	252.935
234.38	216.878
79.792	489.381
1.37662	404.538
380.587	54.2739
336.408	495.035
362.629	97.1378
226.956	104.484
3.5388	56.3037
146.721	294.48
404.807	101.743
475.579	357.724
455.275	280.471
491.249	481.463
8.38124	145.125
75.8812	178.716
143.4	308.432
207.155	202.008
147.805	12.4935
142.973	77.7317
235.959	19.782
411.792	229.218
366.785	406.877
29.7147	320.74
25.5273	79.2579
5.33681	152.797
345.681	298.153
17.6779	3.07682
30.4137	489.065
458.981	280.75
221.455	179.707
188.078	333.077
108.102	363.834
66.762	410.996
337.413	392.87
363.375	218.762
306.861	435.491
77.549	190.633
320.428	6.0097
203.308	165.66
163.927	14.9254
288.815	103.615
342.376	284.394
324.356	480.551
472.233	5.45237
312.17	365.969
484.65	343.078
188.551	72.8225
255.672	82.1372
205.202	322.231
321.265	252.282
481.531	70.2513
227.131	6.46902
74.131	302.38
446.153	190.28
193.983	78.5609
76.7834	164.29
369.214	210.015
454.973	280.58
22.1756	167.713
23.0193	214.255
476.087	152.877
145.283	81.7993
210.939	173.649
315	206.722
79.584	66.0923
349.98	311.555
466.224	321.188
497.201	397.923
195.581	424.171
89.6207	83.5156
179.678	54.429
77.761	236.176
184.138	383.307
78.3084	76.8421
373.257	189.702
23.192	4.78797
253.405	290.99
195.766	322.525
406.965	109.351
388.094	209.094
6.09626	231.981
396.171	116.97
131.641	421.171
481.265	366.829
399.801	42.1473
13.2571	246.057
256.933	13.0619
347.088	490.489
278.093	266.837
499.047	388.343
92.0729	48.0252
429.466	213.837
388.307	492.279
276.308	337.484
398.481	123.246
298.817	336.095
117.705	435.588
194.304	309.569
281.994	490.463
398.862	23.8311
221.628	362.912
324.185	353.543
42.1289	198.565
147.293	114.501
423.333	121.471
150.288	179.631
371.273	409.882
286.891	94.2145
455.516	23.8819
300.014	407.918
315.544	273.991
96.5945	53.8309
127.576	495.595
345.589	276.41
301.409	48.3678
96.3466	299.534
238.852	478.326
447.432	397.669
411.57	418.234
451.734	80.892
445.694	22.9001
413.63	457.791
255.404	118.498
276.015	146.684
309.905	342.718
203.914	63.4517
489.408	175.839
9.69624	33.3675
475.434	394.869
303.501	31.6356
320.826	187.939
3.65436	136.039
328.239	24.7554
112.272	411.856
492.566	272.133
48.9899	204.468
1.34758	335.437
366.219	394.628
92.5449	409.159
98.5141	60.1811
26.2227	12.2065
179.303	266.12
280.923	217.64
66.6331	101.51
164.018	422.917
442.599	20.8012
457.885	384.149
431.231	285.843
87.7962	490.9
384.469	101.84
394.117	29.3603
85.8651	342.474
105.579	361.317
100.833	106.493
250.567	184.359
400.536	166.083
76.0008	206.549
240.572	224.886
425.232	393.103
488.073	135.495
15.1917	467.424
285.422	402.266
313.889	401.18
100.653	389.009
224.298	334.272
321.444	96.3547
15.7987	351.382
394.033	416.25
318.588	298.375
417.43	193.618
415.966	314.035
432.752	386.168
394.721	420.12
112.719	41.0044
371.607	182.572
145.389	106.555
385.611	48.8946
313.734	77.2325
491.062	250.574
5.7442	169.779
415.445	459.103
287.456	401.065
87.3278	375.81
280.781	285.88
102.936	104.856
493.384	411.626
82.5611	275.295
77.3573	245.36
190.529	241.176
53.465	183.086
384.919	40.5151
43.6679	484.184
334.161	104.062
96.6292	388.833
343.663	412.617
415.885	450.983
289.826	410.9
462.724	393.689
281.01	397.374
263.097	486.915
298.74	462.385
408.37	392.618
383.902	52.513
281.337	198.117
321.253	43.0444
108.246	323.116
101.696	20.3936
110.627	485.884
309.522	489.257
444.838	190.942
72.8811	85.661
16.7603	473.939
409.22	498.712
391.176	66.8732
114.432	196.391
92.951	191.614
261.328	205.158
366.793	16.2558
140.367	413.689
168.625	483.366
417.712	347.157
213.335	275.516
316.72	109.046
109.136	249.79
478.715	256.719
402.995	287.397
117.327	75.3093
395.004	146.628
187.152	490.3
24.1033	103.193
209.159	255.287
219.753	95.9797
479.467	8.51146
376.149	459.375
335.458	303.212
89.536	493.166
229.217	120.49
478.47	396.711
115.03	410.138
192.258	238.918
488.839	252.229
362.587	202.156
95.7857	441.775
105.8	454.262
160.094	495.433
6.89551	491.103
265.534	195.472
288.64	104.296
451.558	102.821
101.65	202.3
419.65	335.383
56.4614	422.328
43.8939	124.357
190.999	7.53413
226.192	117.181
280.106	90.4382
415.364	338.355
19.9063	317.175
281.022	277.383
487.872	397.491
62.2626	408.609
223.598	380.15
483.408	437.793
171.475	412.9
292.523	353.391
26.5391	387.727
418.559	54.1044
481.569	379.291
89.9955	83.1533
341.642	399.692
193.767	77.1872
203.089	419.584
228.033	393.841
286.29	445.656
394.602	131.047
324.691	216.678
48.9654	413.184
198.79	70.604
23.7083	33.7506
17.5579	319.282
135.867	22.0883
305.556	236.122
318.992	67.6888
177.904	87.4313
77.4193	353.156
185.904	450.13
99.1393	11.9483
187.012	415.835
308.125	226.465
339.022	295.773
49.023	490.548
109.643	304.886
487.279	2.26924
254.613	81.9369
109.931	359.551
361.655	293.311
389.931	339.752
189.151	67.6079
219.347	35.7899
302.976	334.383
405.073	379.198
323.112	233.194
191.54	193.374
122.184	287.978
344.468	306.345
35.4443	111.148
219.266	65.2115
5.3149	19.5722
217.107	39.9561
497.594	347.381
281.105	370.05
143.995	300.805
197.709	68.9454
67.4443	311.4
186.362	462.994
486.872	472.769
418.178	418.577
370.954	300.928
397.673	299.719
138.034	178.566
252.538	181.236
499.017	178.364
77.8373	184.143
21.2508	160.301
296.219	262.53
233.919	309.201
410.748	292.606
448.281	420.135
417.133	372.52
175.23	448.99
236.916	190.061
403.146	36.8207
495.89	134.335
412.285	477.948
180.394	215.738
63.3852	122.162
142.193	380.818
298.606	78.5724
346.964	20.2438
12.4641	163.615
302.565	225.615
11.3674	445.949
106.38	288.963
151.406	423.533
310.637	286.239
385.338	403.135
98.9476	497.517
135.067	404.469
237.588	188.434
302.838	69.9171
180.508	81.6915
218.539	108.464
187.821	84.9401
71.2675	95.0412
372.414	186.624
353.643	288.831
301.751	330.624
496.967	249.642
203.439	353.454
40.5341	199.497
296.981	128.102
156.457	122.695
405.05	474.741
309.622	445.853
355.3	417.388
310.546	124.159
116.798	433.099
482.668	284.452
301.062	354.248
86.6502	425.75
318.32	471.983
249.726	119.505
294.862	411.791
177.563	198.699
425.25	399.139
216.647	440.307
144.052	304.218
431.331	281.939
219.991	359.863
109.793	104.041
322.816	366.514
128.973	83.0158
277.269	189.467
295.799	74.7656
54.2628	492.298
12.3204	72.6553
276.696	389.552
380.087	79.373
300.644	314.961
399.361	469.198
332.047	224.674
275.881	352.181
85.4898	5.69232
420.75	431.325
277.267	492.357
90.2506	374.345
402.76	391.333
190.757	347.31
445.906	383.31
59.3978	194.893
180.503	266.184
490.32	478.942
327.917	93.2298
407.02	403.81
394.64	345.981
286.643	191.228
122.999	334.647
181.405	41.1158
348.18	381.25
432.814	321.689
401.111	69.4739
317.663	87.3752
484.908	26.7279
286.361	34.7817
39.3295	313.647
192.919	356.559
184.539	248.441
377.104	280.814
410.966	89.1471
46.3209	418.45
86.5815	207.007
89.5339	34.5655
38.6663	121.488
77.0861	435.056
107.926	356.252
205.645	143.344
489.683	278.051
123.861	416.232
418.895	422.668
321.274	287.486
190.139	234.824
169.948	484.713
58.486	218.755
99.8759	216.692
402.971	405.674
260.91	391.696
295.128	265.63
494.913	460.297
400.414	176.612
145.63	302.199
108.296	321.899
360.876	115.407
275.018	491.257
176.9	102.039
192.863	483.961
216.232	75.1438
373.034	299.063
287.221	38.2009
392.639	396.153
402.622	497.646
180.621	160.7
305.567	336.418
327.873	386.125
311.143	322.057
24.8288	155.466
161.574	292.181
452.793	414.873
486.361	105.689
295.686	1.45951
306.789	438.576
408.205	391.164
9.05044	108.119
437.027	190.309
289.731	36.6229
371.786	287.181
121.584	341.541
2.17241	161.417
275.248	335.1
137.673	104.328
255.642	288.255
170.506	17.7931
411.678	491.699
277.824	311.457
204.32	495.495
102.713	278.599
420.491	413.998
224.769	209.606
17.0131	329.436
213.907	22.077
417.328	142.77
292.585	36.3692
428.754	293.488
83.9091	208.885
237.763	392.4
394.624	358.453
332.129	498.111
427.092	86.8625
315.487	207.104
166.263	479.327
27.9187	386.627
111.234	495.157
181.251	148.916
145.591	493.533
224.849	307.539
166.922	3.38922
228.268	478.933
197.568	385.579
221.377	18.5158
375.764	53.6364
121.232	110.082
186.042	78.1344
201.544	322.809
174.158	24.0569
111.924	32.4635
241.812	318.065
434.827	406.272
379.57	460.096
304.231	345.954
240.195	208.585
81.4899	33.104
61.981	298.678
498.542	370.95
191.364	233.147
11.5315	20.8743
272.889	316.217
441.972	75.1667
379.89	365.593
265.486	402.746
456.049	13.5496
294.209	186.655
217.964	137.791
100.115	179.077
381.692	207.147
98.6709	440.002
198.557	476.827
95.6014	449.561
322.889	166.493
354.444	409.635
36.6666	191.661
70.2007	489.984
76.2767	440.239
267.884	484.37
235.352	181.594
378.244	465.714
9.51948	340.524
244.597	216.426
55.3928	186.919
334.67	84.8401
189.822	198.261
420.172	73.6916
68.8474	291.044
79.4272	201.89
321.234	315.23
287.489	202.103
78.4712	432.897
38.6103	18.0322
216.646	347.871
40.1802	19.9874
116.687	180.606
441.715	421.746
53.0696	406.9
361.955	200.389
166.081	80.8825
322.279	182.487
194.934	38.8685
410.01	30.0153
367.165	186.154
116.856	117.978
300.029	18.3044
470.978	209.09
12.7162	139.609
6.01975	174.261
424.731	12.3385
302.983	421.979
74.4132	316.912
407.482	156.639
64.6075	306.6
2.1054	45.4555
347.46	394.387
312.461	97.5342
479.981	417.48
323.307	416.763
187.745	498.304
24.5997	410.107
400.98	139.866
273.351	481.695
216.548	191.489
5.88157	133.081
3.12652	401.024
355.342	210.722
315.937	495.311
270.263	217.204
91.0387	11.1712
253.704	115.355
260.451	203.19
412.099	292.583
486.153	131.033
92.3565	29.8249
384.286	195.7
305.913	1.07163
94.9957	184.253
296.492	142.715
92.037	177.128
96.4627	120.292
230.036	319.392
223.454	357.875
453.478	186.214
31.9355	89.5079
155.498	98.6491
98.4566	37.9536
465.233	122.496
221.414	182.17
2.28615	335.534
242.228	381.321
478.033	315.961
485.881	187.306
331.886	482.729
33.2563	200.345
233.518	486.179
122.263	271.34
346.766	307.012
191.3	155.12
327.394	11.1652
73.8328	96.628
151.903	321.019
337.054	81.8932
351.521	414.445
404.641	59.9153
199.003	297.674
213.048	77.3065
54.4742	120.302
219.07	63.267
357.114	307.952
302.36	149.66
3.55399	479.088
181.368	65.4226
367.099	200.724
97.1947	115.419
100.368	318.471
73.9553	205.703
89.856	190.305
486.228	480.036
355.057	94.022
5.38922	181.771
162.899	301.119
488.004	86.8041
409.102	74.7277
207.461	227.376
404.819	310.297
283.616	14.9768
404.967	238.489
319.96	380.367
287.398	307.194
431.63	110.213
233.921	391.506
109.043	451.602
116.689	275.649
483.655	212.602
102.176	195.55
188.49	248.452
167.966	293.198
389.695	83.7618
217.723	455.26
11.6264	14.7399
180.381	29.1421
438.83	200.315
8.11395	401.119
261.469	121.085
247.437	22.353
476.391	299.667
373.938	304.428
240.646	183.525
455.247	498.201
183.152	270.703
122.95	71.5977
382.951	355.317
321.845	266.105
86.1027	267.555
212.713	277.47
242.144	396.213
315.815	95.4206
356.257	398.428
82.3205	3.28849
189.334	75.9458
163.844	424.874
375.752	299.421
117.847	61.9246
366.357	483.94
209.084	469.36
481.694	284.574
183.299	489.481
427.445	13.3035
179.416	303.196
189.201	201.103
326.879	300.728
13.1117	217.481
468.034	77.1843
15.4601	374.592
478.031	472.493
102.613	90.5495
486.996	325.123
120.392	210.533
191.654	196.07
211.355	495.666
223.046	178.983
345.013	103.635
256.691	121.632
181.218	60.4211
253.853	387.129
120.673	46.9713
377.28	43.4348
14.8399	360.973
378.848	266.368
491.67	72.9673
192.055	27.8614
324.305	274.088
168.739	210.716
377.372	57.9995
326.116	92.0824
292.051	370.544
195.499	63.1205
40.642	291.221
213.036	229.294
380.75	377.84
288.285	422.158
496.998	389.226
444.64	486.477
75.7884	445.451
405.532	55.2495
24.0848	233.727
7.55473	483.167
127.155	85.0257
23.5521	61.1592
78.2001	440.46
353.427	14.6425
309.786	332.155
205.954	306.478
138.402	283.384
414.035	106.235
111.277	224.13
102.908	311.335
178.565	206.892
125.052	412.686
399.986	125.851
195.969	53.4663
307.355	293.631
94.0269	375.336
33.6047	83.3251
354.474	399.109
280.368	154.577
103.683	3.50308
84.1455	196.028
377.312	365.151
83.0138	233.329
221.787	82.0422
13.3728	296.929
301.403	380.127
272.791	488.226
177.865	107.625
26.2927	284.057
196.843	356.309
290.687	102.898
201.981	235.039
389.094	420.292
95.4999	273.999
389.758	454.303
366.227	100.489
21.789	403.824
484.119	351.603
275.658	72.8323
193.59	96.1162
175.274	155.874
365.385	205.126
423.103	8.37901
98.2025	143.743
403.838	254.199
324.797	366.614
484.129	23.8423
102.768	96.2506
319.047	89.0303
86.6288	243.521
102.306	437.444
1.96474	499.575
206.626	497.566
209.743	395.434
94.958	154.617
150.913	298.286
259.275	380.185
92.8637	381.444
199.859	134.103
267.081	495.08
79.3842	303.173
466.746	476.121
8.99196	148.635
345.311	307.356
191.384	437.798
191.375	200.332
56.207	387.537
483.084	181.723
482.275	483.76
222.775	69.4878
389.323	296.685
98.3873	456.469
171.756	117.166
83.6202	377.157
58.7255	410.217
207.714	433.32
433.832	223.418
294.184	154.075
