Saved a vector of rrt <nodes> points.
X	Y
475	475
465.026	474.273
462.659	464.557
456.301	456.838
450.669	448.575
481.235	467.181
463.265	477.679
450.349	438.581
457.93	433.356
455.412	423.678
457.184	413.836
454.84	404.115
455.777	394.159
449.133	386.685
448.766	376.692
439.635	372.615
434.156	364.25
426.8	357.475
440.57	391.849
417.215	354.625
407.505	357.014
398.027	360.205
388.217	362.143
379.51	367.062
383.989	353.081
375.309	348.114
365.31	348.035
356.155	344.012
355.559	334.03
355.637	324.03
353.711	314.217
357.387	304.918
356.848	294.932
347.777	290.723
340.737	283.62
345.948	275.085
349.256	265.648
331.624	287.738
342.663	258.129
321.821	285.766
315.043	278.413
305.079	279.269
298.142	282.344
291.248	275.1
349.638	250.964
281.32	273.904
273.31	267.917
266.632	260.474
356.325	243.528
258.081	255.289
349.502	351.478
251.417	262.745
366.316	243.937
242.71	257.826
246.425	271.41
239.953	279.034
376.273	243.012
382.622	235.286
232.965	286.186
223.005	285.289
342.157	358.264
341.818	253.71
334.198	364.318
353.665	233.888
213.014	285.71
384.492	225.462
428.349	358.012
204.698	280.157
197.635	273.078
351.481	224.13
374.108	375.477
199.107	288.448
391.093	217.95
190.307	293.197
191.644	265.071
187.106	256.16
184.818	301.556
184.108	246.62
435.85	351.399
174.116	247.033
168.076	239.063
397.062	209.927
238.637	294.422
172.681	230.186
182.486	311.281
328.154	372.285
180.375	223.798
174.417	317.188
173.905	216.173
169.103	207.402
176.949	201.202
166.234	322.936
163.568	332.574
156.089	339.213
332.077	255.972
162.862	199.588
400.952	369.768
359.636	342.205
153.025	197.791
259.969	245.469
148.424	188.912
350.552	214.173
318.651	295.25
153.357	180.213
175.164	298.949
269.559	242.635
272.337	233.029
155.827	170.523
159.217	196.66
159.772	161.334
158.871	348.818
180.08	291.362
169.182	157.951
175.902	150.545
150.179	353.762
396.978	199.927
154.665	362.699
253.032	238.267
183.934	144.589
151.261	156.085
165.521	296.304
190.232	222.113
142.102	152.07
400.864	190.713
273.257	223.071
466.682	416.965
450.443	377.019
138.478	187.874
140.183	354.064
190.283	136.862
130.184	353.906
128.842	190.547
376.464	385.195
395.601	182.21
197.969	130.465
410.184	187.09
120.721	196.381
198.594	257.881
123.276	361.137
113.278	360.917
419.122	191.576
390.649	173.523
318.238	370.992
154.501	350.731
149.393	180.635
105.653	367.386
389.904	163.551
315.61	380.64
324.136	368.503
248.404	284.38
95.7893	365.739
192.861	121.868
160.068	245.053
383.269	156.069
90.4379	357.291
367.194	236.589
379.221	146.925
111.278	199.672
102.803	194.363
315.042	390.624
387.536	141.37
387.103	131.38
94.0118	189.597
158.257	372.032
449.643	366.73
155.938	293.443
429.068	192.616
168.119	373.69
399.671	379.685
141.978	156.739
434.978	184.55
195.355	294.74
369.57	149.543
290.748	267.846
320.09	359.358
395.66	126.206
188.776	112.741
475.934	420.76
145.995	292.376
94.8079	375.69
197.837	108.511
440.661	176.321
164.878	234.231
374.389	394.978
449.364	171.397
395.184	116.217
393.586	106.346
282.62	226.584
448.161	373.892
195.447	109.027
88.0665	181.556
454.615	179.907
91.3906	385.088
182.091	105.303
162.951	254.628
383.597	106.821
184.828	95.685
185.171	195.51
457.999	366.596
397.923	97.3349
192.355	89.101
176.832	378.597
81.8386	173.733
173.179	387.906
374.803	102.06
185.833	148.148
193.576	79.1757
139.852	363.388
432.493	397.745
398.472	87.3499
194.997	284.577
136.554	289.082
133.709	359.568
331.868	290.78
467.74	364.337
406.813	188.496
400.022	77.4709
390.525	241.413
310.554	356.347
368.316	94.4493
471.114	354.924
158.056	382.03
402.257	67.7238
162.475	191.823
79.7208	187.066
175.491	92.1051
172.16	397.854
75.5862	165.928
284.551	264.37
167.535	86.0477
160.531	78.9093
453.378	162.237
441.807	191.855
153.667	71.6374
360.396	153.524
77.7014	176.231
179.841	389.01
147.108	64.0889
372.556	89.0849
353.503	160.769
82.5704	351.118
137.777	60.4919
185.027	372.866
67.3939	160.194
335.391	350.9
129.582	66.2215
300.99	353.427
324.605	350.435
76.8212	342.936
380.5	402.893
412.257	67.8037
390.745	81.3443
358.426	92.9702
470.837	359.241
198.766	216.901
194.603	69.2286
93.0686	394.947
418.321	59.8522
151.257	54.99
189.655	77.2535
121.749	60.0039
177.63	406.225
266.405	224.228
375.135	226.023
181.791	154.503
463.368	161.785
152.286	195.198
308.22	397.936
60.3406	153.105
292.498	225.027
291.533	350.177
113.126	57.6811
71.7927	334.293
171.804	152.286
129.873	286.675
350.757	99.3876
128.924	276.72
398.588	58.4212
366.83	295.533
426.482	65.6311
388.774	408.509
119.237	274.238
466.786	345.909
185.276	412.67
50.7582	150.245
377.693	127.996
178.454	313.856
68.4304	348.376
103.747	61.1494
96.6967	54.0577
383.618	97.1715
210.604	272.087
298.22	397.906
67.2348	325.392
83.2723	396.955
57.4605	323.279
180.177	421.272
187.774	427.775
202.312	88.1794
94.9138	404.775
364.135	374.737
187.218	395.761
69.7476	315.713
394.42	72.6468
312.477	268.748
427.312	56.8431
453.468	160.312
355.191	287.19
173.537	204.892
100.454	70.5916
192.866	436.382
156.346	229.014
189.989	160.229
87.3458	57.6017
354.006	84.0001
466.841	152.407
393.546	417.297
110.038	270.317
94.9718	414.775
184.016	362.917
456.757	485.272
371.239	231.808
53.1825	140.543
390.025	426.657
185.845	443.503
369.722	356.358
198.861	155.614
380.256	339.423
103.029	394.055
111.461	399.43
351.974	74.2087
340.763	99.7188
453.635	403.285
330.765	99.4832
200.135	60.8981
446.828	460.041
446.988	483.133
54.582	135.789
281.764	283.894
74.097	400.932
182.299	452.853
436.846	460.631
208.772	156.947
434.698	50.1016
94.6403	78.7279
207.253	288.569
441.44	354.214
461.262	144.108
112.198	350.976
469.111	137.912
93.2682	424.629
360.887	278.971
365.662	222.819
96.0188	434.243
201.331	59.9943
58.9959	351.692
295.885	407.63
91.7832	443.302
385.736	67.6876
379.886	59.5772
129.22	55.4527
66.4355	346.487
347.643	78.3774
71.2351	192.356
108.636	395.3
374.58	51.1012
208.952	53.519
97.5017	178.243
72.423	306.077
387.728	436.389
443.405	55.0192
384.673	80.8759
188.332	319.394
90.772	87.9494
479.869	411.566
177.582	461.67
449.269	198.512
425.725	75.6024
397.263	181.434
40.76	150.058
454.586	206.982
298.234	417.35
152.167	251.182
451.575	393.597
109.571	74.7003
352.177	204.306
88.4288	411.163
204.824	58.6565
194.712	370.377
381.23	43.6326
387.129	446.371
362.243	165.629
339.322	72.8307
80.8855	89.4515
288.61	395.143
296.774	389.967
180.459	471.247
82.2803	446.415
64.4242	300.076
392.979	356.467
433.347	169.501
452.646	51.1981
152.55	84.9335
471.865	413.991
368.017	43.5564
217.691	152.425
182.887	252.08
199.436	443.92
381.747	436.019
299.201	217.606
210.719	297.949
427.703	161.246
459.993	57.9818
74.7696	453.017
280.47	389.335
365.976	99.505
372.817	111.86
72.9054	462.842
188.085	477.717
64.2957	402.915
358.564	46.8203
430.26	159.24
331.283	66.883
321.129	96.811
153.285	226.489
458.69	344.008
447.812	350.795
251.661	252.71
313.445	258.795
157.42	262.959
323.018	396.656
353.053	109.12
130.378	280.784
61.4291	354.948
356.993	36.9444
389.212	399.327
84.2051	57.5603
292.431	340.218
450.925	367.494
291.945	341.411
363.971	335.18
170.145	92.8628
215.602	275.179
170.803	473.846
393.693	412.285
63.7325	466.824
332.803	394.594
144.454	352.823
429.556	459.605
154.659	283.525
471.31	128.157
460.31	215.182
57.0779	293.291
461.826	124.985
473.596	118.422
202.639	262.125
158.84	316.203
471.114	164.288
325.047	59.0659
311.305	98.6762
295.933	226.003
110.544	50.8189
71.3123	86.561
471.307	336.989
184.049	185.573
297.83	424.249
464.348	466.983
311.692	285.093
346.089	154.334
422.493	397.828
74.2054	57.484
112.988	260.762
157.866	321.738
296.464	207.988
162.08	478.736
199.254	361.613
380.649	329.431
218.215	57.2852
69.4885	48.6664
227.819	60.073
336.094	154.038
158.735	187.332
149.651	179.525
177.683	320.645
349.73	97.6697
68.125	201.86
376.512	293.031
196.889	277.059
465.702	223.603
463.967	361.183
298.303	202.255
234.103	252.736
104.933	273.965
89.8292	182.165
232.648	68.8297
190.7	315.545
293.789	433.396
56.3065	160.883
63.1217	92.2979
207.119	367.788
183.298	282.42
173.37	110.196
397.225	248.836
34.0883	157.508
168.471	457.548
92.728	171.458
59.8207	46.1101
473.823	229.439
389.953	255.7
91.742	88.5777
384.049	121.262
258.76	217.783
147.038	165.004
422.846	467.02
286.579	392.026
256.826	262.278
98.1941	266.576
356.238	77.0599
435.829	450.683
49.9685	286.258
363.085	161.783
425.933	389.289
385.812	456.284
152.688	45.093
117.607	280.536
429.26	57.6811
271.11	392.856
66.9881	291.914
388.419	323.136
472.486	327.059
112.375	65.2714
178.736	417.529
369.454	172.558
479.77	483.789
393.67	413.134
65.8191	62.9311
340.721	388.486
77.784	359.899
397.718	253.899
136.067	68.5408
391.263	54.0134
363.036	227.149
407.485	251.751
56.3693	66.2025
194.078	403.037
58.9014	205.724
128.491	283.353
57.6147	410.356
75.0172	345.711
61.4586	215.391
55.0094	37.3437
483.03	457.344
223.395	160.639
241.202	74.0087
198.503	379.631
164.344	112.999
284.884	277.572
294.291	234.666
282.663	354.794
466.922	65.1922
372.252	405.083
479.065	237.955
335.893	62.5365
481.113	355.049
81.5107	418.384
349.557	393.17
475.231	70.757
336.839	395.661
461.2	131.615
119.228	77.2981
147.192	64.3496
424.179	151.302
112.213	385.962
388.537	85.8376
232.782	157.192
383.089	212.01
365.316	334.496
475.673	170.463
150.456	163.115
52.3302	418.846
358.01	387.828
98.9098	256.602
453.267	119.813
441.372	171.346
470.151	242.486
392.086	313.833
323.167	259.556
382.644	33.7331
215.898	372.577
284.051	431.119
76.7342	206.948
452.412	129.705
232.94	51.4837
398.621	235.543
59.451	425.867
79.2968	470.533
367.297	182.322
223.919	67.0947
169.783	364.164
295.01	291.841
375.543	436.728
81.0414	418.589
464.122	151.38
182.735	376.236
88.9652	255.55
55.3029	223.272
347.501	82.0918
333.165	163.6
409.681	60.2605
151.946	262.501
362.922	113.307
161.911	231.168
280.083	440.298
150.939	235.88
121.651	292.368
85.4526	410.397
155.22	342.679
158.627	186.237
73.5733	39.5387
405.174	257.188
387.932	453.349
296.54	362.382
65.0406	450.705
297.315	442.754
490.907	469.719
46.5209	64.468
326.483	151.275
154.526	391.386
456.432	476.663
383.884	23.8103
94.0986	161.553
60.1453	338.713
382.794	362.561
168.959	212.944
157.366	120.162
64.7933	412.697
471.808	252.348
477.146	157.9
73.4703	29.5392
393.258	303.902
380.332	455.604
478.817	175.55
137.66	70.4075
56.7071	84.6264
90.9678	245.753
465.632	260.213
75.616	43.9738
198.694	103.792
404.496	267.165
459.156	395.544
287.405	347.413
483.82	65.6358
300.773	452.137
156.633	110.864
58.3205	475.233
273.07	288.836
352.475	72.7866
350.124	118.621
316.042	54.7169
489.372	73.953
204.363	353.016
452.258	221.112
466.185	207.089
334.541	296.481
386.623	235.965
62.8568	316.066
94.5256	182.78
155.956	279.407
412.547	185.132
413.596	271.311
165.447	302.596
104.027	368.89
84.6353	177.668
189.083	487.667
315.192	63.4647
48.4864	473.419
381.57	55.3838
39.5484	468.935
331.303	173.425
375.406	18.5077
257.72	245.875
427.59	196.231
182.131	382.355
431.891	398.754
392.572	463.653
352.83	396.159
444.713	57.4315
310.733	453.026
386.767	14.2349
341.301	173.224
219.397	153.677
103.182	194.544
430.509	470.718
253.843	272.706
480.879	481.589
384.726	264.225
153.508	473.587
34.7175	477.69
316.858	460.931
431.188	163.059
88.2156	475.056
96.8383	169.812
54.889	462.156
288.966	388.528
336.134	386.055
177.603	274.2
28.7381	165.956
335.367	396.746
487.159	181.064
362.46	379.112
485.699	484.855
233.566	282.17
106.468	396.204
76.9105	442.52
59.2533	77.7301
352.978	221.308
96.7912	165.77
375.924	222.966
161.947	44.4999
97.3074	470.892
481.21	237.402
160.094	468.31
81.8431	215.544
71.0405	92.7018
343.941	274.217
141.603	63.0362
37.879	59.4363
476.803	58.5107
492.455	172.582
221.112	381.11
198.36	206.909
49.8009	91.8585
317.446	155.557
453.929	217.851
78.7917	420.087
240.822	57.6381
376.761	335.818
90.7545	424.659
421.087	277.936
491.208	237.217
424.455	465.617
169.885	153.182
54.025	313.4
101.467	176.041
61.2393	192.646
252.803	261.345
152.595	401.198
108.586	84.6517
164.741	277.401
292.09	194.42
182.23	414.815
330.321	50.5699
107.228	469.634
386.916	368.324
479.047	239.404
147.686	481.718
466.252	242.326
238.204	165.595
465.4	458.966
247.777	261.875
372.57	381.426
200.099	159.785
394.604	20.447
479.398	321.405
367.03	271.08
122.849	70.3406
88.4302	412.953
210.325	258.099
403.117	268.388
161.594	364.072
274.375	349.199
419.435	476.42
359.744	97.296
25.3118	481.086
352.124	245.707
257.422	216.092
81.0018	244.929
17.4846	487.31
391.252	355.298
55.5075	398.144
301.87	95.3612
473.542	403.822
222.02	170.544
455.206	362.91
167.408	487.198
89.8755	152.488
220.252	72.6462
353.606	194.409
370.986	333.321
191.853	478.024
191.711	210.073
381.927	82.7001
157.915	73.581
467.068	318.654
97.4759	437.86
342.071	71.8205
71.9335	249.144
377.013	303.018
299.736	333.389
496.486	465.591
296.318	87.0443
112.567	296.549
173.248	316.124
341.468	183.223
307.977	158.77
485.258	424.375
325.461	75.013
269.618	382.968
147.737	465.42
257.91	243.283
106.73	272.553
106.386	162.952
265.032	400.797
60.0047	396.441
20.6241	472.253
270.21	441.89
297.19	461.473
226.914	80.1034
356.114	50.2955
275.326	255.532
118.909	394.447
160.966	41.2462
377.31	252.958
81.7851	208.683
93.2106	97.4124
194.757	85.3726
439.733	380.584
342.113	258.761
174.529	143.707
148.558	65.5604
187.227	62.4764
28.5024	62.9116
292.158	443.928
159.026	468.392
294.801	102.434
82.1578	483.012
23.9567	54.0045
494.182	180.51
194.39	191.636
242.67	155.702
185.549	459.587
252.548	157.261
387.417	136.843
122.807	86.6357
277.974	347.196
399.118	248.458
470.558	268.916
268.623	240.824
397.917	452.803
391.095	408.261
190.882	68.9065
378.728	272.227
83.6215	157.004
434.252	80.8273
164.918	126.718
188.939	307.262
207.155	271.983
467.55	127.098
138.538	461.498
292.144	326.881
232.089	272.803
148.126	162.11
222.487	180.533
117.732	295.352
259.247	266.17
65.9551	286.051
201.55	480.469
263.899	449.647
262.546	157.449
60.4715	413.661
261.017	404.481
487.245	315.205
110.605	251.05
45.6649	396.377
198.573	248.088
162.276	449.698
202.344	53.5415
307.982	272.107
264.375	349.112
348.786	365.75
90.3103	438.947
305.444	276.506
477.958	155.043
377.391	174.896
489.74	315.097
396.612	64.0962
159.81	467.933
191.451	251.154
450.324	469.508
21.7757	158.778
95.5649	188.935
23.3048	71.4548
244.984	172.945
16.4923	150.288
171.003	229.553
69.8232	62.8209
196.88	257.433
413.69	484.606
114.494	263.787
348.612	256.603
152.997	375.536
176.714	264.24
209.413	474.29
191.813	485.653
54.1109	27.3841
59.0673	330.869
377.976	171.693
295.776	471.372
365.344	54.2301
325.654	464.535
468.969	206.411
137.112	451.6
360.309	376.873
92.1927	89.4019
301.855	299.131
328.127	454.846
340.325	74.5912
246.989	299.922
436.239	352.968
457.072	318.939
93.6907	166.427
386.57	345.972
214.149	256.683
257.577	356.446
254.76	366.041
247.433	50.135
132.102	152.051
465.36	389.686
355.18	187.069
412.253	257.165
290.111	266.928
433.834	463.751
330.82	167.912
296.387	77.0445
212.151	172.158
91.7849	216.621
476.308	199.619
272.485	254.948
368.184	400.061
371.859	450.292
40.6124	289.789
206.334	464.776
50.1724	356.398
292.203	231.473
370.311	10.9298
281.156	266.332
479.551	315.541
480.979	305.644
363.859	161.51
120.395	54.0771
258.055	242.741
419.103	83.0955
11.8003	467.548
59.1061	145.807
491.274	451.683
455.506	203.262
168.518	484.974
298.152	266.962
47.9775	454.929
278.867	431.548
425.378	62.2792
14.3698	56.8489
46.1542	53.8219
430.865	90.2365
142.169	490.058
165.587	296.153
388.245	340.49
159.964	407.958
54.6569	328.914
471.042	212.767
89.7128	446.861
204.158	193.75
361.192	299.525
65.5446	184.188
488.141	308.2
484.67	205.103
131.444	466.392
260.558	147.649
188.123	481.676
11.0019	53.6916
455.674	141.124
87.6436	47.6061
252.298	409.377
298.803	420.7
179.195	447.624
174.696	421.649
213.969	355.795
298.945	187.14
109.603	369.751
373.814	259.869
165.585	32.3765
77.0842	491.629
10.4313	457.642
378.696	120.837
265.696	441.18
148.939	270.996
282.338	192.205
179.891	215.779
8.19964	489.084
290.383	88.9822
457.728	42.5855
443.061	165.219
156.688	90.4544
455.839	262.238
96.849	84.3326
198.778	270.586
378.041	277.314
355.645	182.842
71.9366	471.343
288.359	478.079
268.455	297.708
272.247	306.961
378.146	408.331
172.492	133.247
174.98	181.361
49.3592	154.326
410.333	64.9239
57.1316	485.162
202.941	471.55
158.679	340.29
256.326	138.589
323.259	375.595
403.63	189.764
486.621	406.743
363.024	288.445
201.811	155.34
131.901	84.9219
156	29.5259
76.6716	399.046
421.146	280.934
365.854	83.4987
180.46	55.1135
183.374	352.937
142.111	260.692
394.716	110.051
199.236	319.708
300.118	152.586
67.0502	286.913
90.7675	356.784
207.384	53.3664
363.256	276.73
154.131	256.83
72.5132	152.376
202.6	191.491
14.5204	70.437
400.089	256.539
235.687	165.172
401.818	298.732
296.081	177.559
328.544	474.108
412.939	80.6721
279.392	482.506
114.626	167.412
146.873	282.788
132.952	363.963
300.162	474.458
72.8852	45.9815
476.15	131.792
305.782	357.938
120.177	356.582
346.744	253.324
374.322	157.887
164.74	422.583
61.9601	249.872
28.6698	175.956
294.254	486.156
71.6468	434.018
477.91	262.138
423.731	359.388
266.288	137.707
39.2061	388.742
467.049	310.688
111.575	478.639
118.806	373.663
363.232	59.2517
286.503	269.559
293.887	289.628
168.392	22.7787
377.769	320.78
147.681	168.302
306.542	92.3917
177.968	19.898
407.07	273.106
182.601	11.1528
160.908	69.4034
106.714	264.786
394.813	71.7561
220.502	391.091
258.953	351.525
385.636	404.419
244.856	291.758
162.084	460.589
22.9658	150.892
70.8185	446.1
475.685	247.469
181.34	296.121
470.779	263.112
357.571	291.552
171.124	404.803
376.578	116.5
309.894	351.237
494.267	428.716
304.602	392.649
141.202	197.143
41.9064	350.77
446.171	259.683
413.557	463.613
82.5252	176.5
195.605	492.029
302.541	491.755
206.026	294.176
176.959	357.682
475.323	304.546
271.899	160.989
260.158	276.383
71.5272	102.69
129.079	82.3281
304.15	293.566
435.118	366.54
255.915	128.597
203.551	258.143
95.0011	444.494
303.118	272.548
77.6534	93.4241
19.7104	171.514
402.968	351.997
471.825	259.072
16.1014	158.112
16.4981	172.499
65.1991	448.507
280.606	86.8825
35.076	281.461
254.525	169.95
374.563	449.945
85.7976	476.311
485.054	162.103
359.509	55.0877
213.456	77.9829
285.497	478.961
250.635	181.195
260.18	184.177
155.389	320.302
177.864	82.3908
254.64	132.276
347.486	63.4136
210.108	299.186
393.281	56.2665
454.831	309.194
381.413	447.021
262.122	147.464
406.729	352.285
358.35	332.959
20.0915	455.057
170.552	134.655
262.247	306.859
166.858	345.853
475.747	235.489
255.846	439.451
414.831	184.474
81.6984	193.809
369.496	188.855
98.5115	75.3134
247.355	372.762
260.414	222.428
37.1594	283.628
491.273	449.8
462.047	337.211
468.086	211.531
372.121	303.992
357.972	288.206
187.729	22.0719
250.457	244.706
292.826	274.554
373.866	208.144
407.51	252.173
77.4591	311.948
395.416	420.238
206.451	266.374
223.923	89.6456
487.902	423.751
195.139	15.3564
189.8	153.975
55.371	347.068
52.4634	253.004
166.345	105.236
25.7697	285.121
390.47	181.807
100.101	383.484
256.772	243.22
81.4724	207.814
449.067	355.423
425.789	396.041
100.516	258.066
260.694	387.479
21.374	68.3285
281.665	163.138
485.972	363.789
121.855	73.4953
454.167	203.739
291.928	266.885
191.085	31.492
474.083	345.116
399.144	11.5375
45.8821	381.297
58.4253	148.566
466.207	264.437
367.394	114.698
285.556	155.528
496.72	243.374
62.0507	340.785
71.4675	277.707
250.982	218.414
199.439	472.996
55.8132	307.63
188.553	456.281
204.267	370.314
377.651	25.5252
306.242	155.337
83.5034	82.934
473.229	310.682
418.804	394.933
398.775	278.691
50.8957	169.293
80.934	344.041
265.426	265.534
350.044	196.439
76.0194	143.011
365.251	410.614
418.706	384.551
257.807	389.07
481.051	471.214
294.754	277.671
259.52	340.369
492.56	324.691
48.5712	90.2148
202.767	457.129
81.2509	458.354
383.167	450.894
307.823	455.029
493.248	210.242
352.42	46.4354
380.127	171.114
416.513	289.796
42.4813	253.603
109.329	83.9603
465.434	36.2123
1.71356	460.833
182.583	165.865
199.401	371.694
103.903	477.974
401.428	80.8763
171.172	77.4576
365.406	162.874
70.9071	36.5327
55.5755	214.984
58.9434	440.705
374.16	41.5944
451.527	169.471
288.753	182.234
176.443	399.337
189.774	117.029
451.351	433.372
156.612	262.169
13.1742	181.93
58.3875	386.572
445.742	387.563
459.239	352.837
458.558	130.097
465.456	239.868
77.3146	61.2999
273.101	130.387
468.954	26.8524
27.657	456.816
357.106	39.67
32.8585	250.882
336.782	60.6185
297.55	362.712
177.088	389.562
361.192	106.77
136.275	260.692
79.5667	73.7415
64.6677	470.268
388.451	472.765
152.796	230.57
16.1198	486.454
38.5964	454.669
187.769	322.51
147.769	185.043
173.303	82.9419
455.881	317.415
329.025	476.76
481.751	69.0099
36.4624	457.774
440.616	490.84
387.81	264.765
270.67	477.614
229.048	261.364
259.7	449.393
457.25	481.684
372.548	259.307
308.606	188.238
150.821	495.072
361.568	320.715
158.338	58.8258
372.927	297.044
161.196	492.706
401.791	380.351
96.9225	202.212
72.0757	21.837
110.853	167.477
79.3462	298.861
316.405	281.274
108.098	88.0346
29.8601	62.4413
39.9662	354.858
199.361	159.531
390.964	20.2179
56.43	160.768
369.238	5.49958
378.575	386.688
198.529	38.1697
469.958	16.9029
443.585	250.023
171.203	124.337
79.1848	79.9143
153.84	334.035
189.681	473.27
81.1822	330.852
124.626	167.401
145.229	464.35
379.35	257.215
172.321	412.281
100.08	470.617
210.155	450.39
134.485	150.518
493.197	399.21
196.472	116.402
312.381	288.168
84.2067	213.557
166.765	197.031
272.892	89.7092
30.7173	486.836
391.768	37.8262
359.825	249.402
471.093	13.0842
219.072	98.3899
323.917	91.2775
212.529	274.184
67.1536	464.631
480.49	208.596
429.457	387.781
112.246	89.0995
55.5596	262.513
99.0182	189.249
358.124	335.445
8.21079	187.648
192.996	215.315
476.705	409.19
48.8669	387.06
315.273	263.455
79.7844	221.712
373.252	29.2275
52.2279	269.846
260.854	218.993
183.802	452.947
338.581	479.705
300.477	262.438
464.817	357.044
161.629	324.735
106.732	152.958
72.6181	457.279
15.7392	194.23
284.528	151.146
271.956	296.958
392.756	350.3
458.234	260.79
83.4964	316.306
307.471	481.186
459.92	230.891
186.138	29.1078
159.572	107.896
435.316	365.244
79.3865	257.003
63.876	452.116
81.6206	20.8593
490.575	159.05
485.864	54.2803
122.809	96.6357
195.73	217.057
435.213	161.133
171.909	144.2
144.919	474.569
495.507	301.437
470.502	425.465
300.281	380.602
52.0651	440.235
399.609	86.0443
402.034	278.515
89.998	15.3986
380.12	301.402
274.412	447.202
183.874	45.7142
223.039	293.119
44.6333	382.182
162.919	154.239
127.604	82.0307
282.946	162.92
485.755	129.01
25.1074	58.0555
314.358	485.766
93.8822	154.549
297.633	244.092
133.727	298.674
386.969	482.655
148.778	352.239
97.5359	238.212
486.13	432.285
58.9563	320.625
15.344	66.7485
168.375	133.792
260.501	299.888
399.967	281.304
197.094	406.504
252.081	333.686
163.272	332.562
97.4393	158.416
311.261	295.413
230.428	389.874
301.02	154.524
79.0528	492.851
259.421	381.268
263.936	458.071
398.926	134.784
390.772	116.246
108.915	253.894
61.0036	152.261
265.336	464.613
303.843	463.801
193.279	200.352
303.928	71.2445
111.022	99.0244
161.123	15.9116
483.163	178.532
52.8042	383.351
282.98	362.265
402.386	172.845
468.184	254.659
287.634	243.929
281.878	226.652
233.01	293.058
59.3142	240.228
266.061	210.462
492.706	83.3809
175.646	291.15
299.891	270.595
481.181	251.366
426.395	54.9817
301.534	169.176
42.4615	280.751
15.2944	174.406
158.099	168.908
258.386	204.052
369.187	295.77
132.498	158.062
98.9721	351.067
422.243	256.733
162.473	355.904
295.196	248.862
177.309	394.692
337.893	373.712
187.551	70.2724
190.547	250.751
365.286	45.7799
311.03	263.954
272.373	482.519
332.329	182.317
290.038	187.719
307.181	267.295
374.191	346.462
399.138	144.782
167.346	259.099
376.429	218.882
8.36031	493.181
438.539	171.943
410.026	457.305
107.159	396.409
70.5651	495.6
327.632	288.437
170.075	203.494
130.54	270.637
381.612	163.817
38.8912	283.679
459.889	167.087
315.677	159.385
479.442	7.58028
272.345	212.506
276.162	469.256
73.8014	265.298
253.791	262.116
16.7358	280.833
159.572	453.473
360.982	347.442
174.002	338.957
352.681	312.325
12.8266	68.9918
205.816	86.7027
194.679	238.877
390.41	309.424
355.487	229.275
152.065	166.124
303.533	379.073
96.4591	7.76615
374.316	312.492
192.438	88.9136
404.721	290.543
467.232	481.241
273.424	255.453
197.517	43.6791
306.537	57.2851
68.97	301.163
31.3679	457.698
53.7839	131.463
353.556	240.859
146.543	195.11
339.959	489.609
171.873	284.128
249.682	289.999
250.442	70.1827
157.56	45.3865
380.581	391.136
34.3936	277.786
62.8597	363.569
20.7645	169.182
494.874	58.6185
461.103	381.916
386.558	474.798
415.428	253.39
117.548	56.0766
250.602	62.2145
409.652	83.1267
31.0804	382.914
467.232	62.5402
96.1917	482.812
176.677	256.648
152.717	197.245
104.129	460.126
366.695	307.502
234.949	272.765
143.198	289.956
56.0898	205.723
396.684	323.75
191.238	216.787
261.085	480.466
105.273	258.744
487.195	256.768
186.072	128.366
461.687	316.922
245.922	82.3617
41.9542	98.0577
480.557	260.365
163.409	303.644
153.239	223.482
154.792	421.563
57.3339	274.932
405.833	250.118
70.7642	162.044
192.72	41.4871
80.8942	134.28
477.484	32.071
231.619	271.177
59.0295	372.806
138.575	163.225
367.289	291.28
200.527	262.163
131.309	252.012
205.468	370.561
113.147	97.9549
185.073	195.085
53.9638	360.692
495.724	291.439
168.108	238.751
100.937	197.778
410.403	252.914
54.5736	412.641
345.705	472.686
218.84	169.314
406.181	70.8946
293.352	297.516
462.875	214.937
25.0328	390.878
289.908	198.763
448.834	168.832
451.024	466.434
392.281	258.353
374.811	158.586
349.85	491.08
357.248	282.946
100.637	355.827
96.1936	192.046
33.2417	93.1494
399.041	430.984
76.7794	77.9776
133.874	68.7615
215.083	276.745
289.083	70.2138
183.26	93.2834
461.924	9.09158
118.896	168.545
461.325	335.339
354.795	125.864
64.9498	430.185
446.073	269.682
172.959	110.212
394.828	416.234
361.949	317.974
495.03	412.155
391.12	491.752
22.3763	294.527
348.951	464.287
289.084	444.332
52.951	130.171
154.597	289.081
32.5192	473.493
242.728	174.653
433.166	382.691
384.996	469.687
332.99	257.012
40.8665	263.472
51.822	406.786
227.23	85.8765
340.921	291.312
163.706	94.1563
482.578	417.212
452.149	6.98373
481.927	52.4346
44.2055	258
342.611	154.592
384.172	64.6465
151.73	12.4798
301.271	490.401
396.782	327.381
109.873	264.503
90.6519	418.889
444.09	79.0354
183.817	200.747
325.537	355.846
50.7262	488.633
415.964	287.666
366.833	458.937
399.403	34.4936
353.629	350.983
468.952	376.565
227.844	293.677
392.103	254.931
220.11	451.342
218.876	393.311
148.871	277.446
411.718	55.3796
83.6747	266.885
410.981	494.232
106.12	179.303
374.456	126.991
174.876	127.43
175.781	318.83
187.923	387.009
406.186	275.405
479.685	73.3615
86.6125	307.919
495.404	150.293
397.335	20.0735
65.9881	55.9408
103.535	180.739
377.114	260.387
154.833	61.5454
65.8444	303.775
306.27	83.2432
278.983	150.247
186.051	145.406
81.1951	397.921
94.6187	107.313
362.57	71.1476
417.018	484.185
175.863	208.035
491.754	46.199
80.4787	180.832
461.71	459.84
283.113	478.035
55.1693	60.7798
209.094	481.542
50.5772	393.772
382.168	13.3107
428.076	370.516
473.825	491.83
342.108	466.894
373.079	24.8193
72.8916	194.032
475.169	369.87
283.504	61.9151
55.9201	361.268
95.6511	351.046
295.03	304.395
386.621	256.571
96.9974	391.049
395.735	485.717
260.189	246.769
273.245	218.554
274.57	433.258
310.206	254.901
196.851	15.735
105.367	97.9301
165.218	358.715
324.488	366.164
251.251	400.315
109.737	488.441
117.717	285.115
272.935	379.155
335.244	66.6387
287.56	324.627
162.165	311.831
246.36	271.042
128.181	390.702
345.798	366.522
293.153	402.17
245.704	370.5
279.513	390.477
467.43	77.014
423.262	55.0033
355.74	487.156
291.928	371.255
185.338	120.941
200.403	157.63
285.302	318.512
471.322	411.554
363.972	53.6206
318.28	479.668
209.698	397.283
473.571	151.688
370.979	39.3823
268.195	183.71
188.558	480.31
127.739	165.725
388.556	232.534
398.884	329.768
456.313	495.262
189.494	165.956
408.193	263.769
270.19	302.555
105.844	159.891
476.81	420.807
287.506	449.01
95.1513	313.123
192.994	197.433
364.482	320.207
455.762	423.277
65.302	422.637
282.298	327.499
168.443	143.618
331.232	475.163
484.954	34.0972
163.748	185.97
17.0704	384.828
28.8635	490.621
386.812	204.079
371.053	164.854
434.419	373.677
325.017	260.212
73.3896	65.1826
408.87	177.135
452.127	142.83
262.893	89.809
255.521	218.254
359.268	219.117
73.9126	340.367
169.164	416.605
212.532	199.215
298.386	111.769
258.306	145.838
437.808	97.4338
4.91854	195.042
303.986	370.223
98.7369	163.228
177.231	148.983
451.12	16.9307
466.263	57.4976
492.81	447.211
486.975	392.766
288.146	141.823
14.1194	283.288
495.436	482.576
155.647	78.2504
358.064	276.932
341.055	350.72
67.5052	345.416
446.28	365.825
471.482	381.229
64.0889	379.938
76.1095	299.746
64.4822	481.418
219.8	187.832
302.889	263.095
258.996	408.694
219.675	391.973
353.421	109.056
186.62	414.418
29.8265	485.457
193.043	314.969
271.614	165.771
374.219	208.111
160.607	417.616
354.553	266.849
409.367	350.222
47.3209	296.253
62.0286	138.132
416.087	279.254
487.278	214.157
84.6235	107.001
366.932	347.973
400.431	51.1787
490.895	158.973
391.114	268.718
184.554	450.39
370.295	82.1601
121.335	277.254
371.136	413.587
498.142	413.923
208.51	189.821
441.804	390.913
12.9315	451.854
75.2383	361.146
51.4164	190.772
6.62348	288.91
405.4	278.682
160.004	443.618
37.4777	152.561
396.742	66.5112
460.728	199.154
90.4438	334.623
476.304	277.1
115.589	77.1294
16.3602	389.711
288.404	112.362
103.35	479.501
77.356	228.027
54.8836	352.574
478.17	367.163
465.957	373.389
461.302	399.05
226.706	458.858
170.426	177.829
28.162	156.902
88.2133	412.371
375.617	419.245
241.414	272.91
256.029	278.45
115.83	151.706
88.7321	495.363
340.451	199.266
404.049	97.6154
365.161	68.3443
351.591	247.258
493.587	188.533
258.79	307.637
243.853	161.312
41.4525	191.622
181.176	387.855
319.82	279.81
474.687	108.482
489.32	9.13823
163.633	231.145
353.68	27.5094
136.176	274.972
311.024	171.961
11.6715	186.427
337.297	485.382
119.611	486.857
117.654	259.308
454.123	149.201
171.353	307.023
414.148	472.039
94.3212	473.919
204.36	281.864
484.407	63.8277
209.777	483.475
295.383	81.5854
279.077	216.65
152.652	468.56
222.092	283.144
421.94	288.412
315.713	280.568
122.776	82.472
408.242	372.709
173.27	392.114
352.022	237.51
24.5634	256.467
378.492	479.545
490.805	493.452
217.572	51.0486
93.21	443.487
283.155	51.9212
162.973	46.0733
47.0415	390.899
380.618	105.132
257.393	317.539
249.745	277.192
374.8	149.754
54.1466	46.5317
282.214	334.456
371.778	110.298
253.81	74.6423
196.382	93.0061
116.521	465.941
345.005	155.012
244.134	69.5905
144.76	499.242
145.982	373.84
62.1511	329.022
353.206	20.2909
326.743	189.389
87.612	276.077
152.793	159.335
18.3334	379.493
14.632	257.636
160.903	366.467
231.039	76.445
262.309	248.839
267.287	433.482
290.719	334.488
383.607	457.049
29.8948	268.855
380.947	388.784
184.006	283.658
292.189	171.154
340.975	75.5324
481.349	392.033
278.929	221.7
128.887	63.3222
466.337	8.19109
387.395	467.177
88.6507	241.426
143.299	65.2143
365.006	449.743
321.175	59.462
3.43069	290.003
223.773	366.415
376.583	45.6648
390.053	307.683
475.363	184.005
493.7	93.3314
273.54	403.819
46.5066	371.316
171.232	32.7288
481.431	285.686
18.4362	279.903
258.005	292.799
68.7705	89.2441
467.581	314.07
71.6213	255.257
177.294	462.89
417.236	282.603
280.095	213.359
296.368	96.0855
300.54	484.787
413.333	73.2355
287.038	364.84
149.999	474.707
381.492	179.753
475.966	73.6519
151.943	53.1617
190.076	166.516
263.351	490.197
233.313	82.1035
10.1173	471.537
286.099	42.3645
153.795	92.6814
471.554	51.6232
159.52	367.347
425.78	350.254
462.977	486.56
423.259	451.837
68.3545	103.199
57.232	306.927
384.173	391.967
288.243	389.197
99.7751	474.426
173.249	373.011
134.987	189.848
96.3297	96.1509
277.661	77.3259
279.101	489.212
127.314	458.855
9.54697	397.031
357.809	125.917
370.928	292.038
70.5351	83.7524
190.006	348.319
410.077	469.311
131.657	358.468
71.8868	177.834
164.643	167.185
76.7576	127.23
31.0349	77.7986
82.975	283.092
378.204	419.696
112.386	383.178
211.973	386.451
255.45	234.03
57.8833	34.9564
331.825	166.947
470.06	388.632
472.001	123.58
214.312	272.79
457.998	440.52
477.091	344.604
468.825	136.523
42.1421	450.877
388.605	347.098
360.125	366.804
364.107	6.74551
238.638	75.3748
398.736	467.719
337.825	257.248
59.0315	468.803
497.839	459.838
381.548	132.273
372.751	487.733
281.647	454.984
288.77	396.969
388.017	85.3827
174.604	272.211
412.736	455.151
436.479	266.864
291.731	363.276
68.9124	20.1129
297.205	137.59
216.74	178.501
185.948	365.752
82.9353	132.703
99.4575	229.704
383.824	296.716
285.423	287.324
460.215	37.8115
40.4632	199.053
477.118	119.578
244.364	92.2395
124.831	259.75
203.404	96.8902
482.689	163.254
426.014	368.584
62.4983	369.025
470.193	244.182
69.2532	416.213
265.207	441.364
109.255	194.701
386.261	425.616
150.437	278.039
460.103	303.417
72.1742	130.611
123.465	70.8297
409.234	197.797
288.873	53.776
69.0855	361.583
438.45	260.341
409.219	250.815
459.428	446.796
190.389	427.131
182.594	312.582
338.303	495.498
497.443	460.271
47.1226	96.9452
407.435	51.415
86.4484	443.128
79.3715	57.9389
331.1	361.116
431.113	151.731
66.5431	374.401
459.594	50.4203
187.033	55.16
490.854	17.3159
257.861	149.009
178.203	194.356
289.102	152.116
302.884	298.138
17.1108	375.919
94.411	422.241
301.899	288.888
144.492	377.64
209.605	180.422
44.2073	186.443
137.423	188.839
381.277	219.338
286.71	411.607
277.605	228.59
179.215	409.374
79.3075	469.809
37.1327	282.558
450.797	467.381
465.608	374.942
254.252	166.914
153.034	273.082
450.52	253.525
324.485	384.19
396.303	355.647
431.877	289.537
363.753	118.711
391.805	287.081
278.639	114.516
416.821	197.855
210.433	189.124
188.904	370.757
204.163	369.157
389.668	91.1598
420.906	285.534
384.154	9.64526
96.024	201.906
375.046	444.388
68.5666	360.719
379.663	43.1886
272.806	423.415
85.2585	121.964
79.2977	107.449
471.645	2.66661
291.92	260.183
338.942	283.895
283.506	470.137
267.141	300.491
190.619	484.845
143.191	164.127
328.721	486.329
126.372	289.774
10.6762	197.689
191.941	201.113
472.968	30.5552
248.723	297.744
472.914	0.321969
316.883	360.835
456.267	309.855
271.215	145.238
459.197	15.9284
183.386	485.103
283.32	490.2
191.673	395.834
409.402	481.876
82.2483	281.628
145.513	88.0335
196.396	499.901
370.157	135.059
299.25	450.802
55.7171	303.099
170.486	264.939
352.712	314.34
134.705	158.387
414.314	199.143
281.86	391.158
285.879	477.654
397.005	271.973
269.993	191.642
122.864	463.345
220.853	396.811
197.914	231.785
60.1733	303.538
474.342	264.181
436.118	93.7823
129.607	80.8405
1.532	192.695
161.611	209.918
426.438	276.966
23.3819	94.8181
293.591	41.6273
252.326	456.148
374.052	55.9964
256.197	150.52
205.622	191.3
494.759	291.448
51.4668	430.273
360.385	229.693
178.149	340.301
420.025	161.102
369.046	476.263
14.2514	98.8966
487.686	267.378
190.886	195.028
64.6987	214.019
328.46	385.934
161.725	308.285
297.479	32.4142
270.128	311.768
276.392	485.372
427.356	353.385
475.282	81.05
189.687	322.64
416.706	251.234
337.336	450.948
398.102	445.891
71.8687	407.265
285.535	99.8022
392.51	175.363
20.865	164.331
382.121	419.42
393.715	410.177
188.357	327.025
40.2047	393.596
142.246	194.284
288.46	292.307
395.035	2.4207
260.363	352.618
264.071	369.688
175.419	450.026
225.607	367.71
175.059	317.513
67.5382	425.792
460.321	475.142
111.495	299.943
136.917	84.1842
162.686	335.708
370.85	232.639
239.946	177.926
363.089	222.368
154.348	466.898
155.831	41.7139
335.45	77.6787
109.265	88.7153
84.3756	24.6592
468.645	311.792
96.8185	276.031
136.555	199.268
251.321	166.067
341.157	387.07
497.668	213.738
392.547	294.77
375.258	369.829
352.85	113.825
190.549	119.142
105.818	272.695
167.8	380.705
35.6632	469.928
239.793	74.1582
232.783	164.639
412.964	164.632
444.863	497.587
21.6466	481.865
419.879	273.31
48.1229	191.041
272.495	332.101
82.2188	263.635
64.6621	449.4
427.999	369.318
419.519	178.366
285.437	215.711
308.681	462.753
177.284	18.2154
368.584	440.117
371.45	308.009
486.892	342.62
69.4943	187.055
291.765	175.331
364.455	457.966
319.672	184.845
429.836	167.823
229.348	76.7813
39.0449	153.426
202.489	194.521
84.2007	365.739
272.201	157.667
266.711	451.097
428.326	157.395
457.894	120.291
77.9565	103.831
344.393	364.969
387.189	216.969
452.433	412.45
106.905	199.719
396.943	51.2931
261.928	120.607
479.911	172.175
381.237	78.002
359.167	77.932
46.0872	66.9043
401.377	351.04
444.958	464.892
357.258	282.402
438.345	78.6565
416.69	85.1385
289.858	142.066
245.414	66.2034
65.0742	238.883
465.561	334.841
126.999	394.576
209.715	198.44
283.21	297.843
295.197	405.434
443.659	265.38
121.447	92.1657
102.428	295.726
268.796	322.811
206.987	351.179
68.4614	268.127
485.217	8.79176
325.569	57.7709
373.567	357.411
159.896	249.13
70.7936	339.52
175.378	429.257
135.216	195.122
453.72	451.492
124.913	160.725
25.7233	152.738
320.257	455.968
432.371	297.34
172.886	449.188
354.681	218.723
446.049	377.477
265.684	129.81
374.855	169.251
343.099	83.4927
256.179	357.528
195.954	76.8565
11.6106	373.023
372.652	69.3504
475.244	66.4654
40.359	84.6888
153.936	362.466
464.387	177.785
153.92	300.801
160.324	75.3561
163.861	221.064
274.042	47.802
259.042	195.485
353.434	361.821
246.337	365.71
94.4447	75.2332
458.044	4.87965
60.8257	215.161
467.796	397.552
322.881	89.9574
195.182	231.181
63.739	11.555
131.613	352.817
294.496	285.249
461.826	339.091
107.542	199.267
256.772	112.039
66.1273	1.84441
171.008	402.861
274.008	37.802
95.1939	285.899
287.824	220.338
299.466	240.13
353.834	362.155
412.117	488.065
287.295	372.701
29.8988	469.185
355.015	49.4685
2.3849	485.106
12.4544	489.945
486.585	244.061
420.291	383.085
196.836	317.285
42.8806	174.339
478.554	145.008
187.974	469.862
50.1407	25.7428
255.216	485.162
17.9702	380.431
324.246	166.584
81.0526	371.519
419.134	498.177
224.27	357.58
490.273	73.9734
361.992	12.1066
7.42823	285.053
283.309	162.763
66.4624	122.402
356.096	414.637
422.153	93.2628
314.871	457.96
316.934	98.5642
309.37	281.652
212.004	190.136
190.649	279.341
56.8823	197.628
78.5739	444.833
457.502	114.581
495	53.0623
332.611	397.901
302.293	66.3813
197.689	358.55
452.156	189.471
74.6698	194.923
74.7295	150.137
10.8758	374.852
64.4062	332.385
426.918	495.137
38.8376	367.2
479.706	418.248
11.4361	71.8883
473.155	424.891
356.722	365.446
440.864	53.6503
100.301	96.3562
311.492	459.426
172.466	151.502
438.987	368.546
283.294	173.888
25.379	171.757
289.571	26.2936
196.346	47.8467
432.395	278.572
98.213	53.6894
290.975	402.09
349.402	489.431
490.049	141.847
3.64155	491.922
260.812	447.073
21.7638	172.934
65.9001	349.363
385.951	302.279
128.655	482.591
327.213	156.228
329.036	484.028
276.52	479.065
261.999	240.903
265.835	472.626
430.598	177.673
196.909	369.26
81.4579	368.729
354.208	226.481
270.245	28.5373
219.685	482.126
430.875	68.6382
274.984	295.604
17.3452	471.158
265.645	323.788
459.867	238.005
387.004	293.442
423.012	497.021
365.238	230.488
343.376	69.0978
14.7811	250.244
352.853	128.005
310.772	393.225
281.441	460.699
464.958	374.298
228.757	486.333
160.589	153.776
481.333	323.892
237.889	80.9766
256.277	102.051
275.607	190.055
441.333	451.755
200.113	90.4021
136.684	354.23
109.311	491.122
248.331	93.9325
190.353	405.137
80.9438	135.921
264.696	355.957
15.8405	488.937
162.039	440.696
293.431	444.934
318.973	68.8848
158.999	314.873
414.797	253.024
401.346	466.363
493.476	456.244
157.445	493.72
84.325	205.957
448.902	79.0577
226.015	492.851
387.78	395.54
251.187	419.316
27.519	452.045
214.413	489.895
165.676	499.843
63.6005	263.195
417.869	461.679
56.5531	8.9397
251.601	384.849
282.175	343.199
9.31971	192.616
8.1763	70.706
36.577	271.828
487.206	297.501
462.484	270.171
313.572	159.261
58.3481	241.623
463.974	402.73
353.061	108.213
486.817	16.0747
173.829	200.745
282.797	212.867
395.118	48.9617
461.664	476.954
269.837	219.007
178.663	372.223
285.147	21.0401
37.8936	295.74
358.157	147.023
76.1134	194.086
153.06	194.454
373.615	407.938
378.404	120.679
68.2483	228.175
395.937	9.32736
274.695	182.054
324.536	386.613
345.42	152.987
24.6717	67.2171
271.533	490.473
361.885	81.3119
298.219	228.506
265.604	488.613
139.973	290.38
189.462	399.734
223.33	265.665
359.091	204.016
188.178	327.102
481.137	316.815
278.91	182.47
349.546	281.557
175.507	347.24
302.401	262.126
113.68	187.767
341.878	381.733
465.631	141.878
400.355	382.392
106.948	282.258
424.058	293.016
74.9358	67.334
194.975	456.841
476.373	46.352
207.019	163.718
314.787	83.8095
453.325	296.065
69.4542	436.971
456.513	287.704
68.5748	92.7224
68.864	236.644
72.5031	381.107
298.952	447.342
270.645	348.72
388.455	463.906
15.0808	285.459
4.82564	176.425
75.3759	129.591
116.053	387.66
11.9782	191.692
468.015	101.033
95.079	397.022
87.0212	414.51
82.5643	146.141
372.71	388.947
243.605	382.619
265.131	25.4657
287.98	366.344
248.017	360.974
249.051	195.914
355.164	243.447
81.3321	136.925
259.572	93.0217
447.526	256.001
350.541	334.109
171.692	222.573
263.048	136.465
486.052	115.085
496.891	48.9732
170.782	311.728
413.543	377.651
160.696	38.9538
78.0176	95.9256
166.188	40.5674
323.637	481.616
364.717	231.052
348.152	93.8911
217.753	295.742
410.325	289.875
464.525	92.8387
50.1638	310.16
454.761	206.781
76.1211	352.255
189.576	297.305
361.219	267.386
151.683	98.1094
53.1245	259.334
212.642	85.5703
364.968	315.464
160.214	481.564
337.44	89.6582
67.3284	280.027
311.466	183.2
481.813	119.25
249.49	72.6244
289.597	122.29
187.999	485.087
53.6549	251.98
121.532	258.295
250.507	109.879
392.97	277.98
75.9087	475.102
172.749	283.926
99.7556	330.978
365.809	430.51
402.405	284.977
356.217	284.028
428.883	386.806
5.68064	185.531
256.166	470.076
266.404	98.7695
38.1965	398.395
90.2739	145.982
148.591	191.514
15.4275	186.317
1.26024	299.3
51.2471	323.804
209.356	268.628
110.219	268.445
499.419	163.494
477.382	480.554
356.815	84.0427
20.661	255.53
422.623	372.867
95.6055	189.589
287.61	323.209
163.406	370.336
254.094	146.144
368.433	166.885
257.945	18.5119
283.327	21.4587
281.979	320.014
461.295	440.105
80.2123	20.3139
79.6716	27.4822
99.0125	19.7275
477.37	400.086
373.121	148.314
469.674	405.924
156.949	300.068
149.047	154.852
86.8682	29.8271
173.084	440.453
92.871	99.5736
110.868	171.31
111.744	271.655
191.598	274.72
93.6389	386.322
460.869	150.348
288.648	232.283
499.322	498.174
442.783	354.395
119.727	496.856
479.531	15.7099
70.9584	362.202
347.382	157.355
198.344	303.48
462.995	109.829
400.542	96.3961
425.935	163.511
227.35	56.0496
394.487	65.9786
454.548	93.5216
294.626	341.651
5.72599	275.199
64.5607	109.231
487.258	382.77
375.508	109.243
123.25	155.077
423.815	56.4785
346.619	374.013
378.404	473.713
201.863	468.473
263.539	372.466
176.116	236.416
450.114	304.186
24.693	378.785
465.806	284.013
430.115	372.104
303.082	252.107
173.126	260.927
83.5985	413.575
356.347	444.74
54.907	201.816
208.693	51.7542
315.253	362.946
179.054	128.698
133.24	174.075
70.0219	238.283
350.778	48.5615
473.286	345.177
469.149	356.116
396.182	429.427
254.853	9.00177
407.368	79.2008
366.501	46.3042
255.804	489.266
474.557	130.429
296.719	414.123
318.397	84.1247
98.7053	401.665
256.223	30.0094
169.913	123.261
492.512	197.394
126.487	253.362
410.961	487.419
380.27	145.396
468.382	228.714
484.902	302.816
482.26	104.823
87.9181	83.4069
71.8285	71.6388
141.757	257.13
354.411	20.0521
163.777	70.8951
151.035	447.189
291.741	298.415
330.068	85.073
256.522	265.831
335.792	274.284
452.79	184.059
348.185	288.879
45.1635	254.042
278.588	12.6531
366.895	320.166
425.868	257.163
261.17	138.491
71.0917	196.856
266.609	37.3983
464.205	373.871
42.6338	65.677
366.321	294.321
63.9824	218.202
374.845	65.6512
399.139	245.583
294.067	177.424
295.588	292.739
336.66	177.513
489.193	238.985
351.029	417.861
433.881	280.545
82.4267	89.5667
23.546	375.904
31.3341	90.189
362.972	231.688
197.796	342.049
443.006	277.89
82.2964	418.004
335.797	475.678
397.877	355.251
463.113	93.9036
203.723	478.93
141.64	60.6317
398.653	365.809
86.9853	235.631
383.07	224.151
446.321	183.637
271.749	36.5082
317.665	292.47
339.319	87.8214
362.169	64.5038
181.768	12.143
282.541	471.961
262.036	248.681
406.474	171.65
295.408	284.139
156.925	303.489
248.964	473.698
14.2117	157.117
477.984	51.3427
470.847	488.539
28.666	292.087
288.044	302.975
90.81	171.14
353.17	371.97
78.7567	277.342
136.117	72.7596
379.256	466.221
383.956	236.181
185.787	372.454
283.038	255.273
302.148	485.945
364.265	211.335
471.795	435.085
419.563	299.421
259.758	473.507
468.8	233.861
484.107	280.202
462.695	372.505
295.512	240.657
326.178	267.978
450.253	452.159
73.4224	34.7068
486.752	272.672
146.715	150.581
251.894	401.385
294.864	363.207
248.74	296.333
209.954	179.755
261.829	291.799
261.829	102.142
237.572	269.868
85.6016	119.018
275.708	51.024
282.482	376.553
179.769	426.69
393.449	182.616
189.626	403.929
395.701	440.91
368.252	197.46
207.788	353.39
329.442	383.827
66.4397	33.8846
482.532	226.412
208.109	94.0042
458.687	339.085
343.332	377.578
171.994	402.287
183.439	321.96
251.783	210.301
99.7647	143.957
55.1496	327.276
59.4459	434.566
52.7847	307.634
185.179	33.2087
95.2352	45.3543
299.732	180.25
378.452	119.345
313.439	361.509
52.0288	183.526
280.191	50.1757
128.134	366.925
329.417	468.639
212.395	257.417
77.9342	259.042
141.486	488.905
302.281	183.539
12.1549	483.277
243.48	274.785
78.697	283.163
457.221	203.969
485.936	100.072
318.86	160.227
422.291	457.16
295.019	185.863
394.613	249.065
169.408	333.059
81.5476	429.7
350.125	117.826
80.5201	126.834
103.542	385.349
470.072	121.468
184.308	398.068
182.27	296.918
210.101	287.086
297.51	20.2133
70.8343	297.093
276.883	181.557
459.499	104.852
286.885	413.198
155.366	485.705
435.228	190.202
250.035	352.425
262.407	173.342
171.998	494.715
236.073	78.5054
9.34033	453.581
176.69	460.884
45.9298	93.1905
480.815	144.492
80.6592	351.227
45.7877	75.7347
25.5037	366.469
139.146	278.567
418.534	153.952
109.353	451.599
441.11	151.497
362.565	317.712
136.805	483.631
478.816	428.436
381.07	41.3659
335.199	386.389
328.033	257.605
276.053	138.45
310.199	367.661
488.884	262.733
307.401	453.716
169.377	385.684
256.641	101.051
66.113	483.056
412.931	493.56
446.448	375.022
492.635	459.382
488.259	57.9317
298.779	430.06
3.789	399.155
463.355	49.0169
373.965	424.647
287.036	197.784
378.635	13.7249
95.251	296.12
266.9	302.584
374.558	133.151
151.057	23.3716
169.784	253.388
194.937	27.6111
383.708	477.964
125.419	360.172
386.068	200.997
168.561	83.0259
454.356	58.3091
16.6008	258.922
86.6351	268.442
399.132	174.161
441.195	92.9524
473.977	8.42457
445.559	260.122
151.7	88.9277
353.143	170.503
122.655	60.381
173.804	180.198
351.534	436.112
55.337	308.951
423.518	260.644
458.848	338.723
166.467	484.429
390.409	399.131
57.68	267.238
467.446	476.959
257.79	33.8809
269.041	177.884
446.537	252.403
71.1044	203.439
347.651	289.454
168.953	150.789
249.368	198.359
465.883	258.405
488.931	235.894
494.616	261.293
218.748	464.914
277.889	359.546
476.832	74.4108
163.702	82.1838
114.873	192.697
83.7903	282.823
396.931	408.282
66.0212	255.995
66.6869	161.831
62.6941	260.794
337.457	496.068
253.996	20.9287
62.5742	84.2861
292.692	195.03
259.972	437.002
496.073	254.922
452.145	448.468
150.56	363.679
102.927	267.869
391.339	272.996
312.32	197.522
66.27	161.898
185.488	12.4071
335.213	496.817
340.918	483.416
166.71	104.635
197.267	202.138
299.19	242.155
457.209	118.383
268.475	343.815
320.85	284.877
385.045	435.742
18.6258	361.073
281.359	249.579
174.347	380.614
308.376	461.596
173.232	38.944
175.525	138.738
75.0601	163.59
409.434	472.423
264.203	384.091
16.0091	497.32
457.134	156.683
473.167	5.50443
166.855	175.493
31.4963	388.872
274.825	283.144
370.429	167.729
419.381	251.863
352.271	461.723
122.99	298.626
107.899	482.511
459.165	194.493
368.233	79.8547
354.166	227.515
75.5155	219.053
390.071	386.967
484.163	285.147
256.839	273.824
324.919	71.5133
216.815	357.56
51.356	37.8599
463.635	0.597751
307.194	84.4453
443.921	165.914
352.715	146.374
336.492	63.9403
360.156	199.982
121.437	95.2762
74.5821	195.737
364.128	192.436
339.305	72.5299
355.97	342.377
401.536	178.082
249.736	483.72
73.5406	200.62
190.49	111.157
268.932	469.632
240.674	275.435
488.322	139.865
94.5183	307.796
271.518	237.943
395.056	217.194
313.245	158.477
485.906	275.99
251.114	446.422
295.252	403.318
494.395	325.31
224.162	351.857
93.5776	22.3892
210.451	291.639
91.4402	481.857
264.812	8.08879
474.242	261.908
449.937	194.212
77.1117	128.249
377.786	0.310212
98.452	152.13
384.791	78.4578
224.988	455.97
41.1283	70.1816
497.005	100.893
19.248	399.282
278.73	349.877
288.663	275.204
129.638	498.187
460.287	183.918
68.6274	162.769
339.829	275.098
420.564	294.447
51.0509	79.3464
50.2633	460.786
164.17	164.992
445.915	162.75
84.5228	185.185
38.8256	55.8208
10.183	192.628
261.321	331.942
465.029	406.817
84.0463	44.7645
56.4523	487.688
412.558	286.029
118.396	198.79
31.8336	350.007
354.406	471.252
491.931	63.2072
271.621	425.953
229.392	398.552
232.04	72.8859
367.281	205.443
217.038	82.9573
177.81	13.1208
252.347	241.611
160.651	148.881
209.173	351.247
450.157	235.611
399.47	489.185
259.458	101.65
199.86	458.174
178.513	24.3384
295.345	486.188
396.247	166.096
181.868	452.786
180.323	213.657
187.558	484.17
58.6792	59.3698
476.252	250.448
360.805	398.54
152.794	350.973
168.397	146.444
170.827	213.914
99.4324	103.322
89.2568	386.576
155.057	461.159
334.821	74.5292
424.466	98.6871
4.11857	294.059
147.238	70.5262
371.633	351.608
365.536	194.525
236.65	459.91
51.6536	301.17
18.0893	454.775
94.6371	304.315
262.327	15.0181
44.9365	194.277
278.926	321.646
471.874	268.951
96.6661	102.705
10.9287	382.053
50.0377	389.245
321.413	375.41
365.282	280.617
45.8192	67.9359
277.18	65.7428
393.496	365.43
154.665	340.549
184.478	368.345
17.8783	277.678
161.82	292.248
60.5252	140.278
67.3513	142.511
460.193	179.766
409.119	379.385
180.485	212.447
355.261	36.9014
193.305	284.104
57.3082	113.458
355.718	292.305
72.2882	355.648
274.548	426.065
240.316	456.96
117.222	178.54
458.939	226.148
244.034	481.855
278.776	38.1702
49.6408	353.348
318.579	494.128
380.078	68.3483
388.534	167.235
288.519	23.1457
381.643	348.909
219.747	284.403
95.5894	164.267
347.704	179.858
95.5087	78.1001
470.34	343.805
146.101	80.1899
163.45	306.382
146.059	172.752
27.7409	68.7845
212.937	178.8
50.5945	43.5144
250.256	370.878
24.7244	381.637
88.8482	493.603
376.267	387.363
475.906	55.9688
463.126	13.4079
366.738	319.158
214.881	261.036
200.233	291.351
20.4967	285.855
362.403	125.874
259.678	444.604
238.548	97.935
358.995	361.321
69.3795	129.791
83.7008	482.066
162.877	493.623
3.10782	65.5204
277.702	394.979
379.225	399.361
78.7909	236.621
475.903	486.033
44.6096	381.822
215.749	51.0232
197.238	432.202
171.286	365.31
184.482	440.279
458.09	73.4419
181.011	117.061
386.708	186.325
380.603	131.25
41.4461	150.863
70.3642	317.447
115.182	479.036
295.714	286.653
310.701	79.2608
299.964	10.5193
81.2894	353.144
161.333	483.641
327.267	269.777
292.291	186.768
253.699	26.3218
366.551	84.9725
225.805	164.613
480.874	109.241
67.8168	322.346
487.141	66.0911
395.57	466.027
350.729	379.821
269.7	359.738
495.905	162.553
22.5095	67.5989
337.435	377.398
93.9926	122.078
429.583	494.548
398.582	82.1156
166.82	271.013
495.556	278.611
78.6746	443.535
335	75.3438
50.9187	78.7417
379.971	230.722
85.7473	431.42
253.118	40.5335
259.714	428.791
99.5475	294.389
486.807	166.007
426.235	191.204
289.342	96.4444
379.339	52.6508
108.311	275.293
132.182	394.294
266.187	124.703
481.273	0.599692
192.818	16.2439
129.76	73.4388
260.603	11.5749
127.738	167.618
196.573	219.658
83.3249	337.188
49.2722	268.315
154.821	199.87
356.929	436.328
341.457	262.215
385.507	484.637
79.3854	148.694
279.328	100.658
404.584	385.52
87.5585	139.468
265.165	159.949
190.59	417.68
265.139	52.3312
393.786	35.4521
461.611	65.9882
487.671	315.017
120.24	186.596
130.257	371.932
429.767	158.672
91.6671	178.55
9.32341	287.261
375.898	338.31
266.219	99.7361
70.551	44.2148
250.979	329.157
363.007	28.4171
269.132	459.948
422.502	492.033
116.347	289.086
258.943	93.5188
429.387	289.929
154.308	269.152
154.269	422.034
455.053	284.898
165.438	109.273
211.52	65.0053
379.872	289.837
271.081	138.767
154.216	11.0688
255.771	494.394
28.734	396.291
167.343	318.393
22.6971	67.6215
308.184	78.6274
223.562	74.013
166.184	176.935
388.699	371.737
432.894	65.8802
59.3342	446.736
246.392	464.981
37.882	191.634
471.015	147.273
187.822	123.889
457.909	108.183
198.726	366.314
409.06	171.589
67.9485	414.822
471.307	45.0143
433.983	496.934
379.326	69.8828
50.4399	296.769
250.015	127.123
150.259	476.633
453.201	243.393
480.22	235.219
9.72679	157.016
387.056	461.912
266.804	161.792
69.4389	243.182
49.8281	385.401
90.9523	415.319
217.143	194.782
210.176	275.46
253.273	151.645
441.392	166.029
66.3762	387.473
269.929	460.695
74.5271	184.237
155.221	456.491
245.463	475.134
357.879	457.129
282.843	341.752
108.823	377.778
89.6166	217.537
457.613	307.604
194.677	189.533
91.1962	176.772
48.7751	77.0192
16.0649	165.766
151.445	258.708
307.13	94.8045
45.5279	461.775
123.235	458.504
70.8478	138.512
483.492	260.353
84.6153	66.4688
42.787	258.095
134.395	355.013
219.074	486.561
108.999	190.972
255.773	37.0058
189.532	56.4455
40.0442	483.607
139.053	65.7915
471.294	34.0621
165.37	431.122
249.851	57.3523
392.386	176.956
374.023	497.652
262.778	135.008
430.82	479.11
284.763	280.016
387.415	172.663
202.302	55.5276
78.3456	172.868
381.024	371.27
148.515	491.131
266.464	464.021
243.181	382.479
471.817	407.377
442.399	64.0781
132.09	369.726
98.1078	24.8749
447.791	460.03
354.999	428.035
132.785	494.271
297.165	365.208
304.909	268.405
59.6163	110.32
170.542	372.523
279.948	136.892
9.94968	462.694
287.029	275.914
357.387	485.932
475.674	296.469
358.318	407.774
420.95	50.2054
416.038	457.594
109.617	492.569
62.0832	79.9881
82.361	256.596
486.418	335.564
161.158	235.313
247.186	267.124
380.59	218.174
467.707	332.225
304.906	298.841
91.1392	463.021
376.361	103.285
106.921	471.447
218.586	374.885
160.494	36.6803
271.58	7.52493
324.101	183.045
266.691	173.484
252.108	245.621
79.2304	478.537
50.7239	327.515
256.344	9.44261
314.626	54.1055
60.5743	294.558
74.3727	459.626
450.897	34.1828
359.553	291.523
255.622	475.564
357.263	329.94
262.003	473.661
291.162	314.814
402.759	288.135
257.697	371.533
473.56	484.381
161.463	401.422
493.813	262.828
160.65	453.842
11.8366	194.984
139.029	63.6879
352.325	356.875
401.352	269.831
476.483	227.695
457.033	489.471
297.623	258.829
46.5429	490.755
164.227	303.917
274.567	238.963
20.8173	250.037
84.719	195.244
383.415	85.0389
199.551	196.253
279.45	23.1031
85.3241	234.891
375.024	347.445
69.6516	4.88517
330.147	352.786
398.625	384.487
273.287	224.958
154.101	97.6404
256.499	446.166
338.538	59.4473
96.0593	375.178
268.304	405.248
483.493	411.783
262.381	433.984
41.0545	192.111
60.5371	277.927
283.484	439.487
389.442	369.32
114.386	397.757
157.526	279.802
476.034	100.185
185.182	452.603
461.657	76.4018
44.8461	287.775
165.037	17.4178
112.875	383.048
456.625	417.295
5.91848	367.3
130.378	366.044
422.99	58.9133
309.042	359.348
283.938	164.488
171.048	74.6651
151.934	383.416
75.1488	248.08
121.239	299.654
165.171	482.856
69.5453	266.965
408.187	372.46
188.089	162.231
117.249	193.502
254.357	243.084
488.429	148.391
350.957	438.732
439.158	196.485
189.644	131.378
394.901	234.034
492.903	327.643
90.4814	454.2
256.287	200.401
387.51	92.159
74.5759	14.8948
349.64	499.417
356.413	177.89
69.0559	233.954
218.382	370.403
294.77	210.945
265.173	226.04
423.07	94.8713
443.88	459.733
66.4154	126.857
389.975	201.536
182.254	140.74
416.013	381.911
412.925	167.201
91.1106	358.963
361.274	352.387
461.613	419.122
394.424	398.092
386.308	343.829
196.025	27.9916
372.823	420.173
397.184	165.188
68.109	354.833
445.395	160.333
14.161	278.269
193.43	102.616
301.989	393.968
360.613	174.656
451.192	327.028
114.136	491.017
77.1246	462.792
80.1972	343.478
167.27	472.6
35.2781	290.295
270.534	200.212
471.512	466.119
291.735	135.527
425.654	257.336
37.924	358.863
477.956	387.976
362.474	407.14
261.875	261.053
256.56	264.879
154.952	493.626
8.18709	491.089
177.806	301.489
399.719	320.684
278.05	320.923
176.955	299.956
178.82	449.663
262.929	396.558
286.755	369.262
87.3435	134.145
498.541	465.556
28.7817	290.167
379.917	301.516
225.261	91.2884
200.07	195.181
157.106	426.425
16.7041	60.3459
255.212	358.978
372.169	54.1033
278.902	422.512
277.392	442.035
189.391	59.8372
127.067	371.693
136.533	158.847
4.99297	360.811
210.033	196.125
231.041	153.849
429.257	85.0913
168.777	375.855
151.091	389.954
65.7736	460.589
109.543	192.553
475.436	341.349
289.195	207.706
126.795	363.409
462.848	75.7502
448.78	385.461
446.926	350.756
224.481	355.411
323.08	188.549
281.62	144.767
92.4078	481.761
90.8319	467.278
284.19	279.989
331.942	175.735
390.814	103.317
115.457	260.489
259.457	33.8941
232.189	293.063
119.847	96.5816
155.622	477.047
283.92	275.527
83.1095	202.775
415.164	354.532
106.728	253.611
68.4153	162.565
213.581	80.2148
383.636	186.333
268.172	160.264
93.6954	184.113
184.852	386.761
252.476	79.2187
185.286	381.985
259.798	402.659
392.382	337.23
195.302	114.852
349.522	370.091
487.055	401.701
472.208	69.0671
466.095	189.782
129.52	476.095
165.157	85.52
46.6636	157.924
235.262	54.8199
282.551	63.9245
446.361	391.857
350.482	351.13
256.712	39.0854
388.137	128.929
4.78264	250.419
24.9274	492.602
176.113	405.282
89.4885	175.376
153.414	101.38
352.659	215.69
202.164	390.766
223.954	370.352
50.6731	308.988
61.2092	308.653
451.232	303.869
246.84	283.482
189.338	25.0729
288.468	29.5481
185.608	262.498
414.192	65.9689
393.756	294.779
256.089	202.341
198.87	155.271
416.818	363.463
332.016	467.732
127.158	376.003
213.336	453.483
300.397	265.149
358.556	449.242
358.99	232.012
495.231	10.5808
374.344	98.2745
158.626	498.24
194.459	50.3289
210.989	384.61
438.775	167.824
379.012	133.135
192.681	338.48
94.7676	391.535
253.683	186.74
466.545	412.965
171.655	165.565
250.654	298.088
206.026	282.821
396.574	212.668
435.774	91.762
320.841	167.873
153.928	442.523
189.719	107.242
67.6845	3.13503
123.045	92.3301
175.817	348.541
352.601	111.952
88.2085	265.647
159.663	9.51998
370.132	351.829
371.627	252.381
73.0777	82.9583
163.105	408.547
429.718	450.873
210.504	172.333
429.202	395.627
422.965	372.134
488.392	286.855
309.571	184.159
288.439	98.2574
273.624	123.83
73.1251	20.9459
110.229	72.6107
422.837	494.25
474.137	468.974
458.543	67.639
180.388	478.408
263.294	409.235
74.2019	31.2586
50.2566	93.9159
6.18091	80.5049
66.831	26.6283
386.701	1.24589
446.791	380.717
53.0385	66.9689
64.8434	389.787
69.8745	465.282
365.434	333.436
488.334	189.531
160.936	200.283
467.768	458.784
289.678	194.937
485.489	250.972
455.358	59.2773
206.776	82.2743
308.761	54.2041
453.659	39.6926
450.093	44.4801
464.2	105.808
85.0633	171.301
59.2051	231.459
82.9108	423.288
350.382	148.157
64.8249	17.8305
467.029	406.084
171.7	179.617
82.383	373.665
168.278	393.714
330.941	87.2012
221.612	458.344
362.372	1.53935
61.598	280.321
488.411	53.0401
188.153	294.536
466.633	219.28
208.455	389.131
493.769	494.522
89.1369	13.3161
0.216925	363.826
10.8867	179.502
374.261	275.629
410.312	274.609
266.621	33.2893
23.5081	192.336
376.43	202.597
123.707	382.359
192.374	234.522
288.891	70.8074
68.7421	327.632
144.71	466.531
196.494	498.359
377.823	48.4296
466.885	306.814
186.316	387.463
268.932	361.137
255.389	82.2209
260.221	459.035
318.642	55.8197
94.0599	20.4752
394.885	204.142
4.78638	491.223
353.531	189.249
401.256	477.562
275.359	290.345
393.914	302.793
20.0743	374.731
249.587	59.6724
275.711	45.4706
209.155	80.4961
289.667	422.547
347.523	353.98
268.872	452.206
319.44	389.7
217.06	385.138
463.502	221.597
110.185	75.4747
130.646	172.949
261.655	298.836
302.374	182.123
343.32	382.662
392.653	325
180.827	271.165
70.1561	55.4749
458.499	297.575
495.839	303.62
370.251	369.923
372.427	471.839
198.515	423.154
387.193	109.291
224.367	359.877
68.4834	202.292
308.708	460.199
183.804	55.5974
381.707	479.332
124.32	171.611
157.366	467
278.77	334.585
130.981	461.582
40.5812	55.9725
196.781	496.646
425.593	185.299
366.181	236.089
36.9844	358.55
294.275	119.182
498.052	182.996
417.31	255.155
42.8548	484.647
247.153	171.749
241.762	297.959
180.151	426.59
81.6311	451.521
461.318	382.93
59.0689	332.856
369.754	50.3326
380.405	490.65
101.785	62.8911
370.3	7.64781
54.1195	491.827
467.384	248.152
395.864	388.144
386.402	234.317
468.133	412.708
405.896	373.147
357.491	442.759
481.025	177.573
225.679	76.4044
390.605	336.124
453.538	141.226
170.69	434.595
252.834	331.033
301.424	399.604
289.403	187.587
377.227	195.961
41.2147	294.611
169.149	217.742
60.7646	114.813
109.236	187.492
110.872	366.473
291.902	407.568
107.778	390.41
212.011	274.403
261.653	220.44
431.692	456.003
385.571	19.9303
427.362	497.553
489.017	404.961
241.158	288.368
268.768	464.786
276.489	144.796
121.413	297.144
176.417	30.4294
99.7936	356.861
92.3055	396.25
302.749	153.204
200.014	498.341
476.503	319.461
429.806	151.612
285.284	221.236
279.832	83.3463
98.9018	10.973
394.801	269.024
188.14	345.491
272.789	496.051
466.323	289.612
333.765	298.394
188.052	467.945
30.4763	498.179
169.453	79.0846
243.977	69.5887
354.33	405.093
236.965	74.7695
324.229	396.131
66.8222	498.464
65.2416	445.076
201.213	373.939
452.097	316.702
264.128	170.884
139.897	295.585
447.134	489.765
482.153	267.113
52.5886	49.1855
263.829	76.8572
151.669	294.838
166.735	291.383
80.4482	294.703
13.9072	61.8648
475.885	370.947
175.733	113.307
61.319	246.073
75.4303	424.971
484.386	98.6283
178.175	99.846
163.998	453.989
178.756	384.238
194.935	113.724
464.935	317.951
363.807	377.276
245.426	469.452
167.18	198.481
427.616	271.594
471.358	132.44
345.806	475.408
70.8868	5.13774
462.511	259.578
83.5983	44.6625
6.0828	283.52
493.632	290.524
282.04	175.15
281.496	433.107
400.119	93.7693
365.635	150.615
94.6047	332.713
177.28	107.726
317.02	266.346
173.895	219.081
21.9883	456.066
35.8302	171.514
253.775	440.459
53.9485	26.1289
247.885	281.478
371.335	21.5798
96.2012	117.397
474.898	354.763
489.472	481.145
460.347	391.258
97.7803	93.6164
133.082	357.438
491.33	88.5668
87.4499	145.915
183.659	215.997
230.235	376.747
288.028	167.752
408.51	57.8691
119.432	465.424
417.814	150.35
186.429	189.571
221.392	359.622
380.845	317.659
240.075	351.533
376.959	236.167
260.726	17.4013
280.591	223.382
224.439	76.7284
120.775	484.109
59.6682	402.827
272.325	444.337
429.164	393.95
367.561	275.223
332.258	179.993
477.416	182.43
439.8	296.451
272.845	143.533
407.417	462.957
223.305	259.91
316.36	473.957
417.103	192.424
471.792	250.969
313.477	54.2619
349.648	279.402
188.244	284.679
425.736	56.5184
381.964	492.409
409.3	267.067
300.834	160.278
55.6753	128.516
354.305	440.994
248.564	67.3052
289.976	172.598
266.544	424.177
261.937	460.236
124.843	71.5946
455.955	44.9302
245.841	66.2801
16.8906	461.834
242.84	80.0323
208.112	357.497
34.6434	379.197
253.845	422.353
95.673	253.15
288.873	481.303
337.115	353.617
193.384	315.805
231.005	250.309
66.909	243.707
213.359	165.189
73.0895	370.812
144.284	184.965
445.349	73.9735
287.888	277.623
344.419	157.057
158.243	90.9569
428.525	290.109
360.298	230.073
258.565	330.02
174.3	400.523
46.6937	393.667
209.299	386.617
171.253	464.594
489.498	395.337
398.609	295.364
214	97.693
309.306	271.764
152.58	92.2542
411.968	262.361
99.3891	176.629
415.343	86.4107
466.969	338.703
45.2119	297.004
238.405	269.457
177.186	137.405
235.521	467.287
45.9835	271.637
245.73	466.491
21.8468	152.472
362.155	386.572
474.978	24.5329
406.792	84.0253
425.346	376.705
327.087	355.832
194.548	367.749
451.362	239.737
70.9437	370.626
309.107	372
399.796	90.2486
162.055	4.28982
497.315	275.348
187.288	222.552
86.6654	474.725
262.395	10.8436
127.102	275.695
171.277	272.982
318.688	377.672
451.304	151.102
493.02	18.3619
244.701	489.055
65.3463	497.829
95.0989	423.638
189.646	151.334
52.157	371.014
286.5	414.587
280.967	480.978
283.995	213.062
407.847	375.74
351.552	180.43
302.779	58.0857
257.404	373.923
316.303	450.058
264.828	170.608
255.863	310.575
193.858	355.134
5.28738	493.297
85.3371	423.894
253.293	118.509
235.415	399.603
496.453	17.7859
250.148	411.093
2.46941	358.968
176.4	3.65392
179.963	285.757
102.996	474.567
396.399	156.876
383.244	154.034
335.686	293.305
73.6318	89.322
55.4227	359.019
464.963	326.014
60.269	82.2809
372.611	203.872
163.421	26.3983
349.65	451.498
364.283	300.761
61.3047	442.79
82.2493	448.375
277.593	460.603
385.36	256.44
360.534	258.098
241.472	354.521
296.56	314.908
460.702	125.832
63.1432	486.747
256.339	408.742
32.2008	483.958
394.523	379.837
379.684	358.857
361.552	261.264
301.682	285.735
258.527	63.8873
487.751	317.715
368.21	457.755
422.703	485.785
367.167	253.558
177.877	349.156
123.885	59.0883
126.858	192.325
328.714	367.411
244.552	266.57
373.723	391.493
366.304	92.8365
57.8955	76.2522
450.081	115.103
112.34	185.904
288.582	406.101
316.922	353.578
158.245	44.8953
172.402	174.125
463.484	494.982
180.275	381.995
56.0679	29.9399
168.452	165.435
6.80584	363.524
90.7005	387.408
457.114	315.949
286.087	334.73
60.7843	253.028
473.786	477.734
80.186	118.861
370.729	340.308
353.35	135.501
243.455	199.201
161.084	365.286
255.177	106.564
74.293	297.285
322.253	189.614
483.066	285.931
479.459	300.186
368.737	295.707
42.7125	380.767
88.559	50.9575
479.731	195.437
392.305	119.624
379.578	420.263
246.261	271.945
99.4204	456.917
34.3843	163.381
312.797	166.892
374.069	165.91
159.057	201.74
471.817	109.304
161.449	243.862
96.6341	233.345
488.914	430.636
285.423	377.315
41.0037	391.639
314.449	354.921
222.705	396.562
272.52	105.39
274.453	472.863
332.509	158.198
96.5219	431.72
292.44	204.731
296.492	300.229
429.577	370.076
35.4569	487.395
435.098	151.53
368.272	349.736
103.417	60.2405
214.068	281.285
258.608	254.845
186.463	318.773
488.387	352.269
153.791	201.612
492.259	5.51149
497.119	331.069
165.987	413.757
372.946	489.969
85.6654	355.745
484.077	136.21
308.729	50.9546
297.001	414.777
481.908	399.645
92.8913	63.5268
362.26	317.922
174.002	342.228
489.322	327.607
465.398	232.465
306.668	376.48
375.954	183.386
127.678	276.613
473.902	75.1336
449.982	290.545
450.446	294.525
338.14	373.769
252.168	473.62
179.49	361.014
253.253	138.938
136.499	265.343
121.25	88.0176
29.2114	386.447
183.302	31.711
395.117	418.656
422.618	479.173
341.426	176.969
72.5324	57.9117
225.009	287.304
11.8092	392.831
382.591	144.179
151.669	196.274
460.946	447.31
253.813	86.6875
195.506	436.966
382.891	405.308
308.855	63.6157
468.391	252.505
93.5749	482.977
335.744	477.997
192.758	281.524
317.864	364.031
42.7064	273.523
66.2891	83.0203
433.103	156.249
143.642	471.542
229.699	468.996
41.8918	253.902
91.3563	445.341
175.206	481.711
384.123	373.631
2.63008	367.786
52.051	391.897
66.7823	252.362
63.8455	365.458
264.948	252.893
428.385	461.49
70.8156	299.688
494.952	34.3197
167.718	191.165
471.06	91.1678
230.865	372.889
394.843	183.874
296.434	205.033
460.842	134.82
15.2878	497.865
160.786	242.558
54.683	112.554
293.54	289.16
72.7251	312.945
454.837	165.876
452.492	263.783
91.0604	475.514
260.89	476.598
299.297	467.309
154.725	140.826
155.784	237.14
173.929	383.835
282.217	277.774
270.972	347.771
109.568	57.0975
331.13	198.908
358.173	219.068
8.2719	257.852
278.5	304.761
128.106	76.3929
139.647	50.6683
440.621	271.455
374.721	431.277
260.73	386.17
239.592	491.846
363.947	76.5777
71.9721	439.249
348.548	494.675
80.279	320.786
390.893	185.857
93.84	307.254
266.942	7.88352
101.501	178.356
62.0255	309.229
11.8327	256.042
165.853	96.36
90.8416	122.873
463.558	87.8113
306.205	499.217
53.0929	276.936
8.84694	281.079
364.23	471.158
330.462	75.2201
301.323	369.284
401.293	377.302
215.515	451.572
306.419	458.211
404.752	99.3138
8.86243	362.689
110.406	259.058
265.375	112.204
1.00819	197.98
324.09	364.144
499.611	42.2287
436.596	393.765
262.292	481.827
457.285	325.015
473.941	458.22
155.184	29.669
195.342	54.4222
264.045	338.857
439.016	376.635
446.505	369.638
184.953	339.921
454.614	411.865
475.595	148.76
69.7888	435.993
493.427	381.166
192.302	147.494
12.5501	161.836
236.798	56.3272
71.0017	202.45
371.726	362.849
178.881	161.117
173.63	267.644
284.949	220.659
455.953	270.519
269.798	92.3035
322.382	75.8399
207.512	94.3189
473.185	480.862
447.11	275.835
389.787	449.264
362.763	41.9206
351.509	177.948
64.3495	410.166
48.1362	176.68
265.165	160.642
259.396	215.664
283.281	390.171
257.456	416.819
298.133	189.885
320.914	186.615
264.049	391.886
443.21	454.835
216.434	163.901
73.5121	446.377
167.769	69.5052
386.29	135.903
474.907	296.635
456.586	405.887
7.73918	371.301
56.931	413.684
196.071	114.164
88.5637	460.363
103.635	377.853
276.157	481.054
96.3188	405.205
296.694	392.405
73.299	466.952
29.7376	495.548
56.8617	45.3204
166.657	294.355
388.511	455.329
44.7183	250.83
375.618	181.698
270.742	441.825
461.933	469.416
127.805	60.4531
259.806	429.894
496.754	63.8833
91.0751	373.548
495.915	273.279
323.239	495.1
362.546	26.911
363.09	26.9564
431.444	351.351
120.373	479.075
287.725	372.059
268.691	292.183
419.819	92.9152
64.417	373.741
21.3821	186.858
114.852	176.11
83.6011	201.969
270.251	432.728
205.462	457.116
10.1576	165.975
421.77	399.361
469.168	9.79208
432.616	351.467
401.466	81.2325
276.468	386.39
182.397	151.879
363.865	457.071
382.776	333.128
327.027	70.1532
156.64	456.862
277.086	185.884
169.688	295.179
200.89	69.9087
24.3426	471.057
364.241	308.209
36.0664	90.3317
345.657	184.185
167.648	340.958
137.893	251.176
81.128	98.8409
266.462	135.268
8.07545	183.259
467.783	115.934
58.3693	46.8568
197.023	475.942
252.032	451.555
3.46542	293.879
494.69	124.52
68.0113	157.387
395.084	128.331
477.14	199.612
415.711	78.3102
362.166	378.152
240.077	98.3684
196.009	201.914
205.421	86.9575
384.739	459.464
431.99	287.137
57.2457	356.554
384.53	313.626
439.329	373.308
125.672	271.069
370.436	195.081
117.983	455.632
414.762	74.1735
68.046	381.597
353.248	20.2704
177.245	431.892
50.9603	173.54
165.486	238.431
308.97	50.5216
17.0766	360.424
480.875	250.935
60.385	39.4015
278.786	366.525
292.9	446.565
88.1369	115.856
366.084	55.6396
339.311	60.0196
486.494	111.342
343.217	172.254
206.04	272.479
387.784	270.32
74.0434	483.67
107.277	57.275
441.147	379.155
173.468	453.953
36.7985	180.627
105.296	178.732
209.589	467.231
285.344	136.846
129.22	59.0203
438.431	268.419
394.217	460.91
34.5404	265.786
64.4968	127.794
9.17217	92.1733
52.4358	177.605
180.352	246.362
494.012	115.49
370.366	163.276
134.24	478.038
297.509	46.4988
163.544	327.7
156.25	464.965
348.689	455.741
162.977	446.691
55.3835	397.292
27.5363	258.56
78.7322	461.926
464.895	109.914
462.284	16.4651
478.431	239.179
53.4395	50.4182
469.118	0.0221148
268.516	350.207
365.896	220.822
471.968	36.7227
126.883	161.376
258.324	323.287
387.77	316.787
251.223	291.149
380.018	416.57
98.6635	338.339
334.989	462.361
49.3396	369.023
432.809	294.186
379.777	414.748
458.666	250.188
460.002	360.883
297.728	470.74
56.6994	15.4183
71.3003	73.2441
121.938	389.261
50.5226	315.358
157.827	29.9524
411.062	170.212
255.488	6.19193
275.324	29.2908
296.515	103.235
151.426	273.036
167.506	389.62
153.466	211.694
260.69	161.893
388.847	201.654
497.337	389.604
242.338	59.4993
456.946	116.33
64.042	270.783
414.163	183.633
68.459	49.0212
363.914	314.849
219.854	282.548
400.135	492.713
92.1817	19.2782
326.988	477.998
106.54	153.788
370.087	385.061
87.4674	344.375
444.785	472.498
481.256	171.205
273.594	83.3371
239.966	288.993
483.267	408.549
456.337	455.345
303.618	262.652
68.6388	193.768
224.82	395.344
305.372	174.772
55.974	398.799
168.278	254.918
338.985	195.025
453.746	167.823
462.618	244.805
75.2859	73.3947
223.205	53.6995
52.1133	360.093
279.256	259.468
298.604	258.108
283.004	453.606
271.209	483.286
466.075	354.038
