Saved a vector of rrt <nodes> points.
X	Y
25	475
34.8856	473.492
40.4236	465.165
48.8327	459.754
56.9251	453.879
56.1827	443.906
58.1569	434.103
68.1403	433.527
72.2291	424.401
81.4601	420.556
79.5018	410.75
84.817	402.279
83.5862	392.355
65.466	459.08
85.3274	382.508
83.6635	372.647
81.9995	362.787
91.6901	360.318
71.9996	362.814
63.4876	468.882
98.2462	352.767
104.286	344.797
106.548	335.056
104.959	325.183
106.901	315.374
72.8777	472.321
116.502	336.017
115.104	309.653
125.972	339.229
112.086	300.119
134.011	345.177
143.984	344.447
115.582	290.751
123.884	285.176
133.804	283.915
102.467	297.386
151.071	351.502
91.4501	420.108
120.331	275.828
158.016	358.697
123.948	266.505
143.595	285.949
92.4711	297.687
152.788	282.012
167.407	362.133
127.316	257.089
125.355	247.284
102.124	316.874
121.24	238.169
162.297	278.917
117.126	229.055
53.0701	425.494
176.751	365.697
86.8389	289.424
91.6099	363.489
179.635	375.272
170.12	285.145
182.809	384.755
130.541	234.496
108.393	224.183
192.282	387.957
138.653	228.649
104.531	214.959
100.669	205.735
179.592	281.938
92.48	430.055
188.097	276.677
198.075	277.339
207.717	274.688
217.59	276.278
51.6808	415.591
202.272	388.41
210.002	394.754
219.305	398.421
75.7552	468.869
222.584	267.614
229.239	397.277
239.111	398.874
245.05	406.919
232.505	266.361
195.704	287.053
69.9589	353.025
242.049	269.347
254.189	402.859
261.332	409.858
67.8959	432.775
265.231	419.066
246.632	260.46
251.358	251.646
60.0575	351.623
261.071	254.024
274.633	415.659
69.8435	351.858
260.467	395.075
270.765	251.571
265.237	429.066
66.1893	426.77
134.666	219.478
95.4078	340.194
284.621	416.141
76.8483	288.991
41.7344	416.625
280.279	254.65
87.5665	373.725
289.397	407.355
139.697	210.836
299.308	406.025
148.039	216.351
68.3097	283.786
307.922	400.945
317.223	404.616
324.331	397.582
217.869	258.795
60.0329	278.174
177.458	393.203
290.246	253.84
300.151	252.463
92.4116	200.094
309.872	254.81
101.387	297.057
329.078	388.78
258.033	436.002
339.078	388.784
93.3888	312.006
147.796	211.207
58.7568	477.693
318.74	250.189
324.471	379.905
346.606	395.366
354.374	389.069
156.804	206.865
38.9827	407.011
345.542	405.309
359.88	380.72
100.316	304.414
250.618	442.712
85.1878	472.19
122.099	348.448
255.563	451.404
241.925	447.654
369.88	380.688
164.283	200.227
331.075	398.765
232.38	450.636
144.346	334.453
199.666	296.235
322.728	375.167
258.69	385.234
229.141	460.097
225.817	390.137
72.0316	286.148
214.936	249.235
312.359	264.496
154.26	280.835
33.9571	422.911
377.173	373.847
213.505	239.338
15.561	478.302
328.726	250.712
221.903	408.078
221.69	466.766
93.8253	467.151
206.223	254.143
180.487	356.421
316.662	414.6
51.6435	283.617
386.551	370.376
353.869	410.847
212.548	470.819
337.264	386.135
65.6255	293.827
101.929	433.328
31.4025	406.777
93.2969	389.967
393.369	377.691
394.345	364.111
401.553	383.438
219.509	477.998
79.3966	459.556
218.004	230.408
349.003	419.583
355.009	427.578
292.307	422.538
272.314	410.625
226.027	417.188
401.842	357.493
103.162	470.732
99.7345	229.187
258.7	460.899
363.513	432.84
401.605	393.438
87.2161	334.459
137.525	201.075
369.105	441.13
189.541	373.905
378.376	444.879
116.176	219.236
361.256	447.327
71.5454	431.338
89.7364	229.38
62.0722	364.017
372.247	365.144
137.315	256.995
105.806	300.341
318.227	366.237
22.9291	483.132
386.758	450.332
227.994	230.855
101.018	480.5
322.233	392.585
263.078	469.89
411.784	356.416
146.242	344.763
297.754	430.924
24.0521	424.286
36.4364	417.442
74.9914	276.346
316.524	417.039
263.396	479.885
309.09	362.172
213.329	391.501
113.121	469.83
421.256	359.623
31.4832	488.312
58.7758	432.949
272.1	465.576
151.478	335.008
396.368	453.097
123.029	468.472
64.2493	444.296
8.92486	470.822
236.899	226.304
254.786	376.028
91.5192	402.83
146.876	234.339
170.124	400.001
193.174	397.917
405.693	456.71
102.112	385.246
111.928	433.498
352.478	450.211
80.9357	224.631
293.004	259.18
234.138	394.388
410.885	397.163
220.552	425.556
372.516	452.982
238.71	216.469
242.714	279.325
233.729	463.687
352.845	436.829
172.559	205.841
65.6713	470.828
107.107	376.929
394.731	350.461
240.704	206.67
390.526	441.291
216.404	458.278
156.815	235.446
5.4706	461.437
265.218	261.772
50.065	352.01
105.048	489.652
65.8606	475.553
371.978	427.516
218.205	435.277
361.228	396.351
342.432	401.34
255.514	421.429
427.001	367.808
243.205	196.988
45.882	432.446
345.914	457.756
302.733	267.203
56.5417	268.804
265.61	271.765
26.0497	398.33
377.084	461.878
426.855	351.337
420.788	398.551
50.3187	260.976
193.268	303.92
430.78	398.962
71.5862	404.639
159.362	365.92
248.07	188.251
271.343	464.518
202.549	470.678
158.246	327.647
252.366	448.627
72.9611	449.205
318.111	272.676
75.8505	375.42
54.736	345.769
415.634	455.63
93.7949	385.705
115.766	479.474
275.21	274.566
440.497	401.324
244.518	178.903
337.02	462.327
247.457	169.345
414.544	465.57
237.47	169.072
88.8777	313.426
253.019	161.034
251.907	151.096
258.847	143.896
162.757	318.722
93.4558	305.74
422.704	471.35
442.777	411.061
301.015	368.07
260.712	134.072
117.858	250.84
243.225	146.135
237.642	137.838
430.445	477.681
82.9013	366.508
204.917	280.493
121.101	257.17
269.934	463.568
268.845	128.254
277.689	123.585
166.195	331.288
286.271	118.452
86.5829	409.775
257.1	412.187
274.53	284.543
333.973	408.336
71.5332	221.227
415.701	405.3
230.88	130.471
186.179	348.199
294.467	112.724
440.428	477.109
240.313	289.033
166.313	328.062
74.793	288.275
257.871	409.244
163.336	227.865
300.669	104.879
310.521	103.162
58.0354	281.076
295.825	359.523
39.1574	404.606
319.12	98.0587
195.777	345.392
105.808	432.348
82.2661	481.754
294.972	96.6611
74.4641	354.151
275.198	261.88
449.137	396.29
96.2442	323.512
55.6275	294.025
55.9132	406.53
230.211	120.494
284.128	287.352
249.56	367.502
296.161	440.796
436.841	350.824
231.28	110.551
223.544	104.214
243.893	134.247
192.682	469.055
273.379	480.466
326.366	104.95
63.8991	274.87
295.259	349.539
222.567	136.031
327.718	114.859
336.009	102.303
26.6218	491.522
46.4892	457.915
417.009	450.17
248.102	129.796
124.049	305.183
292.699	292.504
345.392	105.764
454.389	387.78
206.164	277.358
352.108	98.355
400.315	403.354
170.56	390.009
188.288	478.038
449.239	472.38
360.033	92.2563
289.815	88.0933
341.509	471.263
327.401	465.061
235.334	417.669
48.571	251.13
48.4335	338.005
424.952	406.871
285.572	429.93
282.207	81.6036
215.097	98.8611
38.8775	335.058
304.905	445.648
273.652	266.324
112.107	487.385
454.657	463.974
367.294	85.3802
212.937	138.723
71.7129	221.405
189.575	337.548
129.807	475.824
129.211	309.591
208.582	287.258
205.226	97.2619
197.658	331.661
284.99	71.9986
120.373	487.991
376.256	80.9445
366.59	99.807
295.534	409.903
17.2519	393.576
250.784	357.577
212.135	247.024
44.9893	419.435
356.777	82.8015
240.801	356.991
445.982	354.879
322.331	415.959
244.035	123.953
464.133	390.028
292.178	298.554
84.6864	436.321
243.45	264.136
118.622	426.069
289.775	292.992
383.334	73.8802
27.3154	472.367
426.006	445.803
330.888	124.343
64.338	214.282
375.542	104.263
58.442	206.205
393.171	72.0803
292.54	339.916
242.07	447.13
299.172	84.5657
348.506	77.1797
401.345	77.8404
161.27	350.284
372.947	470.982
97.407	414.937
233.348	195.298
208.481	227.358
322.761	412.504
279.595	63.5785
408.329	84.998
326.074	278.725
253.025	374.069
195.241	97.8109
414.637	92.7576
280.943	297.681
325.84	459.232
415.462	77.9894
333.614	133.964
121.995	244.986
425.413	78.9777
223.945	191.896
55.9458	219.72
189.405	89.6907
355.927	79.7024
305.029	435.242
342.317	473.351
421.544	99.9889
53.7577	303.849
166.629	403.81
173.422	387.324
429.24	69.7391
127.864	319.5
398.657	63.7193
322.255	129.39
463.141	458.681
232.004	361.745
50.1077	457.822
430.265	59.7918
255.045	390.344
136.096	303.483
153.439	207.15
454.284	360.454
370.335	112.8
340.613	141.106
243.365	143.924
196.585	407.317
180.099	86.0291
172.497	92.5258
89.654	336.726
136.737	354.799
398.921	53.7228
235.79	427.659
294.234	68.1865
173.163	78.8258
374.867	75.1495
163.352	76.8898
49.8636	201.066
224.061	270.084
190.445	282.437
170.463	413.045
276.3	304.274
387.113	357.593
272.561	453.919
89.4748	294.6
430.312	95.1805
354.292	399.005
424.946	109.392
36.9907	331.284
413.336	415.016
88.258	229.695
197.172	473.335
83.9629	446.295
382.888	63.8902
222.201	401.24
376.459	102.531
285.107	114.412
436.94	418.807
277.191	53.8717
434.941	109.051
40.0178	202.815
125.022	433.752
326.106	95.615
121.68	327.997
30.3947	200.096
208.959	471.635
123.945	425.927
320.035	467.956
219.813	417.788
27.0018	330.812
134.899	435.316
277.628	431.101
335.7	464.844
312.544	131.777
349.524	412.389
125.686	437.324
165.358	404.819
203.131	136.76
283.919	46.4732
297.663	293.412
154.415	322.307
370.248	445.628
234.713	151.383
31.9859	480.629
333.08	475.546
141.219	436.141
270.222	67.0645
216.376	111.187
377.389	55.5375
269.461	300.749
176.059	69.2543
99.263	458.758
354.592	372.233
197.245	249.74
97.4385	395.88
380.693	477.306
181.847	371.707
176.481	59.2633
175.715	281.865
277.202	111.995
104.675	309.12
428.932	49.881
53.8897	360.829
206.759	93.7778
404.01	395.728
50.5758	398.074
205.801	292.408
40.6066	481.13
41.0051	356.243
262.019	72.784
438.156	46.0187
216.421	185.308
227.128	381.542
39.762	418.728
419.978	442.389
83.6529	231.78
158.604	290.146
398.261	43.7446
440.544	401.62
39.0093	248.202
323.349	357.648
304.189	69.1376
303.146	264.363
442.677	115.387
291.193	39.6108
11.1289	392.642
155.51	343.27
414.965	109.995
452.057	111.92
164.633	343.451
270.126	46.7951
405.974	114.374
127.401	260.535
250.392	427.824
423.002	484.36
295.549	354.205
459.818	352.124
212.726	85.7532
114.764	383.36
41.6907	284.587
179.411	482.644
253.433	480.738
287.814	397.481
252.453	75.6971
188.652	105.333
361.359	385.737
385.351	97.956
192.121	241.152
368.971	476.15
72.6267	287.165
73.613	423.411
282.609	404.07
133.839	204.38
226.766	407.596
30.6927	417.893
184.2	52.9051
227.248	113.977
436.629	370.51
4.2825	470.012
171.244	314.252
310.199	141.498
92.2593	281.02
174.837	101.431
358.913	74.682
214.977	452.977
406.812	48.1237
329.168	483.11
271.955	464.009
168.213	53.6384
371.187	397.257
409.325	38.4445
125.175	276.273
140.538	309.461
445.944	124.839
68.7212	344.433
99.4186	395.571
441.797	133.939
44.7638	253.116
166.473	106.913
435.708	367.282
193.44	134.295
303.455	254.472
254.253	348.198
168.037	322.74
113.212	388.422
430.827	426.721
298.666	78.3962
451.7	359.797
262.886	162.659
443.822	143.731
349.102	135.82
411.546	28.6943
431.064	422.775
451.963	138.687
445.616	39.3596
401.419	403.613
100.969	343.809
162.957	333.989
180.8	44.3306
211.64	110.893
310.581	273.482
38.8368	366.005
179.304	291.846
282.086	466.1
29.144	210.017
135.132	347.282
435.562	149.369
182.456	204.412
111.655	326.009
45.2474	330.916
344.504	428.382
324.913	347.771
29.0974	246.877
175.675	491.919
370.5	419.741
212.447	253.044
215.627	145.572
245.396	68.6121
246.088	342.425
286.569	30.7439
470.48	397.755
293.56	345.568
265.753	74.4281
211.687	141.195
108.737	247.442
416.486	417.087
72.4096	267.359
74.2493	486.385
85.8886	289.341
129.877	435.599
72.3044	473.899
267.397	486.574
205.359	404.744
310.608	149.174
283.563	407.75
362.032	400.805
151.522	372.127
320.688	394.48
30.9088	419.03
242.64	58.9995
242.491	273.282
72.7314	228.569
231.053	377.856
256.123	476.945
396.618	86.6525
80.7137	368.596
67.896	358.751
126.579	487.797
159.673	219.052
172.954	38.1306
319.409	485.293
332.664	282.348
222.699	441.21
197.02	282.455
173.213	272.184
240.033	49.3451
40.8679	397.03
166.658	487.596
446.775	29.427
191.784	372.153
469.328	450.825
205.025	387.189
164.51	32.773
132.342	420.496
62.1672	374.016
61.8664	309.701
63.9374	273.892
221.498	427.098
211.574	484.085
107.12	366.929
241.586	249.521
131.202	444.042
163.758	22.8014
192.084	59.0567
429.409	422.245
139.425	303.311
461.135	142.672
244.037	484.162
10.8465	382.646
196.842	53.0338
264.127	439.026
58.5231	428.799
420.922	25.2166
65.7192	430.219
426.125	16.677
427.097	399.469
189.496	211.514
71.0981	209.666
186.991	42.8741
66.3999	492.581
172.768	18.4626
82.4973	305.725
422.594	397.685
276.12	43.2716
375.515	121.354
146.712	260.415
19.365	207.927
237.328	39.7181
151.578	230.856
462.056	111.826
369.544	129.376
410.741	22.5213
453.863	22.3725
142.053	375.344
61.1961	410.362
410.772	458.641
235.697	123.977
272.532	420.617
387.81	386.004
192.139	114.705
47.3011	202.705
177.051	361.172
73.42	350.467
131.886	451.763
257.429	399.27
343.337	77.4735
401.728	448.128
306.576	158.325
469.465	466.428
414.681	450.274
476.68	405.602
289.952	60.4782
310.724	490.248
401.109	94.3093
83.7529	322.013
207.469	180.853
70.3779	281.212
461.607	16.046
190.958	36.8946
156.887	399.504
47.7535	225.454
305.266	410.881
221.21	105.645
9.77116	486.456
344.323	99.6685
262.212	490.887
428.853	82.2539
57.8505	336.041
307.78	455.226
252.046	282.92
293.72	329.986
82.0716	224.692
352.917	452.551
468.556	476.386
475.214	483.848
221.075	413.873
14.6006	427.552
219.322	230.641
9.96976	372.684
365.649	428.662
83.1844	378.107
128.492	497.38
165.352	215.239
124.807	295.301
257.12	469.68
111.041	305.241
22.7993	239.11
238.517	398.034
166.163	481.339
199.72	64.8676
374.491	138.067
324.113	85.8157
300.413	166.2
274.526	78.5755
107.223	439.192
372.571	46.7746
157.764	475.913
386.054	381.772
306.574	407.475
35.5126	375.436
427.607	12.6602
204.876	220.201
245.113	391.029
289.857	419.278
236.037	298.073
424.508	364.275
57.9103	326.041
363.198	427.55
31.8048	286.093
203.183	341.584
146.768	221.266
312.931	462.535
210.469	470.346
48.2577	389.659
324.001	463.297
184.945	77.2817
292.818	307.517
468.474	357.132
297.829	153.479
253.535	163.416
266.398	37.5159
275.184	285.521
189.089	483.533
145.469	295.738
21.805	286.159
362.572	46.8829
235.215	280.045
222.214	285.144
38.4553	413.845
410.948	81.3575
348.241	437.308
361.291	481.473
206.906	257.212
184.75	139.243
417.44	480.253
57.6245	258.592
334.738	486.973
361.066	400.914
67.7111	215.261
8.98772	400.442
192.59	213.79
419.706	371.783
335.045	496.968
177.444	310.589
244.022	304.093
92.6377	204.706
326.428	110.474
182.767	18.3622
142.095	446.103
207.937	350.382
431.866	134.431
18.4144	367.328
0.165357	472.714
68.1225	436.963
210.238	193.168
271.553	423.764
485.011	400.071
437.29	10.164
428.003	53.2594
351.692	438.273
444.896	486.056
115.803	243.083
341.995	67.5639
163.608	394.812
273.169	441.351
248.353	114.934
238.234	75.591
257.184	83.9453
379.612	359.925
100.045	385.3
342.913	423.648
240.821	379.996
164.029	468.119
332.472	292.346
345.193	370.432
263.633	351.664
470.385	106.291
228.037	121
286.918	250.929
36.6453	294.844
371.491	137.134
327.379	391.226
396.394	111.507
462.199	383.005
135.534	375.854
390.416	359.922
183.813	138.306
127.99	224.966
278.617	133.542
201.52	369.874
446.254	355.107
468.754	23.0404
153.495	203.11
244.972	232.205
376.069	147.942
207.63	170.855
108.443	224.261
227.708	166.905
385.593	379.931
280.689	92.1814
181.531	379.213
118.652	498.158
66.4109	222.13
28.4615	378.685
74.4758	375.91
110.534	441.235
420.207	5.93403
5.25383	472.08
265.545	27.5523
287.922	152.119
314.236	84.248
477.882	353.743
65.2064	457.138
80.3143	210.145
145.197	340.724
222.206	135.931
408.129	358.144
123.959	219.347
187.993	275.173
182.745	9.08653
465.141	97.7772
65.7749	443.438
75.3843	316.538
304.277	348.484
464.565	18.4761
369.577	385.624
206.77	160.892
459.862	10.7635
289.645	436.414
336.113	366.243
127.175	281.503
286.162	20.7522
174.357	141.558
437.943	369.184
130.439	418.003
409.465	12.6031
126.029	472.534
373.883	367.446
470.434	138.995
476.532	16.7551
419.245	52.4851
288.15	354.082
82.1637	489.607
427.276	29.3946
240.483	82.8974
310.415	499.233
63.4189	378.648
227.201	142.782
468.433	375.186
81.5256	263.248
285.105	37.4659
400.701	413.587
353.801	440.041
20.7733	252.419
69.2541	471.478
301.805	76.6831
342.355	429.369
159.369	480.809
140.151	316.133
355.077	138.14
146.025	325.156
151.651	408.024
219.962	432.291
67.5223	305.745
43.6328	252.948
232.33	449.712
55.4192	210.476
457.776	149.424
140.901	363.89
308.592	421.506
401.387	423.563
62.4202	323.503
2.05188	377.321
396.057	413.437
11.5884	453.527
218.584	393.125
291.32	101.003
299.507	58.8589
410.556	57.0216
214.126	491.072
186.152	276.633
167.339	134.434
7.74294	387.233
301.11	40.8966
159.637	309.221
437.12	415.747
310.16	164.061
98.1811	481.647
136.461	298.036
423.697	32.2489
407.433	113.567
67.993	482.966
65.851	306.081
82.2625	382.681
120.206	211.674
132.245	309.938
455.994	459.827
46.2162	215.972
314.991	374.308
372.257	485.594
146.418	416.545
241.815	403.792
283.38	153.076
7.66725	402.011
359.791	37.2773
268.811	106.554
92.5771	485.188
203.372	73.2988
225.44	180.989
243.381	230.678
298.467	46.996
246.439	149.473
191.319	85.4392
175.812	295.722
379.326	482.211
131.436	427.157
307.662	293.29
191.34	415.831
159.231	459.345
306.529	481.171
391.069	404.965
475.301	442.805
431.454	11.3513
301.837	421.528
279.38	445.626
250.927	300.06
338.508	405.935
242.719	106.673
472.62	32.2628
291.366	251.198
66.8029	374.04
452.916	470.04
387.794	487.53
279.176	477.857
96.0454	383.494
224.025	463.096
461.653	402.453
158.378	239.594
364.727	38.4485
222.778	150.117
379.716	481.383
117.242	203.283
477.308	353.86
272.956	63.3772
21.7798	276.159
405.057	422.289
401.027	382.92
330.491	339.471
179.949	144.958
107.105	300.684
338.051	119.401
425.133	430.061
68.5009	466.526
390.707	37.1923
135.457	226.28
246.763	355.011
297.402	434.578
32.2505	475.896
256.414	31.6311
389.036	27.333
268.336	408.775
241.036	343.45
252.81	22.3033
434.299	17.6221
70.5212	475.36
203.158	279.577
285.603	338.605
193.639	469.648
319.654	100.723
160.445	300.444
384.963	402.449
212.268	253.154
406.762	65.0983
268.189	497.262
56.1914	476.148
427.019	134.209
457.241	354.516
478.001	145.533
197.308	129.452
191.644	92.8398
28.7894	287.215
71.4887	376.323
450.751	47.9406
195.793	129.859
251.095	311.162
478.514	144.811
433.266	132.515
367.64	404.984
87.4726	416.557
240.598	158.253
280.593	42.0818
354.914	148.139
485.856	391.894
123.241	310.304
168.112	334.209
445.702	462.646
328.859	253.04
474.744	388.709
242.144	333.235
64.2259	221.26
76.2704	348.166
33.6272	390.133
205.47	236.011
476.399	493.777
138.14	357.385
476.922	108.047
491.315	383.516
4.63237	466.844
279.379	305.879
304.512	471.885
80.8339	200.158
489.014	409.236
466.313	102.293
315.42	350.915
384.604	436.654
168.234	84.6745
336.547	59.1785
440.441	27.468
256.099	370.352
232.618	69.8475
169.782	271.955
48.7604	341.052
297.975	300.336
59.0661	306.9
423.879	372.563
306.664	460.289
429.708	424.578
293.578	159.429
205.67	387.49
220.201	269.999
70.4762	442.959
106.416	478.017
260.408	478.429
189.68	332.414
464.891	363.944
416.116	491.611
119.938	255.141
253.422	25.0436
211.662	452.793
189.093	395.772
487.805	391.352
182.825	403.564
42.0914	321.427
465.811	6.80094
175.904	336.195
295.901	397.716
314.787	387.066
64.7014	344.442
78.1633	351.78
479.326	464.765
229.631	410.18
202.692	450.159
176.241	154.245
209.651	337.966
338.296	424.272
314.908	423.175
489.224	463.343
407.639	478.269
372.04	369.437
141.219	455.88
384.481	137.627
314.65	90.0164
60.2952	304.483
223.915	373.144
120.359	242.941
56.4183	219.658
134.246	272.064
148.451	315.074
162.772	287.928
329.088	349.377
486.125	19.58
131.607	206.339
299.671	453.147
110.475	329.187
480.97	31.4965
346.883	409.041
218.467	445.097
456.882	479.22
412.254	355.072
132.231	243.565
204.09	60.7645
400.41	354.539
477.908	433.151
46.2539	250.805
96.611	272.017
270.418	98.774
290.159	111.739
196.771	160.725
466.536	474.881
393.523	141.899
481.031	112.966
45.1768	322.862
400.188	369.526
64.8766	215.846
262.615	21.962
416.364	82.2412
5.60411	404.725
458.794	96.5506
79.9148	432.539
488.676	37.8699
45.1433	308.928
490.237	116.87
193.094	365.573
130.313	312.587
290.168	94.5262
288.14	41.8373
361.166	400.301
479.637	9.819
107.558	333.345
92.6635	213.598
401.113	438.818
295.281	16.648
281.204	420.673
326.568	452.154
428.477	145.666
194.854	418.639
158.713	298.097
418.587	363.309
133.535	311.275
303.44	327.634
293.803	69.209
258.222	429.717
456.376	1.72484
180.232	194.663
203.224	45.3347
437.089	357.738
375.56	59.8903
292.186	388.987
243.912	347.686
11.8197	285.616
484.212	101.202
50.4738	416.249
303.833	292.702
147.539	417.299
179.755	271.176
450.103	9.65936
483.774	46.5859
331.337	102.014
243.29	19.2431
422.361	97.8568
496.089	108.761
213.752	328.845
464.688	369.264
485.496	438.331
80.7394	439.311
440.475	38.0183
183.307	288.751
193.886	340.986
164.539	450.87
387.805	383.966
109.244	428.193
252.741	442.11
190.472	102.352
82.1614	349.246
362.797	108.38
305.608	324.187
257.762	357.608
200.888	322.197
446.486	420.721
65.708	256.538
211.856	188.57
322.99	108.15
121.534	248.185
222.911	423.82
296.242	33.8667
100.621	444.924
184.959	22.9835
430.944	378.966
487.583	351.315
36.7038	277.763
193.449	446.344
142.285	360.149
52.0472	243.741
228.08	148.163
205.532	338.277
91.096	260.349
175.063	63.4586
479.357	19.9427
318.344	472.85
263.019	11.9702
70.831	410.747
346.497	390.036
437.289	116.509
193.209	151.381
261.22	431.665
284.35	454.303
316.663	288.931
9.8713	275.808
412.347	28.7883
250.109	99.9364
230.753	353.915
349.141	100.862
47.0516	392.855
225.906	102.81
137.922	277.438
172.982	409.018
462.392	394.9
217.42	233.642
367.639	356.269
281.097	162.812
237.791	44.6987
373.652	469.85
74.8152	355.244
456.782	370.499
366.997	81.8263
194.051	18.8195
51.1155	212.522
324.599	265.067
360.748	443.79
308.769	34.4674
159.422	494.499
38.0779	378.418
203.087	223.526
199.111	357.586
3.19494	412.196
302.566	364.315
488.528	55.3833
472.096	495.944
361.242	27.3831
197.703	307.445
474.387	352.799
399.227	382.632
432.357	389.712
272.622	356.046
169.816	403.635
74.7329	217.43
102.043	216.006
419.068	381.763
178.688	400.604
354.442	487.073
222.146	82.3985
364.926	56.602
497.509	457.742
46.9702	381.688
322.926	387.334
470.399	89.2712
401.614	45.3933
266.066	341.965
43.8933	230.113
112.842	371.486
228.721	34.6262
226.41	366.204
281.295	329.58
194.843	229.186
492.773	15.2644
268.951	309.514
62.388	262.178
485.886	18.0559
201.222	387.85
10.3711	479.999
143.434	328.082
476.74	410.705
286.919	426.36
41.2736	227.739
195.347	52.9307
481.875	499.676
334.115	402.923
183.575	416.243
92.5067	490.122
322.826	444.525
25.439	246.41
184.59	113.126
78.4315	240.308
155.856	246.529
372.322	43.8477
358.473	58.4857
337.558	370.729
300.013	26.101
295.177	6.64854
417.356	92.8751
189.785	196.828
183.66	448.388
305.453	160.45
352.99	72.1924
163.112	418.36
63.0262	302.639
393.659	421.391
278.249	364.312
411.394	1.20849
90.3338	392.829
18.026	326.403
43.1469	212.854
294.903	90.0227
195.519	378.729
11.0053	254.56
257.19	453.415
454.44	350.644
483.524	54.5309
229.385	479.568
113.55	301.83
492.995	443.333
71.8645	394.666
151.844	306.078
428.059	11.7211
5.36992	363.805
136.566	492.694
110.29	451.232
432.714	38.4617
293.284	149.837
442.151	45.2465
50.1157	372.368
467.455	129.45
123.534	220.596
298.168	486.656
122.268	249.368
201.443	411.687
178.018	382.1
164.655	418.685
49.1166	368.405
42.9425	400.487
220.687	286.759
237.788	275.551
208.166	215.86
339.619	91.2931
106.676	472.625
414.557	445.648
307.05	64.2793
417.588	478.395
91.1119	409.693
433.647	475.789
424.545	350.722
213.657	224.391
218.19	159.003
355.765	426.763
107.241	398.976
79.7889	321.686
494.863	459.826
167.04	427.002
352.286	133.829
401.101	406.933
46.1166	373.386
311.445	95.0834
38.056	436.85
455.309	396.772
106.246	357.078
261.074	374.725
280.521	105.037
238.632	10.3941
65.9471	393.854
320.651	295.509
25.2407	462.585
147.828	429.836
303.254	272.398
404.301	99.1118
305.883	306.457
194.382	465.021
190.571	458.274
438.041	132.882
472.774	369.432
178.128	268.669
24.7433	434.262
87.7246	206.482
69.8861	288.343
447.34	57.3407
165.02	374.165
49.5393	465.382
49.1442	306.734
204.002	17.8325
379.428	403.817
194.152	469.953
143.448	385.246
142.166	336.083
322.324	380.401
201.579	483.774
284.532	57.6785
114.133	385.28
487.032	444.336
2.8732	252.905
296.189	254.809
477.715	14.1501
317.359	368.341
33.0526	350.18
332.656	71.1382
388.221	422.968
94.4707	215.106
177.846	120.51
39.2871	454.173
233.304	243.917
217.612	445.562
422.128	369.3
476.707	372.542
223.3	359.802
122.426	388.304
187.053	381.283
385.553	69.5467
421.807	131.266
332.435	119.722
57.6401	451.216
369.617	147.768
254.371	82.2961
421.677	397.141
244.223	42.1409
241.511	489.397
9.36509	207.887
5.58384	401.118
336.103	119.649
139.833	322.988
181.992	460.566
334.463	402.264
107.902	217.818
79.926	440.27
360.334	17.4243
55.0485	469.582
183.161	482.42
3.86131	270.767
186.991	38.902
370.385	23.3332
224.468	225.059
232.498	389.188
412.316	490.753
306.878	22.3366
306.091	354.767
197.531	206.24
380.921	384.189
164.347	463.747
204.148	151.974
369.044	100.559
93.2063	417.963
3.93883	259.814
317.184	39.8699
335.234	92.2729
3.66798	484.812
135.476	427.706
266.948	105.55
251.47	44.2461
204.149	359.539
422.877	82.3113
55.1013	247.812
290.374	1.0579
470.812	413.373
461.602	5.50901
286.213	87.2333
490.137	396.044
311.455	363.91
94.9969	286.489
24.0131	436.496
167.251	499.676
115.1	296.073
480.884	383.766
93.856	216.61
103.223	250.092
208.416	335.121
171.481	326.502
158.378	386.289
422.562	355.523
184.718	185.726
72.0699	229.42
134.654	240.858
201.2	194.598
380.752	121.783
327.073	440.623
60.4468	447.806
171.394	400.622
31.3421	219.773
167.146	244.401
107.066	412.348
411.543	470.31
313.649	14.9775
295.86	490.072
7.80883	294.777
168.596	87.7891
52.4327	256.385
43.6887	362.489
378.851	367.337
146.134	383.44
403.118	139.083
317.386	479.431
36.6267	491.298
303.036	450.03
463.086	35.2798
430.031	139.489
277.654	411.67
320.983	277.392
292.505	356.761
292.577	139.862
401.395	1.34193
279.955	97.9017
65.5834	320.602
447.286	64.5818
358.168	30.0063
186.2	7.3056
473.839	52.0391
112.173	250.043
401.339	449.487
376.687	493.214
319.244	393.154
257.631	463.921
434.829	114.636
83.7931	285.227
168.749	353.643
340.036	49.8071
181.675	30.4086
223.99	187.673
99.6871	486.491
228.951	75.6725
198.575	27.7377
316.067	286.567
330.232	338.843
360.324	139.197
187.224	141.464
252.087	453.587
325.221	304.404
188.256	438.566
286.919	91.1796
66.0327	209.558
316.713	107.856
299.181	338.746
183.417	390.987
433.098	448.001
90.8991	348.228
223.655	397.998
110.134	358.882
392.485	5.88332
64.9487	438.128
293.067	135.979
49.4232	374.924
238.067	336.115
308.149	301.755
197.711	347.025
171.708	421.199
469.855	353.305
383.88	455.303
167.799	159.606
312.296	443.788
155.95	499.028
216.177	217.769
404.176	476.596
257.179	119.221
490.561	429.708
11.9573	291.384
243.895	204.683
433.45	121.404
279.684	478.898
321.329	414.473
176.602	458.693
499.418	448.637
429.676	8.5318
270.425	472.132
248.791	356.504
386.129	141.282
304.391	447.217
183.165	448.908
495.503	62.5491
312.948	308.745
325.336	433.128
4.64047	452.969
352.902	496.954
229.71	160.459
147.368	450.589
164.037	216.859
311.02	121.893
255.258	5.66345
115.739	494.289
382.145	123.545
204.99	93.9014
369.655	429.81
250.304	407.795
328.787	126.681
470.55	28.0552
149.805	327.227
215.367	408.658
162.299	87.4376
374.681	384.811
360.591	498.558
56.2177	466.021
217.834	263.472
41.9478	323.381
273.52	157.427
0.239277	387.869
354.324	141.622
27.9342	210.506
267.201	121.714
179.166	115.374
313.537	101.781
477.197	353.674
428.245	95.083
136.766	371.037
384.582	437.186
109.152	497.764
446.229	415.063
287.294	463.923
407.642	124.234
245.96	165.776
127.224	216.135
219.655	191.334
241.197	379.492
322.685	293.148
311.713	55.4329
102.55	298.549
206.221	372.616
480.827	24.5731
247.729	217.675
339.023	362.918
426.409	116.884
96.1486	297.883
443.169	127.955
430.87	66.5689
495.563	466.579
203.572	330.854
140.25	280.559
104.513	339.226
438.132	111.812
450.67	429.804
391.119	406.502
4.4212	243.026
43.0268	240.517
488.239	92.0481
299.786	323.528
496.595	68.0009
28.0125	322.224
258.838	359.207
444.493	106.751
153.079	361.708
208.761	75.106
320.884	110.033
167.311	10.0822
98.7681	312.765
89.7808	380.899
380.662	132.037
72.7267	474.684
439.038	112.932
151.115	313.853
132.824	276.106
304.056	93.8598
29.3175	497.738
71.1971	491.077
0.446362	203.364
56.6269	365.831
332.377	43.5069
359.814	129.423
74.2584	419.705
228.7	24.6262
237.829	355.724
175.593	14.8251
496.153	23.5395
292.948	16.364
256.37	307.566
183.575	402.478
485.201	484.362
255.899	143.305
90.1485	425.03
206.646	150.137
383.827	413.345
375.9	392.567
167.291	246.225
251.699	363.609
232.909	134.04
392.042	459.651
316.064	129.038
472.974	377.826
393.6	100.226
32.3478	225.002
444.256	359.638
378.443	414.654
154.92	486.93
208.237	176.078
48.2869	409.964
469.576	48.9528
178.932	421.647
220.041	328.348
68.1901	298.729
109.313	330.033
176.48	297.9
182.483	208.144
421.948	121.423
25.3586	477.946
264.549	318.493
88.4988	472.304
225.297	65.1068
329.304	142.988
425.507	416.989
263.201	256.655
115.857	499.709
166.084	103.455
368.89	44.3576
184.048	387.329
278.106	498.545
10.3877	387.273
264.384	305.705
378.319	360.821
308.329	53.9416
233.836	355.25
472.238	405.685
100.871	356.829
5.1346	459.874
144.832	275.166
250.057	476.632
312.683	438.997
234.429	32.2341
290.183	103.455
126.817	233.3
470.057	361.051
497.289	54.6217
411.645	417.118
89.0727	327.796
450.582	494.282
334.378	33.7093
247.996	174.392
13.7954	317.342
380.682	448.191
66.1111	435.452
492.005	76.8854
11.9759	465.697
310.6	123.482
17.8254	297.115
69.7792	451.161
29.928	416.626
105.165	375.085
283.693	8.49815
150.876	317.603
94.4394	261.435
68.8222	297.846
385.119	23.4038
62.2435	252.264
66.3815	297.901
127.054	408.593
128.714	242.558
338.703	436.634
145.289	340.802
156.848	491.555
188.55	223.221
224.109	490.489
248.414	496.603
235.658	136.673
471.169	109.599
124.831	348.131
45.2553	201.634
383.171	56.143
293.218	166.214
413.02	387.846
354.114	73.0423
158.454	328.448
481.05	19.5711
456.402	149.444
255.188	411.846
151.992	483.094
440.708	375.546
259.293	496.871
176.214	202.355
111.679	371.475
252.054	142.157
188.027	490.452
158.693	318.178
177.815	24.2881
456.444	97.3278
53.9723	390.298
397.091	36.656
430.432	410.161
177.813	90.0369
453.771	35.3554
474.67	419.738
426.605	36.5824
36.6518	478.588
228.803	15.1552
397.98	388.836
174.839	384.055
259.214	499.34
237.439	80.3129
202.044	257.663
46.3151	400.329
263.512	127.535
367.378	435.43
233.927	46.1136
365.677	81.6852
30.9501	485.568
478.53	462.455
89.4331	305.108
451.576	382.919
92.2352	494.57
252.877	386.968
124.419	270.124
449.97	463.359
82.9878	481.825
91.8112	404.188
409.221	122.686
27.8332	273.299
288.046	467.395
295.77	466.789
207.618	259.369
378.121	488.018
236.503	7.77675
273.982	96.0253
148.215	308.481
57.5486	446.32
247.713	31.7943
180.407	209.265
405.835	97.581
223.541	490.146
468.127	26.236
125.421	209.053
108.424	375.082
99.3763	443.644
41.6934	262.383
56.4667	493.735
261.872	423.554
31.0413	312.694
105.418	205.897
270.95	373.154
364.427	420.952
353.663	71.4141
292.823	292.289
418.815	143.089
296.797	422.55
315.744	316.469
264.252	462.238
199.958	455.929
83.995	288.468
243.97	215.373
70.2212	453.379
430.867	418.843
435.026	362.036
392.085	469.65
268.132	421.286
219.671	375.057
253.886	444.584
427.198	446.475
1.34265	399.386
119.743	389.639
444.518	112.276
83.6666	242.946
346.009	66.3095
492.421	360.067
379.371	364.37
226.639	279.449
423.721	86.019
394.022	403.977
345.996	52.0845
212.665	94.2679
394.259	28.7508
385.442	135.697
289.931	363.192
90.6599	203.811
32.1542	425.697
365.877	9.10101
389.501	120.181
70.9693	361.592
53.137	395.836
349.749	439.21
358.357	438.895
167.633	435.844
41.6448	325.636
433.46	0.757168
333.963	23.7179
409.544	70.5956
10.5384	281.049
35.7784	290.398
479.212	24.2093
159.661	224.384
437.341	39.8727
491.269	102.786
296.673	57.0663
34.1828	317.257
407.897	418.28
270.074	489.559
192.688	250.659
210.506	92.4219
206.22	222.67
172.14	141.179
428.889	443.586
208.003	493.219
194.597	14.4965
106.622	211.049
55.3236	339.596
479.042	454.629
150.347	236.09
342.951	139.924
455.142	148.284
406.212	472.354
226.931	260.636
376.063	484.321
320.156	163.784
338.221	386.396
306.039	409.044
238.913	196.686
131.112	220.428
449.903	62.8368
182.35	472.025
37.6454	365.186
435.65	359.003
158.33	413.952
345.361	100.08
433.536	104.846
357.639	356.329
66.2449	210.132
241.267	282.823
194.194	26.5749
91.2043	243.713
247.859	30.5951
198.08	139.646
54.3864	242.627
111.297	469.475
398.583	79.1446
1.44444	461.274
24.7249	323.182
485.62	427.759
190.543	177.597
317.475	129.903
360.056	389.608
162.945	288.266
236.161	99.1224
7.22249	265.586
305.664	151.682
222.87	92.1665
67.8573	447.045
8.76925	427.078
81.8002	284.041
330.194	105.375
181.579	135.65
9.26937	331.232
153.264	346.353
448.857	119.699
155.137	430.742
164.442	35.6828
199.281	145.723
206.737	54.1885
82.4277	329.325
163.51	466.966
312.45	394.59
336.453	351.146
244.821	261.798
80.1662	417.288
236.212	120.324
499.202	465.61
88.3299	493.529
199.57	190.564
335.674	37.6313
146.316	406.436
334.67	130.913
237.87	101.103
74.0117	443.777
195.028	371.59
361.298	0.211307
31.0528	477.984
231.298	112.27
41.1891	237.464
290.661	468.452
467.992	24.5427
432.371	116.739
78.65	254.425
211.171	400.211
331.761	70.9095
241.441	197.431
301.024	342.965
392.505	493.223
141.679	349.022
45.1238	384.644
115.947	299.816
91.8964	390.587
391.896	388.227
309.271	343.638
232.215	119.569
95.2328	391.867
185.58	179.474
118.974	304.873
420.836	43.5661
144.383	230.65
324.612	48.7787
27.1324	497.994
140.39	341.197
362.693	138.053
398.909	364.767
376.188	148.853
178.165	158.042
256.229	17.335
409.642	145.408
197.622	82.2949
405.751	76.7394
104.266	415.128
447.204	116.745
40.1551	474.792
212.106	337.081
146.41	253.779
149.113	426.5
465.226	80.7129
289.082	133.077
343.273	98.9655
265.24	259.958
215.294	370.541
458.642	93.9046
187.56	212.085
286.792	73.3249
162.501	332.981
488.223	55.8605
314.44	404.913
124.489	223.847
139.964	348.566
237.579	90.4285
399.545	378.151
136.596	285.12
372.161	481.123
429.587	0.959587
173.342	383.392
441.586	498.649
58.7951	353.057
411.801	403.095
328.955	344.428
401.141	377.383
389.351	134.318
486.035	479.709
228.308	468.939
2.01094	362.734
395.259	107.945
159.384	341.326
184.293	118.911
422.777	58.2229
160.291	434.799
273.946	101.252
140.828	329.244
8.69009	448.814
15.0452	333.179
479.518	57.2304
387.349	99.468
472.585	119.499
255.924	453.546
432.22	450.758
294.106	383.718
265.723	382.29
488.5	144.282
248.736	85.6705
361.187	43.3198
367.006	9.97938
123.319	312.794
397.507	7.21698
464.23	97.5927
136.308	227.297
241.466	396.412
225.669	114.914
234.037	255.087
412.226	42.1507
423.684	138.221
492.007	5.29375
85.2958	462.842
351.815	481.145
271.28	252.341
3.0721	352.79
367.045	374.227
67.2189	291.104
67.5995	359.35
296.78	91.5005
217.305	445.747
101.875	325.036
127.479	367.327
309.73	281.98
405.019	45.5005
431.005	474.442
27.0867	428.665
284.27	312.8
38.0213	233.153
67.2624	210.335
150.436	359.769
271.144	322.754
191.296	332.915
478.339	13.0291
138.44	290.207
197.753	42.6493
371.186	75.453
184.633	488.651
198.615	86.3626
113.949	266.683
124.457	308.308
171.126	252.751
354.788	146.679
235.22	305.752
165.101	7.35897
44.8851	238.162
268.407	36.1394
477.96	424.357
239.784	447.592
223.91	136.531
55.1151	254.449
301.32	11.0097
375.386	380.914
203.499	419.567
465.395	423.475
333.33	424.208
291.069	355.776
185.884	376.505
405.068	69.4654
319.866	411.938
135.979	467.956
497.333	139.595
413.45	466.79
310.951	328.804
288.362	278.293
276.962	349.46
46.6123	259.454
294.44	489.525
203.629	135.172
141.031	469.078
414.729	396.687
188.465	186.405
169.467	400.203
295.012	33.6935
401.616	419.137
293.099	445.455
258.105	21.4711
271.304	290.953
360.746	145.563
352.878	27.4414
426.75	477.393
78.364	279.597
482.885	140.008
242.586	381.279
260.544	387.822
209.625	471.837
469.238	350.317
69.4013	496.073
496.537	72.7954
309.591	343.224
450.7	473.04
440.148	382.318
329.508	374.488
74.8251	317.184
143.532	428.833
210.015	356.262
334.193	137.105
329.838	288.427
40.1434	385.219
174.242	110.336
15.8594	422.582
264.893	291.291
339.576	15.4418
198.319	25.8566
66.8812	311.466
119.547	405.929
200.694	74.7871
314.806	440.381
33.5189	296.311
168.242	257.147
350.441	462.35
283.103	479.616
296.797	154.307
108.926	283.288
17.4359	281.536
366.498	48.3661
214.27	383.54
465.979	479.121
219.519	190.294
416.077	375.574
388.868	31.7901
21.7228	466.227
122.185	437.838
354.662	350.806
171.381	314.906
221.883	494.903
19.492	397.686
84.1564	268.159
174.809	322.925
317.321	142.147
257.066	337.607
286.045	293.533
473.221	410.758
29.894	202.74
443.102	460.559
311.292	155.495
430.439	387.652
239.835	10.8209
119.416	238.024
15.4422	441.025
203.91	165.093
221.17	17.5572
410.263	368.115
142.217	329.457
216.267	322.53
161.355	252.422
460.105	149.931
198.879	347.24
351.348	442.245
479.812	89.5841
211.555	195.851
173.288	62.7134
82.4331	346.188
327.335	454.199
349.098	442.018
328.983	379.161
268.4	118.635
190.433	26.7113
327.727	427.684
58.4672	375.734
224.423	271.471
149.874	357.941
12.2711	215.652
472.395	394.721
280.372	25.7301
165.18	307.613
286.588	468.547
449.99	47.0126
211.744	162.005
217.739	24.4327
391.01	140.825
263.536	261.403
368.976	394.144
487.563	103.634
235.897	195.17
173.602	399.215
167.814	340.136
155.518	209.565
12.0517	335.551
61.7208	406.903
300.478	442.855
34.7407	243.868
483.447	400.432
223.619	373.702
120.264	483.991
326.19	401.805
479.957	422.889
360.872	400.513
17.2253	240.645
480.827	387.716
81.2385	485.708
235.297	325.948
410.727	22.2577
206.721	346.003
204.056	429.551
445.51	402.966
411.594	394.03
426.306	357.067
482.756	371.317
204.254	69.9393
179.063	436.927
242.254	384.237
475.674	64.1755
334.036	16.7033
169.068	43.8776
204.165	349.53
441.753	72.9113
63.3424	355.003
188.534	137.938
61.9505	432.49
165.208	347.625
299.278	157.745
58.7311	200.527
192.02	207.823
195.889	462.326
79.4114	425.036
292.386	317.816
233.808	239.419
28.6716	272.811
468.535	55.8705
486.508	378.529
179.344	209.241
383.922	63.901
496.034	416.357
115.415	377.337
33.1954	214.567
493.788	480.846
314.023	479.695
147.907	340.403
410.739	391.64
195.361	221.983
252.093	120.034
250.388	342.996
103.205	487.126
394.906	3.94406
218.7	202.847
385.898	83.4561
497.585	83.404
396.409	432.443
55.1005	464.382
359.787	47.0227
364.26	430.168
143.644	475.551
189.227	122.898
491.379	460.846
437.507	61.8624
338.417	116.73
335.881	111.519
461.875	362.791
250.136	307.386
448.5	132.027
266.039	350.004
190.58	134.807
309.022	47.5114
164.267	258.054
312.623	289.065
275.784	439.403
199.36	113.404
157.791	392.722
399.705	55.5565
65.8327	352.646
390.226	356.683
380.413	432.674
210.086	107.755
138.846	303.152
103.683	382.676
110.496	295.463
290.052	352.33
289.625	137.643
356.346	74.1356
312.807	353.443
169.321	18.5552
149.296	446.73
257.032	352.533
235.387	139.847
225.644	418.515
263.297	263.316
383.493	71.7951
161.635	491.504
404.759	80.2994
305.422	57.5258
478.301	461.771
433.086	389.747
239.237	241.905
273.746	7.46407
68.9457	233.621
261.342	329.476
333.216	78.6451
185.753	155.092
382.363	426.425
350.161	62.2346
58.3137	294.452
247.458	239.328
213.344	97.6667
11.3782	496.326
193.505	125.923
326.216	341.766
221.23	410.544
185.31	248.922
470.17	16.6947
383.11	425.516
354.913	87.3679
269.237	70.1065
187.013	123.013
25.3794	251.741
114.2	385.445
88.39	218.975
347.485	354.079
52.1905	497.275
277.668	377.914
134.468	338.451
461.445	473.888
266.547	372.049
236.986	180.816
186.111	420.623
237.668	391.936
228.871	76.8562
173.203	328.241
167.41	21.997
419.81	72.533
355.631	372.238
134.123	333.564
108.174	243.09
112.404	371.396
245.325	202.796
361.102	469.979
385.034	398.301
10.4954	431.994
334.261	124.931
282.718	14.1626
215.856	103.811
49.3363	364.132
281.904	45.7848
225.083	25.2133
170.372	391.28
122.204	446.135
249.328	400.601
162.147	302.761
200.729	194.969
413.227	38.9618
326.39	40.9367
236.853	74.8298
437.96	490.245
72.6355	399.197
236.219	260.828
12.6594	250.425
246.706	197.834
179.538	434.522
321.303	436.935
255.468	312.454
283.198	256.195
387.412	431.577
309.187	461.322
284.596	429.329
444.439	351.203
378.619	101.593
41.0347	204.043
492.401	409.725
261.079	306.026
372.099	75.4005
115.87	370.981
206.355	416.601
368.507	389.888
208.918	141.166
414.795	464.148
79.1829	230.61
103.518	410.949
191.409	61.3357
397.811	16.2872
23.1257	329.767
280.414	435.045
100.654	452.149
222.584	491.069
386.802	391.208
249.997	23.9197
360.783	359.154
199.766	50.3394
299.972	258.572
308.049	106.206
174.957	428.841
209.525	388.407
20.6191	487.631
288.179	150.898
279.087	250.614
84.6349	419.672
413.709	492.416
314.192	74.2801
474.341	413.347
258.023	440.697
244.745	314.828
389.323	394.664
372.467	96.4827
155.906	353.792
400.716	437.623
314.873	42.9136
267.156	98.9097
205.444	249.643
215.595	95.6036
184.744	205.588
255.007	430.026
405.399	367.796
106.254	479.491
285.914	430.003
145.353	321.243
26.5856	315.684
302.695	125.168
135.25	340.666
279.135	409.826
226.739	144.735
454.072	38.5615
235.207	123.614
276.074	327.038
67.8484	217.121
369.895	368.221
322.863	339.332
122.51	492.938
344.672	411.548
315.83	426.817
284.919	261.11
204.105	273.004
368.513	136.479
389.501	53.3222
498.254	10.0205
63.5515	203.345
481.69	83.7446
175.672	36.1439
146.748	249.143
349.118	434.923
126.508	360.979
498.36	136.014
483.29	370.126
117.341	214.505
59.8763	206.466
175.981	110.132
85.7249	288.576
143.495	454.443
264.251	445.855
238.493	433.606
150.204	275.547
433.562	413.141
318.531	362.26
452.355	68.8325
463.553	84.4022
6.22551	486.639
26.6303	221.124
197.709	206.501
168.716	250.207
302.946	263.973
490.178	126.436
452.916	47.8187
85.1565	459.661
204.746	31.4706
159.018	295.495
217.229	441.727
362.32	116.635
275.252	42.2925
376.932	398.966
83.7468	211.074
164.557	215.551
466.853	87.3094
92.8624	345.801
488.965	489.459
391.718	390.9
236.62	49.5296
387.218	415.194
299.404	58.9993
103.741	329.488
209.479	48.0376
304.629	340.177
27.2852	350.009
190.701	191.724
417.795	51.6526
444.139	463.196
216.771	390.439
42.8354	367.017
246.206	209.635
192.382	37.3168
355.572	92.3236
30.1251	462.599
201.745	406.822
453.552	463.689
15.5851	374.588
171.145	99.1718
411.625	56.2494
90.503	306.25
45.6989	448.621
158.731	201.021
104.644	277.224
408.786	403.688
349.93	466.354
492.001	7.51302
476.277	102.106
146.404	483.168
16.7264	343.189
334.08	64.3469
324.899	50.7437
154.462	377.343
358.812	61.8805
222.458	396.197
373.221	90.9002
127.343	367.681
301.322	416.835
382.31	452.062
225.059	150.418
175.244	493.33
142.387	233.446
102.013	317.606
382.491	419.256
463.684	51.6235
55.1183	427.212
386.158	81.6924
291.399	348.616
341.212	469.874
214.692	132.738
487.285	99.5768
290.717	449.843
35.9061	204.061
95.5954	477.833
364.794	147.717
157.342	485.422
339.684	120.709
288.952	139.041
195.046	307.288
341.947	48.4517
414.816	439.221
149.62	451.52
443.828	82.2301
488.73	459.275
179.821	137.299
433.782	40.4623
300.34	135.077
275.345	7.94172
491.802	63.1194
68.6864	311.912
264.592	55.1244
102.73	332.179
451.699	421.189
26.8573	351.552
316.162	299.283
194.797	392.701
301.379	77.5775
204.065	193.117
274.975	289.474
305.04	101.723
307.965	161.214
375.766	366.609
225.378	232.925
25.9219	309.225
231.012	393.515
481.815	24.5357
203.297	278.13
29.2576	329.343
222.707	97.8289
458.534	481.999
81.5812	473.389
64.4455	440.356
174.104	275.878
85.8594	211.021
404.564	419.412
351.116	479.693
172.407	237.009
193.031	321.418
240.413	303.741
227.712	239.725
39.4781	294.381
258.392	436.819
393.151	449.045
252.583	376.022
459.79	404.267
225.916	442.473
73.1842	405.218
169.772	79.6884
191.777	96.7575
455.157	90.2868
495.613	456.122
348.551	31.7
376.706	31.0822
498.519	427.512
173.635	44.5144
239.838	229.598
300.594	313.596
75.3083	343.993
38.4778	246.229
480.833	409.219
3.98355	497.6
84.1669	242.597
170.838	263.241
186.133	492.741
116.116	264.312
24.1116	285.815
178.827	98.9416
352.875	62.1073
249.859	75.8474
200.362	463.402
400.096	481.878
108.214	203.346
402.658	456.229
180.602	40.8876
130.756	283.418
60.3938	204.176
204.878	493.527
89.3487	440.371
320.359	122.804
307.955	74.336
497.832	7.69694
440.744	366.343
105.794	289.391
347.813	415.817
278.103	155.86
132.334	491.01
273.32	149.038
393.425	464.401
111.15	431.867
310.191	450.224
460.474	382.945
172.465	71.0853
230.569	247.381
272.14	447.013
43.534	221.498
209.598	338.729
352.273	447.214
393.289	63.4074
223.367	82.9314
322.668	304.968
92.9861	442.115
278.039	420.137
25.7509	371.774
270.18	68.2895
245.263	456.016
468.854	400.91
236.27	441.107
273.198	34.0196
451.019	117.374
303.166	466.542
412.645	70.3361
351.623	131.203
188.124	408.187
369.556	492.306
341.478	80.0173
219.465	482.639
440.627	408.989
249.069	303.512
274.472	380.358
314.806	5.04465
185.828	337.599
328.038	382.446
360.917	492.845
340.541	49.0034
467.519	7.12809
87.2719	479.375
222.898	358.731
435.634	459.63
420.482	390.569
282.987	250.042
307.831	8.12851
157.883	282.131
294.106	59.5193
53.6355	294.18
175.938	290.382
185.071	484.84
54.6151	484.644
205.947	390.437
112.663	294.94
412.778	424.011
464.29	73.9395
295.597	71.9925
380.03	455.785
489.521	467.716
190.343	47.2295
147.982	415.966
136.739	496.626
452.083	50.0073
170.239	131.417
169.806	33.8777
438.378	466.586
313.661	287.893
200.319	48.3576
346.58	367.048
306.181	126.812
125.077	433.074
235.336	244.263
26.2791	499.225
187.729	72.9635
270.268	340.799
46.5605	290.507
409.319	444.144
317.471	154.406
344.834	375.956
472.19	427.14
400.348	141.387
481.713	20.8168
196.497	354.457
239.115	402.284
193.016	69.8543
22.4623	342.289
366.649	15.4423
412.984	97.9235
193.581	408.122
127.244	376.795
91.4117	249.76
299.804	90.3268
325.088	303.925
151.445	314.378
317.177	290.405
18.8653	482.776
400.733	8.35166
231.501	25.0963
93.7945	449.944
489.555	87.4411
327.175	382.053
101.022	493.284
230.508	324.917
31.4858	234.787
256.891	379.612
42.3146	277.96
257.975	437.104
99.0441	267.805
195.007	257.118
211.638	126.869
338.596	112.373
292.675	275.38
94.5906	241.485
171.95	288.261
333.078	89.3948
489.91	409.761
308.203	406.481
44.4627	325.106
337.345	411.358
456.311	72.6663
229.232	204.412
30.3455	360.473
93.4596	216.083
143.538	364.095
430.588	433.841
173.337	187.42
46.3175	221.63
406.482	96.1977
353.696	351.309
84.0607	269.233
109.75	331.275
318.975	92.5878
10.7505	382.384
207.695	406.091
201.508	79.2999
198.206	181.34
248.06	201.265
80.3163	322.53
483.281	362.633
181.956	444.968
181.763	460.935
169.519	443.052
175.461	216.692
25.4088	356.188
271.161	52.7208
467.917	13.7608
194.02	369.323
476.695	102.036
461.959	14.3663
288.555	479.36
114.272	446.026
184.375	361.017
384.72	487.09
21.331	308.197
132.309	431.301
201.219	99.5487
332.608	6.80584
303.78	473.103
234.101	387.155
189.598	347.549
226.557	354.07
231.666	452.127
360.116	470.512
424.158	399.06
5.5816	268.942
465.377	85.7086
424.458	19.0452
385.492	81.2664
210.371	461.52
263.299	250.403
23.0697	240.733
331.426	300.921
251.57	110.23
154.162	447.188
207.479	155.489
302.854	408.777
320.002	34.2502
185.431	497.744
393.33	404.615
13.3901	310.17
358.703	74.9443
442.063	396.339
258.352	118.4
73.5504	253.683
288.091	134.96
359.267	491.374
177.168	134.788
304.943	32.8059
75.0662	334.811
296.744	336.698
175.66	245.724
399.616	473.791
364.539	398.943
226.643	222.436
232.224	216.674
231.432	205.074
347.838	108.201
47.4552	200.637
53.8323	264.408
270.058	154.166
397.471	391.472
258.691	138.582
260.556	461.575
23.012	272.661
105.215	331.753
89.6331	244.598
101.747	456.152
424.972	140.753
62.5771	473.376
299.868	26.2181
24.2675	367.995
44.983	417.173
324.479	333.44
211.076	383.05
278.14	115.996
479.381	1.95806
439.255	47.1628
209.828	244.715
162.184	270.019
233.402	397.354
436.748	363.893
242.777	40.1274
210.4	221.231
58.1397	479.269
106.153	234.699
58.2647	336.275
297.373	155.93
240.983	401.331
330.299	115.545
411.321	468.525
305.953	112.459
459.464	20.7991
328.649	349.733
398.364	105.103
381.324	16.119
384.589	497.357
282.34	449.906
206.283	101.831
457.771	359.905
207.211	127.303
341.488	356.619
147.615	397.797
79.7314	252.9
67.4921	319.174
65.8436	363.759
406.979	359.616
284.761	349.764
194.293	460.359
474.635	100.192
273.057	471.952
441.43	13.7589
118.133	241.552
241.402	114.059
24.0295	446.496
170.464	367.26
55.7755	283.498
86.8762	381.313
463.619	355.824
180.595	493.591
98.0514	247.478
94.3376	363.315
480.786	491.447
456.383	22.5588
427.127	145.609
236.631	261.956
417.502	16.8474
453.645	431.102
385.49	135.97
2.26675	472.573
217.676	156.132
153.473	492.87
431.983	96.7189
209.483	287.985
431.826	397.362
160.168	448.616
367.036	382.778
274.113	149.402
116.569	240.661
228.243	380.855
68.6253	332.035
283.435	352.384
12.8087	435.317
460.015	97.0651
266.076	300.73
25.8197	210.755
241.577	262.096
224.86	352.978
174.419	4.69856
380.009	381.627
492.522	1.18221
202.136	314.385
495.179	148.447
488.621	2.12573
246.754	294.964
222.671	115.168
288.428	377.531
428.297	433.307
80.736	353.683
108.786	495.757
285.891	120.218
234.484	218.176
451.052	41.6985
398.674	395.34
450.827	62.2469
311.471	96.8907
172.28	310.866
10.0949	499.063
102.456	276.924
18.7898	223.702
385.615	1.43613
414.449	89.6541
177.404	427.374
154.222	242.209
47.9293	216.388
258.466	411.162
31.3085	485.812
423.921	132.9
157.084	285.493
212.24	168.201
206.398	402.497
43.5664	474.68
86.9058	255.418
452.895	373.108
133.909	383.603
173.558	339.346
225.859	97.3866
351.662	352.096
298.516	360.757
182	48.3072
13.2772	287.056
405.075	422.897
192.074	327.245
437.054	60.1344
357.517	429.385
64.6888	216.461
182.848	161.041
114.567	258.941
199.503	420.089
328.01	324.084
426.193	118.593
264.492	269.759
482.897	23.5361
220.408	258.065
103.683	335.917
411.607	479.277
265.063	57.3089
1.56218	295.277
161.198	207.076
33.1846	297.831
193.682	133.363
257.097	109.119
215.589	284.19
450.007	372.159
295.247	270.01
127.971	357.118
355.608	372.056
127.479	428.485
410.841	496.239
496.552	369.051
115.145	288.64
66.6856	203.388
251.131	288.293
331.217	141.343
484.344	429.394
68.9978	419.505
283.233	27.9993
390.151	126.123
343.442	360.499
107.855	349.615
96.221	270.796
233.608	180.868
117.256	252.862
352.69	78.6092
122.276	266.608
203.118	297.204
413.857	41.5006
117.952	303.424
326.081	99.0776
82.6917	260.483
23.0847	326.338
324.526	29.9422
362.212	90.5128
160.265	445.773
108.668	463.464
19.5243	464.889
229.414	336.058
324.984	488.547
176.63	387.775
218.251	430.444
207.421	412.641
7.96786	285.63
172.387	484.28
313.851	45.3038
268.813	259.503
13.4341	376.905
257.787	72.4286
385.524	398.709
436.17	40.443
339.368	435.812
398.276	472.648
260.603	473.024
314.826	435.139
126.625	294.803
56.1516	271.837
415.701	490.598
309.359	328.765
251.567	402.719
350.535	103.179
306.727	85.3407
394.979	66.7101
68.8426	287.043
139.873	456.036
305.581	73.896
254.946	468.428
411.945	96.4803
41.076	273.764
260.382	313.403
375.335	389.094
244.427	174.114
135.513	476.978
54.5994	203.706
276.382	488.763
340.939	440.574
391.424	439.06
463.374	111.009
481.396	422.407
373.229	112.294
206.212	10.2384
302.706	10.1482
184.474	5.73284
231.94	217.012
351.549	425.31
362.325	432.297
317.758	106.81
205.391	309.351
417.176	477.684
406.899	432.023
426.984	360.936
257.465	2.59077
195.392	110.927
243.047	211.27
182.804	414.96
364.413	360.805
246.663	168.453
15.7472	253.935
220.287	30.5029
135.98	300.945
78.7263	273.406
86.3466	208.191
122.61	269.563
231.675	1.48027
282.035	111.092
90.9179	357.246
372.835	468.406
261.329	302.487
55.3806	367.957
447.016	438.495
223.575	357.709
52.1445	363.159
137.059	310.262
195.486	200.465
445.587	70.5445
122.283	218.543
444.278	41.9956
410.546	430.385
424.023	35.3321
393.383	437.865
55.8065	283.052
143.435	476.384
66.0064	244.643
266.628	155.812
84.5035	426.264
426.596	14.3982
365.276	23.2584
430.68	386.522
2.85783	274.908
375.938	450.148
327.834	60.6677
363.931	411.083
117.543	218.504
331.589	464.744
337.357	490.555
121.696	487.61
461.386	133.141
104.326	383.658
178.764	442.432
170.992	102.669
107.879	394.077
178.096	230.882
35.9894	394.704
177.458	50.0471
434.791	444.312
203.789	234.027
492.233	42.4275
266.782	300.501
11.8979	265.947
464.262	443.698
443.751	58.2214
34.5056	458.95
236.824	434.512
486.661	473.35
421.914	412.494
11.648	375.69
323.358	423.749
342.41	94.9881
126.401	312.788
359.797	485.659
34.9473	302.007
236.18	395.564
397.856	103.515
233.706	235.774
173.624	39.6765
434.817	137.627
316.927	165.695
180.692	405.916
364.595	40.2761
113.577	339.251
401.361	46.0864
232.379	405.075
25.7408	465.741
253.645	252.37
294.92	457.828
202.964	45.3716
277.625	270.946
159.97	262.181
120.271	489.466
457.359	136.892
255.412	460.099
254.875	4.25577
170.841	56.001
311.527	416.425
259.364	140.644
474.334	418.539
240.369	187.427
483.607	496.15
0.77799	272.169
163.335	14.8834
145.988	283.122
285.082	159.578
348.481	148.077
260.696	86.8413
184.798	348.387
324.622	255.608
410.206	117.629
72.2071	296.236
331.025	412.423
170.469	58.738
208.765	388.655
172.943	4.59116
322.406	40.5454
491.171	486.981
263.808	411.874
319.57	495.832
291.849	384.649
240.047	397.527
119.957	303.717
324.675	496.199
141.591	313.253
174.723	120.689
357.999	101.185
300.837	468.274
72.2487	328.786
266.143	78.289
460.305	7.43099
186.92	475.513
245.818	168.332
470.639	53.5967
103.013	454.794
289.002	89.4774
148.834	418.258
338.75	10.6098
282.566	466.164
0.338403	400.244
224.881	119.244
280.179	52.298
256.466	109.656
465.017	28.5066
198.991	104.464
177.456	465.601
382.558	34.879
284.987	275.15
196.438	118.95
209.107	47.3187
421.827	0.261505
205.636	47.3161
359.334	117.051
448.038	358.416
429.484	473.796
385.66	76.5335
247.081	93.1599
310.786	78.4552
175.224	387.177
407.515	127.872
144.56	467.587
190.265	281.202
226.045	98.9856
144.262	410.1
301.127	152.515
276.471	274.574
403.561	445.572
375.049	94.9465
311.052	449.323
202.318	41.3008
218.373	458.104
294.911	414.878
350.355	352.493
211.69	94.7673
92.0297	394.743
487.076	25.8373
120.793	287.888
25.7589	224.444
256.512	24.7257
335.913	409.569
173.541	151.51
86.5208	332.842
492.337	380.455
288.333	370.4
191.948	227.143
20.1599	264.996
259.589	428.251
283.7	44.3496
72.0706	421.358
112.169	226.915
78.9975	262.859
75.7964	237.684
68.4385	268.754
497.298	379.114
103.234	201.553
124.131	283.271
411.712	83.9909
237.994	80.288
198.998	106.554
266.287	302.75
385.788	55.519
329.961	442.633
238.46	281.236
304.3	79.1648
424.815	41.244
425.868	485.164
358.886	486.257
408.696	133.768
232.583	429.78
454.877	28.564
389.036	389.767
440.64	109.561
233.648	136.174
233.184	124.929
35.9831	257.73
95.3204	442.335
18.9217	415.147
131.593	496.407
475.593	126.512
1.81094	337.894
287.983	103.491
233.896	87.1354
413.782	352.744
279.906	59.0294
36.7618	340.795
412.29	434.324
203.854	72.2414
258.889	275.23
348.962	359.405
337.49	374.859
430.488	126.559
302.221	362.257
170.246	421.06
181.327	71.855
47.2929	467.663
436.786	57.3905
257.175	162.325
128.428	288.459
197.843	245.35
253.04	134.434
245.801	449.801
180.324	66.1586
436.824	487.01
251.053	477.66
172.186	51.0755
434.951	102.475
356.377	9.57032
178.227	452.342
288.183	10.6671
176.64	315.603
94.4934	322.991
128.311	405.299
422.183	76.5796
42.781	239.074
399.791	48.4256
86.7504	348.54
489.227	406.285
193.388	364.446
88.0152	232.01
134.037	370.99
303.561	330.323
136.599	477.116
342.118	441.204
463.828	366.007
237.399	295.926
414.149	448.452
79.2129	284.964
331.523	472.688
214.195	394.759
178.399	80.1803
131.649	358.409
227.651	21.3109
132.228	454.471
498.485	488.078
448.791	373.526
330.423	451.676
281.554	285.589
97.6356	300.984
21.552	268.114
217.893	220.94
191.555	173.147
301.251	250.21
497.293	62.6377
170.95	459.933
171.554	79.6112
407.813	103.323
111.716	319.31
362.401	108.515
325.206	48.929
41.6313	489.702
17.1594	437.9
321.001	299.804
158.917	206.819
250.944	57.9957
308.987	257.445
211.882	205.916
22.3066	276.621
307.053	294.165
419.914	368.079
468.856	354.78
85.6669	374.889
189.886	32.3271
74.9629	294.285
476.448	485.041
289.794	298.937
228.71	35.0685
495.988	109.181
457.221	354.817
109.551	360.094
491.181	466.4
348.682	73.7821
275.273	390.325
190.014	248.005
363.604	452.687
130.468	380.84
339.802	377.312
203.866	354.429
268.701	84.7922
363.651	74.1355
102.569	236.323
135.518	393.472
387.089	17.3007
177.451	96.7565
376.795	434.379
51.7279	291.643
232.241	0.912815
495.892	149.102
240.718	424.871
435.954	95.8484
162.892	422.145
168.004	444.807
188.954	121.493
86.3268	414.293
13.7851	332.226
130.027	369.686
163.965	234.504
360.171	429.212
411.517	39.3937
217.024	223.105
64.5461	401.232
164.698	275.363
289.58	17.3858
191.716	95.672
202.916	411.405
184.9	103.592
315.629	84.846
409.305	459.427
398.161	415.549
304.647	317.473
146.538	336.325
483.816	432.067
163.901	416.247
271.933	476.681
189.564	218.697
147.913	304.668
73.426	310.161
208.931	332.024
171.62	161.711
448.698	21.3259
192.837	370.384
173.529	234.874
101.438	444.646
40.0361	339.436
292.704	417.664
299.942	110.698
32.2929	461.845
333.981	381.148
216.059	410.949
243.426	441.338
38.3277	466.038
303.963	136.211
237.066	256.701
444.325	438.971
350.022	26.1346
197.855	181.27
48.802	484.723
434.018	477.026
195.38	199.467
81.2995	462.319
205.916	397.428
60.7964	242.953
414.461	22.4712
387.953	108.639
298.862	467.064
176.976	301.296
171.975	177.513
29.5803	479.246
361.856	66.5648
395.811	39.9584
421.917	112.333
95.2346	333.384
239.382	254.327
384.068	453.534
162.537	356.188
487.123	353.477
245.019	111.147
447.736	451.697
147.693	238.587
48.6693	465.473
100.65	474.79
250.098	459.117
231.723	244.633
202.316	169.082
238.232	297.288
85.1601	312.247
21.9754	304.184
196.814	22.0855
308.928	442.541
265.245	57.3004
340.231	404.96
88.0512	357.692
275.389	261.131
58.18	461.721
377.385	423.059
347.41	90.3538
87.6632	380.32
276.161	361.943
245.373	315.801
138.584	376.038
52.188	365.08
247.239	289.174
477.364	487.718
146.62	282.816
335.571	459.694
16.7272	268.37
406.893	490.75
483.757	402.993
11.9482	236.025
306.93	409.037
217.922	200.488
139.248	295.555
34.6748	463.708
8.10036	224.741
235.122	44.1775
381.79	479.44
276.704	77.0226
202.581	87.0548
170.825	397.679
316.636	413.336
307.563	96.459
230.868	379.212
369.226	95.0047
79.6707	358.784
181.868	252.976
387.427	435.148
452.25	6.47164
54.3849	404.306
418.495	403.313
229.226	388.686
386.362	467.429
276.621	40.2647
330.477	125.381
91.5999	330.889
342.27	72.1727
443.884	52.34
42.7108	447.684
401.714	133.037
31.0324	460.363
470.712	74.3767
71.2452	255.487
430.114	97.1852
381.657	395.963
446.408	69.6133
367.3	57.6518
386.363	357.1
204.604	181.495
427.319	16.9752
274.854	448.002
292.839	356.709
253.755	433.158
153.603	305.932
29.3884	406.415
345.818	52.7466
341.227	449.245
206.65	228.075
176.488	187.194
134.611	316.984
314.182	262.23
69.9689	425.208
18.2376	237.396
332.532	403.187
204.018	295.471
131.281	447.499
298.773	363.367
249.74	149.721
197.156	47.8018
283.963	496.586
325.328	399.967
269.286	481.293
61.5578	452.647
467.27	402.848
194.106	136.868
187.761	107.379
427.597	371.486
215.962	50.1422
184.788	144.857
185.566	436.771
302.962	78.1844
370.676	91.716
369.053	63.7359
161.143	338.046
485.118	440.755
150.074	329.259
59.3885	330.739
256.698	303.166
184.785	207.134
99.0599	246.647
42.1886	435.14
354.721	497.101
276.637	102.894
370.917	477.237
40.8452	400.064
492.312	382.1
208.499	469.978
443.535	51.9936
427.496	473.978
357.96	350.669
277.799	6.59106
338.012	15.4435
123.142	392.691
196.035	261.327
397.016	487.164
75.1388	349.926
4.89242	402.288
27.1929	463.757
394.516	121.932
315.785	254.131
204.666	363.469
187.416	277.887
200.927	39.9302
251.687	269.332
140.394	469.739
221.603	117.657
378.208	379.488
375.493	148.715
136.59	304.57
478.094	59.1635
429.362	128.181
202.668	345.114
303.187	472.391
278.982	352.289
392.521	459.271
308.516	163.672
274.084	420.399
244.398	432.908
437.466	98.2022
302.596	462.276
430.131	113.137
201.898	58.1987
215.136	490.746
34.4924	412.923
396.359	125.046
482.9	112.577
176.51	383.735
193.775	64.0645
286.271	497.378
292.671	497.628
188.546	250.341
303.139	2.3344
200.73	67.0463
234.385	335.476
196.178	274.708
111.064	409.533
238.982	103.339
268.423	311.051
205.324	437.294
83.4738	434.401
471.457	498.95
226.174	7.45668
487.785	386.753
62.5404	383.271
405.128	389.675
201.661	483.136
434.132	16.5651
327.487	484.497
50.5923	312.133
371.325	47.8935
407.998	79.8889
308.058	120.467
91.7038	234.521
171.438	386.339
47.7428	426.214
320.155	134.945
180.123	419.547
301.881	47.2697
12.0154	274.031
203.873	452.547
123.536	290.518
156.627	394.297
412.197	357.553
299.741	380.461
494.95	12.5866
2.05409	271.001
207.764	478.558
344.35	414.906
263.701	368.657
239.26	299.667
389.811	120.611
242.028	195.234
487.903	129.516
138.798	288.838
343.812	374.676
106.327	221.521
354.094	407.329
445.987	84.5111
471.886	459.141
214.62	340.225
241.922	480.525
261.85	356.707
232.75	386.722
27.7492	268.071
206.352	208.392
152.104	274.609
373.296	426.486
241.728	393.373
330.617	7.20797
148.323	275.167
270.983	451.729
14.2508	338.278
120.283	496.263
203.531	133.735
176.434	256.622
448.517	46.9798
131.553	380.817
340.244	4.99754
334.43	431.951
306.484	30.4774
78.052	355.984
143.691	227.874
32.4678	305.807
465.01	498.163
382.124	481.283
192.42	466.68
229.852	479.069
129.168	276.792
57.3351	373.388
93.3406	458.682
465.489	29.9902
144.64	269.413
373.132	39.1942
0.314247	249.436
0.175349	236.271
97.5113	200.995
99.4955	487.654
359.662	29.6897
143.598	290.28
344.254	372.28
107.532	295.451
265.597	448.297
284.111	13.1688
372.891	103.342
108.458	299.41
472.693	436.348
442.952	376.692
300.646	95.1718
459.223	375.864
266.235	457.461
32.1938	447.496
3.57939	493.748
71.8586	405.558
58.4474	304.258
193.107	229.356
315.102	419.03
454.772	28.4654
302.147	351.958
153.914	325.01
257.79	157.017
2.57076	292.311
173.559	17.3147
318.79	491.721
171.452	153.371
231.383	497.1
236.498	483.06
201.599	461.697
37.927	320.526
159.284	246.847
285.701	279.648
63.4914	460.424
246.388	98.4066
397.456	423.831
167.91	405.116
486.843	399.349
381.297	477.876
173.209	240.263
89.5421	494.526
170.224	188.656
67.2286	489.55
175.791	266.657
147.096	379.942
485.951	440.736
12.6579	260.829
129.598	205.983
170.215	416.477
239.892	408.462
374.192	412.551
374.23	59.0864
443.676	410.575
313.821	403.873
341.759	361.836
176.723	213.887
354.099	88.9339
120.778	326.295
71.0924	487.391
48.3486	251.094
209.234	46.0879
101.814	282.908
222.651	440.512
138.971	459.416
227.796	64.8659
248.598	364.448
177.645	380.513
248.594	39.3967
250.998	354.813
274.661	471.747
362.978	107.969
111.279	407.734
174.907	378.032
261.057	57.2144
328.262	367.669
413.768	355.795
218.034	231.391
294.782	288.979
17.0357	424.962
285.324	49.2841
253.944	366.974
343.707	133.16
296.824	75.5087
72.543	432.851
16.2836	373.341
400.447	443.905
441.926	20.8862
188.818	230.318
317.896	13.1971
192.572	122.915
91.703	363.33
256.424	358.979
17.144	207.711
94.2593	374.251
442.52	42.1489
299.974	116.052
493.401	107.37
176.696	467.46
363.62	11.4651
290.127	499.996
101.574	496.478
243.291	223.447
402.26	105.065
426.906	404.511
37.6363	397.943
381.676	435.986
384.912	481.045
130.056	363.933
11.4238	371.995
216.742	8.51697
410.138	44.5103
230.397	302.79
403.403	351.653
461.945	381.558
457.983	448.833
480.059	364.553
15.692	420.33
380.24	487.731
149.637	438.067
407.535	443.674
185.495	430.071
163.071	360.874
321.331	360.641
319.678	84.6072
197.888	59.2729
263.46	420.575
236.695	286.575
208.808	456.614
453.78	418.959
225.043	471.69
332.61	104.594
271.326	275.837
204.727	175.107
383.061	497.633
39.1984	415.698
384.189	404.381
223.442	385.442
217.783	226.451
62.4955	224.799
202.282	403.624
473.326	139.163
255.197	290.864
114.153	310.994
83.7325	264.736
30.1498	326.115
222.052	40.371
349.778	122.489
302.796	253.001
374.726	367.066
488.971	454.73
27.7143	483.256
392.109	0.409232
269.573	154.036
362.304	369.306
203.677	392.38
233.881	445.672
182.115	80.5806
183.168	168.698
377.86	115.753
134.824	465.165
391.974	2.73481
165.429	429.264
362.144	440.399
189.589	401.6
251.281	476.48
402.719	65.5319
271.318	462.503
395.767	49.6884
29.6036	496.915
415.969	385.007
285.069	499.564
249.476	355.011
181.698	268.576
257.269	342.635
280.762	453.27
179.597	198.524
97.0725	296.402
462.114	149.969
205.693	64.3161
348.888	472.655
405.775	397.242
269.114	415.196
365.998	489.309
260.621	38.4125
485.496	16.527
499.256	433.071
175.191	320.46
323.755	422.575
6.77256	432.352
414.948	455.269
114.24	353.932
303.858	289.523
477.414	373.901
402.657	359.747
115.46	205.294
68.0748	263.819
39.777	414.255
309.201	495.297
169.682	311.177
45.8359	267.148
261.418	321.91
215.592	291.023
84.0555	266.953
74.7182	363.575
311.314	101.117
415.788	476.881
255.176	366.943
372.648	486.34
293.656	66.8402
306.831	322.241
138.73	465.227
313.719	54.9274
227.557	159.132
297.947	419.062
298.67	91.1003
495.61	107.3
424.081	56.2095
272.29	106.006
395.665	18.3625
291.361	371.011
395.158	121.829
280.569	135.28
176.438	3.79093
213.574	409.789
282.201	498.107
214.619	402.405
427.509	6.49429
92.8129	424.792
299.83	358.543
309.969	316.723
174.451	358.304
404.801	398.469
320.157	326.913
482.406	51.3827
383.395	115.803
338.365	382.172
232.347	270.194
209.921	280.755
334.636	51.1575
367.794	494.48
389.759	436.642
76.207	491.643
492.381	91.2118
198.827	413.215
336.873	425.806
153.994	404.743
10.0026	209.943
112.618	421.707
85.4576	499.574
110.482	339.326
246.61	179.221
490.826	429.811
466.688	406.994
10.2892	444.008
32.6853	429.245
93.4703	271.41
307.53	279.06
261.918	451.76
284.932	116.204
95.8493	205.061
494.215	81.7323
41.1783	418.716
216.846	212.838
159.603	227.893
277.88	86.6552
243.929	258.904
36.2598	380.276
423.716	148.125
373.914	67.8821
179.274	172.181
61.1524	308.195
202.283	337.906
45.3979	206.315
396.421	131.907
272.134	282.583
315.017	59.391
251.321	263.92
190.339	297.443
200.494	175.001
289.289	469.284
178.379	450.601
436.395	7.35622
154.302	465.062
322.756	478.33
493.767	405.163
288.367	281.904
412.334	66.65
182.753	148.748
388.707	452.741
65.083	414.999
109.075	413.731
401.948	123.955
476.134	32.3869
487.03	78.7443
343.659	444.521
113.342	344.169
404.451	11.3859
222.512	459.891
139.178	236.908
201.454	229.392
62.6532	241.831
375.968	67.5366
249.057	376.963
51.7014	282.206
369.86	361.481
319.097	15.8934
276.589	88.434
58.4757	260.203
244.242	182.302
419.421	389.148
472.256	7.89018
131.882	204.522
443.388	5.18474
159.594	374.432
325.953	396.927
121.865	390.91
196.46	100.676
492.44	374.035
347.186	76.6593
170.78	157.225
267.029	325.307
451.394	421.714
268.936	155.05
68.1962	256.836
171.483	185.342
375.901	475.073
44.3961	203.192
243.963	150.327
28.0845	481.853
465.962	462.325
367.209	408.629
356.763	137.858
107.316	314.629
195.203	374.278
421.49	30.8044
292.729	311.779
179.432	185.13
397.299	366.676
476.769	450.718
128.661	391.541
342.72	448.687
492.591	71.4922
139.407	279.28
13.5163	477.606
422.192	94.9242
23.4668	213.402
190.917	328.003
348.654	49.968
163.523	278.594
318.866	479.79
201.158	467.077
344.431	24.9009
396.425	417.91
495.812	140.986
394.873	55.7199
498.994	38.1648
76.2513	324.747
73.5797	308.457
26.7502	260.991
47.2689	328.228
166.134	473.144
81.3427	448.31
230.031	483.971
428.712	418.067
215.534	255.448
229.391	141.393
362.135	112.481
307.552	482.002
103.571	297.632
163.311	444.945
227.067	475.85
183.614	256.31
72.8323	444.047
172.001	433.705
358.372	391.037
258.983	404.322
349.134	363.367
232.848	481.806
453.344	361.143
8.02971	312.299
182.749	84.9701
470.766	46.3742
187.737	64.1288
215.519	243.484
47.4609	241.442
464.529	62.6204
10.6079	375.15
251.147	2.52792
48.0736	256.194
235.858	300.539
2.21841	448.378
182.9	239.418
447.045	418.93
256.445	407.337
406.721	33.5676
267.158	110.755
301.289	138.409
267.144	341.703
163.581	357.969
241.775	164.894
331.708	261.124
233.012	267.017
225.186	158.563
15.4148	289.097
265.545	282.396
495.629	360.502
354.425	354.352
295.388	63.3679
53.8506	232.056
264.899	388.589
93.9751	411.653
272.163	74.2665
313.451	394.598
20.9131	312.933
160.045	231.207
225.446	492.064
397.639	418.438
59.6249	259.301
217.235	35.529
185.889	3.2276
258.205	399.919
389.101	49.7581
180.025	298.065
291.094	321.856
431.161	441.373
230.393	62.6566
2.58858	328.865
485.112	67.297
454.817	472.159
351.441	465.323
219.535	479.217
348.635	381.04
212.899	178.77
96.3999	372.841
471.408	44.5083
30.1516	223.311
67.2473	257.57
8.38539	489.829
114.339	476.076
213.302	63.5055
121.326	380.009
78.2307	338.13
409.264	384.908
129.211	456.846
288.489	162.071
472.033	443.231
404.437	53.4477
308.676	489.34
216.632	169.36
168.151	413.086
371.759	25.5193
183.157	131.16
336.864	377.389
275.972	114.041
480.56	71.0638
231.337	234.128
201.362	168.985
212.468	289.26
378.205	383.009
107.712	461.279
407.178	41.284
236.594	26.9735
278.618	391.804
490.514	114.262
362.675	447.361
347.817	43.1986
200.266	402.933
224.819	272.049
212.72	122.815
210.023	404.015
313.063	39.8628
288.584	491.1
240.429	348.953
325.137	465.614
258.249	271.917
237.987	109.911
189.573	58.6572
271.093	343.745
54.5159	303.229
125.385	264.377
64.0313	472.333
231.715	360.332
479.037	3.7057
405.464	115.882
241.111	262.245
170.887	486.096
210.367	400.711
241.23	57.6198
364.199	134.471
136.959	424.001
208.36	136.48
30.4368	413.902
247.672	453.637
273.426	149.847
233	473.917
58.6429	344.115
214.823	140.716
201.183	499.663
332.866	306.921
119.092	366.164
200.972	462.264
435.846	480.133
257.47	100.238
162.169	43.9475
426.042	141.859
107.333	301.417
40.1287	410.536
361.769	49.5662
407.629	386.862
233.124	247.666
40.932	317.747
397.811	81.3787
118.924	223.154
47.2004	263.845
390.2	86.8466
331.119	379.205
357.278	49.9388
472.004	476.506
155.612	252.887
119.84	340.235
46.7982	331.992
279.122	441.661
467.788	381.573
223.98	450.755
250.258	152.661
193.148	441.023
490.168	460.996
6.26406	483.312
292.311	481.133
371.032	426.086
195.868	193.222
245.745	145.396
226.604	246.688
265.062	428.541
241.348	473.856
102.686	492.934
433.284	87.1986
121.394	367.185
50.3938	475.713
276.939	434.273
253.301	54.3595
335.678	420.161
137.413	413.903
330.625	85.3568
72.5773	466.836
26.2311	479.008
41.8503	421.492
359.887	41.8275
203.91	211.901
392.714	385.701
119.102	291.187
439.379	110.635
329.975	15.427
194.893	60.8568
253.752	144.925
260.575	120.071
256.493	101.664
358.318	410.228
344.562	377.865
254.799	301.382
341.792	466.463
99.3682	405.141
273.654	42.0788
177.691	210.667
457.638	430.581
392.429	125.118
80.1437	445.432
437.742	11.8695
360.455	42.8291
347.325	54.1386
354.561	483.066
132.635	434.411
442.589	363.269
265.773	31.7801
175.552	480.875
329.909	161.577
91.3687	297.738
489.908	359.185
259.247	156.188
169.338	416.084
187.648	310.974
11.9678	335.379
492.552	471.823
256.788	311.629
164.348	57.0138
100.597	496.077
93.8847	334.626
265.501	120.499
166.776	420.284
313.651	271.966
86.9018	326.042
12.3408	375.773
196.25	13.9254
253.021	8.77736
279.626	66.0923
305.033	54.0968
293.258	443.328
395.628	54.4508
413.807	421.258
223.53	228.017
142.275	267.623
403.31	405.505
291.595	321.385
66.7815	456.584
261.664	115.643
30.4801	471.723
368.548	451.279
381.557	82.4556
215.533	181.669
31.7554	316.093
389.734	71.54
226.792	245.067
347.565	88.6376
140.22	263.303
95.4674	236.285
472.846	357.414
33.1468	486.012
475.192	362.685
201.236	403.478
59.2035	211.192
247.507	201.446
315.422	294.741
48.6658	234.639
297.578	321.8
166.689	125.921
409.617	77.0164
199.763	31.8747
269.192	396.123
123.177	330.085
317.092	464.26
349.052	6.96461
295.879	131.315
213.119	288.329
229.703	222.439
143.41	452.182
54.928	486.459
342.046	440.405
376.004	492.15
147.668	326.244
432.327	368.864
352.466	104.618
48.6923	327.465
172.929	212.583
156.592	430.527
182.254	370.939
442.579	149.679
369.647	60.6087
435.947	428.992
190.24	90.7508
75.3285	273.224
197.543	271.314
229.544	386.085
310.929	326.587
98.3148	484.128
261.998	428.543
395.566	40.9074
46.3547	297.024
319.86	323.226
20.905	204.363
39.0117	257.505
300.162	336.109
474.691	89.0893
175.558	345.896
47.4517	272.174
443.745	120.408
486.353	130.5
135.177	399.998
102.721	350.272
133.539	396.752
359.555	488.895
232.887	352.728
353.596	88.4659
206.488	456.069
454.242	40.2834
294.989	394
208.775	131.774
27.652	492.686
157.482	473.803
175.08	484.798
54.6043	204.447
244.735	182.992
387.26	486.847
21.7113	234.046
412.225	388.385
289.733	44.6208
187.968	494.15
232.481	270.37
23.5626	413.517
113.255	423.737
433.141	382.888
222.373	424.451
315.922	403.026
133.389	436.063
495.78	374.185
236.785	345.155
189.864	383.777
311.588	37.9263
181.42	333.586
260.855	91.1006
213.318	396.7
435.624	139.933
433.319	355.036
401.622	84.7197
365.194	403.135
305.494	256.72
233.167	195.19
310.318	332.055
208.097	458.491
425.168	49.5405
201.899	489.412
184.956	272.703
478.398	104.881
240.769	463.143
162.213	302.645
361.35	41.1775
164.926	298.048
185.655	26.7102
314.845	422.804
381.179	443.738
304.725	458.743
318.769	494.336
343.748	41.927
353.677	12.7114
446.97	75.1539
177.264	490.746
183.459	75.0069
225.23	391.469
27.0622	404.555
295.247	436.574
201.418	211.205
149.769	353.512
432.846	44.4893
288.303	495.531
446.811	356.554
480.431	48.2586
379.142	127.527
167.513	433.478
246.177	169.467
122.804	334.352
420.507	29.4421
222.369	430.453
68.4076	336.53
344.511	498.086
193.18	102.868
165.664	342.502
159.513	423.335
295.442	29.9711
103.39	333.761
210.017	38.2826
88.0937	303.982
69.1769	278.202
186.148	266.944
417.432	409.131
50.9981	387.174
6.54888	293.921
202.846	455.445
119.064	340.148
223.17	196.792
6.13984	405.526
192.505	265.023
352.814	79.3983
233.502	84.0278
426.931	91.6312
332.303	70.5879
479.859	56.517
422.899	91.926
258.044	306.842
378.497	73.3087
306.694	450.048
9.25985	402.256
142.727	477.448
2.09207	309.028
325.665	287.597
495.562	383.824
471.971	3.66952
240.125	438.843
333.289	130.901
255.19	478.504
214.365	142.074
449.164	113.158
271.239	431.41
375.075	90.6561
103.831	217.605
90.4224	293.989
232.744	230.197
177.721	76.4206
326.814	366.643
305.947	93.1118
486.638	456.024
405.997	380.777
2.07914	237.488
29.6587	365.642
300.152	341.258
308.342	382.58
153.902	358.503
250.881	51.9731
28.9016	467.913
461.547	426.715
17.1453	455.588
251.2	396.469
183.626	324.452
431.797	78.8933
424.73	146.996
253.469	25.1708
234.164	107.658
105.824	396.324
357.504	13.9412
124.48	488.773
87.791	278.684
271.913	74.8783
119.806	368.838
155.938	217.584
286.512	14.0817
324.868	487.919
20.3324	477.164
208.817	404.895
296.508	427.535
460.857	495.569
157.972	249.427
394.553	496.551
170.953	480.042
226.971	360.96
300.033	251.491
224.368	383.623
486.208	452.177
123.179	260.619
255.266	352.562
89.3566	483.975
174.013	56.3338
211.746	368.777
273.272	268.822
463.263	497.252
262.439	147.184
478.322	18.8388
263.364	147.374
259.14	349.305
245.363	386.626
191.372	258.438
462.108	367.25
267.845	304.415
93.7935	276.828
230.945	245.841
379.061	50.0084
86.3722	307.13
184.626	175.863
407.161	86.4566
476.778	367.193
146.612	333.949
469.689	364.174
170.332	289.499
270.77	463.166
383.384	452.522
457.415	457.915
451.482	436.094
75.0099	240.628
336.557	376.133
32.9811	452.648
157.839	408.576
267.666	61.1416
250.025	38.6246
262.101	468.624
280.787	316.716
217.85	106.074
22.8347	362.515
170.223	490.008
309.961	418.805
308.418	461.374
328.542	402.078
391.458	443.839
274.692	92.8271
386.399	83.0835
244.868	72.3081
187.523	330.743
178.321	133.052
474.371	50.3422
342.151	126.988
162.102	72.4723
193.597	94.3206
461.704	135.367
128.655	383.158
499.716	3.91878
359.133	388.96
295.187	340.244
235.343	354.739
196.023	397.026
116.893	247.004
314.143	288.8
30.1882	386.273
189.468	436.703
172.695	86.4395
112.061	432.015
4.59361	364.786
44.5652	402.051
230.628	54.1673
69.7113	230.633
191.876	43.3805
423.678	457.059
299.82	436.335
181.378	20.0643
208.88	449.926
332.748	330.267
323.178	84.3908
319.341	38.1512
414.027	360.368
294.813	344.868
202.648	92.0531
45.9609	259.302
399.872	409.455
120.175	482.392
164.207	202.292
443.455	386.582
432.083	123.275
162.228	314.51
241.98	88.7999
88.9434	496.798
302.627	67.0028
104.198	476.031
201.933	440.041
425.868	405.188
224.22	58.7609
343.805	81.041
185.899	106.116
248.134	0.666709
47.8189	369.344
409.174	34.2598
168.722	447.654
46.8641	438.846
392.598	392.806
2.73019	453.177
153.365	361.606
264.29	379.727
205.248	290.486
192.572	284.912
259.934	371.112
256.078	319.123
173.595	338.343
152.25	267.655
259.832	110.829
21.6676	413.721
130.825	416.618
442.869	411.208
105.008	394.533
393.948	351.903
314.391	401.963
192.681	473.019
356.375	438.138
178.806	435.495
2.16462	223.669
415.674	87.0768
64.4899	226.026
69.0466	274.33
292.025	76.891
185.551	468.93
212.892	413.854
325.129	441.91
460.544	51.7781
396.929	446.372
327.776	162.446
389.755	401.161
66.5846	203.298
291.846	289.671
65.0681	434.201
428.64	484.52
23.407	255.328
251.63	334.538
453.063	24.6044
350.767	11.1148
86.3371	306.346
252.641	409.552
226.152	51.9217
274.781	99.1005
127.134	379.32
68.8653	417.024
60.1111	418.437
216.288	187.758
435.181	492.206
129.087	277.24
176.115	359.634
14.1367	478.095
133.996	360.674
111.511	254.119
318.344	374.75
85.3834	383.94
218.301	59.7547
242.699	266.284
105.428	249.505
269.311	377.742
211.253	55.5519
58.4026	371.751
312.064	275.366
392.934	82.438
147.806	224.885
179.416	161.196
115.189	394.957
112.199	420.545
444.193	143.607
42.1589	242.225
287.748	121.64
276.063	490.449
377.945	403.11
89.8646	328.734
387.695	128.02
267.09	40.8186
372.444	140.264
180.416	414.377
217.376	398.21
381.689	82.6205
403.909	422.165
175.765	277.439
475.35	412.817
399.624	92.2857
336.205	95.5015
313.826	288.188
453.684	14.9028
26.5237	360.273
232.069	269.965
168.127	401.009
298.914	452.439
444.769	379.295
234.767	74.8735
57.939	467.353
45.073	288.461
470.619	28.9245
189.789	321.595
235.775	79.4867
164.086	412.149
169.937	438.316
76.6673	312.077
223.81	67.0686
331.894	29.691
299.652	364.717
457.707	497.61
208.699	252.169
188.971	324.513
392.341	1.49927
453.65	105.923
390.644	489.087
412.566	60.2076
462.776	481.877
177.856	26.5984
246.733	498.835
82.734	476.098
266.771	361.636
258.743	394.364
314.711	48.7189
259.805	257.975
229.948	468.1
473.067	439.283
20.5709	248.715
115.764	320.06
44.3748	241.665
190.091	98.4978
199.076	20.8407
18.0489	451.885
234.592	139.724
119.297	420.166
1.98227	290.491
328.297	69.2307
170.49	267.68
308.41	47.2691
262.647	361.926
112.34	320.399
239.243	240.391
197.692	157.304
123.689	383.044
97.9061	325.117
242.333	174.002
316.319	490.522
493.481	482.294
45.1687	495.056
81.0498	413.563
326.373	455.554
132.01	359.626
324.263	476.161
64.5681	404.82
455.416	133.812
423.962	468.067
174.118	59.2969
295.645	158.45
188.64	252.044
369.838	23.3309
393.962	444.741
398.345	72.292
112.426	354.581
155.811	275.644
25.2037	335.605
283.176	114.257
353.955	87.5418
185.444	231.012
454.967	11.6184
9.36519	296.975
108.618	362.098
101.715	223.263
34.4447	480.844
126.107	488.791
197.13	168.206
309.027	283.415
67.1334	325.626
71.2274	374.688
84.5602	354.206
415.691	462.349
226.544	121.907
159.989	232.066
49.9426	494.713
364.667	70.6259
273.255	278.085
179.907	310.147
193.652	473.165
272.399	252.209
450.762	351.935
195.645	372.82
383.535	398.083
86.0953	486.952
199.968	219.647
420.157	64.4501
47.83	397.43
254.318	262.462
435.223	380.087
5.99891	311.558
317.347	421.491
475.989	27.2732
125.383	491.724
401.507	455.912
21.4948	388.313
363.634	481.266
17.9571	467.818
196.584	441.967
87.1712	394.661
12.7137	249.241
104.187	497.917
298.06	118.771
300.296	4.58268
434.051	31.3012
436.762	91.9038
247.322	41.5073
85.9073	237.383
408.661	146.777
290.923	465.111
400.699	359.636
352.055	395.966
298.183	402.709
490.759	493.351
234.025	0.468005
24.8704	470.856
51.5923	420.839
288.02	161.323
350.205	457.583
293.1	98.4725
128.875	452.837
49.9993	499.466
100.145	411.732
274.96	379.898
150.391	479.923
166.104	38.759
193.041	207.561
410.995	73.2311
223.661	497.17
226.95	195.778
134.834	460.725
448.657	463.133
234.032	179.032
455.811	499.274
329.946	68.9802
464.047	364.734
238.903	151.957
197.998	93.0875
119.399	416.479
131.937	432.756
10.7959	200.303
282.763	428.627
409.388	445.192
373.695	40.5147
352.651	405.467
496.812	430.073
220.797	471.074
17.1986	365.865
284.631	123.559
388.007	59.3406
493.396	477.595
320.664	270.452
185.516	155.098
117.872	392.666
33.1597	363.345
186.381	160.529
195.741	329.297
246.466	399.143
392.461	472.831
203.885	314.288
346.89	49.7307
162.423	404.116
306.343	428.957
253.793	286.822
378.97	380.661
393.45	39.9636
147.047	203.231
472.607	53.7881
260.693	106.493
482.305	7.85051
332.682	446.813
488.898	412.582
59.6165	243.687
422.075	448.991
349.514	125.575
192.535	318.627
476.187	86.0294
218.07	330.677
337.84	147.161
477.369	436.657
214.351	63.3983
244.101	445.868
144.1	215.304
247.803	127.41
214.579	82.8838
308.498	337.978
168.699	252.71
156.468	265.775
363.655	422.64
58.4954	367.686
186.38	491.82
207.886	186.419
263.54	49.5918
144.623	284.063
102.292	277.935
333.539	142.431
32.1798	213.974
302.633	14.8734
198.542	116.491
252.466	154.153
468.345	26.4817
358.116	417.389
46.7604	335.479
256.044	487.496
183.574	8.97939
303.673	4.96192
420.603	36.8042
392.941	113.308
352.914	478.401
299.121	87.1472
223.151	325.946
87.2981	275.837
265.199	10.6349
196.282	333.557
379.409	32.1718
345.395	453.85
254.364	405.46
370.399	421.16
330.677	109.818
214.714	167.735
350.232	128.127
196.419	392.809
202.48	162.117
231.046	69.2646
334.461	22.6393
241.332	384.675
78.6721	252.631
132.299	429.917
295.118	373.304
100.874	403.257
406.585	410.202
238.716	313.047
199.654	446.275
436.322	121.956
300.8	15.4778
259.272	82.3234
397.362	128.098
167.153	7.86027
295.618	23.6094
487.062	106.179
212.372	374.386
39.54	496.806
287.878	129.17
194.155	83.0615
135.186	272.392
406.986	354.437
114.961	249.212
