Saved a vector of rrt <nodes> points.
X	Y
25	475
34.9604	474.111
39.3015	465.103
45.9816	457.661
54.3785	452.231
53.6925	442.254
61.05	435.482
68.056	428.346
71.954	419.137
69.5338	409.434
74.5974	400.811
84.4449	402.551
92.8456	407.976
100.539	401.587
107.995	408.251
117.81	410.161
123.401	401.87
90.8399	404.023
121.592	419.419
84.1037	411.414
131.367	421.528
78.4691	419.675
138.507	414.528
82.5917	401.529
146.218	408.16
152.559	400.428
157.267	407.639
166.944	405.116
72.7031	400.04
175.909	409.545
183.556	403.1
193.525	403.884
202.514	408.266
211.864	404.719
221.864	404.709
228.719	411.99
238.558	410.205
244.318	402.03
253.479	406.04
177.631	411.156
168.469	415.163
263.425	405.002
241.516	419.758
175.633	401.357
273.397	404.26
283.362	403.423
290.577	410.348
300.236	407.76
308.704	413.078
158.615	416.865
317.811	417.209
327.488	419.729
331.747	410.681
161.156	426.536
341.121	414.163
350.123	409.807
357.244	402.786
366.445	406.704
156.153	407.172
358.937	392.931
375.837	410.137
353.937	384.27
293.189	400.664
383.103	403.267
392.257	407.292
356.42	374.583
358.432	364.788
320.19	426.566
354.732	355.497
354.349	345.505
357.482	336.008
367.459	335.331
146.153	407.093
289.591	409.994
315.559	435.428
353.842	326.694
352.037	316.858
138.109	413.034
374.529	328.259
284.716	418.725
400.778	402.059
345.089	309.666
128.549	415.97
410.674	400.619
338.966	301.76
329.06	300.395
322.976	442.135
379.703	319.701
125.842	425.596
319.074	300.922
383.532	310.464
118.949	413.169
154.66	401.837
330.494	448.729
275.518	422.649
401.727	412.014
388.538	301.807
324.37	430.7
403.621	421.833
389.223	322.76
115.951	403.629
413.022	425.241
380.554	336.241
398.235	327.096
390.843	400.92
338.155	303.801
398.08	298.816
378.387	346.003
407.949	297.204
417.426	300.397
110.338	418.252
100.962	421.729
395.486	289.158
404.829	334.613
421.894	420.629
320.922	451.621
266.191	419.043
265.948	409.046
397.508	279.365
394.498	269.829
388.908	261.537
386.668	276.048
391.866	251.985
388.734	242.488
394.717	234.475
389.436	225.983
260.529	427.285
429.45	427.179
411.352	342.193
314.477	432.157
91.8543	417.599
392.569	216.487
404.113	237.899
386.954	208.212
89.92	407.788
414.079	237.076
271.676	400.849
377.41	205.225
323.071	427.044
368.255	201.203
393.921	201.038
378.854	244.028
106.096	430.31
362.157	193.278
439.328	425.623
352.81	189.723
343.874	185.234
334.939	180.744
325.393	177.764
395.352	337.805
116.059	429.446
316.727	172.775
307.262	169.546
413.214	352.018
250.717	425.353
274.547	404.198
396.283	191.321
407.39	280.898
80.0143	406.417
297.402	171.212
338.697	171.477
242.095	430.42
338.309	193.542
287.404	171.019
406.255	190.577
278.666	166.157
268.845	164.269
368.925	242.831
406.069	180.578
341.712	161.942
323.232	417.045
270.549	154.415
342.101	151.949
329.353	434.824
71.483	411.634
415.406	194.609
409.69	171.257
258.964	162.735
249.989	158.325
417.178	282.947
386.882	249.989
241.386	153.227
421.102	358.165
421.765	368.143
283.623	180.277
416.716	164.141
359.124	240.846
427.107	281.765
66.7562	402.822
416.943	154.144
123.817	435.755
243.657	440.297
303.789	160.169
63.2087	417.25
359.129	230.846
319.48	163.161
436.077	286.185
233.716	159.644
431.596	366.314
237.563	448.225
425.374	193.805
425.845	271.845
434.458	266.763
358.109	250.795
225.834	165.798
224.634	175.726
442.427	293.911
435.094	375.682
133.809	436.164
325.657	407.343
220.477	184.821
318.042	153.265
139.607	444.312
217.646	160.058
208.376	156.305
335.166	410.438
434.725	385.676
240.842	457.672
80.5581	407.434
399.987	168.837
199.161	152.423
241.046	430.644
437.074	391.378
433.648	188.19
116.082	442.092
216.068	193.796
213.084	203.341
206.01	210.409
189.337	150.553
440.175	400.885
284.422	190.245
343.685	415.674
344.563	425.636
444.999	374.309
353.72	259.78
452.329	292.516
354.54	426.319
441.332	190.026
212.425	179.958
458.565	300.334
450.535	186.114
231.565	427.462
147.287	437.908
443.501	262.495
417.153	282.718
437.449	184.932
55.3816	423.474
196.884	214.497
229.286	417.726
179.451	152.055
193.676	211.391
132.542	439.628
107.596	436.801
190.529	222.218
453	259.37
250.193	461.215
407.919	162.748
227.572	407.874
454.355	176.872
260.193	461.173
279.375	198.878
169.451	152.158
160.869	157.291
247.658	423.142
151.466	160.695
416.716	157.993
144.649	153.38
448.802	179.906
435.354	300.98
212.279	218.2
137.831	146.064
232.829	463.656
131.013	138.749
185.876	205.134
124.195	131.433
402.777	154.172
452.838	249.371
117.377	124.118
212	228.196
56.7958	433.373
47.5135	417.302
110.559	116.802
103.741	109.487
393.622	150.147
210.009	178.548
98.0639	101.255
88.247	413.828
180.622	223.581
453.303	379.881
145.932	169.024
42.8534	408.454
244.501	457.242
455.611	166.952
466.605	294.389
343.797	405.675
220.099	234.061
384.887	155.015
363.44	430.877
447.532	364.635
428.324	308.092
218.262	243.89
443.725	356.858
140.343	440.805
275.164	186.465
221.431	253.375
374.919	154.22
60.4335	442.688
275.143	176.465
150.621	447.335
160.486	448.975
137.229	173.949
257.583	424.364
91.0471	404.228
455.26	389.688
261.934	415.36
370.007	162.931
91.1455	94.0341
91.2899	84.0351
373.29	429.151
231.429	253.144
155.28	160.14
266.607	191.639
456.555	156.996
83.822	77.3845
132.773	182.901
106.41	95.7457
79.9637	68.1588
420.383	314.17
72.0986	61.983
64.2336	55.8071
363.768	170.746
125.461	189.723
217.107	262.391
365.518	180.591
83.7396	100.754
445.883	347.093
77.6161	108.659
278.217	166.949
441.631	339.745
276.239	157.147
66.5	46.1705
237.345	245.082
472.755	302.275
73.7583	39.2917
107.507	118.417
164.066	439.638
113.757	88.9621
238.494	260.222
257.042	406.638
82.718	34.8506
51.4093	446.997
235.45	264.855
214.038	169.395
208.8	267.959
167.23	430.151
119.077	80.4944
120.706	198.52
248.32	262.076
360.677	440.488
110.765	199.603
461.12	397.791
465.163	308.783
444.839	255.371
352.758	401.234
171.852	218.777
217.812	184.802
102.06	204.524
414.56	322.3
67.9812	111.337
158.685	424.958
128.859	78.4179
400.188	157.69
154.441	174.278
278.716	188.557
422.251	300.148
67.5629	449.7
60.0544	64.5915
102.098	126.828
431.093	295.477
252.099	463.743
138.75	76.9496
171.821	421.268
50.59	67.8205
471.673	316.373
285.09	196.262
99.8768	118.996
452.477	248.917
124.488	177.301
81.0594	24.9891
130.576	85.4297
402.037	167.517
449.863	239.265
285.054	152.424
351.652	391.296
294.999	194.915
202.904	276.036
142.695	171.808
90.1055	86.3662
442.461	232.541
233.341	235.919
194.924	282.062
261.263	467.747
177.72	214.4
160.644	458.974
146.636	70.7999
94.6651	211.256
41.0909	70.9455
147.598	60.8463
76.3476	444.922
155.958	150.163
283.606	170.475
94.8555	197.589
90.4459	220.323
157.421	468.44
111.877	73.5539
57.9959	110.795
53.743	65.082
267.847	151.709
237.376	274.668
451.122	397.972
353.749	385.765
143.383	51.7783
243.602	282.493
76.5788	434.925
81.1311	223.961
256.966	476.776
460.751	407.784
165.82	473.868
413.585	307.431
354.567	166.828
76.8625	229.659
184.925	282.207
68.2287	234.705
41.6707	444.725
359.8	158.307
403.597	307.928
441.203	396.705
351.09	376.125
266.166	480.694
180.06	221.563
60.871	241.477
175.628	471.918
408.886	152.755
136.61	59.1359
37.3201	452.327
157.452	59.1385
368.109	433.797
38.9938	435.09
178.005	289.426
162.19	483.186
443.71	222.619
51.8747	118.703
180.515	416.326
225.5	231.036
56.1502	127.743
165.758	53.5701
92.5495	129.799
37.7856	61.5076
164.064	171.558
394.451	303.884
445.374	212.758
353.126	447.043
358.717	175.926
59.5011	100.909
173.457	59.9512
168.228	287.326
142.722	41.8002
36.5203	425.401
271.064	465.761
378.003	435.253
455.158	210.693
198.102	291.544
364.508	171.046
361.787	185.443
462.677	204.1
162.115	279.412
48.2873	431.398
158.508	183.413
79.1819	425.27
190.479	415.479
54.3584	233.889
384.35	442.981
345.09	163.638
152.98	73.2737
157.595	193.371
170.528	224.914
368.37	192.971
182.983	56.9083
409.699	151.667
162.592	493.178
360.733	376.46
85.2286	194.883
58.5244	251.198
431.433	398.841
192.383	53.4954
130.562	95.4296
147.511	469.778
369.697	380.892
202.335	54.4691
57.2141	118.391
86.3393	444.515
340.906	154.555
468.833	413.672
161.119	198.905
242.743	239.327
410.685	297.86
279.987	470.274
152.838	275.679
52.4963	259.177
465.756	194.586
138.871	464.744
458.249	390.957
148.627	33.7296
93.5102	78.5781
392.677	294.042
77.0312	415.504
423.479	305.981
68.2946	253.329
363.803	201.868
230.231	222.226
37.9795	415.508
84.3161	83.4635
363.097	211.843
54.5038	268.973
350.319	366.155
228.481	212.38
73.92	406
161.223	228.577
133.069	39.1873
382.678	294.106
97.6663	227.241
460.45	381.203
472.921	422.799
478.708	412.095
472.839	432.799
275.131	456.625
75.3925	193.079
185.236	469.146
471.42	442.698
123.452	36.4487
414.243	288.515
371.103	424.256
263.106	490.214
37.6481	405.514
433.329	304.259
65.8012	195.909
39.2532	462.138
185.726	229.804
200.297	417.382
172.015	413.022
32.4125	469.433
85.4464	410.101
357.357	377.319
419.599	153.074
211.193	49.8291
436.54	313.729
253.431	492.743
176.196	403.938
436.855	294.901
99.6769	237.037
88.2458	454.332
272.163	494.454
26.6457	426.98
248.869	247.231
206.167	63.7058
282.653	450.036
209.831	414.367
18.4423	427.719
236.745	206.75
485.213	404.5
181.338	464.235
185.018	410.516
55.8219	278.886
358.229	432.254
378.004	195.65
173.327	479.653
207.987	73.5388
462.057	378.708
475.719	193.728
114.808	31.4195
133.024	472.856
73.6008	257.444
134.31	68.8372
248.188	484.227
176.163	299.255
378.79	385.055
289.876	468.789
374.36	172.76
372.721	293.177
429.49	154.546
387.828	197.518
486.83	394.632
215.013	80.6548
297.815	474.869
471.883	452.687
189.942	220.736
13.2384	419.179
169.13	473.194
392.35	313.66
386.026	429.284
76.1819	89.2803
167.674	162.233
238.517	196.908
94.24	462.336
388.038	381.25
215.072	405.85
97.0263	449.546
88.4703	470.504
168.63	305.832
269.049	488.97
466.41	461.057
305.463	481.313
16.2055	437.465
210.866	51.9021
245.987	190.26
176.26	455.62
463.853	368.87
477.833	183.954
11.8283	446.456
64.1147	125.629
207.475	295.03
255.78	188.234
278.903	440.766
69.6739	133.941
357.33	220.012
25.8074	440.259
175.757	312.848
216.55	421.773
67.0546	85.1947
274.457	431.809
377.779	449.92
61.3274	76.9972
262.414	195.717
476.408	203.704
462.546	449.105
428.271	289.771
463.397	466.829
314.035	477.638
92.4404	402.954
446.371	315.561
362.814	294.536
159.071	308.769
55.6003	68.7996
51.5649	110.14
124.399	70.1645
474.695	456.859
37.0714	412.183
82.6966	478.669
224.918	404.097
480.051	465.303
90.4516	186.355
178.196	322.546
49.8731	60.6021
91.6299	176.425
144.81	24.4865
140.167	98.2134
76.9826	448.044
386.142	455.403
205.927	304.909
459.581	202.451
459.214	475.912
83.2983	255.003
150.159	98.6134
151.001	314.674
48.4292	285.62
194.823	466.303
468.067	392.462
219.898	44.9075
409.36	302.859
446.47	292.153
173.224	472.78
93.7566	415.664
39.9406	61.7617
456.04	289.251
228.063	39.1334
394.74	204.745
177.402	289.632
479.24	174.053
455.946	318.445
389.562	378.786
163.814	418.745
198.622	467.271
162.617	480.783
288.744	438.991
404.424	202.252
212.99	286.688
207.385	472.089
109.549	39.9246
94.3873	240.949
180.833	332.192
227.743	47.0401
232.617	55.7722
486.469	472.972
368.078	164.98
430.92	322
160.157	98.4386
394.938	320.492
465.882	317.315
152.19	88.8219
62.3673	286.446
495.591	399.453
103.465	413.268
155.371	79.3412
206.416	279.153
78.9808	137.599
175.825	231.204
26.0737	461.698
291.948	429.518
266.853	438.304
495.948	476.16
124.381	471.846
31.2481	66.7055
412.012	195.738
306.174	488.381
222.226	31.0137
43.185	115.597
354.203	289.451
22.2744	62.2927
480.579	212.792
58.889	203.136
39.5786	280.966
196.794	276.428
286.362	459.276
199.86	222.012
196.858	60.0542
165.855	231.979
392.01	390.427
238.888	247.849
49.9366	198.68
457.528	192.664
38.5195	124.442
367.198	155.019
39.945	198.271
358.08	165.179
97.9591	439.59
133.497	105.664
457.268	212.18
28.9828	56.8798
427.827	331.51
204.206	44.4429
385.207	465.359
89.1929	486.271
420.33	190.187
425.388	280.196
430.838	312.3
241.602	476.703
369.809	389.452
395.898	453.208
230.114	243.05
27.7431	46.9569
242.611	56.0911
191.779	267.777
454.878	484.923
141.132	313.064
384.898	381.553
139.585	322.944
63.2974	94.4621
26.7201	75.6216
26.5034	37.034
257.383	441.516
25.2638	27.1112
29.6812	45.4206
301.379	432.843
233.017	188.556
104.168	461.141
254.547	441.4
365.095	380.633
475.371	320.471
481.447	392.583
25	25
188.993	337.972
253.458	188.912
188.483	210.843
33.8442	289.158
25	25
458.825	360.226
248.818	249.024
12.7763	59.1645
46.739	414.74
130.836	327.787
215.799	90.6238
155.017	89.0936
73.976	457.581
248.557	469.518
479.351	164.054
449.322	493.238
250.052	49.4095
140.714	97.936
25	25
394.404	423.825
482.54	382.643
183.843	201.985
59.7343	296.094
74.2102	483.958
476.971	476.1
37.6364	134.403
484.745	155.633
473.524	387.526
357.114	279.931
25	25
90.0663	234.246
407.249	211.844
220.415	83.7292
54.986	409.084
449.115	325.748
403.12	220.953
161.812	408.947
463.604	360.954
230.415	405.893
182.838	192.035
259.312	53.1845
185.461	310.436
56.8607	305.672
25	25
25	25
159.862	70.4065
84.0951	418.244
25	25
150.337	67.3622
132.865	115.644
154.961	58.7385
30.2194	298.478
165.957	241.979
133.419	69.6632
458.226	394.241
20.3805	431.859
154.774	23.6368
185.468	182.387
134.675	305.428
29.9926	199.246
355.564	383.662
399.391	376.947
55.2543	315.542
248.869	180.028
351.578	392.833
121.717	323.682
108.429	404.586
25	25
412.015	225.522
387.513	313.793
354.637	270.242
54.1131	322.601
268.372	48.9519
230.117	24.8709
179.898	321.641
50.8015	332.037
188.862	217.956
25	25
479.511	311.369
170.933	425.767
206.157	93.2751
224.144	183.946
11.0493	428.264
348.617	168.414
245.349	170.668
32.0056	17.864
384.983	202.555
22.8123	471.151
69.9352	440.949
375.223	465.923
156.032	240.75
171.552	485.274
458.779	289.061
405.295	385.019
277.929	46.0095
486.379	457.561
25	25
71.6016	290.284
50.5172	342.033
226.183	15.6771
25	25
172.844	192.388
391.13	473.416
222.478	289.848
77.8798	298.068
158.2	484.563
283.684	54.1873
25	25
12.9181	469.7
411.136	311.521
63.9611	194.517
388.464	428.954
183.521	303.515
69.7524	141.451
284.043	64.1808
17.7733	18.0881
25.1686	284.185
446.082	480.166
134.263	107.529
187.414	63.3432
244.788	443.581
189.591	173.277
166.075	96.4788
165.663	434.265
25	25
73.9566	194.815
293.326	67.9008
430.091	271.371
70.72	280.351
156.123	13.7282
261.952	194.191
49.6881	400.603
341.34	175.273
240.407	406.292
214.801	80.6463
488.938	207.303
179.941	430.109
25	25
289.69	77.2166
127.217	322.539
351.008	298.926
316.073	489.795
442.677	333.4
25	25
441.465	471.296
369.3	457.866
97.9762	228.128
261.728	188.179
228.213	281.656
291.021	87.1276
150.031	25.0711
28.8272	41.3178
263.758	178.387
105.333	432.835
82.0834	147.106
21.1005	203.821
353.038	373.986
302.732	64.5061
392.406	422.603
481.323	485.103
469.777	309.077
67.4026	131.731
214.176	183.145
454.927	360.612
113.15	426.599
25	25
307.417	440.814
248.042	39.6135
278.425	465.359
452.226	350.983
236.74	449.516
72.0218	490.163
25	25
18.6324	68.16
81.2083	238.887
36.465	77.866
228.819	297.581
148.495	51.1104
147.753	307.291
25	25
362.973	264.718
314.746	479.883
250.895	471.957
375.453	160.662
236.285	304.233
147.031	94.6772
293.901	439.482
187.452	347.853
304.754	442.267
25	25
25	25
62.6938	493.767
149.596	248.404
303.382	452.172
370.392	258.013
94.867	219.891
169.024	402.02
53.0065	491.286
112.709	439.587
41.715	327.862
312.721	64.0503
75.3384	125.647
25	25
124.299	65.5593
381.247	152.512
485.1	401.892
25	25
129.974	328.93
471.264	158.172
74.0952	418.276
25	25
432.372	302.419
376.663	455.628
41.7607	15.6645
76.0775	185.042
189.928	429.597
191.005	72.486
380.555	193.588
170.666	475.313
460.478	279.207
107.953	470.398
480.022	211.833
424.424	296.35
248.405	412.295
124.403	120.973
163.499	238.042
384.367	304.301
390.154	483.369
312.736	54.0503
396.064	491.435
120.267	56.4083
437.626	264.797
175.956	242.06
349.565	402.628
25	25
96.3302	220.054
35.1289	190.666
25	25
185.812	243.75
80.1086	175.891
73.2692	232.806
19.9254	480.726
371.224	473.4
262.701	447.189
63.2692	232.783
62.7141	447.867
324.323	477.004
186.829	246.597
472.198	384.36
388.192	421.697
252.046	30.4501
244.954	299.247
235.231	457.07
25	25
484.49	492.01
437.023	462.337
195.412	165.146
320.063	47.2449
25	25
200.268	89.3931
7.16186	437.477
257.742	38.6727
190.593	179.146
470.922	378.627
390.917	155.058
412.256	377.839
25	25
382.877	205.766
476.26	202.567
5.38141	424.556
388.092	476.052
187.732	53.3483
219.692	8.97663
27.4837	72.1192
21.1055	302.593
81.3198	427.851
179.866	294.207
303.028	462.166
25	25
209.779	7.66587
325.506	38.8562
84.4103	154.861
25	25
25	25
249.404	161.527
427.505	465.406
452.154	346.878
350.446	364.328
294.725	429.516
14.8195	77.4045
256.604	21.5491
11.5888	61.0616
401.235	427.298
331.675	172.706
25	25
116.242	464.805
43.1227	489.766
442.233	350.621
25	25
364.439	480.746
155.983	301.612
141.535	120.626
229.714	402.762
155.679	433.688
409.113	368.346
421.815	227.513
32.6562	87.1123
390.176	463.462
296.377	419.653
433.816	312.314
112.265	326.945
288.609	74.4386
123.026	425.028
255.709	405.464
436.817	452.339
87.8378	298.983
223.054	31.9504
25	25
335.483	39.5442
327.428	163.653
487.161	304.928
291.591	97.1113
484.719	220.661
447.07	479.428
184.462	50.2973
398.791	161.222
148.378	258.33
317.321	72.9298
158.562	4.03015
25	25
25	25
254.859	190.239
246.326	152.012
24.3033	489.716
39.1592	181.514
362.834	486.796
451.873	488.319
25	25
43.1387	70.4188
323.596	178.6
290.342	50.9072
80.3769	132.555
25	25
345.475	39.1573
40.2194	199.274
465.013	270.294
98.1941	468.213
20.7031	425.655
133.796	68.6923
249.349	198.584
118.231	73.5072
357.994	408.01
32.3295	174.21
44.3061	5.99393
104.944	462.76
247.441	308.933
60.7469	279.617
25	25
350.94	47.5321
281.822	99.2449
306.335	418.738
25	25
19.2135	203.965
298.289	44.8365
25	25
169.019	494.947
25	25
220.126	89.1108
14.5277	87.4003
353.967	57.0628
425.468	218.204
151.432	257.476
366.643	448.225
25	25
60.5077	185.133
400.454	492.866
478.683	409.561
25	25
40.2569	188.138
451.348	328.418
25	25
146.729	10.3009
175.405	309.357
53.1385	70.3463
438.419	442.468
142.245	3.29072
28.7697	419.745
353.509	308.608
462.002	345.139
387.618	164.498
25	25
88.4188	135.195
25	25
221.982	40.5272
184.67	256.361
278.896	76.8154
65.8557	225.222
485.784	230.604
151.933	310.343
180.734	180.824
30.403	164.397
25	25
362.426	399.046
30.4026	200.858
25	25
203.798	98.7495
49.9751	322.225
25	25
464.663	150.66
470.641	194.295
453.642	471.891
13.3758	473.169
75.486	247.088
361.438	306.215
256.777	463.87
398.782	433.213
25	25
315.763	422.071
24.7583	410.585
25	25
186.727	40.5572
231.379	466.299
140.366	264.314
20.2082	292.634
25	25
162.356	490.489
38.5535	197.175
56.8277	79.6409
318.79	187.369
236.505	276.067
476.63	381.901
159.516	405.118
471.725	299.268
114.857	47.9985
257.314	11.5743
48.072	335.581
73.2799	168.585
16.1986	97.2597
25	25
478.876	419.56
126.229	465.315
25	25
171.483	177.026
25	25
25	25
115.879	317.621
332.088	154.806
256.656	8.84844
383.331	314.248
110.65	309.097
479.974	310.715
226.954	447.455
23.978	166.632
359.526	360.139
124.735	415.175
113.324	478.832
184.45	437.963
123.979	469.489
399.783	460.687
25	25
267.196	35.4149
25	25
401.498	450.836
118.788	407.136
122.405	442.035
380.782	215.544
248.428	318.884
144.682	55.5787
362.706	61.9241
163.162	182.573
421.017	471.054
163.427	440.01
25	25
347.476	29.3595
181.786	76.3612
14.8551	196.34
307.955	58.7672
110.303	39.0956
70.2309	409.053
405.99	154.281
219.009	99.0483
257.244	468.228
247.999	208.493
238.592	266.287
121.704	477.924
147.327	439.186
372.112	58.5283
180.597	476.487
430.984	231.506
6.53584	193.009
35.0384	335.306
259.209	163.492
262.961	34.2075
269.101	164.96
248.023	262.961
349.687	66.1006
153.715	51.2898
25	25
48.2597	205.219
382.112	58.5339
370.878	470.019
380.919	446.579
138.323	99.5927
460.314	347.464
446.573	260.329
38.4533	417.249
483.468	221.548
417.033	212.832
486.007	385.375
40.4342	60.7915
200.573	156.58
15.2852	435.415
321.2	53.5814
0.90182	192.093
489.468	306.156
67.06	456.874
239.568	163.332
344.276	312.448
219.791	401.531
138.03	13.4809
93.8824	224.867
181.561	429.557
267.13	9.66345
25	25
153.606	185.519
196.663	244.783
112.378	482.514
317.947	431.829
70.485	134.021
392.05	57.4274
131.446	268.835
25	25
371.126	53.1311
189.723	292.517
235.581	302.733
188.643	482.425
25	25
238.246	206.284
377.619	164.411
21.4716	59.5349
468.948	420.763
33.5711	345.198
399.702	50.989
190.798	62.8649
120.502	67.2088
351.789	20.3376
61.3288	88.5706
459.163	422.823
369.612	69.1562
358.897	41.4754
392.034	297.882
64.0645	401.18
243.834	417.839
369.788	392.278
340.139	405.966
412.538	231.246
20.2486	441.036
367.661	304.353
318.082	32.1575
299.038	471.335
372.056	220.428
377.066	208.519
231.231	199.157
25	25
218.954	411.496
25	25
226.055	81.0582
25	25
308.958	185.542
332.845	471.772
330.841	409.646
433.535	441.326
111.839	81.1982
25	25
55.9667	225.02
217.886	443.241
25	25
398.221	41.0993
240.012	449.552
373.485	155.306
52.2347	274.369
192.79	282.999
401.465	294.555
23.6075	346.05
102.709	32.5894
360.806	404.46
25	25
191.369	152.672
113.55	446.682
387.605	288.916
296.098	409.657
48.8751	215.2
208.979	410.793
293.454	479.631
62.8413	98.4555
433.214	211.88
362.987	224.643
287.949	60.6165
46.6651	266.064
65.6996	75.0268
25	25
153.682	48.6961
88.3186	469.786
160.319	192.931
167.927	7.5371
57.0802	456.239
25	25
236.404	216.113
271.545	70.0356
467.976	160.095
379.774	391.755
5.39566	91.4752
323.428	173.662
396.894	66.1761
262.368	476.816
13.6303	309.236
334.799	418.829
356.646	11.5962
401.695	74.948
244.247	222.317
93.6679	214.869
261.042	165.788
352.094	310.905
143.747	304.599
25	25
404.298	33.1579
335.321	307.996
398.783	84.5146
160.098	424.717
484.072	295.417
25	25
402.704	376.023
25	25
325.92	172.349
184.361	277.617
107.789	55.0734
136.226	465.584
269.143	484.171
84.8023	289.455
197.538	486.994
353.694	228.336
128.604	101.947
415.362	157.768
75.937	452.269
182.033	316.845
328.081	469.996
111.847	336.937
410.359	289.985
263.798	194.723
407.803	23.792
132.501	124.914
402.774	170.395
133.815	22.549
25	25
186.039	326.008
107.615	23.8758
25	25
348.034	75.9631
457.948	481.787
469.537	290.249
160.398	258.337
439.46	207.005
25	25
254.024	308.076
417.598	25.8027
83.1865	169.949
89.0204	297.014
25	25
251.267	467.203
474.67	267.7
144.179	313.598
393.622	306.347
25	25
272.04	97.1652
443.149	493.177
7.42804	317.08
308.588	435.353
140.037	2.81601
277.865	74.8031
25	25
149.745	402.989
162.96	51.7287
243.419	197.355
276.826	38.111
258.361	166.737
427.253	28.4075
58.7172	446.374
476.827	191.552
235.695	83.716
465.976	203.14
8.35589	189.482
466.911	308.033
15.706	283.704
53.2671	10.4325
118.658	81.1399
327.889	191.517
249.965	328.766
64.8991	466.637
16.2046	213.501
198.782	235.01
375.27	198.681
161.07	172.794
131.037	134.806
312.236	417.948
195.833	328.029
109.274	479.391
180.367	48.2735
315.966	167.005
166.609	17.4499
391.545	91.4148
349.684	23.9506
354.446	83.6372
52.6971	446.833
142.422	126.172
441.52	330.27
399.935	385.631
390.494	64.773
21.9403	478.331
146.571	192.626
25	25
87.0099	141.614
237.034	469.807
85.3475	125.679
246.057	312.534
253.881	30.0179
113.149	450.184
177.231	302.162
218.487	74.5219
60.5241	134.904
143.574	202.166
332.762	472.842
376.245	321.303
464.997	303.477
327.774	160.282
21.8819	219.447
51.5432	90.6298
419.214	294.632
92.7976	33.92
327.855	34.1417
434.845	431.412
415.823	221.579
30.059	290.913
57.8121	473.692
286.104	409.325
273.901	156.188
408.418	87.1942
411.765	204.332
25	25
167.686	199.693
186.336	468.298
390.08	173.066
44.2716	6.06434
143.179	26.0593
299.13	183.696
19.4111	229.137
183.819	335.758
374.216	230.191
240.511	332.025
25	25
147.722	103.006
47.5946	459.405
283.832	155.013
230.512	224.193
25	25
25	25
63.2158	139.472
93.1782	170.355
437.031	30.504
334.559	425.341
274.271	92.1952
436.302	217.753
41.7336	88.6872
210.266	159.04
119.917	342.843
444.589	467.643
103.536	227.477
25	25
438.188	20.5712
25	25
327.155	400.35
458.84	196.134
253.247	325.559
178.716	419.97
177.188	202.808
469.85	350.474
261.541	455.078
132.174	142.754
25	25
195.437	35.6438
422.024	16.8353
443.647	38.0028
178.272	85.7233
348.348	6.6498
318.134	430.06
225.805	466.466
108.984	405.164
96.6221	144.372
306.314	169.621
380.098	473.891
19.093	106.832
396.596	50.7322
84.1489	28.9001
138.619	321.909
47.0922	80.9665
461.575	351.04
359.074	362.053
352.288	72.0477
321.145	175.605
29.005	108.155
25	25
12.3426	207.721
104.178	14.4849
345.044	57.2439
25	25
320.699	420.305
437.316	499.555
184.436	317.288
14.9684	181.981
490.046	215.899
147.568	121.369
146.087	463.926
141.525	48.9688
78.4006	406.777
476.009	166.051
234.414	233.4
55.059	328.427
339.361	80.9405
25	25
403.68	453.736
127.997	348.734
42.7799	61.5633
418.399	87.8086
101.261	164.467
250.287	475.935
447.872	18.0746
34.9744	24.2855
352.626	14.6271
270.765	494.039
120.654	436.435
412.446	378.279
89.5185	116.59
48.4921	321.008
3.80591	326.401
466.941	150.149
6.61765	430.428
456.994	186.306
364.594	477.798
411.364	241.177
437.248	45.6879
419.407	241.006
83.192	179.949
324.354	409.187
55.051	145.246
201.652	336.162
114.024	474.255
238.105	341.732
152.834	457.036
25	25
201.605	404.038
283.331	96.4278
258.735	4.22912
25	25
25	25
301.55	441.203
343.797	322.436
217.574	472.145
104.222	343.406
32.2743	409.387
244.43	253.628
94.4139	286.695
368.574	382.352
402.539	231.399
103.995	283.829
321.25	26.9056
130.341	68.9994
174.102	484.09
11.7898	172.499
375.034	446.942
421.165	373.382
321.254	439.864
330.504	57.2474
438.618	256.871
4.39688	185.296
337.005	156.435
285.826	68.0885
397.822	315.422
494.22	206.812
313.754	20.8597
314.278	414.21
148.414	295.755
126.466	25.6758
369.163	328.364
12.3329	63.5949
179.675	344.859
356.097	238.043
57.4682	69.3484
180.928	272.106
86.575	164.56
175.38	95.2959
210.576	419.99
442.942	495.461
31.9712	415.576
75.0452	449.221
143.109	203.475
25	25
12.6047	84.5449
25	25
58.9821	70.9334
25	25
58.7923	337.704
327.93	301.26
291.936	485.483
4.38823	420.68
467.822	308.836
58.077	154.777
370.059	190.146
218.861	64.5289
294.555	419.537
232.26	93.1076
25	25
52.4826	333.804
371.55	215.941
169.478	80.9619
29.1842	231.255
307.065	477.226
83.7676	216.277
472.534	163.807
90.3017	277.579
130.438	316.158
25	25
208.404	468.155
468.314	259.98
121.137	133.394
93.2714	461.099
143.754	39.781
162.498	60.4666
13.5786	442.59
134.442	475.424
162.914	423.98
97.9976	53.0434
214.998	150.985
15.6365	273.705
385.101	214.471
25	25
25	25
201.853	278.775
239.627	202.164
58.6378	129.555
35.1925	425.043
111.32	328.498
25	25
18.1493	113.927
44.8811	422.566
48.0785	10.7348
409.842	69.148
257.179	322.589
428.016	495.881
352.539	247.389
473.518	359.777
104.969	441.547
8.10426	54.533
313.941	484.487
265.274	328.461
154.165	314.123
493.319	291.609
54.2001	283.764
452.619	415.261
340.638	433.28
286.464	40.7759
164.291	41.8176
31.8293	87.3072
154.995	67.0775
273.922	333.481
353.957	257.288
481.888	221.684
357.387	403.645
25	25
25	25
203.435	29.6414
49.3151	125.937
340.108	479.626
467.666	367.886
442.078	54.4443
168.217	486.43
34.4772	99.7855
151.643	447.108
141.402	113.496
295.139	472.845
25	25
160.111	485.335
475.354	342.125
402.153	15.5408
244.474	349.441
82.8977	157.366
77.1803	416.702
295.445	70.825
96.0467	337.647
383.785	451.781
117.208	341.124
165.968	414.458
244.279	440.508
364.832	5.85204
299.062	80.1479
69.9204	423.579
432.468	57.2124
22.5502	97.6861
96.0834	160.708
384.268	451.288
340.293	489.625
408.854	150.175
25	25
190.518	240.641
25	25
187.281	81.3826
94.4258	460.475
277.237	153.974
186.348	459.274
142.604	213.462
183.664	343.911
458.411	371.673
25	25
106.756	274.218
242.108	94.8476
365.82	201.615
248.957	2.13549
203.435	321.532
307.498	13.0585
19.2837	123.862
112.173	134.307
398.818	392.922
87.2916	174.312
192.932	89.6322
385.229	56.2714
218.126	406.753
63.8913	64.4703
170.765	2.57616
403.036	10.5933
56.6589	265.712
497.942	201.872
348.976	33.9255
461.402	410.479
454.465	469.211
83.3921	189.947
10.496	265.127
338.363	6.10731
100.427	177.244
438.193	246.88
25	25
2.72631	210.464
259.492	473.317
438.244	459.914
108.842	83.0461
25	25
348.682	301.506
25	25
14.2296	132.491
423.657	363.697
383.934	382.661
53.6404	482.781
9.21269	109.44
266.86	446.609
462.307	267.975
25	25
204.887	167.47
124.267	320.774
244.8	263.622
464.477	213.027
470.155	415.314
99.167	62.9748
212.515	173.936
25	25
25	25
331.571	87.2103
212.818	324.99
350.943	266.823
20.7548	267.72
91.507	346.557
328.398	315.213
25	25
111.096	166.279
25	25
25	25
496.331	290.294
354.642	83.96
277.022	63.3473
116.971	158.187
25	25
448.869	61.7841
49.4132	146.175
346.472	153.216
290.489	59.2422
433.666	242.502
207.238	38.8902
420.085	354.357
24.1795	403.515
25	25
155.333	164.603
433	421.584
227.131	214.781
287.796	65.2752
25	25
141.869	183.8
141.349	459.827
431.898	50.7665
436.169	450.132
98.7622	72.9666
345.071	28.281
255.28	464.783
277.078	53.3475
99.0952	284.286
426.232	81.5921
363.256	260.965
244.609	33.7628
15.4273	485.92
320.299	315.293
110.401	234.748
424.139	7.06157
25	25
432.306	264.626
70.6044	71.8821
452.333	9.12505
367.834	269.856
251.953	96.6029
178.819	202.551
110.106	415.101
100.541	143.973
347.631	405.837
107.927	232.223
291.819	443.509
25	25
132.64	47.2512
160.954	206.517
340.831	442.953
13.1145	439.144
175.826	280.707
478.334	421.069
376.89	451.064
39.7968	402.798
436.359	273.768
89.7284	106.592
148.065	55.3462
160.442	447.972
25	25
413.958	360.227
25	25
25	25
484.812	185.533
25	25
57.3739	255.737
25	25
361.773	203.208
247.793	207.935
154.776	468.054
25	25
25	25
458.705	59.9793
144.091	103.321
226.082	400.694
137.902	65.8252
419.291	344.388
25	25
366.532	338.012
145.734	126.66
481.431	189.462
107.833	409.516
146.633	289.632
378.007	460.472
130.449	434.423
161.796	311.76
490.424	286.104
130.041	424.432
196.965	78.8908
31.6099	240.956
234.889	252.563
163.295	404.822
293.262	33.4422
172.484	25.5426
460.606	3.50756
180.714	1.56708
66.5195	344.051
107.765	489.276
135.1	316.368
25	25
185.741	44.7076
259.273	38.4395
171.673	10.9278
92.8638	217.521
425.463	94.8864
63.128	485.941
146.362	323.012
137.59	345.908
215.727	315.422
57.0483	345.907
430.703	31.8506
160.488	34.4044
466.677	66.0162
350.829	443.155
433.971	487.848
345.145	425.724
25	25
336.363	472.737
294.011	492.335
25	25
246.684	470.318
25	25
200.404	242.142
364.407	243.461
49.4862	491.877
158.579	302.813
415.273	198.077
84.9753	289.998
353.288	276.544
136.942	151.544
241.591	43.2966
25	25
134.222	62.7483
115.728	418.348
351.56	418.053
462.633	267.52
5.11527	136.606
463.555	473.38
357.329	28.4276
101.366	432.219
411.523	198.015
207.914	46.8622
276.414	153.536
25	25
25	25
183.435	416.524
25	25
348.981	475.013
249.973	213.669
428.974	346.886
300.189	189.529
290.751	412.25
167.734	15.6615
25.7364	428.296
121.829	63.7505
209.105	429.881
87.3229	277.015
40.8411	452.03
291.125	57.5757
406.418	96.9922
471.956	428.771
408.579	213.811
135.206	431.878
3.8938	167.951
188.718	265.836
40.2452	0.738047
65.4127	270.546
443.868	258.97
228.14	340.905
375.917	52.6259
373.269	214.439
238.978	2.7832
117.641	487.706
376.898	274.081
25	25
241.01	272.876
221.948	469.236
256.473	91.8326
245.055	52.6773
342.132	422.574
120.157	446.423
498.604	197.263
138.658	450.196
337.789	164.331
25	25
163.92	74.9676
357.327	38.5013
340.15	85.0697
291.897	25.714
475.73	438.032
467.142	11.0762
25	25
62.0478	120.154
432.161	499.692
43.2304	486.593
261.299	490.813
319.573	449.722
481.328	446.318
303.356	194.241
4.26435	63.6347
134.1	103.757
438.512	24.2327
303.288	436.929
249.874	432.22
250.973	60.7385
471.462	479.502
25	25
281.8	339.64
118.257	401.421
368.058	374.272
491.454	181.193
146.064	279.649
460.751	353.411
91.4676	267.647
80.8899	33.6993
80.8615	225.846
116.955	174.383
194.473	93.0192
25	25
25	25
211.606	152.852
486.699	453.712
226.338	229.219
458.195	311.539
201.444	270.482
297.183	64.0433
278.296	349.006
4.58014	336.371
257.951	455.146
25.8256	116.567
200.246	312.054
153.569	449.453
37.2665	412.592
13.9667	491.602
25	25
25	25
191.648	404.954
423.204	268.768
350.721	367.552
405.242	355.326
135.327	430.841
62.2383	429.982
375.625	387.378
361.489	68.1286
423.254	369.473
23.8952	119.782
174.655	474.106
261.042	487.76
163.385	319.289
263.156	314.572
220.424	481.73
438.675	426.737
25	25
413.255	344.757
295.761	197.979
150.577	95.7099
23.8344	258.206
11.7577	425.579
467.557	171.354
447.121	184.718
279.679	498.571
44.8675	327.922
344.769	77.25
418.426	215.553
25	25
161.435	81.9251
203.804	302.709
28.4367	228.224
277.927	88.0135
432.319	10.2215
477.162	312.409
416.561	276.243
4.05085	410.686
25	25
475.885	15.9308
240.2	97.8908
342.262	69.7337
191.27	79.6533
202.274	71.2396
297.553	90.0333
34.4401	422.578
86.1023	463.787
100.066	403.217
328.828	150.678
25	25
25	25
39.3099	91.2635
155.898	457.532
21.7758	171.971
98.7541	405.596
151.956	284.059
91.1362	257.653
145.068	269.698
496.391	456.176
190.705	270.766
65.5338	452.308
25	25
353.737	197.255
313.549	485.764
285.687	403.627
235.687	445.625
31.6661	173.448
39.702	123.182
447.158	476.037
172.802	322.656
92.7501	193.473
52.617	473.329
433.115	5.38849
25	25
70.9961	267.626
25	25
25	25
25	25
437.973	180.679
281.428	415.866
25	25
370.008	318.4
386.276	270.611
190.197	4.73896
172.65	0.433657
445.12	277.578
406.713	240.486
411.89	17.8212
25	25
191.896	77.2574
367.54	180.469
71.2458	124.078
276.524	88.2013
145.459	166.186
420.676	334.485
25	25
344.51	18.4418
183.034	241.539
387.243	66.0663
391.654	307.551
328.466	4.67446
72.2461	38.7276
86.6793	458.775
102.797	216.364
434.856	98.3171
292.035	463.338
447.975	11.6533
34.9954	435.041
246.682	223.113
448.299	255.762
376.475	204.967
356.236	191.586
47.5163	348.931
115.434	157.889
25	25
194.318	77.4615
353.082	274.539
390.852	375.44
495.61	277.554
269.086	345.87
103.862	91.718
204.669	233.097
244.169	193.255
25	25
281.458	326.908
426.085	63.933
83.1948	99.0218
191.857	421.915
392.108	445.081
450.976	405.397
81.1389	23.7024
323.959	301.302
91.1383	23.8099
184.062	343.01
27.1877	102.048
228.828	65.3329
371.282	282.355
205.384	412.097
92.8206	182.584
301.826	495.997
302.289	60.6528
25	25
488.47	229.212
357.125	306.864
388.956	314.446
461.749	74.7174
469.48	341.445
440.464	170.994
238.251	282.487
257.541	334.801
492.979	223.461
206.522	436.26
223.035	483.935
277.008	98.1895
25	25
239.568	257.47
99.7998	452.56
50.459	471.376
298.885	72.9123
351.174	259.11
268.714	159.916
312.233	435.393
71.1114	223.624
243.525	84.9485
89.1759	166.688
81.2452	123.973
74.0279	152.748
25	25
288.314	498.267
205.858	68.0931
46.4511	147.003
11.4544	343.633
41.4508	175.512
25	25
25	25
400.778	376.656
385.052	75.8232
482.17	421.346
25	25
51.149	173.074
472.826	445.536
328.205	325.211
235.291	10.3732
31.0596	183.43
107.345	49.4903
107.156	266.22
248.411	208.145
275.507	61.8168
204.347	249.249
223.463	320.893
90.5776	165.302
11.4039	282.765
128.43	349.92
16.2251	334.845
86.5671	100.719
1.72242	158.19
274.578	168.016
91.574	224.933
25	25
217.254	213.22
351.14	33.0512
258.714	159.927
286.679	61.6468
25	25
67.3643	334.087
74.6233	117.401
197.047	279.464
358.925	344.502
73.5545	326.233
227.172	319.643
305.505	96.0969
25	25
203.902	324.705
225.855	13.6855
193.674	27.4704
25	25
246.189	257.106
444.306	239.175
55.9754	143.38
360.987	81.0044
76.5255	14.8302
25	25
67.1079	343.478
172.032	481.368
426.17	449.993
25	25
301.359	20.0806
31.3811	444.365
200.176	4.08448
87.2466	111.437
164.959	161.896
87.5335	456.565
25	25
410.161	190.177
25	25
216.632	400.035
56.3897	181.591
106.793	290.67
349.488	417.249
173.04	241.875
184.226	477.003
243.192	291.036
30.6716	269.007
69.9217	121.446
11.015	71.0123
161.276	299.154
19.1446	347.374
241.966	183.5
469.733	442.656
270.732	308.045
221.159	416.282
469.839	488.321
305.653	181.154
327.885	165.708
140.106	57.6576
25	25
194.118	232.305
344.356	193.793
25	25
211.347	313.37
116.015	128.918
235.583	343.039
330.308	490.174
427.572	378.493
49.4568	400.213
16.0705	137.09
66.74	476.616
226.587	65.7799
379.042	83.8157
25	25
10.8898	118.693
95.6733	341.239
143.404	424.944
34.2336	191.929
471.603	76.4213
399.025	152.016
144.024	464.254
487	172.24
50.8523	186.106
219.385	69.8235
371.749	396.491
482.861	172.037
352.165	182.452
475.506	61.3191
400.258	302.456
25	25
275.124	440.98
383.703	378.517
157.743	52.8327
187.355	455.256
25	25
133.766	189.661
88.7554	405.434
445.533	27.6937
351.46	83.3274
229.707	287.684
201.69	99.9409
188.808	202.082
25	25
30.6833	171.91
101.626	437.484
39.512	319.477
25	25
121.535	330.394
329.948	482.337
389.726	324.416
137.32	101.738
484.397	56.7422
166.895	469.827
37.0269	437.716
41.7024	466.547
99.9187	286.19
470.706	7.67578
120.159	236.932
484.465	231.158
386.967	315.393
330.007	77.3333
424.879	360.568
247.121	258.375
452.173	233.002
389.036	152.483
348.332	27.7051
346.264	484.637
144.507	136.584
25	25
97.5088	207.876
457.948	321.536
341.167	463.966
129.477	240.563
134.573	37.4398
81.9828	264.479
357.128	178
339.698	448.653
47.3013	138.492
25	25
123.649	495.7
404.407	250.217
76.1907	479.884
403.637	87.3867
25	25
390.734	311.703
37.2778	165.913
434.033	243.448
171.517	11.1407
75.0319	291.061
24.4783	194.127
295.25	35.7802
382.858	275.864
12.5525	325.544
371.654	442.544
368.557	434.478
191.672	306.908
168.55	152.563
99.7067	18.654
244.109	432.964
141.594	473.955
25	25
437.229	381.089
291.357	328.326
383.88	393.021
426.478	256.5
241.023	274.3
25	25
25	25
376.522	337.561
375.645	470.189
308.147	440.718
291.44	413.78
496.338	235.385
397.898	241.001
376.893	405.067
310.323	54.6979
25	25
385.061	333.092
118.59	348.139
422.415	47.5914
368.764	62.8743
424.837	75.9617
63.8949	216.701
428.699	258.624
109.377	21.2001
25	25
58.0805	184.015
346.792	451.752
25	25
25	25
25	25
25	25
353.67	261.637
25	25
25	25
25	25
404.364	293.337
394.985	92.4008
35.4859	400.399
91.3382	30.319
34.0294	250.659
350.231	339.561
195.126	25.3189
59.6525	278.72
458.11	224.955
367.324	28.7627
14.5492	171.365
170.607	21.4112
455.059	30.7354
13.4043	165.635
344.528	186.95
320.076	55.4478
474.654	233.095
116.274	262.114
237.625	218.874
41.7811	181.596
387.899	241.143
44.4437	478.026
54.0393	435.706
25	25
485.88	46.8529
444.584	287.564
57.4411	402.276
106.318	242.772
239.923	462.95
218.902	404.266
14.0907	255.956
467.681	468.886
222.21	204.535
74.007	123.222
362.316	74.0447
17.9755	482.441
99.0154	90.6949
364.462	193.206
82.7735	192.789
347.153	307.62
339.355	400.224
161.032	475.391
278.235	63.6592
299.966	333.414
148.3	260.235
183.955	54.5468
25	25
144.51	292.585
375.424	480.187
318.829	150.556
194.65	210.199
25	25
25	25
0.922839	401.187
276.025	51.8302
186.661	216.213
399.874	161.98
129.449	452.26
130.917	108.502
452.627	395.534
467.928	161.361
245.103	273.885
387.018	303.687
463.088	302.818
430.766	168.554
125.806	407.98
423.998	488.583
214.854	462.188
185.91	33.7735
25	25
233.654	16.8281
36.2104	425.89
281.257	95.8702
85.4416	185.228
211.807	162.85
478.54	199.035
45.3332	411.499
395.807	331.001
400.68	364.149
174.005	419.852
409.562	381.433
161.141	484.127
285.882	199.532
25	25
25	25
44.493	311.047
220.323	402.481
328.154	49.5533
373.959	430.311
429.093	61.8878
111.525	98.1427
421.138	14.0165
376.394	93.4587
186.087	452.729
490.567	162.898
138.341	235.933
480.217	439.123
133.022	179.688
463.419	152.435
201.218	6.93168
354.457	242.463
258.786	305.627
205.016	156.655
200.131	443.951
25	25
25	25
162.208	444.415
130.548	416.784
454.22	330.815
107.562	48.2025
188.143	486.204
173.258	167.475
25	25
344.075	71.4867
6.85163	80.1044
216.838	171.492
6.73723	434.227
202.453	83.2767
333.452	54.3703
350.344	233.348
397.394	330.916
315.584	440.744
392.162	57.3595
3.05724	338.647
250.396	311.069
390.039	334.693
64.2538	44.7379
160.05	309.722
371.969	342.945
115.624	94.0461
460.204	389.007
25	25
495.158	462.03
147.728	134.416
284.764	456.474
172.285	471.951
128.481	323.2
25	25
419.763	457.672
272.08	412.313
374.358	490.13
49.919	163.15
155.69	438.031
45.2588	478.892
232.282	438.878
373.272	61.0047
286.09	463.861
433.603	2.15067
279.953	338.356
93.9889	192.945
212.079	325.627
244.086	300.996
402.343	259.273
435.377	291.466
295.113	400.288
157.856	14.0998
25	25
101.473	251.52
430.442	187.258
246.188	255.214
459.156	276.896
483.33	304.537
366.723	285.262
369.573	421.325
465.914	308.375
177.34	416.934
280.725	307.654
196.865	196.158
393.89	454.921
463.343	423.691
318.781	321.866
361.371	186.482
300.043	77.0077
263.259	457.416
477.144	335.021
115.908	294.782
216.522	10.0942
199.614	6.4921
235.656	280.697
23.8954	450.995
89.324	233.141
306.29	171.174
479.638	444.497
337.132	80.8696
239.419	342.491
14.505	194.857
312.809	457.087
363.593	90.6567
409.172	389.864
150.067	309.148
481.75	7.83159
482.411	343.522
230.489	486.086
280.165	454.978
25	25
18.9568	64.9356
25	25
99.7651	169.251
373.924	322.074
36.4961	147.951
25	25
0.326335	68.6622
268.282	67.3792
261.551	63.211
79.0182	216.017
403.955	15.3009
274.312	151.63
36.6363	105.322
25	25
25	25
288.271	16.3945
212.007	427.898
173.63	1.44181
212.891	74.3055
137.535	345.785
410.444	352.422
475.082	78.4381
453.642	189.829
63.2421	229.794
24.9364	333.081
414.552	449.137
63.7128	449.889
93.8313	241.974
0.599161	419.672
258.674	92.6024
25	25
25	25
345.1	348.145
25	25
456.475	475.909
270.511	402.768
13.9764	257.641
461.62	267.204
135.26	140.391
469.85	295.45
25	25
331.492	71.3394
25	25
315.507	52.7674
445.946	325.2
453.434	151.899
385.379	481.143
16.9342	30.9112
85.4632	483.629
71.9416	220.72
25	25
196.362	269.341
230.227	229.846
371.279	74.2143
25	25
315.483	95.4355
492.365	191.151
376.899	407.084
232.725	239.529
336.254	43.6888
24.0727	64.4638
193.403	486.174
25	25
25	25
269.23	57.6816
123.567	227.531
394.993	343.38
188.912	477.466
302.021	343.201
282.189	423.923
25	25
25	25
195.345	10.9878
274.272	408.942
396.971	22.4574
72.8809	110.513
146.941	171.612
370.211	380.419
26.6661	232.087
374.846	214.833
5.05832	191.577
495.1	162.293
311.929	344.553
234.102	56.8365
188.38	284.452
25	25
25	25
457.481	389.834
25	25
447.76	426.664
375.802	431.434
25	25
430.395	267.376
182.093	404.677
25	25
293.869	96.6782
475.589	88.4252
470.485	351.395
25	25
114.439	232.207
90.7016	253.388
402.553	5.39974
317.344	89.4555
111.629	211.675
476.856	87.048
182.579	306.448
385.57	433.576
320.511	432.963
165.443	5.83809
457.47	22.027
378.567	237.551
70.7668	454.963
25	25
110.448	136.864
25	25
468.193	226.142
25	25
36.0009	120.424
115.163	322.687
257.253	93.2763
68.2714	52.6171
481.303	2.32525
424.912	99.3764
464.114	397.832
285.108	81.0536
19.5023	229.228
286.105	6.63185
376.034	460.197
113.998	143.885
200.647	452.929
460.429	491.707
23.4899	260.248
120.555	296.107
141.248	148.399
185.704	429.563
30.3468	22.8423
485.827	154.093
96.0892	400.192
81.3882	412.196
234.116	490.478
25	25
46.2832	347.94
27.5953	55.1048
372.454	492.64
25	25
449.531	222.615
238.303	84.4129
48.8197	488.237
370.491	272.386
114.62	56.3518
431.325	197.219
414.765	439.139
393.244	396.532
412.302	18.2496
25	25
25	25
104.837	342.621
437.056	232.289
39.3069	18.402
189.18	189.759
142.238	483.934
115.562	66.3073
324.686	325.948
357.376	351.005
80.1263	400.381
390.069	424.645
101.404	136.433
395.251	248.945
409.064	430.923
352.253	349.275
424.586	371.476
232.723	187.315
2.10017	409.052
239.326	467.294
33.3725	10.3532
414.681	492.213
143.075	108.286
396.849	290.998
431.781	458.271
439.977	261.307
29.0214	345.81
298.231	486.666
378.311	85.2091
434.041	222.754
230.25	403.686
233.499	25.7746
436.032	89.2732
433.031	468.192
25	25
393.195	474.906
319.103	423.063
2.86247	113.284
108.361	298.133
25	25
25	25
364.229	53.9613
321.9	159.603
413.412	89.4986
117.968	487.47
477.583	41.2718
75.2761	318.812
395.634	47.9817
229.673	278.876
92.2804	227.345
25	25
213.036	168.673
139.327	264.649
386.226	275.533
209.848	58.9235
317.446	59.9296
29.6395	346.953
464.021	333.967
25	25
25	25
11.3499	223.437
5.36938	329.124
473.815	395.406
168.895	306.648
412.589	299.025
231.73	348.796
256.996	465.212
179.344	314.492
63.8616	338.4
241.812	258.13
224.471	474.039
216.016	196.684
69.1476	336.545
374.394	461.597
25	25
139.853	283.736
137.815	198.804
147.047	346.351
482.378	95.7673
44.2705	444.339
366.387	446.83
485.889	458.276
184.764	428.639
436.212	57.165
496.175	222.381
232.734	342.376
100.743	223.105
405.879	436.881
10.0708	292.676
308.233	56.5136
453.794	319.471
67.9049	342.249
15.3103	456.123
444.856	98.36
85.2316	16.5032
339.553	418.386
203.978	244.541
433.205	484.678
467.897	14.6187
461.391	315.066
67.9173	238.634
25	25
7.92577	232.832
25	25
35.6445	227.684
24.2806	325.702
100.623	126.464
183.256	316.974
392.84	3.02226
67.1011	466.622
25	25
25	25
213.831	472.136
482.462	411.35
41.7155	407.254
84.0968	208.992
19.5737	343.013
390.081	255.456
385.839	390.212
199.056	164.685
445.695	53.99
309.229	13.9116
190.678	211.132
20.2959	286.022
25	25
158.259	261.133
465.667	275.383
49.7713	311.465
357.865	333.102
459.826	158.572
276.301	60.2255
189.07	164.161
322.778	313.54
184.997	236.406
108.654	19.288
276.676	80.4267
375.656	247.118
355.32	300.786
465.043	309.171
237.264	94.3588
117.934	59.1216
8.54178	66.2352
25	25
25	25
199.595	70.0652
452.115	188.251
115.162	243.343
63.7711	433.406
86.31	420.901
25	25
184.217	452.42
25	25
154.502	432.721
25	25
34.7033	167.225
25	25
11.3486	89.0363
25	25
134.981	27.4482
201.126	202.569
41.9328	169.63
91.2129	84.4402
25	25
198.84	333.329
466.688	171.284
443.509	185.431
438.359	258.152
262.779	473.37
17	293.879
384.082	210.999
135.737	45.3188
56.9452	494.066
357.737	59.6872
44.1585	102.243
20.4265	16.1071
182.976	214.55
471.711	289.582
280.625	348.333
15.8364	168.871
136.268	489.162
56.5351	499.818
421.294	72.148
245.178	11.8724
160.9	153.243
461.608	76.7377
111.31	241.956
331.23	453.972
432.728	252.428
460.655	353.231
147.93	12.8884
51.6269	438.39
25	25
372.912	329.498
29.1365	221.209
488.66	407.709
28.3647	316.586
243.146	459.221
25	25
10.7019	454.87
41.17	92.7
107.587	217.867
211.105	475.475
228.699	81.6263
465.561	179.358
25	25
375.275	468.589
10.1656	191.179
347.297	92.42
211.033	484.764
242.465	307.131
351.85	349.656
22.4013	215.497
93.1705	21.9995
384.439	333.309
225.743	72.6941
455.487	56.0176
59.9182	163.277
454.148	12.5949
128.688	132.854
25	25
119.721	454.574
92.7899	283.692
315.16	5.86008
114.69	483.986
452.527	219.651
301.291	7.83001
363.942	354.322
25	25
424.945	193.145
224.166	279.986
25	25
440.408	200.34
90.0867	430.161
25	25
337.87	75.448
235.764	278.208
202.559	323.434
249.914	467.113
25	25
17.7294	129.155
437.08	320.573
25	25
124.007	410.747
164.643	27.1678
489.612	336.584
186.723	455.317
369.731	180.995
413.456	440.931
25	25
290.672	306.63
96.5918	429.131
2.65724	348.639
94.9512	331.265
63.728	34.7518
56.9243	310.914
25	25
58.198	172.048
119.261	138.817
227.17	240.521
404.953	371.932
25	25
25	25
414.934	393.577
42.029	235.38
29.7748	29.5126
491.164	398.028
116.692	301.949
117.873	482.067
25	25
399.713	383.16
236.55	402.525
361.822	44.2554
160.579	449.652
7.56936	56.2826
157.223	426.114
20.2429	298.932
472.54	166.904
251.026	470.994
137.738	67.3734
291.161	303.873
92.5289	416.744
148.855	434.738
40.8435	156.221
270.628	348.102
178.842	244.287
201.591	233.101
117.657	444.789
16.3863	172.008
360.218	424.858
407.183	332.958
10.6116	88.5801
254.783	55.8492
325.005	7.61453
300.892	306.175
357.792	270.747
342.043	418.741
22.6678	458.09
216.789	154.18
57.3806	185.906
494.209	245.156
406.672	335.899
330.309	37.9144
25	25
397.334	360.925
242.246	266.154
288.317	320.426
242.704	495.601
25	25
371.796	262.471
289.294	463.892
172.442	471.517
365.61	203.14
344.151	407.583
430.277	42.9687
419.72	484.358
25	25
247.515	220.355
218.37	238.131
328.754	455.389
146.627	203.531
16.2113	437.427
285.145	47.7295
467	154.724
224.87	474.355
386.591	298.307
498.179	186.097
39.0995	98.0349
14.6127	240.268
450.894	405.382
189.958	179.789
25	25
433.905	330.056
410.588	14.2817
466.762	348.92
474.704	157.345
195.528	95.9155
25	25
339.544	492.043
424.05	223.164
25	25
272.674	91.3468
333.762	82.2704
274.214	418.557
79.1285	8.5816
171.353	303.099
356.649	168.012
21.315	278.206
25	25
138.872	455.608
232.945	332.378
317.266	330.512
338.079	194.593
420.922	304.553
478.883	325.174
321.1	461.251
149.127	100.325
460.499	183.458
94.3437	166.035
372.492	284.54
195.546	9.28718
25	25
156.716	173.721
68.745	211.93
373.416	379.537
387.424	335.436
50.9074	90.4236
397.753	287.516
265.802	423.965
22.1124	297.243
303.922	405.021
25	25
481.205	286.441
63.5136	209.932
447.401	268.007
268.779	481.37
251.317	313.088
464.089	257.514
416.014	197.644
3.94178	435.658
382.886	489.093
414.392	422.461
25	25
377.856	214.712
391.824	493.578
293.936	460.965
242.35	184.611
41.0255	306.02
263.876	307.993
132.028	110.7
29.4133	452.682
466.806	276.116
15.3727	190.738
155.301	434.337
364.066	39.36
349.099	175.95
257.664	89.319
123.471	473.781
78.8523	300.302
406.71	493.026
20.3278	158.42
430.901	488.921
322.129	62.9738
10.5123	136.077
433.672	390.436
228.513	328.707
147.802	101.313
25	25
494.457	472.005
5.96148	64.4494
56.6959	228.814
1.41066	73.3525
331.489	157.368
490.113	440.564
133.866	402.06
143.223	152.049
449.411	258.496
427.739	159.023
129.413	129.38
390.381	436.858
408.885	487.679
14.2371	40.5406
113.615	201.874
464.155	61.0042
39.4943	23.9908
110.815	339.543
291.471	473.652
134.33	185.861
392.632	376.099
45.9115	81.7609
363.374	373.122
186.587	161.658
463.891	282.138
374.604	233.262
405.607	357.765
410.346	384.249
419.163	291.49
489.083	299.112
268.62	491.368
25	25
438.83	10.6759
409.493	300.255
28.2482	419.839
366.875	468.176
236.573	232.939
252.35	184.682
224.546	4.12625
106.962	317.307
243.448	194.551
25	25
128.749	183.608
307.36	457.208
52.874	99.4006
109.76	168.926
9.3122	328.912
474.871	9.60704
388.402	380.381
430.497	307.438
137.504	324.454
483.208	276.644
254.692	14.9527
259.263	319.16
406.029	2.08377
25	25
172.411	175.653
475.685	387.56
25	25
242.251	272.34
63.1622	436.893
207.089	442.774
349.549	407.136
87.6877	6.05536
401.684	321.883
357.867	329.074
193.719	328.554
373.265	484.867
492.224	94.0171
416.172	202.322
17.9152	437.459
443.153	312.628
324.851	337.03
446.101	186.9
72.8422	131.978
459.399	212.386
379.349	183.734
138.29	68.9363
25	25
155.762	207.601
440.392	322.65
39.7997	296.095
458.773	256.441
104.172	406.079
473.117	176.179
357.813	304.187
103.52	422.444
473.001	99.2403
328.388	157.984
328.166	195.909
186.786	272.222
80.5642	182.283
25	25
97.1675	418.816
357.823	158.081
187.307	159.302
196.559	334.797
452.921	8.11567
8.61777	464.175
361.398	417.979
320.124	189.964
215.837	240.358
480.101	429.124
334.438	10.9329
25	25
79.4909	203.857
25	25
25	25
400.523	171.959
138.483	233.449
335.229	461.774
13.4995	96.2956
378.065	192.124
110.622	289.278
314.378	349.941
438.968	426.568
105.842	28.8845
72.4523	245.758
76.3561	446.671
439.277	46.8455
442.693	284.649
324.429	167.454
138.876	435.393
221.752	348.135
182.539	230.121
384.509	307.418
379.594	87.0705
378.916	382.433
281.031	44.6636
352.906	359.535
13.272	204.596
122.708	440.084
136.822	270.086
77.8222	426.189
191.089	260.844
456.348	46.0547
198.514	488.67
447.221	410.337
259.132	5.99287
478.516	322.202
334.733	335.498
349.006	324.439
154.339	17.1227
199.258	211.832
133.336	52.5235
355.18	426.651
35.8336	123.877
383.27	211.326
74.2903	109.103
39.0541	179.207
280.284	321.154
456.876	418.858
67.3659	106.994
25	25
78.5041	442.155
409.987	252.825
422.599	261.113
87.6612	275.108
207.797	217.037
73.7257	34.9644
319.953	183.859
226.082	150.485
456.855	329.267
296.636	173.78
382.925	4.32501
129.452	291.541
233.495	59.7673
366.943	153.978
25	25
221.402	77.2719
25	25
154.642	425.943
473.67	285.872
49.1026	107.303
51.6757	428.39
25	25
181.396	258.996
115.959	161.079
25	25
313.5	402.147
351.915	430.521
153.129	416.058
104.297	207.997
250.07	23.6056
242.86	286.795
251.442	480.986
4.7264	473.387
322.078	185.797
113.332	84.3125
330.246	495.723
25	25
479.731	69.5846
291.142	14.3301
381.586	397.986
159.193	271.09
132.441	400.503
74.9902	291.078
227.198	250.521
439.791	455.77
25	25
25	25
396.246	52.1908
389.186	355.128
25	25
472.682	166.761
360.489	202.874
10.4158	417.765
406.124	199.123
70.2585	402.002
134.875	133.205
93.0174	141.88
489.669	214.787
25	25
293.662	164.975
185.259	433.285
160.689	11.7495
412.127	194.831
347.713	439.595
25	25
409.944	168.605
46.8395	71.8041
489.207	418.733
156.905	348.033
485.349	268.913
443.14	253.954
218.717	255.819
25	25
166.919	306.283
390.705	4.47927
170.67	19.1878
137.753	487.321
380.453	97.0336
35.3523	116.189
222.374	285.738
358.598	212.694
25	25
205.672	321.894
257.097	175.881
363.266	484.709
179.805	164.398
25	25
434.983	197.289
165.802	448.396
25	25
371.998	188.176
398.174	45.8109
451.253	402.053
25.1342	188.567
13.1171	440.772
7.14783	167.838
408.037	394.401
405.675	452.302
482.896	380.631
25	25
209.26	213.102
331.636	89.1243
324.654	341.05
491.253	254.361
143.804	415.386
232.954	220.225
490.021	189.332
475.792	232.642
116.346	294.751
25	25
30.0693	209.078
359.513	309.529
199.982	4.5037
27.0168	263.54
25	25
405.95	159.437
395.953	159.195
451.517	350.229
243.412	5.76796
71.0026	251.04
27.9025	151.961
382.703	405.962
466.46	475.36
161.859	251.804
313.513	10.6361
288.575	454.572
120.289	251.929
405.842	385.25
62.9863	133.669
435.847	34.6635
21.5257	340.29
450.822	432.527
118.805	47.2696
411.339	496.065
25	25
264.124	433.823
40.8115	410.421
399.199	404.565
63.8211	61.5723
232.035	226.715
110.793	171.805
129.156	219.238
25	25
25	25
85.3519	266.725
365.624	338.035
60.2759	423.288
463.526	17.5257
49.6428	294.33
25	25
193.97	328.521
149.408	116.025
114.521	280.069
15.4409	455.379
285.615	481.758
421.477	62.1496
153.396	414.06
375.161	200.879
248.523	465.933
188.681	277.287
355.448	424.36
422.637	381.284
389.927	151.246
113.636	486.849
462.142	37.904
277.349	87.2854
25	25
404.038	54.7733
264.704	154.402
35.929	81.1702
203.971	16.0462
381.646	340.018
31.4685	415.261
25	25
297.934	19.9539
7.01667	299.474
44.5648	77.2824
102.374	38.2636
203.683	235.8
405.055	164.102
110.17	457.539
483.044	5.57401
132.441	457.343
457.084	355.075
198.791	156.519
400.822	250.139
120.363	194.494
312.264	80.8415
403.611	55.6428
368.032	314.715
201.746	453.587
50.1067	170.862
306.121	451.135
494.103	307.761
75.319	348.959
25	25
304.055	180.484
451.075	382.155
50.3471	452.281
226.972	329.793
454.056	390.414
239.6	264.04
75.1169	45.9277
12.2883	122.87
25	25
402.694	351.507
309.163	421.97
389.831	22.4763
13.1074	123.037
25	25
415.266	164.322
25	25
123.896	308.886
212.401	286.476
109.637	132.55
69.8574	304.672
405.665	209.112
382.667	268.901
25	25
115.122	63.8668
43.7728	146.66
308.144	487.983
410.595	286.335
434.429	373.243
25	25
25	25
236.887	412.519
464.191	203.609
161.46	213.488
149.425	488.34
315.572	151.86
122.176	238.004
457.605	346.622
373.622	7.99272
277.35	347.995
63.9414	258.121
25	25
19.5343	455.956
242.944	332.542
210.248	48.9316
288.156	71.7171
401.246	354.147
25	25
85.0133	44.4916
485.82	35.6021
100.916	47.2428
120.842	489.228
38.2575	302.79
239.289	33.1645
477.036	92.4521
25	25
25	25
25	25
125.498	431.671
337.647	193.124
296.968	92.7023
236.465	65.8568
124.33	418.021
87.7695	75.0517
10.4562	15.3372
165.262	425.202
372.683	444.858
391.724	322.774
389.107	88.4344
165.555	278.193
81.2902	254.635
191.288	64.4974
25	25
181.439	64.2395
25	25
355.014	290.791
76.9261	405.863
407.588	42.4361
386.267	52.8262
233.63	456.148
474.518	0.3693
25	25
175.334	477.294
280.739	62.9499
476.369	78.6462
430.88	99.0214
110.237	77.3762
25	25
25	25
476.622	220.761
255.178	191.981
191.63	422.32
115.054	299.894
396.711	153.738
357.475	483.986
489.968	373.56
459.518	9.43844
114.581	46.3796
332.116	444.542
332.702	441.428
77.0758	467.334
25	25
254.819	45.8492
207.442	312.052
392.96	248.341
49.3848	62.1334
116.32	144.627
25	25
106.327	76.6144
293.552	154.976
20.8298	87.2261
37.5695	106.885
312.898	315.087
25	25
386.336	54.9636
479.566	379.413
209.163	494.588
25	25
492.938	481.889
139.115	218.339
24.843	306.466
51.3013	115.059
94.8503	231.813
132.497	430.774
154.886	92.1495
166.897	151.576
26.5537	190.05
20.5145	467.016
25	25
297.181	179.242
397.186	288.482
99.6137	282.07
204.352	341.672
76.9268	303.214
451.368	334.974
25	25
488.176	64.2291
493.423	227.249
246.205	335.534
125.31	148.24
25	25
409.893	290.56
490.912	232.052
302.448	78.9321
23.1204	236.066
25	25
61.8054	233.851
191.925	286.746
203.943	58.8564
16.5236	245.16
182.536	167.756
233.785	422.026
491.048	56.0815
19.4685	234.03
370.587	50.8464
308.292	477.984
376.083	389.914
397.173	169.589
74.0999	403.988
436.843	154.887
406.406	180.046
495.075	394.858
25	25
43.4352	87.2649
14.3775	210.26
414.002	99.4812
158.092	242.54
468.337	150.988
294.913	74.5829
130.335	156.886
25	25
299.947	425.851
368.81	198.981
438.25	157.569
368.327	85.7739
30.1604	326.6
369.218	375.488
87.9757	328.972
352.612	220.704
134.033	188.947
105.757	55.6535
309.249	181.383
265.328	459.683
232.446	466.405
184.128	69.4981
158.849	198.089
249.143	93.0589
342.235	443.811
61.3557	437.268
184.354	153.952
71.8194	131.086
192.5	412.358
25	25
245.134	483.568
25	25
22.0351	118.532
26.4161	172.592
275.193	408.605
11.0594	417.087
228.893	231.042
469.49	206.061
341.956	469.173
326.572	192.982
216.481	53.0718
105.544	214.083
384.469	55.782
29.5907	288.192
431.758	33.7436
347.456	343.035
267.01	94.4151
225.399	193.227
184.948	480.046
143.533	48.0248
205.801	335.219
25	25
25	25
379.232	173.734
28.1563	216.696
101.454	305.365
116.604	258.913
472.539	483.3
249.476	265.449
463.571	387.337
442.428	354.397
482.585	226.136
239.724	344.182
411.675	321.458
25	25
310.069	2.67559
379.727	276.221
398.344	215.924
391.797	223.483
25	25
481.749	221.453
186.818	59.4854
340.943	11.8041
438.692	478.483
417.89	251.063
25	25
23.9014	254.951
443.48	362.649
140.379	157.819
20.481	291.364
38.6613	187.774
427.48	183.472
93.2844	241.185
284.501	6.85398
25	25
240.133	311.602
29.8845	418.975
25	25
25	25
136.702	465.764
371.691	249.037
485.219	419.417
66.8207	326.82
246.132	412.433
81.4861	476.309
25	25
7.7845	482.908
400.885	0.5201
41.8228	76.6619
25	25
440.601	322.366
81.3248	85.9318
326.974	486.274
407.443	308.008
44.5086	136.687
25	25
37.0622	307.869
82.429	211.519
358.819	382.024
444.196	470.135
273.084	38.5939
484.448	155.096
241.067	428.881
494.093	273.766
361.885	42.1428
386.787	228.924
123.833	165.176
371.586	434.918
218.528	73.9641
202.111	43.12
426.902	232.749
109.416	244.141
258.868	452.05
373.44	17.9911
179.796	158.898
67.0111	331.793
467.183	91.8338
20.9474	266.958
434.125	311.175
25	25
171.678	278.351
246.998	333.35
362.16	150.885
417.54	249.861
216.085	463.563
212.7	63.6863
290.566	347.241
446.409	244.503
286.236	312.112
143.86	147.051
437.566	281.234
2.06222	9.90197
291.358	82.6148
444.027	18.2385
31.3157	158.367
289.797	9.24913
120.024	91.7433
450.098	305.434
140.834	58.6855
158.251	405.318
25	25
327.377	54.4613
385.059	332.769
25	25
199.836	305.559
102.627	177.324
405.44	328.768
474.764	474.774
114.177	334.108
423.371	213.794
25	25
406.55	164.961
258.682	437.995
143.982	317.369
220.838	239.943
63.3845	40.3222
431.024	94.2739
10.9048	9.81007
355.273	372.017
14.4961	421.537
88.5876	215.334
329.324	305.98
258.947	36.7412
90.6091	65.4634
247.464	412.655
271.432	98.7517
102.647	200.479
489.015	339.053
267.254	311.107
140.692	448.793
324.38	3.50315
156.805	193.857
67.7439	323.754
25	25
347.133	19.6587
182.084	252.369
420.35	12.1126
9.08903	113.396
71.3616	40.2103
58.6349	484.209
25	25
24.6597	225.054
298.45	450.876
116.497	206.276
256.579	180.322
456.366	341.459
486.045	159.053
86.136	15.1095
162.956	457.584
151.499	82.7403
187.505	288.473
499.248	86.8988
25	25
493.111	491.888
451.918	255.883
481.371	300.802
77.706	414.197
151.325	319.224
308.11	327.183
108.343	150.658
35.4252	401.996
137.346	422.087
392.9	288.288
83.8581	481.823
398.61	229.172
172.371	68.4536
83.6566	105.6
116.249	287.691
152.176	82.9814
57.7043	440.881
166.529	469.701
447.117	302.144
138.866	288.168
369.439	270.602
418.953	449.285
95.0866	181.823
53.9485	496.62
4.0804	445.404
28.9292	250.04
272.777	488.34
88.2947	203.141
17.0838	53.2044
173.038	418.915
367.579	243.978
199.07	418.343
84.9059	451.858
116.73	292.625
357.361	493.986
88.3713	267.746
210.61	80.0718
358.808	384.287
393.707	492.508
186.117	5.95469
472.74	355.321
167.009	6.9573
390.311	19.4964
407.281	254.933
422.198	89.572
157.777	260.042
277.813	14.2883
12.2535	407.158
157.009	235.977
486.212	413.883
61.7915	308.31
63.0631	442.813
447.12	234.529
284.256	151.29
155.974	201.838
5.09721	62.9901
129.06	180.839
15.4646	63.5662
420.955	497.312
171.701	34.252
11.3264	253.703
25	25
25	25
5.9133	34.9985
58.6418	436.49
74.0178	281.125
139.603	165.913
16.918	341.142
25	25
116.302	101.025
494.005	398.339
207.501	53.7454
267.097	175.933
41.8926	430.462
488.083	405.169
142.366	175.524
116.308	347.899
193.391	270.573
283.405	74.5373
465.221	474.961
301.234	190.078
351.934	468.513
224.153	46.6566
21.3426	234.008
32.7516	195.057
