Saved a vector of rrt <nodes> points.
X	Y
0	975
0.0860283	985
9.86894	973.386
6.46779	992.699
11.2896	1001.46
21.2894	1001.39
30.4564	1005.39
39.1021	1000.36
48.7688	997.802
56.6996	991.71
9.9171	963.386
66.0907	988.274
75.4325	984.706
52.7383	1006.98
85.272	982.922
93.8696	977.815
100.179	970.056
109.294	965.945
113.645	956.941
122.387	952.085
116.245	973.135
125.657	976.512
135.581	977.742
145.57	978.207
155.412	979.981
54.214	1016.87
163.617	974.265
172.627	969.927
182.002	973.408
188.198	965.559
198.068	963.947
207.944	965.515
53.5808	1026.85
217.229	969.228
123.179	942.116
211.149	956.042
58.6767	1035.45
227.05	971.111
235.816	975.923
245.816	975.913
253.962	970.112
263.103	974.167
257.469	960.747
270.89	980.441
264.299	953.443
280.887	980.221
289.505	975.147
266.465	943.68
299.26	972.948
308.851	975.779
267.951	933.791
61.211	1045.13
315.949	968.735
319.692	959.462
268.421	923.802
59.2598	1054.94
329.509	957.561
334.11	948.682
343.652	951.672
353.61	952.597
361.257	946.153
370	941.3
117.435	933.93
58.4031	1064.9
379.818	943.202
389.794	942.507
395.74	950.547
269.794	913.897
397.581	936.234
405.794	930.529
414.117	924.985
313.009	984.874
402.255	958.134
424.009	923.521
433.212	927.434
438.711	919.082
442.572	909.858
448.937	902.145
456.22	895.292
455.069	885.359
463.244	879.6
440.205	934.582
472.771	882.641
463.634	869.608
447.545	941.374
116.546	923.97
471.311	863.2
482.764	882.279
492.533	884.42
116.378	913.971
468.68	853.552
268.827	903.944
500.528	878.414
452.823	949.867
466.78	843.734
156.2	989.95
470.54	834.469
510.329	876.429
475.01	825.523
520.306	875.741
316.754	994.146
527.784	882.38
534.974	889.33
314.297	1003.84
116.635	903.974
482.53	818.931
544.562	886.491
554.104	883.499
488.588	810.975
487.812	801.005
561.875	877.206
489.372	791.128
571.462	874.359
580.751	870.655
485.623	781.857
122.443	895.834
57.5763	1074.86
587.714	863.478
456.84	959.025
596.251	868.685
480.604	773.207
603.168	875.907
613.1	877.076
620.36	870.2
124.524	886.053
630.012	867.587
118.119	878.374
65.9651	1080.31
617.721	885.945
459.289	968.72
638.845	872.275
646.94	878.147
117.528	868.391
656.93	877.713
478.881	763.357
665.889	873.27
674.562	868.292
683.849	864.583
484.939	755.401
587.694	853.478
692.439	869.704
700.578	875.514
697.797	861.26
705.631	855.045
320.73	1011.49
465.741	976.36
708.718	881.321
709.164	845.69
445.56	936.412
121.62	859.267
714.855	889.217
722.659	895.47
725.848	904.948
717.696	840.474
730.039	914.027
122.701	849.325
489.309	746.406
71.3825	1088.71
470.003	985.407
724.943	833.583
69.1028	1098.45
492.368	736.886
739.971	912.863
733.022	827.689
125.954	839.869
742.608	824.844
122.857	830.361
746.894	815.809
748.206	805.896
470.088	758.595
756.373	800.125
763.868	793.505
745.769	921.011
491.832	726.9
494.273	717.203
769.254	785.079
779.009	787.279
134.39	884.422
785.584	779.744
795.186	776.952
800.056	768.218
70.4289	1108.36
805.987	760.167
321.112	1021.49
806.418	750.176
328.74	1027.95
368.769	931.376
751.715	929.05
495.398	707.266
813.941	743.588
759.143	935.746
120.448	820.656
493.884	697.381
763.67	944.663
472.176	995.168
112.604	814.453
622.227	894.872
110.828	804.612
490.598	687.937
450.12	972.71
487.505	678.427
822.708	738.778
832.452	741.029
841.339	736.445
848.402	729.366
483.536	669.248
857.935	726.345
867.222	722.637
483.971	659.258
772.962	948.358
871.366	713.536
774.177	958.284
701.776	838.951
418.775	930.89
778.797	967.152
68.4115	1118.16
108.25	794.949
874.439	704.02
883.715	700.282
474.126	657.505
620.644	904.746
460.207	757.053
771.527	974.019
774.707	983.5
890.492	692.93
898.897	698.347
468.674	649.121
891.475	682.978
773.014	993.356
894.517	673.452
331.788	1037.48
782.671	995.952
442.241	918.816
898.604	664.325
332.742	1047.43
499.289	868.491
903.318	655.506
901.578	645.658
904.076	635.975
463.223	640.738
913.15	657.327
792.46	997.994
331.02	1057.28
922.26	653.203
801.815	1001.53
68.2801	1128.16
232.719	985.431
817.534	730.221
911.322	629.084
461.509	630.886
872.885	730.879
809.79	1007.56
70.7316	1137.85
819.41	1010.29
880.896	736.865
916.45	620.499
924.182	614.157
932.039	655.293
464.925	621.487
829.382	1011.04
835.821	1018.69
926.427	604.412
845.056	1014.85
464.36	611.503
854.554	1017.98
923.935	594.727
862.686	1023.8
864.667	1033.6
922.05	584.907
909.104	615.584
456.974	604.762
873.838	1037.59
9.61996	953.391
334.302	1066.73
881.791	1031.52
917.804	575.853
798.161	744.536
448.086	600.18
913.512	566.821
931.674	582.188
907.865	558.568
450.074	590.379
806.106	1016.86
938.501	574.881
113.191	786.255
891.359	1034.43
948.362	576.543
493.221	655.458
910.17	548.837
897.915	559.57
800.902	1025.4
915.641	540.466
871.388	1047.28
340.441	1074.62
324.916	1070.18
910.749	531.745
884.208	746.3
898.277	1041.65
905.009	523.556
957.755	573.114
440.968	586.247
431.052	587.542
941.742	657.712
908.265	1042.13
354.567	938.721
909.786	1052.02
73.631	1147.42
342.179	1084.47
346.722	1093.38
75.6965	1157.2
967.643	574.606
590.124	863.045
868.388	1056.82
442.167	576.319
892.2	752.31
974.063	566.939
435.546	568.825
84.3686	1162.18
421.084	588.338
781.306	994.219
88.995	1171.05
919.785	1051.87
353.935	1100.3
434.3	558.903
929.1	1048.23
428.501	550.756
426.241	541.014
135.756	837.886
900.485	514.638
938.047	1052.7
943.088	1061.34
94.265	1179.55
891.406	510.447
894.81	501.044
952.912	1063.21
982.924	562.304
354.114	1110.3
961.691	1067.99
992.785	563.969
58.3185	1127.28
426.573	531.02
427.286	521.045
337.405	1022.96
884.251	1021.83
104.732	820.62
892.813	491.246
434.374	513.991
436.111	504.143
450.497	754.664
429.72	496.452
901.274	756.512
107.773	866.192
426.841	486.875
445.856	501.901
49.638	1132.24
950.859	661.82
971.568	1069.56
351.497	1119.95
426.193	476.896
354.985	1129.33
894.485	481.387
418.812	470.15
414.477	461.138
446.986	879.471
409.9	452.247
474.923	621.695
864.166	1065.89
910.15	761.119
766.095	1000.58
401.507	446.811
898.517	472.236
356.734	1139.17
959.906	666.082
901.358	462.648
882.814	491.104
474.073	1004.99
171.362	960.007
864.42	1075.88
981.338	1067.42
866.103	698.496
416.662	444.879
896.875	453.708
999.958	557.001
474.97	674.407
873.012	489.121
894.901	443.905
863.353	491.709
145.474	835.528
455.34	498.729
392.995	441.563
991.239	1068.83
1008.49	551.779
387.824	433.004
101.933	1173.13
759.348	1007.96
792.578	736.239
90.1981	991.624
899.5	435.025
907.577	429.13
854.034	495.336
411.085	588.193
382.044	424.843
999.704	1063.5
503.221	655.369
1017.77	548.064
1009.6	1062.05
1016.12	1069.63
1025.15	1065.34
354.033	1148.8
919.892	763.375
91.5226	1189.17
1015.59	1079.62
1034.15	1069.7
1041.83	1076.09
916.445	424.509
471.017	604.042
91.9837	1199.15
856.019	1081.31
380.704	414.933
84.1572	1205.38
1029.29	1056.23
924.952	419.252
853.49	1090.98
1027.1	544.474
513.175	656.328
377.406	405.493
477.263	1014.46
1037.58	1050.65
1049.34	1082.7
371.038	397.783
265.283	894.592
1059.01	1080.15
1015.14	1089.61
1068.96	1079.1
1077.3	1084.62
612.007	909.786
1077.36	1094.62
1084.56	1077.74
81.0529	1214.89
487.03	1016.61
362.807	392.103
363.926	1150.26
931.485	411.681
1035.74	539.436
39.6913	1131.21
441.067	757.991
891.852	428.582
882.716	424.516
705.93	893.728
844.945	491.167
1094.37	1075.8
939.114	405.216
1043.01	546.309
372.354	1155.64
366.936	382.995
839.759	499.717
1075.69	1104.48
360.252	375.557
71.2108	1045.19
1052.28	542.56
831.142	494.642
946.902	398.943
1060.45	548.321
1069.31	552.953
353.047	368.623
1076.42	545.921
752.392	1015.14
821.257	493.133
1036.72	529.484
1086.38	544.959
106.702	902.816
884.527	414.682
308.78	1000.9
1013.87	1099.53
425.194	439.663
1096.25	546.562
464.718	495.257
372.541	1165.64
880.748	405.423
1098.92	536.925
955.501	393.838
964.278	389.047
1039.34	1040.8
12.9888	943.975
748.129	1024.19
381.431	1170.22
1104.11	552.736
1113.78	555.305
1030.73	1035.72
1037.64	519.526
971.641	382.28
981.575	381.132
813.021	498.806
522.812	653.66
381.041	1180.21
526.814	644.496
873.42	398.619
484.298	716.499
1009.64	1108.59
1123.5	552.954
1104.23	1077.43
989.607	387.087
417.267	489.761
967.871	672.128
1112.31	1083.33
1044.53	1032.25
434.275	443.852
1121.65	1079.75
1129.59	1085.84
383.076	1190
326.655	995.549
350.134	359.057
81.0845	1091.14
401.171	586.884
390.456	1196.75
854.289	1100.95
354.024	349.844
996.391	379.741
738.295	1026.01
887.705	1012.45
90.3421	1094.92
474.647	713.881
809.461	508.151
1128.03	544.038
1137.59	546.961
1138.96	1082.35
391.222	587.892
869.902	389.259
1144.85	540.085
1148.71	1080.11
71.2352	1216.79
1154.69	541.865
69.4421	1226.62
931.669	426.661
113.773	776.272
88.5268	1221.53
870.33	379.268
950.681	385.076
862.34	1106.88
1006.76	1118.17
390.729	1182.69
1158.84	550.963
97.521	1225.9
373.85	1193.86
399.57	1200.87
879.422	375.103
862.16	373.502
1081.36	1112.72
801.659	514.405
1157.89	1076.15
1160.74	533.905
346.93	342.796
98.9434	1235.8
782.605	945.708
338.752	337.042
416.582	531.435
1002.35	371.708
1163.06	1084.72
104.415	1244.17
1011.23	367.118
857.585	364.61
1007.39	1128.15
365.609	1199.53
399.985	1210.86
1010.67	357.134
67.8323	1163.38
470.945	1022.22
362.603	1209.06
1021.23	367.169
110.118	766.964
361.211	342.891
1172.56	1087.81
1164.23	1068.42
1014.54	347.916
111.709	1251.01
1006.38	1138.09
408.011	1216.82
442.647	438.384
1172.25	1062.44
1165.87	558.074
1019.55	339.26
728.807	1022.85
1168.43	567.742
63.0444	1230.45
121.678	1251.8
464.838	711.938
1182.56	1087.48
869.092	1114.26
748.422	907.518
1169.78	529.616
451.282	433.339
790.735	726.41
1188.28	1095.68
353.701	396.234
719.908	1027.41
484.345	745.13
1026.85	332.43
1095.45	527.546
1031.47	323.56
1190.61	1105.41
417.397	1220.27
1174.52	1052.71
716.701	1036.88
1174.55	575.649
407.295	489.004
64.9324	1209.21
1041.44	322.731
502.368	736.813
474.274	492.311
1049.49	316.805
719.251	1046.55
997.423	1129
1194.61	1114.57
361.089	1218.95
1081.77	1122.71
1168.57	1044.67
363.544	922.85
1182.58	1046.79
404.211	967.941
110.545	756.973
331.027	330.692
427.32	1221.52
1005.45	1148.05
1184.5	576.653
22.3673	940.505
1053.11	307.481
361.104	1228.95
429.496	1231.28
578.178	860.467
322.514	325.445
1192.19	1124.28
794.625	1033.18
438.998	1234.4
479.164	598.242
830.237	1001.07
1053.24	297.482
1204.45	1116.32
90.8498	1175.82
1211.66	1123.25
820.663	483.151
325.323	315.847
1049.91	288.051
1057.26	281.265
1185.61	1037.25
1192.21	1029.74
120.195	754.349
1218	1130.98
850.982	357.099
330.216	307.126
1226.64	1125.94
849.866	1026.81
301.474	1007.73
811.242	479.798
445.511	766.949
1236.57	1127.1
337.964	300.804
1051.75	272.918
434.807	1214.89
435.461	523.53
1043.28	267.594
783.38	935.738
118.13	744.564
101.958	751.849
97.0802	905.539
122.869	1261.72
1066.39	277.189
55.4674	1207.58
1076.16	275.086
1036.38	260.361
746.696	826.819
371.129	344.17
354.601	918.374
1243.42	1134.39
436.784	1244.15
994.69	395.699
444.454	1250.56
792.284	510.927
1247.06	1143.7
1244.17	1153.27
1030.76	252.087
1086.13	274.322
1244.46	1163.27
378.847	337.812
316.075	312.042
1007.57	1157.83
440.306	606.463
1241.27	1172.75
1007.14	1167.82
92.6169	748.279
781.326	723.023
998.485	1172.83
1095.38	270.524
348.771	404.934
76.0933	1199.47
1177.89	523.769
1187.87	523.097
130.142	755.375
928.944	767.625
715.715	1055.91
841.212	354.97
1105.36	269.766
870.872	1083.52
1194.14	579.315
1130.51	534.352
121.09	890.359
512.324	735.884
338.99	407.013
381.35	586.298
341.757	1122.22
117.305	734.599
121.651	725.592
706.312	1059.31
1193.45	514.801
1024.34	244.424
1202.42	510.388
1013.23	1175.74
111.928	1173.45
100.132	1096.96
1113.66	264.192
131.467	1249.75
1014.8	1185.62
1035.96	274.399
1016.2	1195.52
117.036	716.721
1011.43	1204.31
458.968	496.808
722.42	920.505
94.7329	820.723
1095.88	517.555
306.134	313.123
834.673	347.404
803.248	782.869
120.137	707.214
345.34	1153.74
829.22	339.022
301.648	304.185
782.958	507.318
1123.54	265.706
493.383	1024.33
1198.75	1022.18
772.998	717.487
118.408	697.364
127.362	1270.66
595.537	847.275
1202.97	583.996
807.315	792.004
845.321	745.618
432.465	752.89
438.451	874.259
452.674	1256.26
1190.13	1114.19
154.973	832.403
699.159	1066.3
1212.16	587.948
480.706	484.654
405.933	444.917
117.871	1165.41
1207.55	1017.42
1235.65	1181.02
1133.54	265.566
514.815	646.464
1217.54	1017.19
437.773	500.149
1018.77	1211.11
1205.97	1007.55
1252.75	1130.78
1250.21	1177.23
826.837	329.31
791.555	1042.7
1014.33	1220.06
82.7162	749.684
1020.37	1228.03
1214.63	597.639
891.629	644.649
938.922	766.963
139.761	752.643
1220.72	605.571
1013.57	1235.37
1228.76	611.507
790.907	1037.32
1017.12	1244.72
821.7	320.73
354.021	908.391
1212.02	507.583
148.97	748.743
901.464	683.453
297.471	318.118
1135.35	255.73
1222.01	508.087
536.431	641.754
115.221	687.886
812.01	323.202
536.048	899.272
1255.63	1185.64
1226.3	1012.36
441.787	1207.73
1229.96	502.017
1238.34	614.405
1145.16	253.798
1152.42	260.668
1162.21	262.727
1170.66	257.378
635.663	859.336
1028.08	374.461
1088.42	284.057
805.723	471.459
1171.67	1035.26
1179.36	252.446
927.136	777.46
1021.65	234.792
59.8938	1239.94
127.318	1280.66
1261.64	1193.63
460.86	1262
802.437	998.762
1025.34	225.499
1248.11	612.29
490.699	484.286
373.106	591.959
1235.47	1008.37
1186.51	245.455
1261.68	1203.63
1269.28	1210.12
845.53	496.295
818.799	311.16
1269.3	1220.12
970.438	681.793
111.572	678.576
777.868	515.926
1262.59	1128.98
1225.87	1183.1
457.8	425.756
770.591	522.784
814.633	302.069
109.486	668.795
490.563	1033.93
891.909	1003.37
1017.45	1254.71
1011.97	332.741
932.803	785.699
361.112	1238.95
461.258	1272
1257.36	616.089
1020.11	1264.35
499.211	1038.95
745.525	821.705
1025.27	215.499
818.918	293.034
1274.07	1228.91
466.744	421.282
187.783	969.049
60.9002	1170.59
1049.78	283.692
125.93	1171.33
768.524	801.007
865.214	1123.48
264.241	884.647
1045.33	1022.29
818.313	283.052
1028.29	1270.1
1033.75	1278.48
773.031	1000.05
498.615	490.397
1266.63	619.843
470.827	1261.2
472.013	412.783
360.897	1248.94
1242.29	1001.06
86.5206	1177.18
229.788	994.992
1198.39	1001.02
371.002	601.735
886.249	367.796
1036.99	378.986
1019.24	207.517
456.712	883.978
1012.11	1270.35
1040.94	1013.3
1237.85	495.873
793.341	936.627
1185.18	235.544
823.912	274.767
765.787	710.559
1210.63	497.681
1113.51	565.302
815.624	269.17
1131.44	536.237
1191.89	228.124
429.334	870.152
1030.26	1226.57
1283.82	1231.12
1186.33	566.822
1002.12	1269.83
430.76	1252.13
765.196	1016.07
899.25	996.582
347.352	1023.99
1252.16	1002.67
1033.31	1288.47
1276.44	621.766
817.315	791.863
1164.35	272.495
159.956	999.218
729.97	923.412
158.878	747.392
340.184	1100.94
1041.03	1003.3
1201.68	230.126
1012.32	200.297
397.441	490.704
1040.18	1225.24
422.466	752.997
236.117	1002.73
1209.77	224.241
597.939	837.567
32.3641	940.757
266.74	874.964
1267.23	1236.21
946.017	412.451
1007.48	191.548
768.353	515.067
1164.83	520.928
1247.01	491.878
1287.16	1240.55
1184.67	1130.87
291.852	302.176
1218.95	228.21
279.705	912.57
929.473	795.128
481.527	409.705
829.507	998.369
466.384	820.466
21.4257	991.392
1272.58	1129.16
781.729	718.572
910.228	680.232
105.979	659.431
1227.22	222.59
1234.8	216.067
1216.49	237.902
1216.27	1185.9
465.271	405.397
220.994	954.29
1286.18	619.502
364.64	586.637
992.403	1272.17
802.27	325.466
427.77	1261.67
162.409	839.089
378.653	608.174
1070.3	562.905
479.988	984.857
281.918	301.032
368.863	352.304
461.355	1282
93.0486	830.58
546.229	643.751
491.182	407.098
1260.12	996.612
101.14	650.68
1288.46	609.765
1235.74	206.111
723.979	1048.88
254.258	884.076
843.874	1088.24
879.875	1027.98
1231.76	196.938
1255.15	486.067
51.276	1245.01
95.738	999.949
808.513	262.14
802.988	253.805
1295.92	1245.36
1011.75	182.507
1302.75	1252.66
999.458	387.329
689.907	1070.09
804.077	243.864
351.159	1237.98
1270	998.126
1230.93	186.973
131.669	1289.66
971.065	691.773
922.539	562.518
1307.76	1261.32
447.023	745.287
688.045	1079.92
1100.6	508.737
1309.55	1271.16
358.411	1258.63
989.85	1135.53
1278.06	992.202
1258.73	986.708
938.993	433.469
1224.13	620.367
1161.68	511.435
99.0466	640.901
524.825	663.455
461.579	1291.99
1319.4	1269.43
1325.34	1277.48
141.387	1251.01
255.881	948.044
1294.87	624.46
712.93	917.352
984.865	1278.74
445.549	1198.46
107.874	1103.29
975.16	1281.15
966.254	1285.7
796.342	467.993
1045.64	994.43
413.829	935.358
865.323	358.276
1261.91	478.699
794.754	240.247
1091.31	1125.71
1287.97	990.896
1171.08	279.891
150.996	1253.78
826.047	474.724
1244.6	218.067
761.421	526.773
272.4	304.1
468.318	1299.38
956.254	1285.81
492.668	397.209
508.931	1036.6
471.125	1308.98
442.848	509.065
1254.31	220.446
861.864	481.821
1179.39	1139.36
815.004	516.474
335.618	1156.08
852.511	1091.72
1321.93	1286.88
1046.98	379.561
94.7681	631.863
521.325	740.242
1230.65	176.977
493.176	894.399
905.251	988.583
948.905	1279.03
786.414	234.729
378.984	437.68
1270.52	473.605
552.271	635.782
769.066	944.278
139.041	1296.42
88.118	624.394
777.99	229.34
789.646	460.566
98.2365	1252.03
108.666	638.168
1297.47	987.764
1238.59	170.889
1328.19	1294.69
947.414	375.625
1023.17	1174.6
978.106	698.874
1264.64	465.513
751.824	529.584
935.962	1068.35
385.966	330.789
1326.72	1262.61
694.645	1087.43
1241.38	161.288
147.502	1301.75
418.59	743.779
757.283	705.298
171.081	834.109
1178.38	569.424
116.859	1098.9
263.908	954.151
74.4438	755.303
767.994	229.076
1258.08	1240.24
1059.69	1070.17
1333.73	1303.01
1234.05	154.488
412.975	435.584
64.7425	752.877
147.784	1311.74
986.442	704.398
758.539	225.819
1169.95	505.817
90.884	614.784
1033.08	1175.92
561.431	639.795
1331.92	1312.84
855.355	1061.16
806.878	234.264
1039.35	1296.44
752.347	898.32
1006.15	174.226
1302.62	979.195
942.326	1286.56
325.682	1157.21
123.606	778.095
883.464	396.975
1335.99	1321.98
317.461	1151.52
937.03	1295.04
135.714	1169.26
928.046	1299.43
310.37	1158.57
1308.65	971.218
863.859	401.55
1317.57	975.743
751.865	218.372
481.763	779.035
569.005	646.324
330.08	411.555
477.176	1316.94
741.894	219.135
932.208	559.968
792.517	323.256
1279.58	469.378
297.544	963.096
1322.03	966.791
496.86	1032.59
1225.85	630.218
84.4493	754.02
777.319	976.959
687.19	1094.09
1044.84	984.462
508.189	493.287
1341.34	1330.42
896.239	368.245
1289.54	470.288
692.836	1102.35
1054.47	981.785
126.837	1098.23
1282.58	1128.77
1064.2	984.115
845.884	1064.36
464.279	1029.67
392.851	323.536
754.093	208.624
744.491	522.784
1344.96	1339.74
141.965	1319.88
1166.3	1026.83
1230.18	639.229
760.015	200.566
525.132	634.638
534.412	909.138
1171.55	585.19
23.1264	930.534
513.963	1045.24
1353.63	1344.73
995.987	405.615
356.983	1268.53
1052.99	1037.58
1073.99	986.124
1292.65	460.785
928.988	1309.39
1220.66	176.77
355.57	590.849
969.823	1295.04
486.24	1321.16
1327.31	1326.94
1012.64	166.622
1332	967.497
135.795	1327.75
168.863	747.932
858.139	692.449
500.004	390.414
734.944	226.326
344.788	916.449
352.312	1277.37
1194.58	991.774
1225.53	648.082
425.195	879.255
752.169	696.704
1015.84	157.146
269.306	865.299
1337.86	959.392
348.142	900.302
151.009	758.533
1045.83	1304.05
578.55	649.306
375.375	617.622
1017.61	147.305
764.814	191.793
1256.31	977.005
922.43	1316.94
264.997	310.823
173.886	739.286
1334.55	1256.4
398.985	315.638
588.55	649.256
1018.22	137.324
904.576	986.556
1345.61	953.069
1219.66	656.18
132.238	1337.09
1272.12	1209.62
933.608	804.233
980.097	1057.5
919.158	1294.85
95.3297	605.827
1209.15	1192.92
401.886	306.068
451.448	572.597
437.017	1265.48
160.995	1253.62
1219.6	666.18
495.863	1318.44
771.687	184.529
517.405	497.168
255.614	307.363
882.884	639.799
1251.83	1248.05
95.4436	595.828
727.432	219.725
462.85	1314.59
1099.53	1120.01
1040.86	510.059
410.165	300.46
509.114	386.288
503.714	1324.64
148.037	1301.1
133.02	774.722
166.678	965.605
718.432	215.366
245.616	307.167
1031.42	1000.53
1298.95	473.667
613.992	919.587
1352.93	959.875
1226.02	673.85
420.165	300.542
1359.87	952.67
1109.53	1120.25
345.991	593.72
517.773	1054.49
998.123	1113.13
988.783	1109.56
1367.84	946.637
88.5571	763.137
1374.12	954.418
400.806	329.595
1248.9	154.687
938.258	648.671
856.433	716.458
765.046	177.052
176.641	729.672
1296.32	451.481
336.086	595.093
91.8166	586.509
447.85	775.742
1342.49	1250.32
243.99	297.3
755.226	175.161
410.508	290.465
943.189	807.097
131.399	1347.06
549.39	653.238
1357.13	1354.09
1251.08	968.48
753.212	165.366
513.537	1322.77
145.294	1166.39
293.035	1013.09
83.2284	828.693
1368.96	936.7
1357.33	1364.09
931.921	814.089
342.867	1280.66
521.365	1328.99
106.705	1221.94
1218.55	680.497
94.6097	576.907
1362.29	1372.78
710.099	209.839
910.675	978.631
1359.1	1382.25
785.19	330.061
1076.73	976.505
277.836	860.079
242.137	287.473
1372.76	927.447
1352.42	1249.13
525.586	1338.05
521.288	1063.85
731.453	235.697
232.507	284.779
946.552	365.662
944.451	1270.07
186.135	726.533
92.8165	567.069
472.399	1251.32
988.64	1174.58
1128.6	248.351
1308.92	472.866
1015.19	127.796
1372.28	1373.27
982.159	1182.2
521.567	1347.21
914.706	1323.29
529.383	1353.45
90.0478	557.46
1212.89	170.468
117.973	634.51
682.538	1063.33
226.081	277.117
801.959	1030.44
417.765	283.585
1292.57	1129.02
779.883	178.799
745.352	159.183
398.659	976.258
1379.24	1380.46
143.33	888.903
418.879	273.647
1003.54	205.072
1107.42	501.428
1234.9	144.524
74.6839	833.888
1042.96	1313.63
409.666	334.233
78.3965	622.051
365.848	620.661
1023.87	1099.49
505.049	709.883
950.968	813.381
909.657	510.655
19.0894	956.605
989.278	1189.22
1214.45	1201.4
1263.82	223.523
1382.66	926.077
81.9433	588.095
598.451	647.854
887.978	560.688
1303.99	620.375
216.888	281.054
528.99	1322.52
465.431	1299.04
1051.74	1318.4
859.551	1131.72
1273.54	225.888
517.933	381.574
86.643	548.057
839.184	995.846
421.6	264.025
47.4266	1028.56
726.277	244.252
699.09	1110.15
1312.92	624.878
716.77	241.15
789.168	175.086
736.683	836.995
744.952	689.782
1294.4	1138.85
1304.05	1141.49
352.022	1214.73
171.521	824.119
1322.32	621.465
525.456	1362.65
527.81	380.009
537.454	1317.19
187.395	716.613
1370.24	917.77
1287.01	1243.35
1116.31	574.903
846.218	741.494
479.864	500.603
1352.54	1389.8
244.729	317.128
752.666	697.878
737.15	683.527
1021.81	1263.87
457.716	1323.17
279.041	850.152
221.908	268.03
155.902	1317.58
885.892	683.672
1245.27	960.344
341.973	327.574
1054.38	1328.05
942.361	788.642
127.383	631.125
1110.41	491.885
1332.26	622.532
1379.63	1370.22
1049.23	389.304
1196.32	981.927
735.595	518.218
1007.55	121.339
1281.97	220.516
1289.86	226.666
1062.91	1333.27
909.621	1291.84
1385.11	1388.55
1301.48	1277.06
408.683	745.142
795.079	167.02
214.194	261.665
1240.05	135.953
235.384	320.685
451.616	1331.1
1048.5	973.763
903.233	1284.15
893.268	1284.98
524.162	1073.43
779.982	457.995
1299.82	225.763
116.385	1100.9
356.543	894.876
541.605	907.697
1016.72	250.91
959.691	818.272
1340.98	627.434
1248.34	130.355
603.971	639.516
754.233	1003.69
897.976	358.397
204.972	257.8
725.74	516.516
1169.3	289.73
454.425	487.899
457.756	1324.68
1363.47	910.406
418.461	338.992
708.583	246.893
702.285	203.597
1245.64	1255.9
207.899	248.238
1390.5	919.86
424.11	254.345
1395.95	911.475
448.262	1340.52
847.474	712.017
442.072	1348.37
358.418	885.054
226.49	325.257
941.093	585.547
951.391	418.5
485.35	728.318
878.133	1118.53
762.003	719.815
202.167	240.043
1355.65	969.498
547.331	1315.63
805.175	801.772
1257.79	127.082
878.587	630.769
432.276	1346.36
613.874	862.588
1395.73	901.478
288.342	846.479
165.753	1319.3
966.237	825.831
483.224	607.381
1361.66	1252.95
1394.8	1391.04
1189.01	575.367
1394.62	891.54
1383.68	957.349
1072.49	1336.14
780.914	448.039
51.8339	1255
1108.01	532.757
602.636	656.937
1388.26	1365.16
989.424	713.943
1212.09	688.13
1218.48	695.816
736.22	673.57
1049.09	1336.54
1230.24	1116.61
677.636	1097.05
1309.73	482.833
534.752	1366.33
1266.44	122.066
515.517	1078.46
1405.72	902.004
421.65	244.652
264.439	856.563
1157.02	1092.69
667.641	1097.38
1005.45	363.026
775.981	333.96
661.942	1101.47
1208.02	488.026
599.143	630.759
695.537	196.217
1366.78	1244.35
674.175	1057.85
543.654	1370.89
1295.88	634.409
179.939	838.75
926.215	1305.34
1193.51	972.33
918.394	1329.7
1076.53	1345.29
800.701	929.857
284.353	1016.66
549.573	1305.89
1235.12	508.903
884.466	1289.73
1058.96	391.624
1315.8	634.455
1395.15	1401.04
1413.8	907.894
1305.43	447.364
462.838	998.744
55.7813	748.439
511.507	1087.62
702.562	254.877
1198.4	515.631
354.33	408.685
80.1668	558.998
767.137	329.293
326.277	593.149
1308.56	220.911
1307.61	492.605
802.944	160.844
1271.96	1207.49
428.813	237.675
429.759	297.722
117.71	701.901
317.608	598.134
912.516	1337.79
1006.91	252.822
138.918	875.506
421.766	558.148
1126.35	238.605
436.388	244.203
1200.05	1197.08
1350.39	624.04
654.01	1095.38
1374.17	1237.61
866.603	473.015
692.964	257.687
424.004	309.775
527.634	370.01
154.994	1163.96
696.503	830.454
1067.51	386.451
957.988	426.016
340.129	1290.27
1319.31	957.168
797.53	180.57
348.632	906.349
741.446	168.388
831.122	478.143
869.333	626.979
48.5605	1264.44
1359.23	619.374
1319.04	1332.57
525.482	503.064
206.393	230.98
488.62	615.8
608.815	889.94
300.559	1156.63
197.414	226.578
756.928	889.431
1039.27	1334.66
807.124	151.76
770.924	448.479
875.027	1286.42
804.273	142.175
331.346	1295.05
1049.03	1229.89
358.471	627.412
1005.09	111.647
967.536	584.606
707.616	1115.38
690.983	187.315
724.755	1013.71
892.829	663.343
1017.5	154.639
88.9443	1235.66
193.184	217.516
1194.51	530.572
1270.48	112.916
875.497	640.822
307.984	600.849
526.307	1322.61
1079.91	1354.69
796.151	718.004
1266.27	103.845
857.308	373.043
1221.76	246.4
1396.03	1358.87
1334.97	1340.26
431.231	227.971
1158.53	1033.11
1004.05	101.701
433.04	218.136
222.809	334.555
1210.01	653.577
226.296	343.927
788.294	314.192
1318.87	471.855
966.247	835.831
763.517	517.429
758.072	1025.24
523.11	1041.2
1181.08	279.868
905.241	764.886
548.663	1379.54
1072.78	1361.7
300.304	594.443
1314.07	229.257
171.374	1327.57
398.665	456.398
1310.89	1338.37
891.465	444.844
1391.24	963.899
994.026	697.88
1220.43	705.625
681.312	189.859
1423.58	905.792
381.106	625.817
731.602	1055.35
1402.23	1408.1
1150.07	1027.78
1381.56	1230.87
1387.37	1222.74
976.242	835.519
688.539	177.618
1183.74	255.45
1275.04	99.0477
278.004	1019.71
775.204	219.736
1034.42	1318.83
1384.92	889.112
1245.63	950.351
1388.2	948.426
188.821	208.519
972.545	663.288
134.727	1179.18
523.56	891.445
1386.77	879.285
235.41	330.666
178.823	208.307
220.924	999.622
916.019	1347.16
1405.65	1356.14
121.554	1348.81
972.183	1181.51
1021.11	178.991
807.529	180.748
1040.73	1169.48
373.635	446.128
1185.11	526.382
997.741	123.282
996.472	95.1728
689.455	248.323
374.332	394.515
1328.83	472.756
841.025	986.018
1235.08	127.281
1076.6	1370.94
68.4086	621.558
1223.99	654.738
899.093	348.459
728.287	688.157
390.593	462.3
1006.2	176.796
194.882	709.984
158.749	1173.23
1344.58	1395.86
464.74	1331.84
115.624	1356.86
1358.38	979.12
1318.52	238.212
1035.62	1160.88
65.0366	831.255
754.549	525.564
679.747	245.922
1225.29	141.764
171.194	1310.91
1222.77	715.347
1313.42	441.35
854.13	403.864
164.454	1160.72
297.34	325.214
949.558	356.125
290.682	1155.07
123.048	1092.41
993.554	204.476
1366.22	612.224
904.162	339.84
1024.76	1316.23
429.547	208.766
1085.88	1341.74
163.371	973.397
452.881	997.815
1223.69	725.304
961.241	435.472
558.662	1379.39
82.533	538.941
453.155	421.883
658.95	1111.01
118.238	1366.51
141.613	826.304
1309.04	502.502
1336.4	1401.6
865.09	1285.3
423.471	200.824
491.522	1041.44
766.201	893.174
762.598	442.94
110.809	1373.21
1355.39	904.515
979.44	1170.67
921.361	1056.15
856.202	1280.72
477.793	743.808
528.505	360.048
124.503	684.163
671.317	190.178
88.4649	530.89
979.154	1112.26
690.682	1095.89
169.313	205.215
191.263	198.821
436.232	615.595
529.932	745.332
67.7839	1246.08
524.822	730.873
568.158	1376.25
273.483	1028.63
1085.07	1376.26
1031.33	1298.18
556.103	1298.31
1188.7	286.347
462.113	946.167
1258.76	156.341
442.215	214.16
360.898	1282.5
704.611	922.9
1083.52	969.167
401.193	751.767
1264.94	1138.7
451.747	217.183
976.802	654.239
662.597	185.284
690.468	204.837
841.426	976.026
854.363	1140.27
88.2059	520.893
291.382	841.844
1374.99	617.029
160.271	200.945
1298.94	1134.48
381.491	1151.58
849.591	687.26
376.321	379.54
508.859	1097.26
196.732	190.45
757.648	434.251
455.476	1346.18
200.186	181.065
179.874	1332.84
1214.19	728.431
536.672	1378.05
427.176	191.536
845.038	1143.88
760.776	779.777
904.146	971.057
1397.07	1220.3
423.659	1270.79
1005.42	1266.1
1046.8	1054.51
674.197	1047.85
1309.85	1149.63
156.571	191.654
477.291	588.419
1035.95	1344.09
940.391	361.949
32.8112	1138.47
949.259	1064.63
804.29	132.175
462.22	871.825
102.504	564.587
1413.5	1349.95
605.432	924.757
322.669	1290.08
527.251	1381.4
1298.25	489.091
136.717	1096.69
1405.73	1225.29
1280.81	90.88
20.5373	920.875
1198.65	285.379
1215.78	598.637
429.813	1356.05
670.635	859.096
252.229	323.742
896.961	964.101
216.392	230.807
1200.01	653.549
45.5606	1208.95
1320.77	611.586
486.967	1050.35
1011.46	94.9845
1384.98	616.536
60.0976	627.119
1084.41	959.207
85.2898	511.328
153.62	182.1
674.276	1037.85
1140.52	1030.77
286.156	833.318
716.21	513.488
428.385	1365.95
1393.68	621.474
57.9402	760.207
577.853	1378.7
322.275	417.806
1231.36	731.724
934.75	438.248
621.662	926.004
1177.14	536.381
224.365	224.771
478.898	510.557
417.344	288.082
535.217	500.778
192.45	242.405
718.788	685.032
589.451	832.279
167.411	1336.76
956.57	838.353
987.951	1263.21
1327.95	241.556
1216.52	136.953
408.927	272.667
217.823	1009.13
709.189	914.158
1218.62	129.905
914.633	992.044
1077.18	389.003
1172.26	590.83
970.582	1191.38
816.275	1018.52
1057.88	1225.24
954.743	1295.69
860.36	1054.52
1015.33	1109.08
110.516	558.604
444.16	1324.43
1004.02	697.621
439.173	301.094
922.459	817.325
724.209	1019.41
1125.21	228.67
1337.48	467.752
347.856	302.268
201.467	717.51
432.538	1354.1
565.923	1296.43
812.538	126.52
52.488	620.631
1356.79	898.234
587.01	1382.72
1207.62	735.973
127.164	1295.91
664.437	1036.06
398.7	1176.65
750.807	780.566
77.0505	505.661
670.951	250.678
655.99	177.777
1282.61	1232.66
283.62	1147.99
797.985	473.139
646.097	1089.26
595.878	1378.1
1380.81	871.252
1290.81	91.06
120.448	559.767
142.357	1088.43
211.194	289.274
1316.59	509.056
1326.41	507.131
916.025	1357.16
214.11	1018.41
382.257	467.825
70.2939	560.587
1211.42	1138.51
175.229	950.785
119.963	800.544
209.595	177.678
572.955	1289.32
230.273	313.537
1310.01	1245.79
211.22	719.717
815.112	187.267
545.076	502.449
448.425	297.299
948.878	766.024
1402.77	1212.08
1345.86	462.295
1075.74	265.094
309.654	610.708
822.288	128.744
1415.62	1226.81
47.7616	1076.78
835.081	1142.95
1295.2	1284.84
433.551	183.831
831.157	133.362
1393.77	631.473
443.023	1230.16
1248.7	974.743
809.452	117.008
367.396	1258.47
1374.27	863.686
737.83	663.7
70.6964	627.886
1207.87	289.254
1309.03	432.364
1082.7	1385.98
567.662	643.691
671.758	856.525
419.042	1369.51
116.653	1381.32
603.004	1385.12
1205.62	1114.75
154.314	172.124
518.715	1386.61
860.416	622.453
705.238	1125.09
1292.81	81.2629
280.276	1138.56
1030.67	176.054
1392.49	641.391
458.719	210.014
582.385	1285.99
1380.52	855.875
1259.94	456.686
593.003	1368.52
553.826	507.291
970.614	1117.46
895.702	499.01
1247.04	940.45
591.684	1282.31
1336.16	509.345
284.848	867.209
1112.62	584.2
597.913	931.349
510.852	374.513
1324.5	948.617
901.682	558.279
185.407	847.122
1089.41	1332.39
1294.09	644.247
69.8172	498.756
213.09	336.907
920.222	633.643
524.798	869.07
1400.75	614.409
846.735	1277.5
1410.23	1205.42
977.09	1047.96
1302.8	80.7231
1168.42	291.863
971.241	435.48
534.132	1072.67
45.9497	750.267
168.373	1248.92
911.206	1365.92
216.862	170.808
404.962	1168.86
68.7318	488.815
1042.46	1089.96
1272.3	627.386
816.446	237.17
293.93	871.395
62.1522	840.831
661.124	248.825
418.22	944.342
184.199	248.054
1240.99	516.999
1410.38	611.703
1173.7	278.358
1311.97	1235.98
331.73	407.341
186.003	1340.74
330.361	1102.82
652.31	168.479
1257.49	960.799
1312.43	78.0407
516.983	1396.46
1410.46	1413.78
425.959	568.281
1212.22	298.26
761.851	337.782
982.141	552.335
865.003	1079.37
1208.81	745.903
294.791	1152.51
1345.1	962.886
1337.94	469.658
1128.86	219.357
411.475	479.919
986.475	94.9373
1336.81	236.924
603.819	1395.08
80.4722	1048.97
918.033	1373.23
1195.96	1206.2
451.837	1354.35
1058.29	1031.09
1350.51	453.439
612.463	1381.87
606.524	624.012
1430.63	898.707
703.483	1134.93
1083.84	987.835
1320.58	72.25
553.111	872.391
1082.52	380.549
657.868	1037.56
756.278	424.345
1390.45	651.181
961.437	1195.42
1199.33	973.362
1397.81	971.435
231.583	332.532
195.82	700.028
1089.94	950.875
1185.99	1206.92
1394.62	660.273
912.661	1381.66
230.629	986.058
1299.83	1134.56
507.925	496.901
655.72	192.544
150.913	162.72
532.206	350.759
1041.16	292.892
599.654	1276.27
151.579	1092.3
978.744	88.5942
43.882	1273.28
968.857	90.0886
741.707	149.871
66.0436	479.183
1253.87	933.147
478.396	738.593
390.006	411.262
1087.25	1394.88
542.016	352.695
527.21	624.856
1360.44	452.273
912.713	1391.66
1330.08	1409.35
747.536	525.768
751.852	337.903
529.203	1057.74
565.628	655.737
621.073	1376.79
643.067	164.662
350.262	1076.51
619.305	1389.16
53.994	846.614
469.9	430.771
405.72	735.591
607.882	836.507
357.878	1070.03
951.595	792.478
902.521	1337.48
210.68	250.343
223.761	163.57
61.0331	564.361
1417.05	1198.11
1398.07	981.432
203.405	693.512
179.485	714.513
981.808	1180.91
354.998	418.663
651.762	169.203
61.989	504.979
316.364	1075.36
636.615	157.022
727.538	698.129
636.703	147.022
707.092	509.382
1422.97	1346.74
876.681	752.884
60.8362	853.906
62.3852	469.877
1008.25	688.557
1016.87	86.5778
566.715	1366.36
795.606	804.674
1070.57	572.901
360.633	959.715
1407.44	984.914
1254.29	923.156
1362.42	442.471
1026.83	85.7048
551.994	353.363
600.88	896.025
115.314	1340.99
179.895	941.94
1260.52	232.961
602.235	666.929
637.354	137.043
1396.64	877.666
799.8	1048.36
450.221	998.638
502.909	693.303
526.311	1031.73
597.528	1266.5
1080.23	1402
1416.38	1421.84
190.354	855.813
751.884	347.903
433.963	173.839
197.39	685.524
1371.75	438.861
1329.54	76.6947
629.256	1390.15
121.71	1389.95
136.671	627.421
42.4825	1199.43
286.996	1139.86
983.688	202.842
152.983	1006.39
454.451	1364
107.887	731.235
233.69	164.766
1098.94	1335.44
1101.89	543.5
952.34	847.414
741.607	654.441
45.6895	841.043
495.237	779.106
518.934	1406.27
834.107	1090.38
1256.98	913.525
502.333	369.276
871.584	354.454
415.841	1378.99
536.311	1031.75
1148.82	1098.42
246.365	890.217
315.063	424.733
181.882	861.126
1130.11	209.436
361.658	1292.47
1346.26	240.18
1414.77	1431.71
1409.96	994.591
877.715	1090.81
1226.14	208.901
1096.68	943.481
347.425	346.578
434.651	1321.34
1130.56	1029.85
1173.79	300.299
131.369	1392.54
827.275	1149.2
140.953	1241.02
43.2519	624.465
1190.06	654.58
41.1615	842.905
52.0453	559.977
1210.7	514.925
825.669	233.303
142.321	741.273
351.452	1251.43
1271.22	1008.05
181.532	932.075
1416.26	611.851
388.226	632.839
534.598	341.049
1422.35	603.918
1356.26	240.222
1376.76	430.211
493.839	904.377
1286.31	73.6695
1418.66	1422.73
665.655	1087.58
101.725	680.32
982.471	382.781
561.579	500.977
844.147	678.871
912.513	818.362
282.44	1128.8
355.342	344.372
882.858	1082.24
107.9	675.592
994.739	722.414
1213.78	754.58
1365.02	245.061
1227.32	233.671
760.573	415.315
1314.83	1293.93
718.88	703.133
82.1888	739.698
982.263	827.536
456.011	481.394
125.027	1091.47
561.053	357.597
825.485	464.74
57.3568	461.233
1096.66	1391.49
893.236	1341.2
1353.95	468.177
457.892	1036.15
696.975	1142.53
242.82	168.844
153.341	153.019
703.692	190.429
641.623	128
123.131	642.182
1260.77	95.4889
133.132	1393
1428.14	1419.55
1371.62	237.554
37.9195	1031.66
747.935	885.058
902.71	1380.67
1300.95	508.382
605.311	1404.97
1003.63	726.989
399.131	270.661
855.418	1150.21
734.209	647.713
203.872	340.784
772.566	464.703
1254.75	224.624
910.769	1401.47
651.152	249.572
192.674	1348.19
497.704	414.678
1248.73	478.399
1104.41	937.146
894.707	763.065
213.324	692.239
1326	981.127
920.257	975.77
328.644	319.459
699.963	516.395
94.9661	508.804
1379.93	420.725
1043.42	300.217
1034.48	79.2631
1223.88	1121.39
1219.63	304.97
1204.68	598.713
567.166	492.683
1319.76	1151
692.49	821.294
278.74	1037.13
765.033	962.332
902.321	1406.82
499.012	1099
130.387	560.874
708.942	704.241
52.6229	835.799
1162.13	499.585
151.942	1102.29
1381.54	236.271
363.099	1302.36
221.727	686.818
1155.46	1105.9
1380.52	649.985
661.93	1026.38
1336.5	83.8746
926.004	1346.6
525.755	1370.67
441.462	167.225
1426.01	594.612
733.545	825.622
1023.47	122.189
1324.46	639.456
1213.97	121.052
1347.19	895.444
807.243	120.646
1210.19	111.794
966.475	80.3763
858.487	1159.73
609.166	1279.35
1192.64	962.368
428.012	341.955
1381.02	1215.01
874.165	618.224
1324.36	1417.55
751.896	835.361
1398.86	662.596
132.933	678.784
1435.75	596.856
71.9131	466.84
850.446	621.675
1005.39	736.833
639.657	1081.61
987.12	83.1315
595.325	941.009
748.936	522.902
406.289	1376.03
398.895	406.68
366.733	1065.38
1076.6	1126.34
420.962	1387.58
1388.14	667.892
1326.7	603.531
898.041	1026.99
383.467	619.718
787.268	304.245
100.961	1374.94
626.734	158.557
456.758	823.176
807.69	107.165
390.471	497.875
622.477	877.882
457.87	294.014
43.5827	554.649
836.31	326.105
1406.21	669.374
91.3846	1377.82
1176.14	1208.67
1284.15	63.9041
415.061	206.235
1028.8	1168.41
442.151	157.248
425.009	1395.86
566.153	348.996
174.134	737.294
1197.64	736.609
1369.1	249.951
180.897	1308.5
1209.52	1105.54
877.395	729.583
575.1	353.463
483.413	1044.51
883.459	1343.3
397.015	1379.77
247.113	159.812
1416.68	1002
1184.21	1148.12
221.402	153.852
178.255	1247.39
611.267	671.221
764.508	953.337
877.582	1118.72
375.836	1069.52
143.857	184.267
77.3893	458.473
467.093	290.148
316.305	434.656
717.516	1113.96
1416.26	980.188
1264.68	1197.27
314.847	1296.31
852.609	703.702
134.017	182.486
523.408	1415.21
1258.94	1124.99
1103.69	1384.37
1429.02	1354.7
585.099	353.428
133.836	1356.76
489.014	1099.2
359.716	622.656
972.312	1163.65
641.23	1071.74
801.381	99.4061
973.799	201.353
87.5196	1368.6
1126.59	200.074
291.502	589.698
1390.77	232.415
159.698	1263.54
1258.43	85.7668
1421.78	1189.3
320.705	970.923
451.982	155.417
1276.01	622.195
835.464	235.315
1398.69	226.315
1180.2	568.005
894.803	1413.42
326.923	583.169
1325.8	1427.45
147.582	818.281
1043.38	83.8228
1206.59	138.123
1169.97	600.565
784.844	741.348
77.961	1365.66
1346.11	81.1053
1166.2	1209.76
127.374	189.96
466.377	1303.93
1408.13	1439.19
31.3363	1125.72
631.029	929.505
609.118	1414.22
101.746	1111.19
1160.64	1218.07
480.668	579.006
531.969	723.878
968.783	192.703
1422.3	1438.29
231.566	688.606
837.716	1273.18
290.7	1165.07
281.97	592.721
531.639	670.774
1217.18	1211.02
471.271	299.233
182.582	1256.4
202.651	1348.87
455.544	1198.15
1244.47	925.06
322.624	574.141
1228.77	300.909
1325.47	1159.21
1200.29	110.415
1165.72	543.706
1049.68	76.056
794.006	258.2
1003.23	327.872
794.081	713.926
616.095	679.978
688.761	812.016
541.92	724.859
532.443	755.012
789.539	225.23
1241.07	729.337
278.481	583.35
896.749	1423.23
1268.7	157.377
618.671	689.641
1408.63	227.361
1304.27	1345.86
1389.73	422.702
1004.27	1147.08
746.727	421.383
726.557	1118.24
688.799	266.778
201.773	292.627
905.777	1427.53
394.288	759
87.3727	1386.98
168.956	1267.32
1193	952.375
763.276	536.6
589.168	1261.01
1350.88	1387.58
395.289	934.823
1326.92	1144.03
77.7997	1389.87
1030.58	270.029
1354.8	76.1506
1217.12	483.884
1271.97	1018.02
1317.26	1432.66
1290.05	1278.61
512.022	731.848
958.735	1205.05
974.987	545.348
605.103	1423.38
1429.81	1183.33
697.806	1152.49
491.896	1017.21
75.5246	1399.61
211.691	1353.14
1033.46	503.326
692.106	510.209
645.734	192.007
1185.41	220.5
631.355	1070.16
127.652	174.773
524.873	490.518
118.193	193.925
792.634	812.74
850.413	1165.63
611.308	1431.22
114.479	203.21
1225.11	313.338
614.394	1440.73
1027.09	1245.59
1162.95	1200.3
499.708	1108.98
217.415	1344.94
65.7165	1397.66
62.7159	1007.65
1129.73	560.776
618.455	916.928
462.832	1369.46
887.794	556.399
1358.29	477.185
87.3821	458.093
1160.72	1228.07
353.843	931.368
1285.67	453.627
1319.13	486.248
1440.17	587.882
897.754	332.163
965.425	183.283
914.459	752.094
618.476	699.639
53.7288	451.914
50.3386	442.506
384.087	1075.17
1365.88	858.249
984.069	841.744
829.612	1279.04
891.604	1431.8
661.632	1016.39
591.708	360.933
363.847	876.656
600.605	1432.31
613.683	617.03
197.051	348.097
112.918	847.253
1201.46	947.036
94.4964	508.9
592.945	902.111
587.159	343.642
1051.29	66.1872
884.075	1018.15
274.272	599.104
559.674	341.378
621.991	1447.23
57.7136	1403.66
956.837	856.346
1421.66	1010.67
264.564	596.703
961.78	97.1538
601.314	1257.24
272.702	1126.52
200.329	856.52
1060.29	1024.29
967.893	538.299
63.038	1034.06
706.837	1038.52
289.17	1174.95
417.746	1386.97
478.239	1018.51
806.848	1044.49
1364.53	78.4605
981.579	1077.42
393.367	1389.08
950.578	864.145
596.645	340.477
997.974	172.832
1374.53	78.4647
1176.99	1096.78
631.623	1449.92
104.795	200.718
877.543	678.167
556.927	865.615
1278.7	156.982
812.632	779.414
585.94	909.248
1005.18	542.343
1431.65	1011.01
852.928	1019.57
119.402	835.208
131.213	1286.34
1158.79	1063.76
1425.73	977
1430.43	1340.07
367.349	867.289
1324.67	593.737
106.947	1335.52
797.888	929.277
747.941	694.5
865.131	496.51
990.04	821.249
985.154	648.739
254.615	597.71
1234.89	675.17
600.545	615.997
908.854	699.279
341.391	1235.84
515.772	1421.67
711.223	909.992
999.812	337.269
765.834	238.84
287.015	919.394
1190.89	107.013
96.8028	1390.31
228.895	685.375
230.668	263.206
1300.38	427.351
1383.28	83.3019
274.615	863.33
1002.59	1208.97
384.938	1394.46
818.697	1144.06
252.717	607.528
1092.48	381.525
1183.31	100.48
96.0776	205.618
434.226	151.149
707.832	929.605
1025.07	278.374
888.754	1412.08
139.464	1400.74
52.8841	432.836
505.8	1420.93
585.569	943.208
539.164	1056.86
262.908	1124.5
1204.18	143.126
1238.92	1263.31
638.994	1387.87
1042.1	1079.85
958.992	73.7434
350.322	625.605
176.645	815.531
1409.68	1445.47
922.847	1368.83
86.5227	202.667
461.717	153.131
1392.86	413.205
459.759	397.053
521.672	616.529
1318.84	1228.71
792.349	95.1132
258.227	331.744
762.893	926.476
1297.41	417.803
650.138	1115.74
918.505	515.315
1078.75	1411.89
645.013	118.592
1035.97	493.646
961.137	1120.65
898.711	552.694
1322.76	624.443
643.219	108.754
151.853	1325.08
1177.82	108.835
584.648	1252.09
1294.35	1347.12
922.17	965.954
1161.4	489.612
208.525	236.888
950.679	1210.98
1255.83	930.093
702.197	1044.45
446.793	1267.59
162.896	179.872
1180.85	658.477
1437.99	1421.26
1187.8	91.5418
648.021	1035.82
365.763	345.961
519.882	606.691
524.691	480.52
1392.79	86.3928
931.322	366.162
761.612	837.728
1367.63	480.776
1056.4	401.29
316.897	949.861
238.153	328.025
1112.89	1380.45
1121.25	1385.94
1440.4	896.547
308.714	441.166
174.932	805.679
1192.08	82.5063
10.5368	1011.43
396.138	924.859
1429.98	588.155
616.59	841.425
41.2244	1084.35
1071.25	1418.5
480.335	303.459
93.3155	974.146
136.512	1339.89
1159.4	1237.98
210.452	686.427
284.295	1040.65
1396.95	77.2979
94.4533	215.485
1243.93	679.459
439.528	191.848
495.519	894.046
1322.8	1168.85
393.029	1204.67
1370.68	648.218
429.77	1206.25
396.395	731.979
86.0538	220.911
736.861	423.017
1350.31	1361.95
1368.9	1259.84
214.756	1362.66
184.948	1354.49
1000.03	820.783
930.141	977.287
786.207	87.2216
917.295	763.351
844.86	731.213
1018.08	686.733
895.166	954.264
1196.56	73.562
35.9573	749.877
1443.11	603.627
1302.46	476.337
704.603	1159.83
141.586	673.772
1358.75	989.113
588.566	822.318
1416.06	234.061
386.597	729.98
1359.2	850.806
471.033	156.764
1350.07	846.72
952.708	1126.03
622.032	611.526
1080.04	1396.63
794.438	1037.58
58.3412	424.456
804.308	480.262
1402.8	412.039
1020.76	1250.17
85.8931	1358.73
1362.63	74.4006
489.663	982.331
1128.76	1392.54
454.909	442.658
33.2755	625.151
1425.23	1224.08
1314.5	518.833
228.035	274.437
1383.85	1205.42
1253.64	448.922
639.863	1455.59
745.492	355.593
438.752	509.581
750.084	994.593
1062.22	1422.8
1395.96	667.292
1436.41	1019.8
763.27	827.866
251.363	588.253
184.873	804.594
708.58	181.705
1444.61	578.922
401.148	590.465
234.303	223.666
645.813	1380.56
37.605	1041.66
1041.31	966.815
122.827	916.213
820.802	1283.77
1284.77	1349.99
809.858	525.048
54.3309	415.295
1180.17	211.987
363.629	1170.18
89.1024	812.459
1023.7	288.279
895.269	1373.99
836.844	125.137
326.65	1280.91
919.281	675.985
1257.44	933.92
1443.85	887.163
462.42	1286.38
918.833	957.79
860.856	1051.8
552.732	856.538
541.613	1299.83
367.153	1311.51
630.531	906.241
1396.32	430.222
122.774	1362.38
532.675	331.236
95.5791	827.652
1051.19	90.0757
104.96	509.159
222.302	1336.22
922.222	621.832
430.227	1278.33
1390.18	403.572
994.559	645.341
649.772	1454.25
881.863	1434.06
1380.29	620.094
723.334	709.123
77.527	198.299
57.171	573.585
145.956	1079.1
51.3097	856.947
75.6041	188.486
1253.35	625.247
1085.26	394.892
239.208	695.056
1410.39	678.462
1067.96	1083.62
1021.67	998.286
1163.08	607.808
1422.51	581.51
1362.96	64.4059
494.739	475.139
523.861	597.516
1001.28	214.815
902.663	820.084
1330.94	585.947
463.139	387.642
1038.87	305.978
247.026	962.909
192.543	296.476
1028.22	137.237
873.091	1438.86
91.0915	1212.45
907.953	1275.33
1332.22	1172.22
1419.29	683.015
729.145	639.09
1293.96	408.416
28.8832	616.167
842.637	966.099
727.238	425.736
818.894	505.411
324.676	400.253
338.194	899.292
486.282	517.3
733.043	144.878
796.187	167.57
150.367	1096.68
636.677	101.192
1138.65	1394.02
776.222	86.6795
1197.21	726.619
1345.35	250.138
122.387	985.962
1344.22	260.074
468.532	211.939
1268.01	475.024
1315.28	1303.92
748.654	203.129
1415.75	574.138
649.488	1371.26
1374.41	1361.69
1389.1	95.6859
770.093	412.254
1383.83	406.476
1181.6	235.191
1207.35	762.241
464.829	1379.26
1007.05	815.87
1311.05	951.525
310.901	1305.5
1058.37	59.1192
1059.88	1041.44
706.884	714.027
86.396	966.927
1014.82	1167.92
1408.67	581.196
659.698	1455.46
616.569	709.455
927.261	823.164
448.621	441.529
638.024	1035.57
773.214	96.2164
1253.19	1255.44
525.308	737.061
300.466	446.82
382.905	1141.68
810.827	1283.07
490.878	1009.19
1425.11	1331.61
911.426	1265.95
1381.7	618.521
146.831	1407.5
378.973	1083.76
1200.58	130.131
105.961	672.738
808.837	1004.17
499.961	1118.98
253.955	152.518
726.204	435.682
148.911	875.132
1389.17	105.686
724.241	416.195
885.199	1402.73
799.575	819.94
1107	1372.37
231.778	1339.41
1404.17	1417.52
1446.07	1017.2
567.757	665.508
1307.45	89.5746
698.942	704.22
1408.3	567.469
650.973	131.546
1260.99	1231.2
373.303	472.277
729.979	253.542
330.312	1112.54
462.158	200.624
1454.37	581.064
844.915	232.046
73.6822	178.673
78.5313	730.391
1276.72	1355.92
139.204	565.592
726.633	445.673
1078.22	975.785
1063.32	579.793
1054.94	1299.92
69.5245	1149.28
1373.04	1268.95
98.216	1330.64
875.842	688.021
405.188	204.65
1408.38	403.74
1321.85	639.655
424.337	279.406
122.346	756.454
915.497	1429.88
763.377	98.0131
459.369	1188.91
1429.29	682.846
341.604	346.688
241.962	320.386
665.796	1009.9
536.437	340.036
793.39	80.2644
1430.75	692.738
840.002	669.771
1092.17	503.352
43.1228	634.464
716.637	445.971
1188.31	943.542
49.7575	580.296
1286.85	1290.34
1226.69	323.211
1325.64	649.386
214.146	1372.64
1243.66	526.636
1187.54	69.2307
775.295	403.713
591.773	645.418
995.192	542.92
540.157	1289.94
1202.63	479.604
1127.74	190.14
1377.09	484.025
437.742	620.819
921.979	1437.49
794.098	1056.57
959.347	63.7497
67.9951	170.447
1120.46	590.41
1017.01	540.145
804.45	1290.77
1026.65	691.881
1248.37	1182.77
1378.64	397.923
893.24	394.87
729.403	629.094
1202.38	770.921
1169.5	1140.89
536.885	322.165
622.708	1075.18
693.397	168.877
236.128	342.211
1393.95	437.13
598.36	330.625
88.7105	1331.52
67.9622	1365.5
279.837	1178.54
833.877	275.603
1199.46	985.227
116.445	882.195
629.576	939.398
1236.18	219.387
659.289	1373.25
1294.28	400.344
536.44	1068.56
578.958	902.089
1183.87	974.984
771.441	77.8963
641.579	92.4752
854.47	1174.77
242.759	608.441
1360.16	996.559
504.987	1430.89
252.534	171.221
1427.18	915.12
886.752	994.806
64.6225	182.906
1108.66	1333.12
140.749	1157.48
102.985	773.973
204.431	695.244
623.694	834.387
640.204	82.5702
766.577	398.814
1418.37	403.891
628.261	1063.56
76.4716	223.772
1426.87	1447.18
1426.02	234.971
377.004	1309.78
578.577	822.783
238.705	1332.2
480.573	491.789
1212.46	1212.13
1422.39	413.048
924.622	404.408
76.8575	165.815
428.401	207.098
1447.85	569.464
1034.42	698.18
1194.46	777.027
1187.21	726.585
863.325	1436.71
624.656	897.311
342.127	1070.31
681.438	805.206
387.294	766.148
999.185	571.652
242.467	1322.93
1423.77	994.959
952.231	100.124
643.8	103.998
463.249	1204.52
707.934	939.604
985.082	812.565
896.016	1329.89
260.73	176.949
838.781	139.834
617.427	719.418
36.0836	1147.92
239.863	897.815
368.496	447.013
548.48	1060.5
62.683	161.975
669.683	1456.01
542.275	753.187
431.028	159.23
1147.86	543.065
1094.21	260.593
1153.39	494.772
967.677	1209.53
402.924	577.039
1259.65	1173.93
1000.69	341.631
527.206	916.07
482.15	1249.11
1418.59	393.893
63.4464	863.56
570.231	483.164
98.6452	746.112
1426.36	1415.51
537.307	1082.15
180.978	861.863
1434.48	1453.66
288.55	823.609
481.82	305.771
828.156	472.063
1215.94	767.35
1267.3	932.272
853.1	1020.04
1251.51	905.158
1353.03	264.813
916.975	705.115
44.331	415.248
942.237	99.7916
949.928	60.3927
695.294	926.534
78.9078	1329.55
227.953	312.409
1439.01	1355.12
465.011	675.306
1438.08	1463
246.235	579.668
452.939	953.406
1296.52	1339.06
1246.38	1243.64
525.191	1312.67
1367.07	1251.55
901.946	830.058
41.2643	585.575
70.1535	1150.4
931.95	1438.26
415.777	259.273
705.764	1169.76
529.685	589.387
723.002	526.134
1059.07	96.2267
892.019	554.913
1295.39	654.161
477.076	314.574
999.195	744.683
1248.13	602.29
94.3096	1085.74
105.713	1258.56
765.182	1001.19
679.631	1454.99
1100.19	375.16
191.887	1260.07
612.15	653.859
1022.04	281.76
610.831	866.566
1229.79	332.72
414.204	1360.76
255.935	851.301
421.419	156.462
1253.17	77.2624
1384.68	970.9
1339.25	591.512
1418.45	1236.4
271.076	1173.72
595.436	1358.82
494.354	721.74
519.849	1053.86
1118.58	1124.49
890.113	1297.93
476.924	164.845
1077.67	1426.17
319.054	1274.41
501.375	683.422
844.109	1000.9
242.982	228.634
26.5505	746.484
376.202	1093.37
545.058	1026.9
492.538	688.479
1304.27	400.032
1448.81	1357.1
1233.65	1271.81
319.567	1068.73
753.999	94.5414
939.636	1444.65
1447.9	878.018
744.562	97.8497
541.011	313.056
855.99	1443.51
1386.04	1405.16
440.956	156.812
394.923	444.392
1414.36	691.718
1264.67	615.58
478.33	213.939
1360.32	1337.3
795.74	485.418
1405.41	696.176
465.987	221.61
1368.65	398.296
618.875	1281.75
104.496	499.17
554.988	1025.73
1177.42	728.636
256.411	841.312
1214.26	622
843.034	956.107
1335.55	1149.09
1159.99	1102.15
363.071	1268.35
488.718	1004.8
353.121	933.616
214.429	1028.41
1398.87	67.4837
473.955	304.226
132.76	1392.02
486.921	164.57
708.197	1030.54
1414.38	1182.57
747.544	827.092
28.3024	1116.19
646.431	149.336
232.862	609.872
641.868	253.287
388.408	321.294
1341.1	842.311
1249.53	67.9496
356.241	889.115
1108.51	526.525
625.892	724.742
382.042	1404.03
86.3855	758.607
1398.74	108.594
449.475	1277.22
1098.71	1325.44
1446.71	559.53
1400.69	998.341
332.149	1117.02
600.946	364.761
866.113	738.237
1344.6	445.369
1425.86	244.97
637.881	72.8437
248.295	699.23
738.139	624.228
23.0265	1136.41
145.634	1417.43
1200.83	499.699
761.312	932.616
714.828	415.305
1408.86	67.0391
847.767	1449.2
951.088	756.271
1011.68	998.634
104.397	489.17
895.483	526.6
1298.48	663.673
1418.05	1020
575.571	943.03
44.2043	454.961
259.794	913.963
789.485	952.964
191.254	929.734
1307.98	390.744
289.879	813.698
933.418	95.0766
1169.25	734.4
1249.45	439.841
346.58	424.06
607.458	718.633
1254.9	635.126
645.995	1361.89
848.78	139.748
968.903	60.8002
819.759	196.121
876.394	1350.37
628.846	1282.51
1268.46	1361.56
220.12	1380.66
1320.33	62.2532
628.883	68.4807
97.366	1381.39
593.402	1360.8
362.311	1235.16
1208.06	1221.11
958.853	766.74
842.1	1457.44
372.959	1142.72
847.613	1465.78
1005.86	407.199
479.843	516.476
1154.28	1069.28
774.585	325.446
54.5342	405.297
808.723	1144.79
375.274	1411.39
302.621	617.817
994.117	687.88
1093.91	1135.37
487.62	700.075
745.544	617.507
1238.79	535.37
322.324	1118.88
454.092	303.546
1170.52	102
312.799	1315.32
1284.12	165.382
844.684	331.57
1343.52	832.609
788.555	1030.03
933.566	363.782
887.136	1094.17
1021.45	1039.46
921.791	1292.13
751.189	657.304
1081.85	944.999
79.5148	842.644
564.374	674.918
1158.24	1247.92
738.111	1062.95
705.35	412.118
472.613	508.187
1017.47	530.156
264.96	1114.72
1183.37	717.349
495.945	1128.14
78.6153	233.54
1067.21	93.2309
1082.22	502.318
1312.72	381.938
126.703	650.279
1180.96	64.4294
1165.45	743.652
1436.34	1351.59
440.224	438.032
277.341	603.449
1408.68	705.628
576.404	496.51
59.3008	1413.53
1295.45	602.615
833.532	662.146
620.984	733.454
221.719	1390.53
1202.54	65.548
474.463	1048.97
102.071	1007.69
1413.02	1028.64
304.286	432.2
905.269	325.567
1305.1	658.332
833.87	958.147
68.3322	424.032
112.401	512.085
877.361	762.861
67.8206	1150.38
622.806	858.381
1402.32	588.921
1116.05	1326.37
36.2594	949.967
182.701	294.705
1434.82	230.228
52.0233	505.807
929.065	375.904
659.741	887.31
1004.72	413.175
755.503	618.407
1436.18	701.134
942.167	1205.73
46.9018	643.722
1322.32	1219.34
1324.44	1439.62
1406.02	432.652
636.261	1464.92
151.853	826.325
1028.21	487.345
1406.01	115.463
806.546	1274.03
985.598	717.26
592.368	610.241
1442.67	708.742
829.267	199.22
1112.99	932
926.063	950.881
1115.18	598.901
254.301	860.791
222.868	609.516
1428.42	222.546
402.239	214.206
443.219	519.797
904.958	1258.33
720.358	1004.73
31.2245	1084.38
544.01	763.035
423.082	1200.45
1106.59	382.842
658.236	1003.35
479.269	1096.95
246.361	944.982
214.013	604.87
248.641	225.479
972.288	51.3907
134.68	774.712
234.14	599.954
1343.76	515.844
68.005	571.529
302.234	865.823
623.036	601.576
167.771	1005.46
633.86	730.784
613.059	1072.55
1041.47	705.271
91.9772	678.088
391.772	642.189
201.829	1258.99
831.584	1100.06
519.449	374.465
1432.66	1471.4
682.495	512.972
994.258	635.346
1435.68	1175.24
41.3078	1142.28
1412.23	661.387
311.28	1325.21
358.732	353.242
528.892	1405.34
487.501	217.925
472.263	1284.61
1334.8	471.179
78.9908	243.533
1403.66	1025.11
509.47	1094.62
398.952	649.149
1265.67	241.533
798.745	1267.77
1434.36	674.224
940.916	64.7267
505.456	359.776
1411.28	57.3362
392.24	214.123
726.207	892.304
1234.69	117.288
1143.66	1402.67
99.6147	1320.74
769.083	68.1783
695.419	413.291
528.609	1338.52
640.788	1119.28
971.876	1116.67
449.593	312.477
1332.32	593.41
165.024	974.057
290.692	448.934
222.555	214.936
427.733	860.281
1084.13	1067.75
1320.34	52.2532
1418.74	68.5683
719.342	1003.96
93.8801	450.492
89.3473	527.815
1422.45	908.692
61.9213	1081
130.828	774.826
1258.2	1115.02
388.373	720.139
904.039	315.642
270.217	173.786
978.778	659.414
750.83	145.773
1434.94	1226.48
840.902	282.72
279.954	176.063
733.015	453.372
1445.26	1366.44
462.698	1366.1
76.1265	417.768
1424.13	254.819
411.53	157.95
1308	1436.42
1278.89	55.4031
1225.89	768.437
966.459	845.686
620.646	62.8097
1450.54	1026.14
341.547	1031.11
160.215	1343.7
1187.14	204.976
1233.52	761.98
1154.92	1024.56
71.8919	250.576
862.978	1111.63
748.197	1034.19
1299.65	1430.91
228.699	992.904
626.826	99.4748
1294.52	592.658
1122.61	1318.83
121.893	508.937
1414.9	1349.57
379.04	771.794
332.006	1232.39
1241.66	903.388
1340.16	1140.21
474.501	814.709
1118.3	923.526
1035.11	496.901
1427.27	264.314
20.0333	754.069
795.138	1294.41
1332.16	228.071
421.917	513.871
475.847	821.346
179.359	871.731
159.48	763.847
1318.81	1155.39
1121.77	1025.09
377.634	1059.68
557.303	1316.39
208.863	1036.72
1254.19	895.525
825.124	656.733
296.333	603.621
579.17	870.455
1178.59	1140.94
1005.58	1006.56
634.341	740.773
412.232	449.325
104.309	1017.44
1192.74	136.336
484.038	321.753
279.783	1188.23
1264.19	1370.6
1397.24	446.576
778.811	508.298
1429.4	274.084
577.584	1245.01
1447.67	1423.76
1394.43	594.024
1331.62	845.496
746.836	1067.83
1183.98	934.531
803.697	1153.43
288.023	458.571
368.861	1419.07
283.174	185.53
918.458	1420.33
993.63	325.08
78.5337	1052.77
446.805	511.962
557.382	1326.39
1054.19	575.729
1221.19	337.829
84.1371	957.185
518.689	1419.09
101.754	444.327
51.7236	1420.06
70.4518	1173.55
278.84	462.531
743.695	332.119
269.999	457.858
874.537	353.724
732.792	1062.38
37.6596	1157.79
242.553	588.473
1246.1	124.934
242.054	345.991
1156.15	739.99
1044.21	575.031
413.298	915.019
111.436	441.826
508.128	495.452
1281.5	1021.03
369.898	767.741
197.943	264.914
874.005	772.281
1184.58	778.559
1315.31	372.279
727.097	827.141
1051.47	705.556
447.015	287.399
1244.08	177.94
917.994	1426.29
297.946	1143.02
1314.04	44.487
788.246	159.719
1415.92	114.113
959.622	751.058
823.869	990.109
483.556	212.751
629.713	594.132
950.666	346.186
224.493	217.01
1085.58	373.454
311.391	861.805
253.684	690.807
1072.28	1135.36
45.2526	1265.37
931.768	1450.82
221.183	1400.52
931.477	972.338
1015.81	1320.67
1256.27	1376.7
626.048	584.828
32.2305	1031.37
1098.45	956.136
839.028	1470.91
643.192	745.428
404.832	150.525
1107.61	1115.94
192.349	710.317
699.258	526.37
1379.47	1246.09
170.534	1335.48
838.054	669.82
863.717	1077.09
427.643	947.688
1406.89	715.467
473.875	1105.37
874.881	608.25
1139.07	1040.66
634.836	580.057
149.449	1069.73
762.097	339.346
1131.92	1322.47
1293.13	161.034
1018.6	1181.49
37.8209	1215.28
949.492	1446.34
831.757	977.627
473.601	1384.06
760.828	145.916
1118.24	913.526
1094.31	292.137
631.868	253.324
638.62	598.68
1440.99	1476.93
982.177	49.9066
614.371	740.956
184.943	965.527
1306.62	664.554
178.61	750.169
262.093	875.652
427.26	1405.6
215.458	1044.23
672.804	200.067
135.839	846.797
1184.86	735.391
360.35	1222.72
1130.33	588.817
606.625	1080.21
529.299	472.873
785.644	1291.27
1425.75	112.304
936.36	985.118
292.621	617.849
1398.65	628.442
558.883	628.28
862.826	1180.26
1109.05	481.978
237.018	679.543
736.537	1118.88
1136.41	1331.4
1092.45	960.37
1423.9	967.169
1171.69	662.48
200.243	1041.79
972.665	1218.19
584.287	502.664
378.866	717.036
849.223	747.73
772.971	245.844
620.035	165.982
679.979	235.924
764.89	435.37
1451.29	550.639
385.488	1196.59
512.071	1350.35
94.3765	1172.01
959.402	1445
567.479	509.051
775.869	1293.38
668.437	1369.21
405.225	926.6
611.478	58.8166
61.2412	756.514
416.721	327.146
258.205	1133.33
1407.19	125.393
599.82	1247.35
489.101	1135.43
1302.04	1444.45
556.928	331.763
947.514	583.217
929.631	588.998
867.269	1354.47
672.059	1088.9
1228.33	244.705
1216.51	206.204
1062.54	310.793
361.292	1179.9
1374.42	1202.1
1022.6	677.814
1113.35	275.777
936.046	950.297
480.888	1141.13
1431.63	1167.76
1397.73	128.653
1214.63	1216.5
1425.8	1202.95
1140.08	1050.61
576.123	1295.57
478.9	1035.58
1293.23	1357.06
839.116	1263.28
173.15	297.666
1322.58	938.802
900.608	669.713
1244.77	431.005
679.562	1464.99
610.203	167.808
60.2438	174.512
1031.73	963.937
241.49	570.865
88.6611	246.079
384.743	338.352
583.155	952.912
1322.88	365.754
87.5556	908.585
1323.08	840.289
684.117	227.759
907.521	306.268
945.71	1453.45
185.848	1240.88
1385.85	488.835
24.1499	763.182
61.3642	514.959
858.041	135.974
1292.37	1119.02
1025.18	956.377
1084.72	404.878
629.409	587.575
791.387	1261
642.463	740.598
769.972	843.215
1318.2	368.725
498.738	1330.75
800.16	1064.52
616.306	582.569
530.448	1422.31
1068.33	58.2382
1180.16	1102.89
871.009	1186.01
919.778	1374.88
309.213	625.336
1180.77	1198.38
1100.05	300.328
526.895	888.686
1322.19	612.661
404.893	984.076
1321.66	1141.61
1143.29	1412.67
1302.41	483.119
682.092	1474.67
857.269	1354.48
99.3142	506.311
1266.11	158.919
981.009	1158.72
785.271	403.023
25.1295	630.951
1450.76	1479.08
1293.76	482.819
610.694	157.82
1291.5	1021.35
189.946	1363.15
701.229	1178.67
1408.98	47.6043
372.342	709.458
382.24	214.179
1246.84	1380.04
449.83	395.87
1290.12	583.676
1079.42	492.719
1406.2	37.9969
1328.97	1421.22
164.118	1239.87
147.22	559.613
282.348	807.118
122.949	1081.69
1156.45	1257.75
1127.78	910.546
978.784	1210.28
1014.53	411.655
770.339	1285.05
736.498	450.143
1141.28	1097.95
1332.17	1442.27
1103.57	566.339
732.833	1010.58
1235.13	895.818
421.939	1283.93
866.797	753.528
261.47	452.638
360.542	1424.62
562.726	476.555
891.242	945.066
822.19	1103.49
1285.87	1224.99
640.684	726.52
805.2	744.312
1394.01	1027.74
831.387	116.757
1075.69	982.22
792.801	229.093
1109.11	909.435
391.35	916.08
857.201	349.944
407.436	529.122
1132.64	901.804
1302.6	1274.58
1072.59	948.767
176.904	824.121
116.281	433.078
188.348	752.442
1458.97	575.114
1440	1162.3
562.188	323.258
807.679	728.528
568.115	315.204
24.94	736.615
1321.55	1404.13
51.8864	1279.28
1212.31	102.021
1238.47	759.612
803.677	829.059
1458.18	590.309
876.175	1336.45
867.917	601.074
145.568	549.751
844.092	946.163
991.285	345.026
189.759	836.858
1180.69	197.338
141.397	193.959
1175.78	310.099
1455.05	1012.8
151.102	198.863
530.206	1415.51
166.351	191.781
1155.36	1193.8
415.378	751.563
1276.25	45.7565
1443.98	226.224
926.934	102.689
635.53	1114.46
1265.73	1108.44
806.228	534.366
402.995	163.161
1093.73	986.31
240.022	1313.24
931.175	62.464
1384.24	389.632
1145.92	1328.3
1326.67	645.488
447.674	619.651
1109.62	297.433
543.201	859.565
1150.93	1419.13
941.192	867.593
135.478	629.45
295.839	1133.62
1374.3	638.898
1433.09	1325.58
274.134	471.355
943.372	847.2
1024.35	383.587
194.725	802.88
678.437	1369.17
30.9269	1021.46
625.762	1116.6
690.251	854.698
282.238	927.444
685.563	924.233
248.225	851.592
114.399	958.15
295.271	427.872
785.007	1301.25
1108.96	606.734
1260.63	1099.84
92.8428	255.163
1315.86	427.383
1146.7	1091.87
119.277	423.538
523.771	925.462
1144.19	1402.31
941.699	942.049
1430.54	418.848
1015.47	1251.52
292.312	181.468
1176.13	73.1891
1436.82	280.788
1035.7	1294.22
587.107	601.736
878.786	1051.77
471.388	418.347
1219.78	754.191
1078.1	484.906
439.135	1351.14
419.154	454.454
510.557	1439.2
591.593	495.836
373.342	859.284
305.787	455.287
995.588	1006.16
534.195	373.219
616.829	99.1922
82.836	912.628
1229.82	1281.04
187.176	1230.97
188.543	980.972
480.957	799.15
157.062	557.841
1142.52	903.339
50.3684	176.085
330.63	1031.18
540.164	670.624
1393.9	673.161
1154.41	1323.01
540.091	654.225
671.909	802.173
743.798	1112
621.906	252.458
1032.42	964.944
753.721	910.099
841.874	1441.12
1096.96	1144.89
1283.28	984.562
695.931	893.67
1329.18	943.709
1436.56	426.831
1398.74	216.315
1447.36	717.576
1133.57	891.848
1151.98	1313.31
257.752	681.672
1194.77	597.435
903.376	297.168
251.528	1318.7
964.993	528.729
1319.5	36.1086
1291.23	431.393
296.466	306.911
1140.44	884.573
761.312	1280.74
1179.96	60.2643
1146.15	740.286
55.0763	769.788
661.695	1371.91
301.514	877.912
897.713	1251.43
1332.73	656.436
950.744	946.313
923.103	56.5619
1219.38	347.663
1232.38	899.842
1073.55	85.5017
498.505	812.262
56.3485	154.237
62.1415	248.355
835.59	107.683
1419.68	276.441
786.707	1295.21
841.043	149.575
1184.49	1033.58
1328.2	1265.75
1336.56	225.328
785.423	1311.24
80.5466	156.52
46.6867	156.816
868.516	463.2
1100.79	903.886
364.865	576.64
617.748	1122.58
1357.37	56.1128
1256.92	242.441
451.085	616.796
1108.4	472.817
990.366	44.1673
76.7394	413.933
978.983	676.599
229.082	1406.65
849.825	667.896
467.177	937.728
318.524	1141.57
1395.42	695.906
543.422	680.079
683.443	250.563
856.146	1465.15
96.4508	1311.25
527.197	647.901
861.079	145.502
248.332	1134.91
876.193	1177.46
689.238	409.171
902.929	375.678
1035.91	580.61
1281.11	1274.13
1034.39	211.417
353.444	1431.66
1236.84	1380.08
409.869	955.68
1001.4	1199.04
1016.64	818.683
1272.52	36.4782
829.201	1472.77
35.162	419.239
255.37	849.847
1223.56	895.148
679.657	406.307
470.337	321.963
710.06	499.832
1314.3	835.511
527.285	763.579
608.767	1126.98
1359.53	402.405
454.082	756.866
539.163	586.199
297.336	1176.91
1123.4	1308.86
1026.29	113.643
978.057	1059.42
907.956	440.362
411.828	1161.59
1364.48	1203.22
909.169	289.017
1450.93	1036.14
807.68	922.695
754.989	666.553
1253.66	526.817
432.598	478.938
267.216	478.576
1288.83	573.76
476.858	802.924
882.278	1304.14
1038.22	137.031
913.505	1339.49
846.766	936.527
842.511	159.467
351.419	1181.49
308.322	464.961
966.401	764.135
1445.5	285.753
904.603	658.625
1313.23	360.051
801.199	1138.2
1302.95	1268.96
744.384	888.691
293.876	627.77
754.509	953.476
595.382	1406.15
136.765	1422.05
774.559	887.682
247.391	1306.48
569.281	1239.44
362.157	579.468
254.209	445.762
1286.69	393.834
1219.73	686.39
641.827	1129.23
1007	262.822
1455.53	1429.94
79.5448	819.396
1460.65	1033.78
101.371	1202.6
486.843	593.773
993.628	844.679
965.472	1304.04
354.866	1132.25
603.845	1135.69
904.157	606.893
323.734	564.203
1433.06	213.689
683.9	1050.27
998.504	714.604
37.2602	1259.36
996.988	254.085
356.802	297.799
1347.87	823.606
375.304	221.382
1145.38	1194.54
89.8146	1257.42
1170.18	1231.32
742.3	365.071
928.479	1379.81
641.219	251.558
1096.57	894.82
605.902	746.274
152.551	1424.65
949.614	1055.03
988.517	248.772
307.319	1334.39
533.14	383.26
145.701	664.658
336.008	992.01
1431.98	1364.25
730.303	912.453
309.926	1083.02
782.957	974.238
801.451	126.393
835.021	1462.57
398.48	533.571
98.4861	960.2
449.319	518.261
142.731	772.495
1068.64	488.131
599.502	712.575
1352.45	274.797
1179.89	657.828
525.315	513.063
490.797	1244.09
964.063	183.751
1357.86	861.871
543.42	595.248
493.789	157.302
1312.79	98.0313
1249.32	223.973
177.686	811.123
530.403	462.934
731.109	715.413
937.701	1383.67
42.1225	504.402
1283.18	1267.06
1086.77	1430.3
189.618	1221.27
889.628	515.546
1244.37	680.105
1310.36	243.991
412.402	240.846
824.057	799.248
506.376	349.819
612.822	48.9072
902.194	1414.48
381.702	204.193
1416.68	221.418
196.685	1051.13
1334.69	960.686
983.68	324.081
1444.83	1224.97
1258.87	1358.74
1435.27	109.241
1339.56	901.911
467.85	192.402
517.263	1407.41
882.566	1169.75
938.746	1077.96
1304.42	833.958
237.298	561.787
688.929	1157.1
1397.79	138.653
1411.33	1243.42
1050.29	715.486
1454.52	1370.2
15.7123	997.25
43.9759	162.537
603.065	46.714
439.71	606.873
365.978	701.745
604.376	755.566
243.514	935.396
537.086	893.475
1228.39	778.118
1378.29	1366.18
841.703	1285.59
41.8141	148.083
1066.05	1107.14
1386.05	699.417
272.266	575.516
46.1066	1428.33
1166.73	481.15
955.643	1436.63
1214.63	1228.65
1242.13	544.795
10.096	752.951
382.139	644.873
508.839	1357.37
1433.85	203.72
617.663	847.448
819.206	1472.47
794.972	1314.21
572.707	1239.79
1381.1	708.106
751.524	1278.7
927.574	1416.21
586.979	812.445
629.932	571.342
771.106	542.82
879.394	1160.27
46.3099	619.577
1086.75	896.704
1292.86	1423.57
781.555	1042.68
1439.88	1152.3
630.69	868.131
998.874	1218.26
15.681	1012.28
119.006	974.829
957.682	176.052
370.85	344.994
1082.56	887.625
660.749	857.589
631.71	1473.82
124.218	621.639
1147.09	1261.28
839.141	98.3346
128.154	1279.6
482.587	569.192
1028.45	946.925
1076.93	53.1371
194.83	336.513
935.146	768.372
499.677	1004.44
720.3	624.953
1295.46	594.119
964.467	1431.92
1435.49	974.783
590.017	1350.42
211.192	1400.94
329.854	984.128
1353.6	1239.2
796.464	1160.34
1179.77	925.461
1135.25	218.275
1422.14	401.185
705.164	869.302
692.217	696.818
1281.36	385.369
644.712	578.488
935.751	1348.84
1174.72	51.7453
143.103	1004.84
1314.52	1415.75
1230.58	1182.84
840.803	619.025
844.861	926.71
632.111	144.295
940.364	660.301
527.637	1021.82
1438.93	413.409
981.777	726.501
1465.75	596.85
983.544	244.885
1445.14	295.746
253.668	163.469
1103.23	523.871
1211.97	354.38
36.9577	1432.37
1289.89	563.816
342.847	1186.64
969.312	41.8437
995.497	677.976
271.937	1044.46
263.348	340.333
1314.26	1397.28
916.664	64.2137
284.089	188.893
115.721	568.579
231.874	327.516
572.31	1296.7
45.1203	138.646
761.249	61.9633
688.269	697.962
1444.28	672.968
174.446	1160.32
1314.97	107.791
1233.15	1290.47
1240.41	682.787
1075.52	98.7895
830.197	459.363
131.007	1430.22
893.561	299.08
456.004	713.946
604.705	1238.63
620.454	1432.53
196.17	1213.72
1085.42	97.3719
764.31	470.346
1446.2	1044.94
1443.43	200.863
628.739	131.965
501.407	821.831
107.003	952.893
319.045	855.37
25.7305	1028
409.236	905.881
345.005	1437.03
613.729	637.327
452.715	452.414
1441.83	547.379
463.938	1187.94
1456.38	883.323
1021.5	131.835
386.239	577.575
843.057	1034.01
165.31	303.874
886.15	361.528
119.315	1289.71
1440.36	1318.72
119.376	169.16
750.362	370.987
153.296	658.154
687.101	1374.17
146.355	624.927
1137.94	734.575
235.01	1414.7
90.6449	264.918
1266.09	909.391
921.92	1384.08
337.332	1443.44
897.007	325.423
683.993	1091.32
1161.47	299.054
1174.86	41.7463
730.144	725.366
578.224	915.608
191.282	990.589
763.074	781.457
849.127	976.93
183.786	1213.15
923.285	957.398
1057.05	300.6
960.135	81.2066
284.421	1138.54
204.403	800.362
621.893	944.33
906.125	279.492
357.97	707.735
1016.14	952.111
977.346	583.867
1103.71	615.241
294.73	172.771
511.398	821.423
229.676	1377.72
352.597	1015.48
754.484	54.5989
322.55	1229.13
911.223	1346.46
1303.4	1454.36
1299.42	1111.93
511.538	1062.93
998.828	326.635
1276.76	929.04
1317.84	65.5596
51.1478	748.293
937.552	1314.55
1185.31	788.533
24.9891	1113.07
587.134	369.825
246.143	451.671
1162.06	96.6697
724.248	140.118
475.07	931.589
503.411	154.577
1012.62	521.412
916.945	103.155
114.156	564.294
603.4	150.979
76.0113	532.563
51.5718	131.005
859.663	484.256
1198.88	222.885
731.687	646.967
864.542	1193.64
1455.57	541.6
163.124	1337.2
947.624	671.283
1410.7	561.074
272.589	842.795
681.846	933.516
273.49	1054.34
1297	662.312
1293.84	1457.29
1295.85	839.12
617.571	1291.67
895.353	935.95
68.7677	466.477
516.805	387.88
1434.09	1310.93
597.685	38.2847
323.155	563.341
309.806	1277.69
943.728	1463.25
744.114	1271.98
615.472	846.53
272.538	805.178
598.17	1344.63
861.866	409.747
1446.86	1316.8
579.472	479.341
845.058	110.9
683.342	689.26
888.852	1034.98
1174.68	777.178
1299.55	1027.28
1024.04	988.569
536.299	1348.49
844.184	508.684
155.569	301.614
1270.73	1378.17
201.527	1029.92
524.446	523.025
25.532	421.934
1253.96	1168.2
832.928	612.863
850.987	918.806
265.297	988.731
638.372	1279.47
974.733	249.615
35.4529	560.472
959.643	166.246
1084.62	877.839
867.915	134.392
366.668	1422.71
1115.83	1110.24
1356.65	1005.92
495.598	588.94
706.168	495.313
1285.89	838.231
1415	131.633
1399.89	30.2369
1423.46	699.584
994.778	1013.57
1384.51	592.816
1218.94	1102.17
293.258	334.343
1090.23	373.658
1307.06	352.182
1417.1	1251.59
232.7	674.035
1118	1300.44
553.402	343.573
628.832	1031.63
1284.07	406.953
319.169	626.278
706.822	1052.88
1074.87	875.621
959.623	950.914
1044.18	213.494
994.063	711.43
88.1717	727.733
769.671	185.658
810.954	1478.12
131.05	504.919
482.787	1129.06
740.209	719.557
1319.26	1212.68
972.091	724.014
1453.38	1219.78
449.502	816.295
372.296	1234.61
462.275	455.349
1306.46	342.2
733.781	728.561
1163.05	657.442
1004.35	673.332
231.821	701.796
611.988	251.178
1292.49	425.159
610.719	1372.02
912.742	809.33
1038.06	1353.86
988.279	1253.22
1459.83	1483.29
1239.24	1370.37
676.084	505.298
433.321	955.92
915.663	113.072
1047.41	397.339
942.243	1268.25
590.541	31.2877
745.113	1262.03
334.181	1238.13
459.772	1387.88
568.227	915.862
395.267	909.872
383.214	1132.65
506.119	144.951
149.685	896.625
71.9974	1029.62
1416.2	1327.07
144.53	1179.97
436.003	497.53
1394.37	1206.65
298.553	163.53
635.353	60.8558
1424.21	1184.98
1080.84	364.646
380.826	500.514
644.256	262.997
1091.45	250.981
598.656	326.343
1116.48	384.305
1029.48	88.9514
56.332	122.211
580.591	32.2962
1454.28	531.682
975.912	1038.03
1355.85	975.526
1295.34	849.107
1410.12	279.367
1424.29	200.775
361.031	859.538
613.317	1298.11
999.242	626.676
757.084	431.439
146.104	972.074
800.275	706.075
783.499	1000.57
879.017	752.026
176.273	1274.13
1405.2	1359.85
956.491	1302.08
1427.69	64.1101
51.1202	469.05
1269.53	1172.34
69.8645	871.228
313.199	1232.67
837.964	1133.46
201.592	1268.99
757.329	45.0122
1036.88	590.563
747.668	42.4296
992.639	394.231
357.159	1220.29
204.014	604.753
1405.38	288.172
1449.66	1150.2
1362.31	276.419
1394.98	1037.69
867.79	750.287
496.612	222.046
147.826	307.943
310.412	1135.73
211.785	605.273
276.568	923.076
999.288	852.924
1210.16	1147.55
731.603	409.428
461.463	632.1
1091.52	240.981
685.946	894.217
513.021	742.672
393.913	711.814
873.612	698.702
285.69	597.606
621.351	1369.83
1434.13	254.648
1195.68	472.412
1043.31	598.225
214.379	799.677
1312.66	334.353
1425.8	386.968
542.292	690.015
1465.55	541.071
981.539	314.313
529.26	1011.95
298.154	1123.89
209.049	726.64
35.3563	136.486
236.165	450.994
299.404	816.743
801.703	1474.32
1344.62	1347.3
764.548	817.948
543.685	303.42
1199.09	485.64
821.867	478.646
984.559	822.458
420.324	529.576
391.814	526.117
139.897	314.036
571.464	518.223
834.238	1434.66
1425.19	890.316
274.166	834.677
503.483	1100.36
1300.59	857.623
418.072	1161.58
817.51	920.857
606.864	1436.29
320.528	1283.26
504.078	390.834
49.3389	1431.3
156.023	1434.03
1188.67	1054.72
729.713	678.567
156.317	624.049
1408.41	626.242
1008.76	140.568
503.294	164.577
198.079	922.425
185.282	339.488
51.7634	983.014
39.7757	951.075
847.276	92.519
792.462	1169.5
691.853	1182.15
824.08	960.185
1133.76	263.575
540.201	1415.84
1275.18	244.625
1229.02	533.233
618.123	1306.88
892.942	834.411
1185.64	996.261
768.782	178.71
810.337	836.518
129.867	1336.05
166.868	559.801
1340.14	1436.22
274.088	955.485
391.166	1078.75
163.283	658.654
133.883	1189.15
235.981	1304.09
470.899	1295.97
595.837	1291.41
340.271	1196.3
1020.22	827.19
1238.96	422.865
70.4759	260.475
162.699	1441.47
933.649	1346.07
593.535	1439.38
509.193	1122.82
499.481	892.148
347.537	433.022
850.403	165.608
176.805	560.921
157.441	841.045
1322.75	1178.85
685.553	1464.64
353.082	1417.96
978.82	1172.23
795.247	268.123
1132.65	743.058
599.812	316.41
763.578	37.205
1094.04	569.371
252.939	708.087
1368.99	423.922
767.062	1000.1
517.693	1128.09
559.702	1242.31
31.2698	1424.14
217.522	1054.02
459.997	1397.88
1140.1	1043.89
257.249	1304.8
211.656	1260.85
1242.94	1292.54
1179.19	1232.96
1287.6	152.436
1378.67	381.324
793.764	1251.29
969.542	1165.94
65.9093	880.413
919.169	289.089
1098.35	623.688
392.515	969.061
96.6482	1400.31
1247.99	756.544
1303.68	377.652
795.077	1466.83
533.207	907.162
79.7689	767.908
458.138	982.856
835.672	356.68
31.6026	845.842
85.6616	994.21
85.702	412.161
1305.18	252.546
1396.53	20.8185
570.706	816.615
580.986	1369.68
1126.56	1016.52
1115.1	465.394
1002.8	103.293
1224.84	235.054
230.211	208.503
1063.26	1305.46
853.754	115.838
139.584	979.027
740.326	996.778
627.629	825.194
224.104	1018.75
1096.98	1154.89
515.983	393.166
121.424	639.393
936.612	375.925
1468.59	1039.86
906.201	629.009
389.854	266.928
947.296	50.7453
1305.53	1108.94
1413.34	1329.45
62.9688	267.081
497.834	913.544
507.112	135.001
502.497	703.156
847.116	1269.38
1046.62	607.662
1405.05	725.295
1337.5	462.829
1069.43	68.1773
1445.29	976.739
102.762	1303.49
613.349	241.271
1018.27	668.801
1348.17	1442.18
789.728	394.071
118.032	832.554
55.9705	881.517
862.372	1159.7
738.491	367.27
1180.96	1005.1
961.036	1313
1130.73	180.598
365.98	1321.44
1451.12	194.474
348.123	705.993
36.6887	1213.28
373.305	198.764
1453.4	1439.71
596.453	1142.42
404.135	946.654
1127.92	751.869
1278.52	254.05
341.06	1126.28
144.438	316.506
1121.36	281.763
198.034	754.93
217.038	1387.3
212.09	157.498
1278.84	573.307
309.286	1325.43
1413.51	67.2844
105.73	681.462
587.271	1146.38
1392.05	496.685
1312.02	972.38
382.049	528.273
397.986	959.894
826.314	1143.62
237.699	580.236
612.779	760.987
439.001	864.274
21.4352	1425.95
203.562	1047.98
800.224	1175.81
592.412	508.493
788.375	789.44
902.916	1020.21
586.464	333.666
849.393	685.781
1349.58	824.867
1347.05	1132.97
471.124	1138.97
834.863	682.586
1182.78	137.18
1188.95	797.846
1458.47	1354.49
745.517	957.851
1125.1	465.656
979.242	441.479
572.468	877.35
596.645	1079.57
1435.55	1143.28
217.993	809.001
965.932	81.2988
672.292	413.072
1353.56	815.38
122.626	712.331
1000.3	43.0392
102.828	1080.5
966.116	1196.76
489.646	502.676
1190.56	463.823
1170.82	576.363
1279.23	605.918
632.773	561.754
1386.73	848.042
1144.41	1426.71
1400.61	296.964
1321.72	465.826
1124.12	737.843
915.529	123.071
1156.48	104.966
450.562	885.032
255.335	1112
876.746	1360.37
1448.93	413.497
847.45	1356.38
948.04	934.317
848.374	1366.33
585.206	802.604
1048.9	94.5594
303.327	1231.08
735.452	261.673
1221.22	1100.83
920.782	714.362
273.181	166.501
849.737	287.403
953.149	384.201
997.769	1205.22
669.582	846.764
1313.1	935.63
1452.07	705.313
807.438	524.009
567.385	921.859
1157.7	1305.11
1344.98	810.238
965.954	1037.12
263.892	1106.06
1061.91	495.532
51.0061	890.198
1464.38	1425.28
766.785	771.784
1126.4	761.753
1178.78	946.564
65.466	1226.41
1142.84	1436.59
826.536	360.746
816.321	770.119
846.999	909.635
1198.71	56.3073
1030.24	529.124
286.016	424.085
646.708	727.559
574.232	40.0134
1066.52	870.121
587.65	1286.97
1419.27	1261.35
639.824	909.934
98.1481	685.292
835.999	458.639
1059.7	410.608
1228.54	788.117
1066.24	481.692
1283.91	1458.52
1271.49	386.948
602.612	374.621
969.465	647.444
647.271	1274.9
565.071	1286.76
317.451	1264.54
1322.46	114.411
41.3145	652.016
710.546	1056.08
569.584	48.8676
1018.79	339.925
1318.13	1301.8
440.293	997.439
1265.92	1219.58
899.544	479.211
267.054	444.343
80.1081	1134.37
1391.34	839.167
1052.66	1421.24
96.6748	895.547
140.772	901.159
460.929	386.095
781.868	880.858
915.756	1391.06
1130.3	1390.9
44.39	1276.5
1205.36	361.883
287.385	798.479
244.601	1411.87
1360.07	286.164
30.6774	555.17
965.417	685.582
667.213	421.686
863.657	114.45
155.878	1111.48
1068.53	1079.76
588.473	1448
1314.56	925.738
1280.71	174.781
789.978	777.54
365.005	1331.39
645.664	605.777
88.606	150.6
958.098	939.536
1300.65	1037.22
975.642	1193.18
501.012	231.027
844.738	400.43
866.358	598.83
1327.39	835.643
312.648	303.277
36.4191	576.827
89.2921	274.826
741.419	269.697
1005.38	752.541
114.649	1155.94
824.759	1431.48
758.333	688.83
128.222	428.01
60.863	559.945
504.028	125.488
216.526	733.281
1048.55	1430.36
564.722	36.9196
1445.69	231.735
560.74	815.793
794.131	296.971
1390.89	34.5853
1118.72	249.909
1225.17	1022.21
