Saved a vector of rrt <nodes> points.
X	Y
475	475
473.603	465.098
466.352	458.212
459.189	451.234
451.352	445.023
450.747	435.041
450.154	425.058
460.679	433.874
450.201	415.059
450.684	405.07
450.691	395.07
442.369	389.525
434.408	383.474
425.727	378.509
415.989	376.238
411.293	367.409
401.586	369.811
393.28	364.241
413.048	357.564
390.495	354.637
382.925	348.103
377.866	339.477
368.961	334.928
359.816	330.882
350.36	327.627
431.834	378.651
456.726	387.097
377.289	356.363
386.969	347.286
408.697	364.311
352.308	317.819
384.203	331.741
356.032	308.538
352.845	299.06
351.063	289.22
344.015	282.125
335.755	276.49
372.137	364.934
336.261	266.502
325.757	276.724
366.535	373.217
344.721	261.171
331.099	257.938
422.278	353.718
315.918	278.508
323.108	251.925
356.652	374.741
354.132	257.791
306.978	282.989
347.311	378.311
297.179	284.983
363.985	256.082
288.445	289.853
280.311	284.035
282.14	287.687
271.068	287.852
265.012	279.895
256.601	274.486
264.339	295.249
252.7	265.278
245.463	258.377
367.465	246.707
256.33	301.237
373.255	238.553
238.232	251.469
382.942	236.069
338.001	381.96
385.024	226.288
460.216	377.725
334.358	391.273
390.957	242.049
387.233	216.536
391.209	207.36
389.26	197.552
395.3	189.582
387.447	183.39
402.571	182.716
292.196	299.123
295.546	283.582
381.081	175.679
324.745	394.028
412.069	185.845
371.226	173.983
366.491	165.175
358.093	159.746
357.134	149.792
363.541	142.115
357.273	134.323
228.308	252.696
390.169	171.507
365.59	305.598
361.46	125.242
225.487	262.29
353.111	119.737
291.394	309.091
315.603	398.082
288.152	318.551
376.932	365.158
368.34	117.984
357.756	137.324
374.653	119.78
258.833	257.379
305.607	397.81
420	191.935
387.289	178.573
217.117	267.761
207.152	268.605
296.239	401.308
471.961	484.527
297.483	322.146
442.601	397.568
201.568	260.31
393.595	251.695
384.595	118.712
286.522	403.671
192.133	256.997
279.715	410.997
394.112	330.401
283.179	420.378
185.068	249.919
201.251	276.678
341.218	398.549
252.429	310.444
321.833	385.793
181.476	240.587
397.484	164.689
207.477	284.504
199.88	291.007
172.043	243.907
193.849	298.984
184.186	301.558
385.571	357.668
165.157	236.656
183.148	311.504
174.219	300.749
204.594	255.762
463.762	490.252
252.853	320.435
351.303	109.902
160.185	227.98
428.23	197.616
164.547	303.291
160.73	312.534
355.737	100.939
389.092	109.78
156.928	218.525
349.379	93.2199
151.777	209.954
362.317	178.525
401.832	257.364
385.518	122.139
155.49	321.051
367.113	244.248
398.8	107.379
150.878	199.994
379.607	354.988
142.647	194.314
417.923	177.737
350.196	280.059
451.966	437.441
274.406	425.176
376.803	327.387
187.433	320.539
146.402	185.046
273.494	435.134
364.051	343.639
132.689	193.405
124.282	187.99
122.242	178.2
347.294	151.574
119.635	168.546
471.047	497.102
109.921	170.922
341.865	86.6214
154.576	331.009
266.391	442.173
102.767	163.935
128.214	170.815
150.659	231.02
104.423	154.073
154.174	178.753
259.49	315.8
460.163	414.188
469.696	411.169
332.896	82.1992
291.101	426.481
323.872	86.5083
314.027	88.2636
368.479	149.977
307.641	86.4822
152.994	340.883
93.032	166.223
161.894	345.445
479.448	413.382
86.2166	158.905
353.082	295.601
143.709	189.453
411.259	260.7
354.824	374.359
82.6997	149.544
158.642	341.37
330.959	72.3886
400.105	374.809
253.234	328.954
73.705	145.174
91.8995	176.159
270.154	408.067
332.433	62.4979
255.197	320.587
337.53	153.736
223.555	275.413
82.3747	179.205
292.547	392.015
338.173	91.4925
299.334	92.0492
418.245	267.855
355.084	85.0071
421.138	277.428
260.165	408.528
350.644	295.582
157.897	354.611
151.977	362.671
144.915	369.751
162.759	211.098
70.4579	135.716
139.597	378.219
163.473	175.076
338.517	54.5619
416.521	286.298
361.483	188.491
135.952	387.531
125.962	387.989
261.12	450.671
138.851	397.102
327.637	155.194
427.611	264.349
388.439	260.263
368.73	296.104
119.979	396.002
269.948	455.368
327.549	60.9628
395.706	214.579
157.183	296.526
425.626	290.433
61.6335	131.012
292.257	99.1138
284.564	92.7251
76.9547	187.609
424.14	169.905
435.602	291.121
453.882	491.8
111.901	390.108
355.497	271.58
251.378	452.929
317.86	157.292
51.6456	131.503
441.655	299.081
316.002	98.0666
60.7709	121.049
70.6783	195.394
136.705	364.042
44.7064	124.303
481.094	458.473
379.331	189.231
251.555	413.615
75.2065	204.31
272.03	400.988
396.233	154.768
106.63	381.61
264.698	283.596
61.8913	200.168
43.4253	114.385
363.735	79.9901
426.394	294.732
433.108	392.408
69.257	115.759
375.765	143.127
249.898	462.819
354.797	347.431
350.506	248.471
171.613	169.267
341.535	268.99
159.619	180.322
129.321	357.298
279.981	83.8369
131.623	161.414
73.6534	214.189
469.518	374.055
77.2565	223.517
270.46	80.7795
262.55	332.588
98.0021	386.666
285.341	385.081
132.326	151.439
40.0381	104.976
276.667	380.104
371.645	73.8717
92.1965	394.809
436.847	192.541
69.2179	229.465
384.228	345.192
407.304	189.228
240.076	464.695
59.7274	232.616
446.687	194.322
321.674	52.8708
428.456	160.884
239.222	473.013
409.864	181.031
263.277	403.03
37.0711	130.76
170.925	349.739
355.47	195.645
107.522	387.907
458.507	457.984
120.187	353.227
400.329	384.806
71.0643	180.035
416.33	288.064
262.925	74.2044
298.855	432.795
253.798	70.1193
432.133	292.871
177.397	357.362
179.061	367.222
481.849	486.019
436.462	369.787
160.698	332.182
77.3162	109.839
269.094	66.334
423.123	162.658
398.976	336.884
297.085	436.205
83.36	101.872
476.661	380.788
261.78	279.897
311.729	53.9173
83.3821	390.086
399.382	321.902
261.468	247.733
75.7771	237.013
390.344	270.08
255.987	260.715
437.459	156.532
37.7153	117.935
266.509	239.096
278.145	443.987
243.186	482.193
33.0062	97.8663
266.879	229.103
344.811	62.1997
54.1945	240.946
147.347	294.723
277.16	462.295
315.834	167.085
391.78	389.995
370.216	145.722
137.78	297.634
29.9794	88.3354
244.66	74.1813
91.1381	155.462
73.4929	388.601
63.8576	385.925
197.925	293.306
234.918	76.4405
270.577	56.4446
371.403	121.97
157.434	189.605
337.758	45.0745
375.614	64.6932
286.35	466.238
448.645	483.281
190.486	264.776
321.674	285.587
79.9442	99.2578
85.7691	237.415
93.4648	243.8
91.9742	96.793
355.149	80.3927
89.8851	404.538
311.35	43.9244
391.356	373.165
226.039	71.8412
447.38	155.279
192.063	329.403
25.3801	79.4558
170.531	292.754
53.1527	205.029
127.812	296.833
93.1708	413.983
181.461	171.008
295.176	470.94
149.141	381.205
48.6094	249.241
85.2421	420.076
74.5481	118.949
48.9333	140.206
93.2675	150.882
44.2476	258.24
390.67	202.378
373.053	287.087
255.436	396.823
186.893	162.612
457.234	153.578
167.262	160.264
45.4873	118.555
66.2318	376.211
421.259	177.458
99.4158	251.837
276.252	241.349
133.752	358.632
267.425	412.53
413.354	160.522
384.857	60.878
308.142	292.921
97.7163	88.6059
189.249	177.28
433.056	255.962
421.641	377.13
24.1218	79.8364
389.59	52.0687
250.671	411.438
33.978	74.3495
197.059	317.828
306.829	171.433
283.01	372.373
89.7717	160.08
376.135	116.741
470.476	364.101
465.85	391.189
456.559	195.918
356.66	133.661
36.8472	64.77
465.68	200.017
36.0436	54.8023
187.668	263.895
310.525	33.9585
253.574	423.409
191.69	186.977
294.845	393.404
353.924	180.801
40.2418	243.765
265.562	47.7933
98.5214	422.431
39.4755	45.4096
151.06	366.23
279.98	59.8472
20.0204	79.3931
32.0862	84.2153
271.751	250.28
377.016	179.266
250.108	476.586
450.369	294.175
231.756	63.6365
10.7503	75.6427
245.689	394.588
216.043	71.5569
206.289	69.351
258.047	224.413
393.912	338.311
197.771	74.5895
200.688	84.1547
30.631	246.528
345.773	198.088
229.65	475.909
282.725	233.728
311.994	399.977
75.3214	421.334
207.406	59.4135
38.8437	266.654
23.2863	245.06
222.856	468.571
389.706	42.0694
133.546	189.486
76.0701	212.134
253.608	455.262
15.7306	251.611
312.685	396.875
232.435	469.503
472.894	406.614
270.047	51.1628
100.17	373.977
310	90.6447
54.7767	390.113
11.9536	65.7154
291.354	480.181
49.4183	44.3413
52.3638	390.281
196.516	159.891
466.627	354.871
292.036	109.111
185.868	231.603
292.822	119.08
190.04	68.2465
73.4746	106.582
210.412	49.8762
235.795	396.041
299.953	384.808
373.551	135.095
65.2883	366.256
431.201	255.721
43.5365	202.285
284.076	123.929
188.069	58.4427
63.0475	356.51
202.908	54.6509
182.812	49.9366
341.045	163.098
398.921	38.1843
137.036	293.316
236.676	86.2849
257.448	327.211
304.701	473.984
107.63	87.2922
291.56	488.394
209.152	63.0677
322.695	285.509
311.215	23.9824
329.096	40.077
186.973	373.338
320.583	20.4835
345.125	38.3122
208.323	40.097
361.792	133.291
90.6567	108.71
41.0235	88.7015
381.138	292.972
191.768	246.118
83.4104	235.034
461.178	354.463
398.771	148.993
191.721	88.5821
278.433	257.72
47.8164	399.187
304.173	161.793
10.2083	58.8951
49.5721	34.3424
459.146	143.763
407.937	33.8586
381.796	389.437
390.054	251.857
67.4883	427.55
52.3282	264.131
243.605	93.4946
416.008	39.7622
191.247	325.238
132.054	284.645
438.648	483.042
215.407	64.5578
35.5174	276.084
433.203	188.45
383.346	241.443
285.585	76.4882
381.988	349.195
314.588	472.484
42.5954	27.1783
212.857	468.661
255.605	484.94
12.0337	51.0843
61.7486	363.293
289.075	364.423
50.7742	90.9203
83.7155	200.22
439.662	281.982
75.0301	424.566
238.154	55.9513
84.6124	230.153
425.841	379.598
474.543	195.387
300.034	374.808
32.291	285.55
45.426	144.47
425.893	38.2461
372.755	392.219
105.086	77.6211
168.327	253.191
263.909	490.512
17.063	88.9458
64.1475	436.976
292.835	82.6184
365.891	358.277
294.855	165.421
131.786	395.866
43.2675	386.126
408.071	38.6484
211.738	288.359
285.01	163.665
373.691	78.4318
417.794	151.562
351.098	397.009
184.968	60.6835
235.408	99.1682
430.662	477.024
281.889	274.16
315.074	33.6526
474.142	348.274
33.8572	382.743
117.813	296.958
483.844	191.714
57.6332	443.811
181.129	222.797
462.552	203.032
268.607	499.34
262.021	256.739
305.315	151.858
377.455	120.611
431.611	30.0423
453.034	302.382
97.1415	432.335
355.382	396.012
332.387	90.0344
23.4	235.061
29.7409	137.563
52.136	452.164
298.9	384.917
162.497	151.472
159.938	286.913
134.228	276.461
174.971	60.4547
109.266	171.649
322.522	375.817
29.6248	295.188
30.8723	254.05
394.26	275.03
93.0169	252.322
53.2895	354.323
38.7751	279.774
432.472	45.7765
152.189	315.838
250.09	338.447
378.568	245.868
163.807	180.506
29.3758	294.005
90.1723	249.349
193.222	57.4647
198.247	331.962
458.926	385.772
321.949	295.583
454.505	134.905
175.485	255.648
21.952	86.4757
270.766	410.334
224.171	458.658
79.8871	96.4331
42.474	407.64
163.279	250.454
44.4446	458.555
160.199	366.367
258.263	495.839
437.194	54.5916
137.442	397.488
395.523	28.7794
289.718	363.112
102.449	86.7523
124.609	273.728
275.015	163.338
342.068	382.639
374.993	401.965
431.645	386.883
275.522	153.351
214.929	267.47
460.033	186.541
260.551	39.1389
206.169	162.499
97.1259	442.335
281.132	357.985
397.135	264.567
283.912	293.932
50.4699	442.664
282.938	146.642
108.521	68.2296
100.353	62.4598
456.981	345.386
19.7494	137.974
446.185	50.2147
350.83	46.5249
179.768	222.769
265.564	297.86
387.281	214.791
36.1794	464.184
181.81	89.9086
87.0768	165.783
140.85	153.197
316.158	13.651
453.889	43.8386
201.684	187.347
146.136	383.994
281.357	297.77
258.461	387.292
425.626	384.259
59.5591	34.8528
358.84	40.5378
458.292	288.073
270.58	232.368
23.9008	381.81
455.04	436.326
81.5046	387.086
216.915	34.9813
285.054	432.176
314.797	59.8728
265.667	151.656
430.722	20.0818
458.219	368.62
114.058	169.748
30.0469	88.0778
48.5315	281.967
28.8819	73.2989
33.647	200.803
322.381	174.644
445.464	153.129
78.0243	181.929
288.938	64.2933
225.616	39.91
329.848	387.819
69.0211	31.617
459.797	309.747
420.912	479.244
267.711	375.657
154.859	240.095
49.9286	128.092
440.428	360.921
122.823	297.485
248.008	256.161
452.858	179.575
208.206	44.043
139.831	268.178
205.865	461.511
437.981	272.125
409.45	294.186
356.575	259.237
178.169	99.2223
412.987	485.344
339.397	392.776
199.829	453.539
457.705	428.853
440.365	17.4315
51.1694	465.956
431.804	63.0149
464.754	418.021
156.974	143.136
181.867	212.824
272.161	390.988
403.847	354.547
49.3617	19.8152
197.492	76.5939
397.258	155.602
196.629	375.939
319.882	396.269
481.375	374.562
323.92	468.89
166.558	294.771
26.781	460.768
435.108	492.395
65.3987	346.79
215.667	25.0595
307.646	52.5436
462.285	38.4076
258.494	322.598
284	223.809
297.876	307.985
46.834	65.2838
19.9683	372.616
155.398	389.006
9.89823	41.315
437.641	392.565
399.167	54.947
388.025	22.1624
114.508	60.2197
211.553	185.735
391.683	61.2356
348.741	165.248
45.2302	291.407
70.7917	338.369
469.36	45.4751
427.807	261.347
227.589	459.873
170.518	105.662
489.399	368.593
461.99	128.273
318.805	88.7029
156.474	355.749
279.592	473.609
464.819	280.497
330.52	61.011
166.762	66.165
279.765	214.75
178.698	111.415
275.837	43.0093
232.607	477.149
180.177	267.426
68.3971	21.6365
368.213	107.985
57.9434	49.5683
69.5591	440.447
94.1004	155.141
84.1833	430.02
92.0686	110.5
58.0602	339.997
302.478	289.691
211.379	33.5048
110.505	377.592
123.03	353.448
298.095	315.947
86.016	213.173
206.458	374.096
417.968	469.687
252.057	292.554
464.801	41.7176
131.747	262.292
320.496	66.6027
470.586	204.658
262.474	296.575
148.542	159.586
296.508	497.084
44.671	445.604
179.856	40.3832
401.962	387.094
43.5676	417.58
53.5847	296.091
51.2082	417.469
490.217	199.42
471.885	287.574
268.479	323.145
217.931	193.436
61.3865	177.517
187.835	43.0372
31.7387	304.962
257.221	321.057
261.612	367.732
28.5492	376.471
280.642	150.852
161.209	397.144
55.2075	197.446
333.973	266.975
271.276	430.995
472.235	35.0289
421.33	196.44
170.437	37.0244
291.023	467.077
419.522	475.39
446.529	390.649
122.814	65.7885
199.388	95.0025
247.181	51.6479
114.677	274.891
137.385	263.832
453.365	369.996
460.186	421.315
274.291	125.989
162.302	407.084
240.354	255.861
169.929	218.069
377.518	411.641
214.766	157.391
382.082	229.39
484.447	422.043
281.412	150.037
181.739	207.284
459.255	277.181
72.2026	227.838
35.634	441.322
149.542	270.565
456.713	119.778
29.9959	468.977
455.594	169.956
263.46	284.239
199.184	261.466
467.474	448.596
421.68	372.761
472.171	25.0291
85.1917	255.583
70.0445	16.1891
63.5332	13.9226
32.7475	28.9161
197.549	467.064
100.514	177.826
101.74	52.5565
190.402	450.203
96.2551	141.339
332.597	473.859
462.519	39.4234
172.012	41.0071
355.005	349.303
420.321	40.0053
474.552	213.838
34.6215	388.592
442.464	43.7606
320.013	184.359
327.118	98.5332
163.212	417.043
357.089	32.4595
479.849	293.622
257.661	453.607
384.644	190.639
486.378	182.04
242.11	292.121
285.615	266.965
455.784	188.121
190.766	88.7075
66.935	152.534
78.3622	140.76
188.712	266.83
103.328	56.3312
270.751	220.494
437.506	46.868
65.9351	55.4702
190.876	328.725
96.933	81.508
170.126	75.5819
481.91	195.911
16.9133	388.964
217.65	296.424
293.717	221.447
449.279	12.9003
461.531	450.032
287.682	99.0422
364.989	281.174
265.781	167.176
212.358	298.729
75.4577	184.614
484.377	284.706
159.484	133.456
177.583	213.054
56.2858	353.619
398.761	57.9269
484.949	460.256
69.7891	369.029
21.7549	452.123
18.764	244.915
391.852	372.23
415.19	460.081
483.003	458.14
465.566	218.225
456.732	109.778
364.793	342.645
165.618	341.731
161.476	426.891
131.316	387.261
17.1477	147.63
302.343	150.305
258.646	29.3221
266.788	129.971
476.697	52.2704
189.161	194.992
244.044	43.3845
408.317	60.8737
451.932	362.266
258.923	492.134
465.424	218.027
299.662	126.376
115.761	277.803
222.281	184.432
271.343	450.671
10.7125	395.601
326.386	30.5423
63.5031	447.409
465.755	179.157
236.817	386.093
79.0306	332.702
168.646	167.237
163.905	231.687
169.842	186.548
64.6365	205.792
58.1985	157.4
258.136	274.858
428.292	258.379
351.714	184.934
73.368	324.46
155.139	173.907
402.989	485.194
49.2382	201.855
164.206	401.242
354.92	95.153
442.335	184.182
78.1392	98.5177
116.723	50.468
112.254	297.09
184.779	119.354
117.258	391.886
164.209	29.2003
3.64493	51.2309
147.236	175.458
250.701	383.84
161.253	405.753
482.117	23.9908
366.848	42.8317
470.605	123.195
235.981	376.128
415.759	253.115
128.373	153.053
293.119	260.355
82.1961	319.762
370.57	418.833
235.232	259.448
119.432	376.761
472.84	417.631
57.3488	118.468
27.4887	314.014
292.38	236.331
331.637	298.06
324.838	26.1306
271.014	223.43
82.3414	109.798
423.977	56.7914
465.412	18.5206
361.371	23.423
255.843	485.147
27.1351	476.877
86.3196	209.549
157.756	21.5614
329.289	483.296
37.9557	404.855
164.456	356.733
62.9146	20.7522
376.817	426.642
17.8166	316.553
81.2738	324.976
194.08	150.192
13.953	402.055
413.505	450.224
52.0037	305.966
305.14	88.2562
16.9472	37.2856
473.77	61.8325
167.951	319.451
323.588	392.712
61.3683	114.07
225.95	397.795
343.451	369.985
465.326	67.1897
29.8516	440.97
318.879	94.0459
87.7685	77.5064
247.53	454.086
181.579	128.828
353.332	369.019
258.555	124.294
447.324	288.015
80.5472	338.172
318.419	368.691
63.2906	350.863
164.312	173.477
25.2197	153.533
61.1941	49.2176
366.558	21.9473
208.895	255.312
489.137	297.328
405.134	494.961
158.844	256.58
384.877	381.111
164.283	124.682
92.1564	318.871
452.677	195.777
128.748	73.8374
42.2846	281.307
228.357	486.201
34.0314	368.677
19.3913	293.448
283.409	256.103
31.4539	57.8735
247.912	37.6788
455.58	219.788
430.534	72.9339
80.8438	313.718
303.923	83.6424
49.2272	196.334
150.808	128.483
457.43	17.3204
483.293	448.144
324.319	181.67
282.541	103.924
45.9212	271.672
456.746	498.331
152.552	431.404
162.388	194.786
435.688	483.263
280.926	286.018
408.768	394.42
154.792	222.617
228.506	470.021
257.003	214.468
223.276	18.5716
232.525	371.032
16.3156	128.582
442.253	164.44
464.499	58.9173
11.2404	29.0739
38.4884	444.236
27.6853	54.1702
356.784	72.7155
260.56	425.507
449.109	6.37319
192.057	311.088
23.9768	322.899
34.0957	158.139
480.051	38.0406
68.1926	362.855
56.6758	353.972
416.838	397.937
259.309	33.3088
203.788	462.449
149.12	26.6034
180.995	446.811
279.964	272.952
458.579	29.1197
491.997	460.985
174.897	454.737
389.848	279.639
259.095	380.531
50.7486	228.214
285.555	382.573
452.71	299.324
484.272	387.274
258.145	325.254
287.003	249.436
66.4308	416.756
109.272	282.974
470.167	352.996
452.079	210.421
269.467	44.6287
447.118	384.595
224.169	44.1321
284.298	84.8079
490.099	172.758
75.1977	305.464
346.899	33.6487
399.693	223.75
25.7916	26.6802
169.715	55.0205
364.885	233.081
92.1124	308.872
21.5934	162.852
465.337	104.683
350.504	343.262
206.946	20.1656
153.733	179.198
165.993	459.289
159.805	56.3619
57.5406	382.557
34.121	484.032
22.2164	374.044
259.191	26.4472
222.113	465.805
79.654	236.515
197.64	384.216
397.872	97.422
46.4879	194.53
57.9723	431.762
364.427	72.1143
68.2635	126.117
273.434	34.168
94.9746	217.616
382.434	339.74
417.424	165.974
467.639	228.008
438.816	499.017
142.538	27.2147
217.211	20.1895
306.895	472.047
390.983	32.6359
13.4077	365.069
260.142	463.294
366.13	197.345
273.157	401.43
123.024	49.6487
162.225	77.2903
334.614	469.721
234.326	256.654
187.358	59.1597
451.422	387.154
214.287	181.062
266.154	145.042
341.463	478.485
23.768	58.9187
221.514	490.107
43.0097	437.149
437.429	46.527
5.724	61.283
378.63	142.61
182.484	175.569
225.079	289.73
71.3587	170.039
262.1	272.603
380.168	56.5369
161.191	468.06
426.105	170.509
175.983	239.816
421.971	288.875
211.754	492.285
173.898	403.705
475.685	489.215
33.1634	493.986
400.509	368.492
151.443	257.019
442.228	251.977
428.58	166.967
112.071	76.1961
171.28	38.6741
318.588	386.42
194.612	121.173
299.051	86.7755
460.134	467.851
256.171	144.461
31.3527	279.74
456.707	306.377
430.672	181.854
62.6371	231.129
465.2	233.258
124.345	52.2917
421.335	151.41
193.641	189.274
273.348	294.857
391.665	275.834
399.669	103.046
377.837	436.59
368.761	12.1928
78.1323	109.409
472.614	74.0366
270.066	176.211
331.759	395.77
9.1122	383.08
487.915	431.422
174.757	85.8344
302.698	464.945
448.979	461.019
153.522	349.069
385.139	380.648
277.848	182.492
200.913	42.4501
435.315	81.7172
360.589	418.219
217.643	480.887
280.894	172.058
477.552	229.321
16.5976	378.076
210.839	290.935
173.147	418.173
381.14	36.9109
40.9739	454.422
443.963	392.473
342.818	464.003
223.558	463.485
328.528	30.3041
470.506	119.561
63.8383	429.896
262.596	167.794
43.8867	350.919
152.025	464.061
50.4609	355.374
108.467	288.28
236.432	77.2186
483.961	177.372
161.167	225.892
14.6099	310.283
359.495	81.8663
121.462	371.774
42.2502	421.561
183.77	300.63
208.468	365.749
366.207	149.001
31.0306	81.4274
386.376	153.085
343.882	257.289
27.4741	192.936
467.446	365.776
161.787	266.137
256.6	114.487
56.8928	172.025
370.207	101.331
297.427	356.743
296.199	211.76
3.46908	375.431
16.899	283.763
60.7096	110.184
295.727	166.512
204.034	10.599
36.1104	119.141
207.083	59.346
291.476	357.261
466.241	287.214
121.079	39.8398
152.344	339.732
261.973	335.907
14.6852	355.151
354.639	419.171
397.691	69.2292
377.914	372.122
31.8436	302.289
195.245	43.231
188.437	471.184
408.944	471.165
471.146	232.2
85.6353	307.668
163.385	421.669
383.386	444.909
57.8414	335.503
19.1072	233.968
96.6037	53.3242
159.239	18.0595
367.538	325.373
23.1846	494.637
453.341	293.614
112.076	90.5209
66.5681	336.69
329.505	493.293
13.006	325.32
470.225	430.896
256.808	405.641
346.475	354.522
32.4388	360.564
493.791	418.482
457.381	161.143
38.8053	398.392
353.839	301.814
323.111	458.922
288.679	154.355
369.566	123.218
331.431	177.881
320.224	160.541
70.7869	223.401
323.936	47.3349
467.469	363.663
333.538	368.664
12.6724	447.939
115.327	43.9371
351.42	477.557
382.707	283.576
233.275	18.419
256.188	300.95
349.508	371.618
160.011	394.152
399.195	169.283
335.291	83.5808
115.742	32.9632
260.427	16.5239
10.1357	19.1351
186.403	127.247
300.5	494.917
442.807	478.221
39.6381	23.8566
142.038	463.565
152.743	376.41
205.53	190.826
318.133	450.249
304.239	88.7819
126.359	271.482
322.18	291.503
274.399	92.134
441.948	277.432
41.7363	86.2244
152.952	194.705
493.576	432.718
177.72	427.066
352.849	355.613
51.3973	142.216
466.017	81.2041
360.332	166.404
313.504	471.581
221.199	480.452
467.953	475.991
238.96	42.9878
74.6928	56.7337
54.4194	176.702
122.042	168.505
7.28158	348.429
468.897	67.5605
59.1851	11.977
498.597	174.316
44.7537	440.16
30.485	262.374
26.1937	117.853
87.7089	334.092
199.133	444.085
426.95	174.978
291.343	378.149
11.0697	347.008
195.827	230.695
114.283	187.796
146.975	171.161
120.695	384.851
113.98	50.0053
26.8163	156.516
239.46	363.827
5.76635	252.456
173.434	41.4069
471.816	216.157
277.41	205.032
296.811	118.785
255.413	461.559
453.667	222.535
285.599	94.8769
30.7235	442.024
121.392	94.1564
244.875	397.929
430.077	261.695
133.07	467.99
291.848	330.407
150.58	473.956
111.573	185.851
21.0157	98.1314
462.97	142.91
363.092	128.04
314.154	78.2644
404.669	62.675
117.673	65.6091
202.354	495.696
201.756	11.1874
231.837	385.272
460.617	319.714
388.335	260.013
260.499	105.279
224.689	156.152
366.684	119.029
233.142	385.363
47.9837	315.122
59.5468	163.199
161.184	290.93
65.9563	199.046
485.224	480.342
230.236	150.513
72.1038	131.849
29.6883	400.957
386.389	254.98
298.717	475.245
416.891	195.246
380.271	180.312
343.111	461.696
293.93	60.9628
226.855	197.95
309.961	367.598
458.871	75.9412
348.451	61.6555
172.117	211.142
359.376	203.467
330.676	499.069
163.524	18.8247
182.097	197.027
177.052	285.172
390.982	192.892
410.828	384.373
287.685	441.619
115.145	197.759
14.8336	261.203
154.329	258.077
486.607	50.9361
145.961	17.1155
207.058	61.4473
21.1927	493.783
277.643	434.349
446.438	278.346
361.85	190.876
76.4832	8.5378
378.133	65.9221
362.894	69.3449
283.345	157.451
318.929	466.709
460.037	166.673
320.794	44.3429
95.0516	112.31
15.0784	224.815
372.241	34.1813
138.921	171.272
167.098	9.48507
322.536	366.92
451.731	336.875
467.357	327.102
270.67	160.856
98.7073	403.939
199.271	341.909
369.918	131.661
337.33	183.823
371.267	431.798
307.635	8.41957
99.1813	324.26
130.132	477.549
354.636	255.96
195.797	234.917
485.207	222.886
434.658	73.0072
381.595	444.465
485.272	488.714
170.463	445.789
267.14	488.046
88.9743	340.497
438.364	74.2147
130.664	385.881
468.122	190.214
451.354	277.24
206.425	454.665
250.23	252.492
284.372	458.379
136.955	152.064
408.168	287.632
138.815	185.694
433.665	286.704
261.765	287.03
401.567	162.464
144.174	250.151
172.774	9.53182
494.131	372.017
375.843	69.1648
472.656	276.9
112.531	374.46
332.679	472.064
53.2109	106.982
390.598	100.047
66.0174	351.783
18.4797	188.565
203.218	30.0461
127.622	56.6868
311.475	159.749
386.581	301.361
351.259	262.718
332.956	160.294
120.604	474.511
5.1128	223.986
79.4794	18.0305
45.1861	17.2739
484.76	164.303
40.2997	57.3035
275.374	67.272
337.91	250.441
73.6008	296.424
483.429	14.0773
387.674	90.6648
434.403	280.47
426.452	193.5
57.3578	127.365
463.93	226.905
373.32	414.082
156.004	13.6229
323.936	484.217
64.2516	293.451
78.6473	99.1287
185.906	130.15
455.077	367.499
301.385	479.85
261.06	44.1148
76.2077	3.41019
115.819	483.292
391.54	177.604
92.6382	451.272
493.745	385.141
83.2525	293.807
283.029	54.892
66.1256	300.53
8.69953	122.102
480.976	388.379
64.7333	323.853
59.5748	397.256
74.9621	328.99
164.882	170.435
183.807	405.051
60.4073	360.654
309.04	95.0265
256.839	34.8325
250.988	481.302
345.061	262.15
416.236	190.854
174.543	99.9662
131.996	150.277
50.0569	432.78
284.019	431.914
292.523	450.371
148.214	399.017
230.777	488.137
461.563	355.878
66.8018	353.806
66.9177	445.781
218.526	59.668
246.634	45.7086
427.64	88.1275
384.33	209.56
183.968	49.3154
172.089	148.643
334.168	293.832
499.674	201.995
469.141	467.599
450.046	210.639
352.678	297.977
450.431	36.2369
275.224	119.347
264.919	256.731
347.751	187.026
22.878	30.2582
280.753	132.818
56.5692	474.373
198.97	17.8895
300.991	254.187
492.65	15.1906
172.328	145.027
338.716	29.4701
391.861	439.601
369.12	264.662
8.85852	214.714
482.046	342.148
4.19691	11.0896
107.616	165.712
374.798	242.798
391.998	103.385
176.124	451.777
188.994	296.861
353.956	211.871
390.702	329.965
335.81	479.637
302.266	286.302
209.217	96.8415
95.6538	347.582
290.639	420.379
77.6722	125.677
246.578	385.261
458.26	487.738
385.373	292.964
60.3064	270.16
387.374	332.805
54.1822	465.919
191.846	212.172
262.021	66.8543
182.848	378.52
378.575	305.299
482.325	347.158
355.372	15.4225
282.863	216.978
18.6602	226.788
206.693	55.5402
303.289	180.786
162.127	232.905
139.381	188.909
395.242	124.471
461.534	179.767
298.15	252.794
114.493	54.5275
229.717	85.9893
68.2464	324.143
354.02	318.885
203.246	390.315
279.997	226.086
26.1895	363.335
371.971	321.03
422.643	473.89
425.245	30.8799
400.655	398.975
131.381	93.6803
374.164	4.85481
63.6597	379.994
199.068	376.535
71.5535	149.531
326.65	452.965
462.757	56.289
353.273	487.384
286.936	223.633
253.377	455.326
43.7713	439.251
481.217	431.458
124.937	385.7
451.161	101.474
258.713	363.867
321.38	398.116
467.77	8.80246
420.694	387.144
408.131	158.167
272.673	239.923
38.5842	431.374
45.7738	451.941
68.4389	333.054
370.734	185.454
276.744	360.401
357.45	21.8945
73.4912	105.384
192.509	294.512
352.942	463.528
35.0929	280.16
48.7175	471.035
225.795	60.5362
183.89	101.079
380.866	294.469
34.4928	393.645
136.077	455.536
335.773	198.061
471.027	170.66
89.9441	401.525
429.631	258.458
184.119	326.276
358.401	169.889
231.647	31.9332
493.796	442.185
344.993	43.6033
259.13	464.617
243.738	50.607
410.177	66.0369
328.321	499.15
312.931	63.6611
398.252	492.246
309.843	172.387
330.426	38.1986
481.984	467.117
199.822	256.442
358.033	314.484
390.111	130.654
492.418	215.958
318.952	15.3463
273.084	445.565
306.627	94.3288
130.033	195.705
482.889	466.729
164.699	30.8569
146.212	475.731
188.748	47.1516
231.295	358.054
207.663	481.514
312.902	23.7603
210.557	44.848
7.52778	150.361
67.6347	401.397
220.547	251.596
63.6808	260.746
89.6228	429.287
375.755	338.199
269.511	75.7779
366.458	17.2957
39.8124	402.923
415.908	365.386
17.8369	158.734
192.957	287.972
259.295	324.727
327.062	162.388
182.609	474.398
341.191	474.42
189.04	16.7067
174.484	93.158
305.891	178.66
394.346	347.471
460.795	438.706
267.224	27.0638
365.689	145.908
288.833	300.969
458.481	145.486
59.2797	201.192
127.121	299.14
452.994	310.383
43.7823	212.282
151.863	53.8805
44.8415	306.861
380.501	40.7318
434.757	389.25
478.563	113.637
182.965	364.551
187.288	285.502
26.4858	235.482
128.555	296.291
481.239	363.387
13.2934	6.93582
389.572	27.9676
203.174	283.793
112.583	492.739
170.165	123.901
425.073	294.61
385.117	21.1365
486.819	204.768
455.863	416.328
454.085	396
289.829	121.575
297.726	346.747
478.575	129.235
418.919	295.41
161.614	1.86026
29.977	410.064
55.6594	244.863
140.633	294.738
162.315	179.757
258.805	262.172
31.926	131.018
178.791	435.095
304.952	478.086
177.122	394.239
310.391	284.535
489.203	280.174
25.8113	467.496
250.844	408.444
118.508	53.7014
15.8979	326.287
385.38	421.477
450.77	220.856
272.795	479.222
381.646	138.813
160.253	282.749
206.352	277.624
16.2685	160.087
348.039	8.62328
416.362	489.816
181.178	21.2199
87.116	23.9583
27.6427	114.848
493.271	306.433
246.315	379.617
297.586	362.413
169.645	207.179
121.511	31.2849
141.296	196.993
353.464	490.485
188.43	368.629
467.173	35.2538
363.778	350.476
390.236	257.406
356.655	86.1335
439.977	366.81
361.556	114.901
451.106	322.801
442.491	370.967
464.078	277.331
67.9516	8.30752
383.599	107.608
30.3015	492.293
491.143	220.907
217.918	280.143
77.739	154.927
402.077	88.3489
313.951	40.3842
335.144	389.047
367.842	360.526
7.78489	36.5124
457.393	96.2803
336.76	356.891
268.125	487.57
383.941	454.893
234.535	386.57
277.498	306.996
367.03	99.5901
478.245	82.3005
228.081	90.4921
97.0649	227.395
426.539	177.969
5.74878	377.625
25.0154	401.579
236.513	371.324
472.637	401.996
275.914	186.888
211.956	77.1362
222.261	353.764
204.133	269.306
68.6484	135.381
351.85	428.775
357.976	255.232
361.765	5.04676
261.606	274.995
66.5627	474.735
465.487	165.955
38.4401	312.956
167.453	93.0127
27.2836	95.3794
20.5791	253.215
11.0841	163.322
284.326	178.726
481.41	11.8262
109.218	60.7269
129.311	259.309
401.943	367.599
462.686	344.961
174.763	399.145
360.448	412.265
467.496	453.405
359.247	492
323.404	483.916
364.52	9.3455
269.815	402.996
399.834	178.34
53.1384	368.379
77.833	78.6403
153.277	459.42
170.217	317.326
42.1296	7.75247
263.434	416.64
39.0003	413.789
8.00764	1.87372
208.828	296.967
235.751	85.8887
309.513	453.151
469.546	269.669
451.887	140.744
378.945	233.445
3.99949	325.645
169.911	387.903
196.584	246.779
192.423	473.77
215.907	93.1999
424.106	455.554
258.464	392.951
301.346	24.6258
401.206	47.8766
274.348	381.994
353.709	240.597
91.3483	314.229
487.215	111.624
174.976	198.404
322.811	477.764
85.4538	340.687
480.79	163.37
497.828	363.829
347.548	264.378
464.681	14.9923
38.8959	16.4867
73.917	481.511
45.2441	324.66
314.225	382.325
399.442	367.732
359.624	80.9948
78.7868	397.013
396.662	359.345
333.76	287.531
257.436	131.704
28.6086	322.591
388.369	463.86
109.561	288.514
429.491	357.876
145.905	485.726
458.798	33.9979
284.776	187.097
262.799	124.495
422.482	45.7664
35.7319	246.515
35.6972	450.842
11.8641	443.098
160.259	186.801
149.209	272.005
136.871	90.5519
251.872	248.281
260.707	436.99
6.78077	169.353
197.294	75.4999
298.778	189.711
222.976	26.9779
15.6633	198.16
6.39141	177.144
352.036	273.87
8.12477	112.119
93.5511	246.48
474.711	287.277
100.716	294.599
452.968	174.338
475.108	471.114
494.918	379.597
90.3751	45.5009
353.118	282.825
472.576	355.824
102.313	383.353
404.794	464.836
266.797	344.666
371.809	166.51
489.569	467.419
52.7189	258.649
491.707	157.11
275.774	100.84
216.603	267.581
189.64	11.2978
379.576	170.595
46.9979	178.152
145.706	482.632
289.85	136.97
68.3523	390.957
100.363	155.201
276.158	329.551
92.5045	32.3823
13.0014	253.867
3.51317	2.4288
17.1096	165.159
65.7816	302.613
19.5367	483.378
1.48378	375.94
9.83652	56.601
379.342	121.196
453.698	496.956
60.4711	300.996
266.909	449.679
185.508	176.86
41.1864	136.597
125.07	59.0575
85.9709	130.284
477.488	497.38
10.5028	36.861
267.695	497.97
32.2691	276.392
360.635	257.336
230.886	164.001
409.882	92.1019
28.3134	69.9404
447.643	396.567
252.049	61.7436
31.1901	101.982
297.734	7.01863
78.7308	364.551
491.017	452.44
25.6628	353.408
266.298	108.309
439.335	463.478
172.492	457.123
468.948	391.76
238.423	9.85288
61.3107	259.05
85.9232	260.096
357.61	349.91
307.025	382.014
61.6559	57.8273
2.20685	400.859
123.348	253.275
350.719	140.905
396.787	124.879
477.141	44.0131
198.258	351.858
42.3592	273.41
175.611	258.969
472.551	320.487
60.8478	292.571
483.995	451.01
192.305	392.674
108.045	281.015
379.742	58.3115
233.575	191.366
369.527	338.857
230.851	280.868
38.8862	99.375
55.2234	128.244
122	34.8189
359.315	244.375
9.72036	395.024
79.9324	294.893
408.944	94.4987
458.733	455.218
390.594	346.684
99.7048	64.2701
345.766	169.061
366.032	376.552
84.936	2.7541
473.244	49.5229
328.044	166.885
392.198	495.935
488.046	200.655
19.1789	168.662
109.247	369.36
294.837	370.259
485.186	7.55019
56.4988	82.721
185.825	257.825
160.165	59.8112
10.7743	410.618
70.7321	349.571
318.712	15.453
221.927	289.513
398.118	393.494
471.03	185.467
482.692	480.052
314.996	177.231
476.187	179.598
357.905	306.45
255.566	55.0666
40.3826	294.82
94.2285	82.6108
166.808	124.815
175.103	127.076
163.704	348.518
312.757	97.0989
151.631	2.43075
349.719	97.6663
447.11	497.742
194.311	164.59
411.281	271.009
474.722	290.533
370.551	205.801
72.2972	491.379
365.818	74.7476
79.0601	477.756
7.58986	326.254
386.328	69.4907
290.371	270.103
421.181	85.1789
64.888	389.76
278.357	195.43
280.644	307.595
99.3715	316.179
374.727	115.29
463.448	120.464
336.299	281.149
63.6277	312.379
121.088	375.695
290.874	452.836
273.623	122.213
269.863	13.2112
34.1716	289.463
340.058	485.229
72.2946	129.206
254.593	407.721
469.699	56.2758
431.77	467.111
202.239	379.182
457.515	403.404
267.046	217.628
130.637	459.873
56.1677	38.3886
253.148	9.66701
264.595	46.5555
40.2486	27.671
458.497	281.15
5.01379	230.211
326.979	377.781
243.626	263.386
85.679	419.89
465.738	438.951
53.4971	263.751
44.8457	205.252
8.37807	268.84
37.9546	17.0414
276.715	377.101
430.537	471.607
300.606	291.761
1.35442	208.104
345.264	50.5404
398.342	110.292
260.662	179.61
397.517	207.576
73.9286	300.148
298.472	233.509
365.246	193.568
391.367	111.752
142.433	285.342
362.221	188.464
401.1	262.124
182.542	61.218
99.4548	458.588
487.942	440.544
364.078	126.964
371.266	129.308
18.384	102.403
296.503	203.003
6.31536	271.694
255.019	185.435
51.4466	59.5324
347.977	370.108
312.813	78.4457
253.222	213.357
9.87888	349.004
203.35	269.157
1.60856	41.3049
421.666	482.724
112.268	265.186
288.216	303.238
409.859	351.649
448.615	40.9504
89.9137	129.184
344.897	466.556
210.91	76.8747
120.452	21.3411
193.052	322.42
70.6154	453.424
464.655	226.077
286.781	46.0003
328.655	80.0938
41.1566	161.81
158.614	116.444
366.861	223.278
146.409	298.667
150.038	177.803
233.402	18.1743
51.6905	375.293
336.707	469.668
474.584	362.608
13.639	370.496
193.731	406.277
322.363	299.266
245.824	67.9357
396.046	242.961
345.156	266.758
125.093	181.846
127.255	199.895
376.776	370.858
266.984	316.167
494.582	307.627
285.885	230.7
224.737	80.0799
358.192	21.4438
264.295	53.4228
479.932	107.364
263.739	483.82
384.696	495.103
405.27	495.604
0.743288	401.426
315.927	167.124
315.332	480.577
307.032	94.2065
165.589	432.519
95.5782	231.871
121.151	193.515
71.7337	486.921
202.437	270.206
114.306	181.423
161.323	103.977
388.154	485.873
262.397	7.43686
285.441	438.009
342.266	56.4276
183.954	11.8068
460.658	298.693
356.581	329.261
104.71	258.149
196.66	43.755
97.6603	265.241
323.393	177.89
153.81	491.852
15.5948	304.257
377.663	362.011
391.534	245.392
212.451	461.881
304.136	26.4305
379.372	481.091
77.5198	336.057
83.3058	431.009
363.591	98.4727
54.887	271.849
272.359	188.791
383.07	216.512
286.563	307.675
55.6737	35.3774
256.679	0.391646
59.8232	288.768
36.7986	163.253
105.662	153.171
238.888	182.894
85.1074	294.138
271.47	404.181
274.583	219.323
471.288	242.199
324.605	287.617
446.16	25.4217
93.0831	141.453
389.832	47.8863
28.479	375.271
270.889	314.015
176.61	32.5517
453.285	147.171
346.949	62.6723
179.024	66.817
153.278	259.243
31.2965	356.03
382.051	356.898
140.197	13.9773
283.177	31.9162
426.639	34.0044
248.5	45.3939
283.076	107.563
18.7406	405.611
232.003	491.235
308.347	163.332
246.872	66.8474
119.399	297.286
235.195	22.2229
19.452	201.243
318.134	288.058
420.7	452.458
28.8126	279.342
98.3002	317.812
272.678	440.634
331.906	189.139
269.25	304.091
244.309	57.7282
259.139	395.38
408.898	468.741
93.3175	352.43
266.73	75.9759
114.827	87.9977
148.553	483.207
286.289	224.347
51.9057	352.756
291.96	21.1768
278.194	469.829
226.994	186.549
163.424	342.586
132.766	81.6385
200.322	188.756
156.763	167.977
340.627	467.515
193.375	481.932
86.1086	396.105
473.859	156.172
299.113	161.465
262.018	309.656
85.92	301.044
364.685	79.5526
334.481	398.338
385.098	380.188
476.268	9.66251
191.048	317.597
345.238	458.489
350.45	390.016
88.8681	162.905
434.07	264.001
479.897	247.287
239.853	56.1072
20.1338	223.831
263.003	358.167
372.716	187.674
430.71	480.805
169.565	232.811
395.547	163.055
70.3955	80.1903
128.502	362.452
161.911	272.318
133.08	275.708
364.773	483.666
495.181	56.0829
351.528	342.341
423.863	12.8056
299.673	125.656
305.972	498.675
74.6368	462.579
484.75	444.869
356.974	364.369
493.062	116.939
357.16	337.814
112.087	371.159
357.091	261.612
166.488	234.385
455.741	162.679
116.987	62.0028
178.761	334.72
141.914	8.92316
386.548	445.205
30.3673	347.469
481.182	255.343
88.3836	404.858
213.192	381.488
172.379	204.023
127.282	381.443
442.421	353.531
198.959	81.7277
406.731	498.361
385.573	66.2077
66.0837	4.19044
302.71	295.006
482.399	99.7697
92.9854	228.167
17.7863	214.074
357.68	102.447
269.471	147.86
261.298	313.447
264.883	195.432
127.609	487.225
487.206	98.4518
379.39	1.87412
77.6839	236.835
72.5884	176.112
257.055	481.839
195.915	272.805
5.08225	170.956
174.814	68.6856
14.5261	323.975
484.729	40.1064
225.426	191.077
302.027	357.541
108.625	462.576
345.103	381.419
374.77	454.597
356.479	22.93
103.283	490.82
142.102	395.065
217.082	81.1154
43.0294	192.551
214.499	470.809
373.992	122.022
481.538	370.032
125.016	160.376
196.043	162.096
76.6528	258.768
52.8038	467.542
10.8193	381.518
227.208	269.79
466.988	407.685
281.612	105.827
93.7439	387.774
53.4097	218.588
22.6573	294.301
357.243	127.431
175.897	288.057
95.727	31.7246
136.162	191.525
293.786	299.675
269.563	41.3576
253.807	335.146
127.427	24.5855
219.873	290.664
481.937	317.039
451.61	484.146
82.822	192.386
121.201	495.058
31.6742	323.074
138.664	178.895
91.1521	101.578
39.013	69.982
342.014	381.686
326.272	23.7423
370.633	393.53
18.7912	308.991
458.25	453.617
4.3406	252.032
296.291	403.034
5.85305	357.701
260.913	156.259
213.283	194.578
289.623	56.0792
187.776	206.592
50.0975	204.853
33.7752	239.773
44.7053	302.669
356.325	218.89
59.3916	282.693
495.582	229.867
464.545	278.7
189.183	308.376
389.136	481.622
12.3015	155.701
188.479	89.335
218.264	159.901
485.722	475.992
193.282	4.44998
287.715	97.7947
488.933	280.96
39.6955	121.93
177.704	165.894
260.668	424.266
375.284	446.663
474.485	301.395
7.7949	312.595
65.465	284.748
457.156	205.304
461.791	269.73
193.803	168.096
390.07	455.304
18.6528	319.146
47.4925	460.924
133.465	3.57272
391.77	96.1744
469.098	432.728
68.1171	218.13
487.996	40.7638
470.63	319.72
153.451	161.877
198.051	324.888
277.764	437.346
351.867	390.622
340.595	182.238
144.685	151.417
319.843	255.192
271.041	134.834
490.9	384.798
32.6425	127.155
54.0406	33.0864
190.507	366.372
8.48317	313.114
3.38647	121.06
127.016	51.557
172.614	465.301
309.782	33.3408
70.4082	339.078
57.3958	82.4185
38.8271	276.411
168.215	22.2603
11.9841	329.855
108.578	25.9865
136.594	378.457
443.589	161.638
253.984	108.846
408.638	60.9346
299.857	380.097
194.386	229.654
369.138	206.076
30.9827	413.114
149.883	57.5749
62.2585	64.2032
453.612	338.082
412.427	461.18
11.3989	18.137
356.326	71.9955
150.636	67.5465
178.011	270.552
99.8836	129.96
177.683	198.687
181.013	362.371
429.03	380.091
153.857	147.403
297.373	181.359
496.949	215.765
259.917	150.902
51.621	355.109
175.943	481.852
183.63	325.757
360.531	314.518
211.199	150.763
104.434	16.8852
194.54	286.377
365.866	438.048
3.28668	437.958
293.363	39.7246
341.192	166.177
466.568	92.3035
60.7278	264.107
99.774	132.508
444.164	47.0613
11.4799	132.062
441.184	192.121
199.507	112.453
390.603	204.743
107.022	183.204
450.499	267.277
312.891	79.3032
17.9514	135.124
339.996	460.464
194.626	348.529
198.041	130.567
131.995	35.1167
125.106	177.919
202.866	190.893
91.6659	111.255
338.46	163.247
213.872	371.247
146.184	368.117
318.502	461.272
35.2315	291.137
398.966	115.252
138.311	23.8013
37.8998	476.042
99.5372	407.869
296.595	236.651
149.42	259.625
338.507	297.036
152.813	5.06943
276.614	257.868
389.225	236.866
112.074	375.033
325.808	258.858
49.9585	8.69812
111.421	278.888
271.286	293.948
125.712	366.927
84.0634	18.5888
155.231	3.06806
72.1701	84.1017
252.118	226.606
282.289	479.3
188.563	432.973
171.407	490.763
331.253	386.572
27.2605	347.482
52.3646	438.352
196.526	339.118
344.007	5.40884
184.346	158.751
236.836	471.218
48.7818	4.50858
3.91183	26.2991
144.045	358.819
201.444	479.528
443.113	486.148
122.768	480.01
326.916	496.047
66.3661	444.518
408.161	171.455
286.491	495.975
245.091	8.23996
183.107	9.67567
378.73	231.048
352.935	148.248
0.141878	62.5534
487.737	132.946
228.702	380.613
90.1212	97.9922
298.377	176.39
285.322	290.381
358.969	467.955
396.253	353.663
97.9442	156.547
169.616	150.468
114.728	365.801
101.829	456.128
399.512	433.337
331.346	42.6429
224.56	33.2621
361.663	357.35
245.25	393.944
274.967	188.364
158.927	201.077
135.286	61.4147
418.269	152.348
133.564	252.301
75.7391	50.8024
255.421	390.99
31.7135	111.779
135.348	26.1499
23.8279	390.532
271.206	418.377
337.485	81.6805
208.38	458.043
275.536	360.178
31.3088	65.033
415.255	382.926
114.746	28.0396
432.392	41.5381
33.485	209.442
109.571	177.977
152.068	440.131
457.425	495.49
485.723	414.232
198.408	180.182
8.03419	132.943
284.587	179.479
420.048	297.429
388.009	498.931
64.3802	16.9313
43.4194	368.969
260.361	478.167
78.9803	221.527
198.349	486.959
443.28	87.7634
387.216	119.728
226.557	466.044
340.456	255.528
467.444	172.578
380.037	355.305
462.109	47.6401
480.548	104.497
464.308	269.17
384.433	187.935
489.191	285.089
476.139	27.1636
260.495	51.8746
158.471	156.178
41.3094	209.714
441.241	60.6864
471.439	373.898
34.9266	133.956
435.509	192.385
156.392	374.361
387.502	89.4963
37.7424	252.707
367.706	52.7947
409.067	480.905
9.53933	483.149
59.1499	392.157
50.8087	421.967
23.1503	484.176
7.35808	322.616
189.838	342.468
18.4287	342.68
452.553	223.388
154.602	124.35
314.163	191.319
204.124	374.089
307.771	155.516
368.646	10.788
95.9678	228.803
80.6574	471.209
158.025	353.331
409.569	23.9927
316.645	396.13
448.523	494.747
379.606	3.62134
272.602	343.512
476.936	325.478
483.606	63.4565
408.276	455.518
185.952	343.362
332.41	36.9206
449.432	493.193
465.237	223.417
17.6548	36.2311
375.753	496.216
151.619	277.097
399.016	24.5911
211.264	35.8644
392.428	365.555
295.696	61.3392
232.677	458.211
497.866	286.846
43.4633	469.294
319.803	8.45522
278.767	312.972
79.0725	175.088
293.336	301.01
357.271	42.5308
374.274	476.268
465.832	7.10374
354.046	412.529
208.31	174.059
291.089	150.303
210.535	397.16
429.992	352.338
107.12	184.946
12.3388	407.9
90.9241	356.109
263.228	111.224
11.6144	360
357.519	68.0417
446.256	35.6446
269.809	91.9182
13.2952	333.005
256.288	75.4346
55.5907	261.534
471.928	320.08
312.067	253.347
44.3509	164.77
246.467	46.352
451.232	61.1229
373.784	296.459
66.8427	368.588
463.583	127.04
201.255	384.761
22.8184	418.889
281.489	379.597
84.6401	339.372
95.8245	497.481
367.429	391.271
105.32	172.575
90.6851	36.827
278.143	239.775
209.65	82.222
72.847	286.337
6.18415	492.57
53.0313	161.415
348.255	293.289
307.596	58.9386
33.1621	378.833
370.474	479.594
257.972	12.6463
159.365	125.315
28.7417	148.259
4.21838	430.583
99.6834	163.97
136	157.46
406.413	477.704
391.175	110.821
115.393	390.947
35.0724	219.315
95.4075	114.518
498.589	353.858
396.576	301.672
439.931	486.091
166.223	51.8076
456.644	402.064
237.593	177.532
430.654	155.084
349.794	44.6546
169.098	330.627
36.8839	378.662
375.48	92.8343
336.224	280.401
289.5	221.637
33.8613	314.614
281.7	123.974
57.4156	438.119
109.116	43.9663
191.151	148.264
359.705	74.6295
298.451	6.04627
372.631	20.232
318.52	279.653
395.27	163.315
225.69	156.93
491.013	47.5615
238.511	463.76
261.814	428.014
455.012	420.803
208.112	393.755
270.584	373.896
20.1941	114.623
300.68	373.285
173.44	106.63
354.374	26.7035
338.987	356.705
395.722	298.359
206.692	378.665
199.102	20.8067
156.094	242.385
374.11	183.09
420.919	460.651
17.2296	437.577
407.68	193.498
180.496	196.72
456.443	234.201
50.8923	153.863
372.71	166.643
95.7577	38.338
339.785	77.2984
52.8281	287.833
11.1322	133.6
224.701	376.179
399.358	258.673
283.903	15.2527
83.3275	165.216
360.413	156.558
159.711	474.635
460.194	411.244
455.844	486.97
318.966	65.8516
396.123	449.752
153.442	147.776
211.908	469.224
96.4898	94.3696
458.129	443.317
137.617	258.316
366.1	228.025
67.9611	473.727
463.717	220.465
190.095	359.071
5.79632	278.347
284.841	117.52
460.732	212.056
307.229	161.417
340.83	459.024
323.56	49.4337
362.349	485.67
80.6875	226.527
70.3601	437.263
253.676	64.1578
189.688	129.996
96.4703	78.4812
126.19	450.916
333.99	463.112
278.995	369.431
27.2677	73.4544
398.428	101.892
88.8698	479.698
263.349	424.849
278.706	334.447
493.517	271.153
32.7658	416.073
130.776	79.4068
197.806	307.533
488.101	204.835
261.797	119.122
276.862	304.625
230.889	390.041
191.146	211.539
156.324	304.518
455.497	152.779
74.7365	126.676
419.69	354.543
376.621	196.701
17.5783	321.599
456.684	240.235
84.456	351.399
78.4337	333.181
448.033	175.103
361.707	38.0205
12.942	201.413
111.58	9.88927
473.254	71.4767
364.98	185.075
359.294	394.688
244.835	256.944
413.035	22.7284
134.702	84.4269
293.534	458.859
376.332	113.988
407.768	169.506
430.171	32.1526
400.612	174.166
385.809	173.071
372.875	196.336
483.968	101.05
152.767	330.268
25.0515	20.9885
69.7162	371.306
220.431	382.158
173.206	232.553
98.8919	92.7073
56.632	66.1176
326.741	292.665
486.197	408.203
45.8621	113.5
397.936	473.222
127.595	368.242
369.224	75.7283
384.345	187.054
305.346	250.665
43.5466	341.188
250.641	330.182
289.369	401.944
209.583	79.9482
169.324	435.687
179.37	5.50343
88.7041	45.0903
213.363	372.497
473.638	445.258
131.326	379.918
256.639	388.927
204.435	71.3596
184.373	76.3114
263.236	281.367
245.371	180.003
476.982	365.702
452.78	454.235
34.204	340.495
28.4466	230.747
44.0432	97.3713
362.747	1.82125
198.309	142.914
399.237	226.755
6.44996	130.847
79.761	321.432
411.823	65.285
191.653	189.649
290.099	403.538
164.268	288.078
374.175	409.879
180.076	176.431
266.84	159.073
288.324	350.689
200.587	259.79
153.456	447.996
168.57	106.775
274.12	460.223
252.194	31.9395
486.534	251.164
499.162	213.404
281.826	125.396
229.587	452.75
352.373	160.83
481.128	121.628
409.214	294.633
250.447	475.539
240.842	458.742
245.586	464.982
251.591	428.276
266.433	362.545
145.755	393.926
309.225	359.648
251.751	74.2854
266.318	202.865
278.21	164.971
431.843	459.848
64.3064	497.391
420.694	296.437
363.682	382.768
125.167	158.034
60.4956	420.822
402.323	82.7918
351.685	391.786
476.106	181.792
393.2	381.824
228.556	176.847
61.186	489.518
461.422	383.489
315.248	362.751
416.355	370.736
124.67	165.212
51.1588	138.947
18.5178	101.799
325.46	46.7892
18.8088	146.574
374.46	309.37
289.918	153.685
67.8357	7.74924
441.979	155.244
296.048	274.603
40.8223	391.867
403.831	478.395
7.12854	165.961
214.518	27.8935
324.219	63.1654
464.713	220.956
70.6038	376.233
390.854	184.118
38.6814	281.614
249.429	171.397
173.113	376.277
475.64	124.635
3.81805	141.845
163.756	255.459
250.909	463.627
138.378	492.309
41.646	216.57
298.392	240.224
392.437	68.5738
285.502	229.514
439.917	371.977
72.776	3.65031
84.5071	391.94
30.0121	129.45
367.947	206.999
156.494	148.404
350.929	453.347
26.366	266.032
427.428	191.268
477.556	146.881
7.68229	480.653
409.271	266.801
179.599	231.146
298.247	440.238
272.205	125.646
255.431	10.754
314.42	381.573
426.501	378.071
147.851	475.645
398.37	344.186
386.831	208.508
431.607	365.16
419.249	499.391
153.961	184.988
148.357	157.959
473.317	30.6948
162.776	294.661
330.453	391.258
285.541	398.144
468.749	261.179
447.138	39.0821
124.417	452.755
112.559	160.632
144.057	26.2724
321.391	1.57597
68.1893	458.214
459.695	133.442
70.8267	95.0529
465.806	260.255
231.989	199.626
54.5894	461.436
288.459	364.381
371.435	173.048
118.931	354.387
93.7499	75.092
12.9831	426.462
364.006	142.823
215.645	483.79
220.571	286.188
485.548	330.56
23.776	108.414
243.522	478.499
9.25989	490.67
263.2	57.5276
155.46	151.125
57.8251	451.919
59.9987	215.46
250.082	221.386
187.872	127.95
487.501	98.0563
287.87	154.219
269.21	217.878
36.3601	133.392
365.061	81.36
99.1114	372.078
435.868	477.895
276.895	290.291
135.928	450.86
197.827	7.83313
495.107	247.205
122.044	357.523
41.1124	17.8053
321.762	94.2083
282.732	356.227
461.04	453.19
225.964	99.499
277.717	255.241
295.543	354.177
27.6704	337.269
355.563	386.695
159.025	415.046
267.603	260.425
182.275	139.468
230.171	38.5552
247.765	488.801
314.044	32.0041
73.8799	87.8689
447.373	462.569
138.978	366.293
313.139	460.283
85.3012	299.22
161.277	385.784
191.294	321.444
12.5675	61.9109
164.993	475.011
295.392	253.585
104.504	380.398
352.589	126.994
277.877	497.932
189.682	365.434
65.5532	384.409
195.074	349.377
193.057	414.491
48.2052	235.385
100.711	292.631
168.92	491.84
217.657	287.014
75.9763	121.479
123.755	48.4524
181.312	328.315
341.777	392.19
85.7901	103.397
311.749	76.466
23.5538	73.9053
460.352	329.807
392.565	208.398
217.764	34.1585
308.495	28.2564
50.5304	465.441
259.619	310.076
71.7971	58.5672
8.74047	44.2354
351.177	264.36
17.9468	168.482
59.8253	369.345
424.114	495.074
41.1318	451.384
154.575	80.0343
25.6868	274.162
317.021	393.6
455.748	300.369
469.985	177.017
474.908	435.835
261.553	400.485
47.1311	19.3375
383.979	263.201
428.631	4.01579
418.091	485.608
178.381	314.923
393.842	56.109
37.121	179.716
367.91	109.617
454.32	322.695
222.526	9.76165
264.684	18.9711
155.68	485.135
382.667	37.1747
76.3011	278.822
175.78	359.333
480.377	44.2279
130.038	155.242
129.76	34.5976
394.845	41.4927
324.587	89.8999
472.034	243.725
48.2504	18.0902
50.1933	8.3518
9.27517	427.732
456.338	65.8169
475.202	427.954
368.113	210.834
457.048	134.937
411.618	460.57
236.374	484.451
251.775	151.427
37.2577	481.567
373.369	131.619
43.6819	404.972
248.328	72.3226
219.406	375.866
22.7249	86.494
141.406	394.121
437.727	361.601
279.025	379.635
438.071	379.939
204.556	97.5848
384.645	136.771
181.955	247.942
376.088	120.69
143.076	55.4747
90.0461	420.268
410.127	70.1664
183.712	164.693
24.8014	331.144
486.141	375.757
318.533	265.719
287.682	317.908
228.053	178.226
78.2056	413.129
194.429	480.524
127.205	482.706
34.2237	43.7569
356.05	479.384
144.587	96.9131
13.7567	214.868
157.564	165.084
242.34	374.862
58.5334	385.991
56.8431	240.294
410.887	452.218
305.896	262.402
265.111	414.646
33.0136	288.719
483.539	293.322
95.0936	206.256
497.852	108.161
0.223544	384.234
197.078	97.4604
409.305	56.1487
307.682	269.76
477.164	169.695
81.0228	192.939
360.867	454.456
298.822	417.757
202.065	387.234
189.943	83.454
34.4266	375.365
499.147	99.2894
190.834	315.331
70.4266	84.4815
62.8583	129.737
365.415	138.368
352.4	427.179
7.74941	137.588
481.586	377.955
461.406	397.587
385.014	435.527
26.816	434.917
175.692	454.21
227.844	19.2757
27.8702	136.851
469.18	339.95
68.5694	459.592
398.223	255.782
63.8581	473.96
402.734	394.274
24.3819	436.642
484.373	109.207
52.6348	494.702
203.636	98.1448
85.1709	449.158
196.984	239.488
199.097	344.426
328.464	163.515
299.469	452.429
7.45825	434.031
404.553	492.565
389.239	44.989
372.929	68.3791
193.047	367.365
390.73	328.456
429.933	86.5021
198.091	225.262
481.263	140.599
88.6698	235.57
74.0441	286.813
492.604	233.649
264.689	387.584
375.947	413.463
263.991	242.753
52.0436	203.515
194.698	134.399
33.0763	86.8868
421.443	25.9547
194.274	68.5896
183.157	439.629
7.08815	88.2366
451.393	43.2163
22.745	308.701
105.989	397.657
58.2339	384.597
487.144	209.546
342.186	351.684
260.764	83.9365
360.5	264.995
288.208	206.615
261.5	179.087
254.791	473.925
53.1013	259.527
296.285	184.312
297.634	404.455
293.484	448.788
54.0236	29.196
46.7075	449.648
340.309	45.5367
163.343	163.963
161.527	73.5699
494.692	375.53
353.105	95.466
101.375	288.229
150.719	368.33
492.914	485.362
241.839	52.439
183.404	336.393
325.265	63.1441
388.449	246.3
467.247	453.538
468.349	242.459
492.919	132.914
389.904	439.456
83.5055	228.899
413.085	295.868
82.2778	249.451
88.7827	355.558
246.302	16.4777
24.864	187.793
89.2626	331.758
247.236	292.685
463.768	260.561
187.005	343.693
46.6178	69.8747
395.929	305.073
469.244	387.356
364.848	233.206
414.677	273.82
7.3003	456.373
89.4127	479.475
371.276	275.973
497.814	193.211
7.20084	121.241
119.323	181.532
438.309	31.7435
379.358	98.0074
101.215	184.288
397.503	423.541
367.47	304.652
213.495	393.511
145.799	91.0637
431.437	268.414
487.291	274.584
226.773	268.783
469.032	314.997
385.753	353.568
66.2467	292.412
188.768	292.173
180.125	219.909
456.095	463.467
333.229	75.1506
455.395	420.59
447.364	494.024
284.8	369.803
113.078	170.694
29.1151	42.2694
193.214	478.609
49.4819	47.7055
491.021	491.444
181.957	322.287
495.605	253.765
212.725	382.223
278.602	8.62155
7.30998	119.308
467.751	276.763
355.032	44.7083
79.113	353.182
456.492	36.3727
112.454	163.33
161.146	205.143
272.584	21.5133
166.552	144.021
427.798	36.0437
441.7	47.7903
418.092	4.63873
14.479	49.2612
494.245	368.887
408.536	1.69009
131.173	254.227
158.78	313.365
188.159	473.79
14.1163	19.2593
132.633	483.501
165.111	359.997
229.948	20.6853
274.325	479.537
289.811	121.449
473.443	428.152
122.017	454.476
363.489	353.405
499.646	97.2683
42.826	311.577
70.8529	166.28
23.0044	473.238
392.789	449.731
310.322	296.58
155.73	315.406
478.421	178.417
236.704	97.4381
465.898	299.25
280.258	326.461
258.975	407.124
225.902	496.674
372.52	262.271
355.095	63.0617
354.161	364.1
281.088	414.18
101.411	86.0392
412.165	63.0024
275.468	25.6529
69.4627	33.3979
108.327	0.542504
444.208	170.871
177.525	266.243
3.53195	198.493
465.177	396.019
226.933	32.3946
481.614	269.346
183.396	322.279
186.736	90.3712
48.3294	284.188
486.392	425.233
232.994	287.309
271.314	337.045
294.1	84.1724
232.354	254.513
346.993	99.4478
151.15	157.152
283.657	70.2769
440.142	365.312
77.6515	330.937
419.44	484.112
345.444	39.5849
387.497	159.39
400.608	296.427
161.42	324.811
13.9545	130.729
275.341	107.479
253.625	33.1665
197.038	465.694
295.872	126.193
267.552	63.8805
425.536	89.5257
40.1996	414.337
381.063	300.904
410.83	479.931
183.287	68.9346
390.291	301.516
186.365	399.719
475.328	62.7505
478.593	400.283
144.53	353.183
433.728	185.724
88.4825	204.235
357.063	160.59
390.893	90.1326
100.404	463.815
278.88	120.805
254.4	347.471
220.417	185.889
103.767	365.888
28.6084	409.713
232.891	281.403
84.9436	197.358
44.0818	119.652
369.803	343.899
306.086	169.002
73.043	352.555
371.134	349.464
122.321	483.237
357.795	304.626
234.67	274.07
21.7811	318.834
193.632	432.705
296.599	316.829
20.0505	317.536
469.6	38.114
455.737	236.432
17.157	272.47
75.4289	135.481
93.8197	379.143
65.6921	374.663
184.331	368.655
51.9492	81.5118
195.323	498.46
377.527	55.1248
220.643	180.169
52.6734	340.26
292.388	345.246
31.691	66.278
219.997	384.424
391.706	401.41
238.613	361.854
138.587	92.0928
69.7832	309.013
13.7899	84.0117
448.664	451.073
208.355	452.497
244.555	458.056
66.1441	191.132
236.154	375.745
98.6402	475.621
49.7489	347.606
216.564	399.964
371.792	334.671
176.831	24.4186
278.998	398.137
470.283	123.093
392.977	402.769
484.038	344.761
292.355	461.234
20.4135	482.2
95.3185	274.963
477.695	446.447
263.14	459.623
349.813	377.051
295.763	74.7316
3.08982	97.4025
499.046	209.82
454.494	410.622
35.4884	384.959
399.526	321.622
165.954	78.6042
160.669	391.331
455.977	57.6816
49.0466	490.757
385.118	180.844
270.243	150.66
63.3812	128.196
284.113	466.344
74.1688	489.103
465.109	104.434
185.548	139.147
496.817	142.123
251.49	65.3914
79.2952	469.008
370.466	199.816
419.935	256
413.19	350.552
86.3974	455.805
499.01	429.865
311.473	267.309
414.647	355.637
85.5322	177.871
344.213	393.456
10.162	199.872
250.291	24.8423
328.438	394.54
339.664	395.503
43.6649	28.1604
402.803	185.394
128.706	391.104
46.4439	385.696
75.3076	467.004
302.318	183.064
243.082	194.2
273.419	124.335
185.889	409.582
31.6516	237.47
25.6587	348.263
170.849	301.492
81.059	338.796
196.277	282.927
417.979	83.0308
401.659	359.403
195.947	386.088
102.47	491.685
103.505	58.1835
375.308	197.497
225.176	378.224
373.874	395.691
336.149	31.1513
492.216	285.608
467.75	480.17
7.08528	408.618
46.5398	19.4475
147.926	396.055
439.831	397.319
172.41	475.6
54.0521	474.86
105.195	191.04
411.847	468.975
17.3684	484.395
19.2143	247.487
450.134	27.9059
240.988	69.771
97.4389	114.713
193.762	54.4053
353.624	99.6908
362.371	128.207
360.436	338.428
87.8549	493.133
175.864	344.832
461.297	202.987
417.124	495.58
477.305	218.024
39.4768	85.0559
127.546	199.708
157.737	315.782
127.671	365.907
35.5346	277.281
83.5673	444.635
54.9328	458.498
17.0567	200.767
280.997	364.436
430.847	289.229
342.238	460.526
287.045	394.017
372.367	69.1462
64.9194	69.241
166.146	497.992
360.328	24.5715
51.0186	154.832
340.711	167.146
372.899	416.115
222.925	368.088
269.025	100.845
460.903	309.5
2.32332	219.419
393.813	57.2496
385.254	408.3
256.035	286.129
440.661	36.7202
151.062	282.862
477.676	158.408
242.515	496.777
225.483	384.182
84.2653	80.9339
103.829	169.382
425.424	299.559
342.306	378.361
459.951	406.773
406.306	97.5108
20.4518	413.161
166.281	445.238
169.724	275.884
488.347	193.399
252.214	117.527
374.908	343.453
191.39	478.068
266.323	23.8015
1.21457	54.88
273.699	134.439
21.7471	95.2422
188.094	71.6846
299.786	311.705
397.285	199.14
252.999	207.888
85.862	349.249
313.356	461.94
268.058	425.343
177.938	46.043
296.66	152.055
472.507	365.127
86.1287	365.213
370.941	466.84
321.56	60.2089
488.097	84.0164
400.81	383.824
303.36	381.203
477.097	46.9286
94.8527	97.9662
281.477	133.002
458.829	391.549
129.687	155.655
96.2088	146.824
379.456	261.637
152.932	170.156
161.632	399.992
172.16	210.334
362.486	146.181
413.61	355.679
367.842	280.966
366.285	237.502
146.025	373.059
25.276	474.387
79.589	141.558
295.174	293.654
349.741	176.566
207.499	469.033
201.378	186.463
78.9123	321.428
301.276	64.9035
98.9393	402.602
21.6721	254.413
374.872	298.251
252.73	65.4906
65.8406	124.418
470.814	329.46
375.387	368.891
454.211	187.656
58.1931	36.8613
180.785	14.0443
451.598	99.7874
360.6	426.984
151.438	218.012
271.852	198.834
455.301	196.246
95.7486	321.46
419.895	366.742
82.7535	217.344
452.581	80.0702
366.646	448.811
459.141	301.512
157.504	242.004
182.158	366.304
367.229	140.173
450.807	237.63
67.8138	255.727
418.573	377.237
277.554	423.464
22.0184	279.314
70.6549	244.875
19.1369	238.346
397.007	211.347
189.264	108.346
394.336	343.319
17.4595	372.332
258.873	232.266
201.438	399.347
2.72515	341.877
123.482	4.15793
226.553	395.498
342.431	383.863
441.057	19.2461
463.783	321.677
133.305	360.171
356.857	171.958
72.0367	113.054
453.032	83.2423
116.739	461.967
254.171	238.79
211.331	490.958
290.412	420.097
276.358	98.7835
193.147	152.372
128.513	481.214
89.2423	474.645
398.94	122.763
0.695576	441.687
88.1601	438.208
5.016	351.035
267.481	58.4239
382.76	70.5868
357.851	496.815
481.242	389.342
264.003	443.775
424.867	196.093
184.344	470.994
417.905	466.021
156.635	354.137
37.3636	195.152
482.759	356.087
463.911	108.866
22.4713	117.09
69.7423	324.443
441.068	182.968
225.538	98.8599
5.95378	464.969
164.373	347.306
67.627	230.657
73.9359	241.96
354.438	173.243
52.8713	61.5016
52.0409	415.576
4.4779	348.494
141.46	156.789
180.345	459.654
152.32	277.945
144.726	263.503
314.441	454.238
370.599	437.345
282.441	336.497
206.094	357.148
488.352	367.629
384.134	264.551
169.378	329.427
194.046	353.881
160.483	466.21
178.772	237.544
291.618	280.485
166.092	288.89
492.107	245.599
124.935	90.1242
273.628	447.719
185.642	348.609
83.2985	307.045
399.618	164.088
245.402	474.583
134.655	33.5543
81.8937	135.71
111.52	491.489
35.1517	427.031
24.5501	494.009
381.695	99.1852
396.644	333.504
416.544	71.3613
394.154	292.822
488.002	76.8905
221.824	157.245
496.62	11.693
64.6648	330.405
492.25	280.297
458.154	276.254
469.732	253.552
376.15	406.701
97.424	465.413
9.17191	384.691
468.821	149.603
99.137	99.1929
5.1661	322.512
367.973	109.591
138.367	14.9344
92.6663	205.782
2.60723	80.4268
263.67	317.356
60.892	161.36
25.1915	456.717
148.261	470.698
475.054	244.083
70.1231	454.235
30.0027	495.17
266.257	198.202
322.313	70.1943
76.4219	129.632
138.631	251.563
310.626	167.169
372.818	291.407
436.081	455.871
290.988	132.091
36.9057	297.338
129.987	278.142
252.225	202.385
385.585	10.3502
423.75	479.907
41.3776	93.5039
438.583	277.373
187.113	464.329
272.592	329.234
275.942	55.236
420.704	93.7282
78.6659	388.84
461.241	468.561
460.951	289.921
69.499	139.02
26.636	15.9953
119.956	170.8
320.175	183.214
437.962	279.456
146.149	298.391
478.474	63.7696
396.559	99.7807
99.9689	499.67
3.06764	96.3039
312.555	273.787
365.603	210.771
468.655	181.767
273.373	57.0166
275.456	125.441
33.8821	420.215
117.238	7.34348
312.842	34.1064
32.4919	80.498
395.203	323.413
87.4225	190.019
224.488	14.0061
495.526	331.231
419.292	182.695
184.889	382.87
49.791	286.923
330.676	293.974
391.704	443.076
267.792	255.337
30.4835	60.9647
371.756	187.304
44.9331	233.501
323.302	492.161
391.969	441.027
21.2013	395.959
71.7812	156.95
384.469	25.3274
490.3	478.636
425.76	456.453
467.095	495.847
180.687	191.682
343.565	375.106
258.076	108.304
146.863	21.0416
190.795	47.7655
217.241	376.342
174.226	104.118
80.4233	180.117
234.879	55.0218
351.568	421.266
439.344	384.363
49.0221	463.754
19.5744	444.304
225.373	460.947
417.978	455.934
128.561	298.075
75.9186	329.979
17.5356	122.318
261.804	123.109
71.7482	480.482
194.572	305.038
162.615	170.312
79.6322	184.8
448.105	90.4573
409.582	390.704
146.374	197.453
78.2591	148.987
161.507	359.145
436.878	20.3521
452.752	311.666
217.542	56.7825
351.38	438.764
192.576	383.802
195.046	70.1664
64.781	214.241
284.669	187.062
26.9344	307.702
12.1439	106.372
31.9581	204.702
490.175	140.104
243.637	65.1381
489.88	155.163
41.5787	396.224
338.221	92.4552
35.4337	495.664
209.437	497.062
15.847	401.003
79.5608	328.869
280.924	117.675
263.721	211.986
107.44	83.8575
410.984	392.327
71.0896	365.627
14.6356	76.9295
280.519	273.134
272.704	80.4692
63.1616	127.033
314.578	44.1772
166.712	494.436
425.306	59.2909
95.1725	492.084
77.6194	180.916
33.3062	290.583
95.4763	146.786
126.739	497.243
197.668	484.753
293.136	90.1611
266.211	387.521
278.727	172.964
284.121	483.811
287.222	169.865
22.8867	332.708
52.9147	56.3552
467.917	203.577
353.738	248.676
433.907	474.981
67.2699	4.7318
80.8906	487.328
8.53346	472.204
392.074	225.335
290.016	231.779
270.363	40.8224
358.926	259.711
1.14984	391.136
384.473	419.653
78.6321	198.572
481.539	425.36
328.414	471.276
221.274	299.986
348.867	0.650084
346.593	87.8235
252.55	2.29113
167.929	27.3922
57.114	31.23
47.2621	256.016
22.1302	201.055
62.9002	133.166
329.234	377.375
17.0922	392.773
296.263	145.058
386.036	167.192
225.049	289.158
399.431	14.5997
141.712	81.4662
72.2622	365.566
164.172	279.73
392.265	308.495
425.776	285.638
66.6539	117.232
425.147	78.3925
149.864	35.1728
131.165	37.6503
360.491	399.347
150.71	55.3741
228.707	287.808
374.828	453.864
257.389	144.071
270.493	366.429
339.267	171.966
297.14	331.022
25.4447	127.398
275.306	369.296
108.744	57.9646
280.874	278.494
182.543	391.747
275.043	50.7391
206.309	96.6478
150.972	64.3947
398.968	472.45
67.0646	99.1581
55.6371	254.379
464.933	80.1233
153.55	407.054
228.658	9.82126
365.835	289.685
25.8276	108.9
210.092	184.26
434.336	459.678
493.649	310.285
51.4661	123.685
173.73	404.822
146.866	384.788
480.503	93.2622
73.8824	312.096
63.8151	349.41
181.242	330.062
415.698	371.243
326.77	356.443
264.443	124.869
341.819	160.537
312.145	195.853
195.389	435.966
202.833	276.582
476.604	72.0785
368.444	494.229
339.048	466.229
403.696	14.7896
37.8847	498.663
19.1942	340.902
223.139	377.49
368.792	77.2774
204.667	34.1995
345.804	195.295
139.747	167.413
285.721	367.249
209.948	354.706
39.404	278.777
207.444	361.022
215.175	187.731
186.911	398.25
396.926	187.256
433.464	197.156
164.918	213.169
132.242	481.757
457.664	211.985
270.486	126.465
365.461	398.337
155.377	176.621
387.899	263.227
234.214	157.142
3.95083	29.8094
175.192	163.246
298.276	103.935
378.357	210.175
85.1884	413.799
29.9905	92.5653
345.822	456.097
353.511	50.1378
14.9135	6.12199
283.138	286.796
194.971	172.505
57.0194	386.922
368.668	93.3875
427.014	478.992
10.9791	455.017
292.225	377.449
84.9964	19.0111
159.868	57.344
252.801	46.0272
23.0366	109.091
376.992	398.998
278.05	173.893
215.569	156.274
67.6756	95.7491
200.674	97.2441
487.103	239.848
481.424	350.016
388.523	72.7035
354.576	281.339
89.6137	336.429
207.786	47.3159
1.08618	401.425
325.835	390.598
383.079	375.286
75.0715	453.082
494.716	46.7452
77.9951	354.105
322.621	196.436
53.7694	397.02
434.064	188.898
284.21	394.189
399.364	128.532
371.394	315.54
378.951	181.816
413.45	157.433
160.896	245.325
106.317	194.17
493.868	258.222
89.7421	179.877
178.564	27.5861
422.167	166.149
177.012	405.201
166.075	285.33
85.4193	222.495
200.791	282.11
216.743	390.313
68.7698	349.003
393.089	357.166
364.23	448.615
492.115	337.981
172.098	185.684
319.256	164.143
151.861	326.171
205.826	359.965
26.6606	264.107
214.607	454.515
457.573	165.265
253.943	30.3555
93.2829	133.129
241.361	86.5746
371.721	414.929
45.1492	32.641
105.868	167.407
291.601	252.198
73.9552	454.467
162.53	107.953
273.423	69.8337
444.789	496.702
371.089	153.374
325.825	62.7855
299.584	273.046
262.7	125.348
313.512	21.7038
261.773	487.327
402.77	6.5444
192.162	130.078
249.076	269.223
341.012	15.7382
243.524	470.977
32.9651	60.1133
476.779	264.348
285.314	276.062
151.7	421.018
371.395	368.959
76.643	364.594
78.8701	36.7892
219.714	89.3173
413.198	492.803
365.178	306.496
82.8765	492.819
81.631	418.035
464.862	112.008
478.841	309.506
294.334	391.418
460.397	252.385
450.462	185.173
360.338	8.46866
197.094	21.8587
409.194	4.52343
72.1134	336.133
189.48	86.46
78.2622	443.601
499.9	323.163
466.083	54.8558
148.809	356.737
226.82	357.126
34.2249	87.1937
196.459	426.356
159.941	95.2231
469.482	106.936
83.2004	397.658
382.941	438.654
96.3058	20.8217
141.101	296.819
19.2419	423.132
159.728	124.559
161.718	27.2011
279.538	222.31
192.423	217.937
52.6292	167.438
135.051	8.40047
378.501	71.6736
14.2317	278.161
491.973	429.626
89.7386	324.09
456.573	168.686
253.098	341.741
431.035	81.6453
158.359	29.1389
309.848	186.514
195.137	118.558
153.678	421.101
230.049	383.032
183.033	331.693
167.176	488.408
341.588	482.764
66.2097	471.176
83.295	342.133
442.434	28.702
357.463	77.4285
63.1578	130.944
162.911	88.4334
498.703	140.926
277.287	241.169
159.528	33.4919
183.708	321.535
162.067	71.6133
239.09	163.791
215.481	297.255
391.718	157.331
457.856	97.9977
395.469	10.0036
60.8547	373.752
57.0747	479.97
371.469	34.8443
423.733	355.716
263.246	154.493
20.8164	387.249
39.649	413.114
180.97	275.366
85.4491	352.202
296.177	340.757
16.0025	202.938
485.381	424.714
492.418	208.207
360.357	62.1199
286.435	392.142
376.156	476.309
274.473	426.456
115.111	153.698
194.184	57.9414
62.5638	10.4795
396.922	76.829
266.812	387.296
25.7521	10.9211
258.763	26.8294
99.6533	433.177
352.177	220.155
53.8777	98.6337
263.386	262.014
479.971	361.766
481.385	429.211
283.779	476.707
88.5458	33.4624
92.7545	449.497
148.688	288.139
51.3738	31.8892
343.595	84.5309
436.523	92.5687
277.088	446.948
286.05	433.254
5.2304	488.794
280.341	312.345
434.524	47.6898
419.155	184.584
420.856	351.496
229.78	474.053
463.64	472.426
377.557	172.879
38.612	3.47194
242.613	88.4081
155.963	499.727
190.179	110.279
395.007	324.631
141.745	154.984
298.47	419.769
250.225	253.427
261.744	173.795
32.0402	285.675
474.494	495.637
495.633	113.03
5.39032	278.07
396.199	120.903
176.39	180.583
351.468	44.2367
23.592	239.494
342.059	373.107
8.8912	13.0581
79.6724	458.844
377.011	25.5099
51.0705	27.5164
490.837	392.828
494.306	24.577
88.4759	244.732
310.387	57.6517
431.426	77.7739
455.082	398.795
366.922	30.2914
213.903	352.275
461.173	67.2135
412.517	53.5658
318.177	92.8369
414.349	263.282
385.764	304.149
265.624	170.366
481.042	13.4008
156.001	324.917
12.6999	264.556
60.5205	461.447
414.077	150.058
181.973	466.588
415.82	376.131
482.038	283.892
124.64	290.848
276.922	149.626
199.212	24.9637
122.284	95.392
204.574	30.6247
129.639	63.8686
33.1803	71.9485
182.599	369.231
390.14	64.7221
6.73778	439.84
66.6582	466.723
235.328	174.348
375.111	250.168
132.64	391.744
224.492	493.964
229.314	450.328
24.9709	185.711
5.03634	246.889
27.3725	322.191
433.546	69.5616
290.087	402.933
46.4636	459.585
440.202	297.879
306.151	476.397
12.6802	117.549
374.393	99.2511
133.501	199.324
375.293	182.026
386.521	32.0229
60.9232	331.583
287.634	325.202
433.648	68.8779
399.158	34.0254
182.962	342.985
52.5923	1.43608
15.7194	402.211
391.542	486.838
371.67	395.823
423.652	191.366
458.502	205.364
94.2665	325.144
464.856	137.397
391.151	180.725
450.622	143.976
354.534	473.037
430.119	172.408
1.16931	200.363
435.327	28.897
156.628	337.211
279.681	430.527
86.7288	313.302
39.5515	151.462
463.865	469.995
488.504	326.11
368.183	133.866
65.9086	281.386
180.153	313.564
261.137	430.383
488.367	25.52
424.439	160.164
493.218	61.0444
152.95	367.833
458.168	127.569
190.945	260.286
364.059	23.2145
163.955	168.383
358.099	287.224
58.0978	270.569
4.86423	222.147
391.951	282.247
176.9	109.079
226.509	66.7781
143.604	477.508
369.581	181.509
252.814	96.37
151.344	45.867
390.719	407.751
190.717	231.487
380.998	360.984
181.374	156.97
253.214	183.87
335.305	497.902
115.465	382.349
458.747	335.665
225.575	24.5726
120.926	34.0759
230.732	14.0544
307.164	38.7708
267.663	239.561
479.503	419.064
38.8784	393.636
352.47	248.075
333.048	158.762
133.701	274.559
137.732	158.902
262.843	87.2347
41.6477	331.4
486.453	201.949
352.961	356.5
254.264	234.159
199.381	78.8459
16.461	244.695
397.686	347.49
356.732	108.508
496.921	374.973
85.7161	404.431
26.0064	413.921
206.336	90.5108
20.2506	250.996
77.6914	59.9685
187.002	115.394
8.72985	91.0674
483.949	129.634
144.289	57.5755
354.871	146.831
220.622	377.504
274.935	28.3683
280.945	10.3847
58.5787	270.514
356.337	66.4803
268.721	35.0984
158.696	300.001
16.9759	398.285
192.354	348.414
55.1195	272.457
65.5946	479.599
70.0605	246.941
375.408	147.721
13.0344	235.255
442.689	490.788
414.353	466.899
453.272	302.978
7.98894	405.867
434.777	59.8568
499.232	130.271
95.4966	398.43
273.938	339.935
403.093	268.496
260.358	381.595
246.994	484.473
8.53137	245.866
182.46	128.264
165.352	483.621
78.6358	92.2816
496.198	120.233
168.97	319.729
288.291	369.569
281.092	391.365
209.908	41.4919
387.389	216.582
471.262	12.9466
39.0896	266.509
60.6262	163.869
27.4901	179.778
278.016	281.988
32.7086	226.761
7.6622	120.102
499.639	410.37
406.115	469.549
28.1446	442.963
92.3385	239.711
39.955	423.774
451.989	404.811
401.753	295.929
40.2251	494.814
6.57558	315.175
175.341	130.894
123.19	56.338
430.487	456.068
300.903	491.082
291.916	309.676
193.769	424.4
485.459	167.612
478.585	375.624
221.195	250.326
359.852	374.812
164.507	165.281
150.49	210.866
5.76203	130.301
444.483	180.238
161.635	359.888
378.966	79.7448
447.628	195.09
169.13	315.533
62.7401	34.9865
334.296	6.68622
275.557	240.879
282.758	272.731
493.468	384.141
124.274	59.7268
356.826	430.201
439.692	20.0961
364.287	131.394
337.502	393.501
468.34	53.9511
462.83	238.15
434.853	488.632
274.167	378.778
484.464	91.0249
478.256	123.795
38.6093	90.3975
399.659	144.914
37.6328	450.506
285.465	126.676
314.676	380.975
400.579	288.977
24.611	68.2124
50.9422	443.766
88.356	183.193
126.67	56.1194
334.851	178.352
330.784	490.812
167.386	103.075
362.164	220.597
134.511	283.479
154.053	204.657
173.313	356.254
474.059	249.955
351.325	214.586
310.16	151.396
201.083	388.775
482.343	301.14
72.337	43.1192
23.586	58.0064
371.362	96.8067
178.405	479.638
170.689	292.623
98.9612	363.184
177.516	428.804
333.391	61.9631
99.4892	474.843
492.289	324.898
468.008	70.544
406.885	9.13449
492.511	32.6896
261.143	470.742
259.517	235.419
351.067	139.525
332.441	99.1192
385.825	141.076
151.868	31.1123
95.6996	100.482
108.612	297.605
191.357	36.3172
362.801	75.5922
267.714	452.678
475.385	296.629
176.091	413.068
355.171	485.964
324.408	88.5204
469.226	16.4919
307.743	471.225
89.5038	322.735
395.386	242.09
373.731	278.229
397.656	354.585
341.07	81.6639
59.3986	184.79
320.385	92.592
286.707	467.001
381.996	387.875
256.369	28.0604
206.459	4.0535
421.331	378.315
369.899	338.036
146.73	366.919
18.6653	302.152
51.2591	347.661
397.736	370.701
409.196	284.472
246.315	183.248
289.14	134.542
412.93	80.2969
298.526	172.255
194.319	483.907
74.0182	271.807
484.799	115.053
425.841	378.667
314.342	351.056
471.766	211.944
370.646	39.8481
294.632	30.414
117.413	491.086
493.004	72.7033
308.656	84.1834
450.579	413.101
112.731	465.972
29.4993	360.361
307.803	44.4816
167.828	208
54.0119	322.283
224.467	62.7723
378	113.374
69.0635	110.65
452.568	164.984
67.9995	262.783
16.5114	356.719
408.352	254.64
429.051	458.019
151.599	474.626
313.88	177.293
301.305	68.4491
373.857	206.528
30.8123	59.2528
238.685	399.406
164.208	12.4848
477.832	335.552
66.0041	454.618
27.0155	82.9692
32.3352	279.076
192.362	195.712
120.415	479.427
477.97	57.0495
258.047	5.49051
13.4461	423.514
14.8435	46.3962
155.966	316.826
482.885	294.285
349.414	483.328
370.729	74.3503
263.744	241.646
264.508	387.801
113.956	490.131
171.572	449.077
210.173	483.02
394.262	294.745
258.254	69.6948
166.869	346.097
53.1824	3.85885
489.18	69.954
486.269	98.9709
395.363	135.359
2.66202	55.7039
155.538	485.541
36.0278	499.395
496.195	37.3093
469.137	76.2248
67.6862	458.242
31.3204	241.29
496.265	228.109
142.197	270.451
458.184	240.35
316.55	70.554
468.953	375.83
346.411	175.157
455.19	188.106
466.823	458.208
302.531	66.8599
487.116	499.188
5.21592	417.716
143.527	275.037
381.053	239.293
80.7345	373.912
467.669	248.005
37.4712	414.065
9.56227	252.276
499.182	315.885
146.211	252.783
17.4454	400.684
375.038	448.037
123.04	471.562
437.721	72.7128
113.477	48.3926
361.578	159.259
392.117	243.974
87.0577	414.019
189.238	237.968
398.078	317.749
155.318	346.895
476.727	278.561
263.937	112.423
363.336	82.7926
497.276	141.66
301.316	273.594
264.363	356.196
385.429	82.1803
2.68627	21.6142
485.931	346.697
191.974	261.225
145.985	391.505
36.149	106.98
382.827	236.988
249.276	293.689
15.5602	132.016
215.706	176.135
286.873	144.167
271.643	171.543
367.264	30.1239
25.6208	116.803
492.263	384.457
172.292	364.038
39.5242	10.5453
239.103	2.57264
95.8096	48.2552
216.25	183.833
51.1269	203.779
181.153	252.908
408.574	59.8772
151.44	1.93148
199.738	168.235
12.8473	17.6217
425.981	52.4014
184.754	314.005
394.473	319.18
446.155	152.577
96.4229	16.7168
48.9261	302.736
402.161	18.322
109.12	191.786
454.518	465.204
78.9799	151.779
72.4798	50.4024
8.84479	257.517
201.407	87.9696
421.508	35.8214
86.6731	48.0681
78.0696	387.305
222.142	73.9562
146.586	82.3703
300.594	279.02
146.668	266.262
5.95483	175.822
176.79	374.927
425.884	192.39
250.186	111.682
271.923	141.802
27.6853	437.269
16.7923	82.9197
196.601	157.254
302.111	250.106
39.3021	430.939
332.607	12.731
290.344	104.941
493.023	42.5501
121.583	461.158
94.8642	221.725
367.716	197.64
322.595	5.0778
87.428	209.104
270.123	172.951
336.941	370.818
476.151	191.712
319.046	88.9707
278.133	141.448
235.51	28.1821
221.57	12.6589
460.367	307.765
40.4396	252.096
0.929986	354.321
347.574	0.184586
435.175	189.009
261.619	314.017
105.667	368.722
189.864	232.855
378.68	212.562
365.682	278.576
150.482	316.397
496.229	474.896
181.859	380.068
384.442	328.214
351.025	81.6343
342.793	99.4365
291.88	345.985
202.381	365.511
37.2217	155.42
352.337	189.245
354.335	90.9768
345.739	52.897
452.569	107.161
324.591	41.0339
399.553	445.377
308.41	474.401
352.422	477.849
468.274	174.342
268.983	443.701
205.341	85.5542
295.585	324.055
190.811	468.64
83.1349	348.343
373.726	413.43
64.4134	479.303
253.371	316.93
31.6168	31.3855
6.55348	247.601
374.19	151.047
243.092	79.4973
494.457	142.832
354.667	15.6574
284.445	299.63
82.5751	287.127
300.032	472.051
187.083	463.447
347.107	187.296
81.3654	200.346
87.1541	386.982
495.496	333.256
154.727	439.215
100.226	0.20502
256.308	76.0619
257.384	392.747
440.628	362.312
276.666	438.676
329.879	6.5046
63.2556	141.265
102.937	54.885
47.1677	96.9356
278.173	478.4
375.127	181.268
201.83	452.767
467.035	425.096
188.756	242.489
358.923	420.996
458.091	308.299
455.469	474.186
310.233	21.2467
166.291	124.469
368.313	323.253
281.69	137.269
76.3979	451.97
69.8247	245.275
110.975	99.5432
424.045	11.7405
208.387	29.3269
473.709	301.932
339.418	458.713
124.084	49.8233
322.579	492.371
464.327	418.744
185.243	27.3846
73.8563	480.396
488.944	138.51
162.67	497.818
62.6094	447.996
51.5308	321.337
156.476	68.6306
430.231	281.32
335.792	359.077
168.466	387.623
400.529	43.9984
296.568	278.066
148.798	266.214
360.611	134.973
398.108	266.535
57.4919	12.9276
413.802	189.158
463.074	275.038
81.6791	206.536
1.53564	418.08
78.2796	397.609
199.099	8.68036
349.966	394.444
391.314	428.14
291.832	343.893
53.6409	47.615
357.265	124.608
37.238	119.286
489.778	409.656
110.895	77.8808
92.2922	491.716
52.3562	93.0241
198.71	59.8784
43.8798	202.222
310.325	32.9998
84.8339	226.663
419.142	287.537
453.516	251.302
23.4899	266.926
29.0173	360.164
26.9747	118.405
171.949	440.838
182.539	256.558
288.656	360.768
256.868	401.037
357.706	50.7896
214.202	276.263
73.379	409.91
181.213	158.654
55.8805	69.5027
431.222	459.395
174.093	126.413
371.302	34.8827
159.15	486.02
65.0319	295.753
213.578	395.356
389.67	220.729
190.911	149.803
481.636	239.133
268.699	58.6518
479.826	237.365
351.868	355.227
432.712	86.1325
294.206	112.732
495.768	437.34
91.7271	464.591
270.827	277.942
285.814	46.0067
398.432	368.384
105.988	35.0527
108.67	45.9858
12.7999	474.361
296.098	315.403
133.264	39.9267
304.816	466.999
332.664	477.681
166.716	370.67
435.01	273.484
136.427	96.4363
278.033	202.803
219.159	486.913
114.338	288.028
267.945	21.7356
480.739	262.226
81.7127	144.666
14.3249	379.035
137.177	97.1076
142.23	495.952
182.079	212.527
58.5586	90.6098
91.8089	367.863
336.395	365.658
99.0826	214.202
277.076	390.633
200.414	199.695
280.469	348.024
469.341	339.738
427.594	384.815
334.495	484.486
375.042	92.398
323.647	262.812
120.828	377.218
370.293	487.123
286.927	98.4583
365.035	247.585
182.779	443.011
427.5	176.088
224.584	67.8656
249.755	373.936
235.879	388.888
433.298	176.274
134.695	1.46852
73.426	365.595
190.541	403.492
374.439	151.933
12.5377	259.533
91.4738	99.0104
190.961	323.195
359.776	93.9613
254.411	439.568
499.825	477.261
143.885	41.5935
498.693	87.4268
342.101	89.307
263.652	210.943
190.535	402.039
398.104	73.0761
300.699	371.67
312.598	488.597
452.441	497.423
272.879	99.4248
43.6514	252.751
178.896	252.851
163.391	189.34
470.55	293.694
466.645	313.959
162.119	119.776
306.644	374.179
259.714	347.957
269.879	273.083
83.0128	41.0153
400.193	294.161
305.373	298.912
105.818	295.756
156.141	189.795
390.962	237.479
347.895	30.6817
139.493	297.992
109.906	158.997
70.7577	229.729
492.497	383.015
488.206	259.97
61.3853	38.3946
25.5761	349.444
430.548	151.395
251.458	493.214
2.50935	375.899
466.417	430.344
156.377	12.6647
313.612	177.929
