Saved a vector of rrt <nodes> points.
X	Y
490	490
480.186	488.08
472.532	481.644
464.481	475.713
454.504	476.387
444.52	476.955
434.708	475.028
424.711	475.292
418.933	467.131
413.068	459.031
407.814	450.523
401.145	443.071
398.678	433.38
392.35	425.638
382.868	422.46
382.174	412.484
373.089	424.553
363.114	423.843
388.839	405.029
382.893	396.989
379.263	387.671
385.294	379.695
385.91	369.714
353.349	421.69
343.401	420.673
386.427	359.727
333.401	420.745
323.56	418.97
387.512	349.786
313.833	421.293
308.568	412.791
383.363	340.688
387.516	331.591
298.872	410.343
388.914	321.689
290.365	405.087
285.746	396.217
281.104	387.36
283.699	412.541
385.331	420.812
383.473	313.299
291.01	385.987
388.936	304.923
313.337	431.28
273.451	380.924
264.879	375.773
397.019	299.035
392.858	289.941
394.949	280.162
255.194	378.261
385.231	277.803
377.545	271.406
379.512	261.602
383.201	252.307
381.797	242.406
275.844	418.73
390.569	314.809
376.111	234.18
245.353	380.037
398.111	401.282
378.085	224.377
407.169	397.047
236.683	375.053
416.514	445.592
382.667	215.488
379.638	205.958
372.476	198.979
377.091	190.108
227.181	378.168
370.558	182.536
217.55	380.86
304.479	435.921
207.578	381.602
386.716	187.395
200.298	374.745
360.604	181.579
396.697	188.01
297.903	378.743
426.361	485.155
400.217	178.65
191.181	378.854
259.644	386.853
376.71	309.91
181.271	377.519
171.694	380.397
350.61	181.244
340.817	179.217
399.383	168.685
161.772	381.642
152.467	377.979
432.844	492.769
401.289	158.868
407.759	151.243
365.379	206.024
408.81	447.881
410.004	180.702
214.883	371.222
146.55	386.041
382.814	398.465
373.515	280.558
419.049	184.967
370.479	382.891
215.832	361.267
415.528	144.947
302.47	372.907
412.198	135.517
394.175	153.569
147.709	395.973
208.549	354.415
204.266	345.378
425.601	192.522
318.302	439.961
208.233	391.581
149.195	405.862
432.244	185.047
330.949	180.833
440.058	191.288
200.758	336.014
401.725	282.075
413.768	125.641
257.478	396.616
144.497	414.69
134.685	416.62
192.724	330.06
413.821	389.58
125.546	420.68
405.095	120.665
186.698	322.079
183.523	312.597
323.063	174.684
447.33	483.271
399.79	456.491
314.294	169.878
309.987	160.853
450.026	190.488
305.194	174.026
304.182	152.71
451.957	200.3
295.548	147.665
407.697	111.01
390.258	276.075
381.92	274.009
459.104	186.295
115.565	420.063
206.885	401.489
295.219	174.731
298.326	138.059
411.273	285.046
320.449	415.296
422.699	121.143
148.298	404.337
177.335	304.741
323.333	448.603
312.285	438.111
184.202	297.472
285.732	145.756
299.604	128.141
423.594	391.696
276.822	141.216
296.64	118.59
193.428	293.614
207.631	411.462
413.976	103.226
115.086	430.051
299.587	363.332
167.361	305.464
159.019	299.949
145.368	424.652
106.327	434.877
420.613	288.617
98.9723	428.102
289.365	111.73
287.463	181.042
110.19	411.63
111.09	443.67
281.189	105.971
209.85	421.212
104.839	451.475
357.466	212.138
282.076	172.617
375.027	204.72
149.572	296.669
396.639	465.982
208.925	330.242
217.65	394.945
89.8519	424
363.818	283.003
141.545	290.705
463.848	177.491
354.477	279.433
416.633	93.586
215.769	322.951
225.732	322.099
380.439	267.631
206.012	430.446
388.982	346.818
399.39	105.442
136.099	282.319
200.377	286.423
211.529	438.786
281.576	95.9783
389.697	102.987
391.888	399.494
311.896	376.246
82.5143	417.206
377.972	361.951
425	491.026
284.443	86.3981
126.411	279.839
277.139	79.5675
395.143	475.869
399.482	197.168
138.086	380.715
413.583	84.0627
116.451	280.734
105.601	402.746
433.576	391.089
432.378	118.629
284.345	72.6334
213.829	358.906
357.186	222.134
345.42	275.195
208.319	280.346
112.729	271.452
102.828	270.048
398.981	346.761
418.615	75.4209
294.292	71.6071
267.503	76.8949
321.741	374.493
257.522	77.5076
99.43	420.867
290.007	190.713
92.8445	269.477
86.9037	261.433
97.1476	457.866
318.792	457.513
73.1055	420.594
69.726	411.182
265.981	417.076
249.62	83.6368
313.679	386.086
425.994	290.002
114.801	290.597
432.766	282.644
296.197	198.567
92.861	253.401
383.09	95.4807
303.095	110.952
242.093	90.22
145.263	278.316
460.058	206.162
467.532	212.806
462.789	197.898
89.5781	243.955
88.9726	233.973
385.641	148.356
59.8803	409.432
305.513	202.203
410.465	69.6259
295.601	61.6931
76.9258	262.098
82.6001	226.267
79.1818	216.869
71.146	210.917
297.51	398.163
65.8762	202.418
401.801	64.6318
374.212	100.083
74.144	196.793
389.083	206.695
431.203	298.538
95.5458	226.437
232.429	87.6488
89.3337	278.84
73.595	186.808
287.215	141.336
52.8782	416.572
362.511	283.65
151.889	294.875
216.557	348.425
164.397	390.018
420.95	493.619
205.72	270.69
227.422	96.305
70.1376	401.191
347.246	221.04
282.233	197.004
321.149	371.352
383.519	257.381
96.2689	467.828
372.889	398.465
297.767	443.334
398.132	73.9345
440.138	303.029
80.2633	179.356
363.177	386.795
390.179	453.73
90.2266	180.212
77.0873	169.874
448.018	209.491
434.536	108.864
415.914	61.2411
218.574	100.965
56.0473	204.26
209.972	106.063
219.642	423.241
272.466	194.858
304.789	57.7464
272.645	109.154
77.1751	159.874
92.4744	477.08
272.764	379.504
64.1642	393.171
78.7629	150.001
299.519	353.332
79.6592	140.041
61.9228	383.425
313.919	61.8251
337.631	281.467
292.09	451.566
427.11	498.029
412.075	379.733
276.851	407.885
444.516	109.492
443.497	113.093
380.183	453.443
449.034	307.597
322.477	56.6517
367.308	92.8494
231.556	313.97
223.138	95.3247
434.925	381.18
444.893	380.375
216.106	88.2154
418.904	466.927
390.011	438.369
438.731	495.008
447.933	122.055
268.459	101.419
229.846	77.9882
362.594	90.493
52.8201	213.725
474.113	220.335
440.687	206.175
220.511	356.473
377.739	107.856
262.892	191.971
73.6889	391.406
253.326	194.883
203.853	113.973
436.123	312.188
280.387	154.208
208.014	260.956
388.976	454.072
197.742	121.888
454.762	381.987
416.754	460.287
333.003	290.332
218.75	445.704
206.183	251.126
81.5056	285.063
451.541	102.376
63.4541	423.211
74.0432	291.72
178.875	289.009
316.964	467.344
467.603	180.957
51.2965	413.401
394.55	57.7453
78.049	130.172
246.709	187.385
229.705	304.142
77.0345	394.957
223.305	109.775
89.5093	138.316
72.9954	121.543
464.443	384.49
422.82	54.0091
380.528	339.427
178.22	382.396
357.12	98.8618
101.833	480.603
259.467	105.793
383.344	199.311
201.301	101.082
212.696	243.538
222.597	244.936
328.238	278.037
318.269	155.248
66.286	114.128
211.682	452.778
478.714	229.214
375.467	259.587
98.6831	134.336
380.28	185.008
100.094	178.588
461.53	102.857
473.495	388.741
237.565	183.336
318.406	279.861
216.172	461.713
219.581	245.912
470.816	106.567
156.659	412.516
480.378	109.494
365.635	176.699
289.195	54.0142
62.2982	205.588
396.361	474.23
47.118	424.746
190.812	129.098
385.588	138.356
424.036	305.512
392.131	48.0422
408.915	347.915
211.755	470.685
96.5592	240.881
390.497	164.098
337.093	299.457
105.047	229.555
237.042	297.347
234.869	192.966
64.1226	292.977
313.126	208.686
460.195	393.543
223.176	296.568
65.1919	104.188
408.29	155.775
305.06	426.416
419.124	439.44
65.5373	288.15
213.967	264.174
48.7436	197.43
435.328	175.535
225.071	190.962
148.619	418.805
305.399	212.253
373.76	319.465
215.225	189.22
378.219	463.248
375.8	175.849
359.693	421.402
61.11	394.48
107.292	488.982
41.5214	411.292
395.14	441.292
379.849	372.114
393.458	256.281
83.3893	387.236
388.549	394.032
295.502	213.687
96.1779	473.317
114.509	226.318
60.7743	379.275
312.711	113.696
303.078	343.987
456.935	313.726
345.053	189.558
289.523	353.58
196.288	432.779
210.12	80.2044
280.451	349.372
117.147	487.29
419.123	119.56
288.58	383.139
324.515	361.936
298.206	140.71
286.322	349.446
201.104	75.8789
359.517	293.191
255.66	204.606
66.7895	94.3161
415.703	145.714
316.797	170.748
372.993	180.563
290.848	363.23
53.2676	204.644
406.142	60.9904
405.978	476.973
192.075	71.5817
320.191	53.4136
402.674	252.399
118.647	299.828
328.075	303.778
311.022	145.415
314.798	433.273
31.7472	409.179
296.058	211.458
73.4808	86.8847
109.976	180.122
144.008	402.937
22.0348	406.798
68.971	77.9593
108.612	133.145
288.005	220.304
57.6798	119.22
222.204	235.678
157.276	393.013
288.174	460.768
97.7171	124.383
54.1267	293.263
127.137	486.841
281.13	467.866
115.488	299.91
454.213	177.243
284.324	45.2809
161.036	391.103
312.382	439.169
121.914	219.598
368.623	111.967
96.8015	397.994
294.351	400.651
197.99	377.881
447.462	296.221
453.582	217.801
285.289	150.054
208.229	350.629
415.748	384.05
49.1654	301.945
29.8755	399.355
84.2844	377.276
465.316	319.182
77.0896	77.2345
422.857	44.0092
196.919	247.359
82.0884	68.5735
14.2818	400.482
16.5284	390.737
298.056	137.924
46.0609	287.351
365.498	413.26
214.621	480.265
326.221	407.13
95.7676	272.495
67.0085	416.173
282.742	448.013
196.934	400.504
363.102	400.519
45.3481	311.188
416.215	354.749
482.52	238.461
50.705	223.499
261.575	101.949
47.6831	119.477
397.104	328.749
92.075	68.0549
38.8022	196.349
319.568	43.433
34.2438	187.448
39.5163	119.787
481.508	394.724
101.338	71.8233
181.416	132.522
278.033	423.059
315.942	356.789
193.663	61.7086
384.574	41.4937
378.953	33.2228
252.689	104.742
104.513	62.3406
74.6846	391.3
122.294	309.139
285.118	35.3125
163.048	420.209
118.499	131.648
276.843	66.0208
36.9943	316.685
78.2668	59.3325
426.142	300.911
225.326	415.013
137.084	487.875
105.176	245.956
244.142	175.804
15.1257	414.027
208.037	237.117
100.667	140.688
184.144	142.143
428.57	76.365
484.599	404.234
47.0633	198.893
59.0086	377.454
437.24	388.293
325.166	313.345
29.9846	116.763
144.529	483.163
276.413	340.224
296.117	164.962
185.941	55.3537
290.507	229.986
200.086	54.0443
119.343	441.622
448.516	312.289
420.371	429.519
451.693	478.272
102.139	81.7912
378.365	49.3328
224.863	226.038
175.222	146.661
37.9863	281.452
456.019	321.39
242.764	103.52
390.052	340.538
114.493	61.7097
383.102	129.837
201.74	229.348
26.0565	181.706
479.564	380.793
232.744	102.891
264.14	420.53
85.0423	382.602
287.685	66.8989
301.483	204.553
21.6669	382.159
396.193	83.7446
294.61	38.4616
28.7522	375.102
415.773	91.7198
402.583	120.883
122.623	67.5321
403.769	242.46
128.024	222.368
477.074	118.932
396.348	103.016
415.061	186.219
22.0707	110.65
275.125	35.6865
380.18	209.232
488.89	104.245
225.323	100.063
283.368	384.279
40.5929	179.722
280.046	93.6035
481.716	248.429
13.5418	423.901
199.819	85.796
488.774	94.2454
61.8624	411.304
432.141	211.368
280.796	477.86
272.78	483.839
308.066	351.42
488.451	413.463
461.747	378.387
111.52	134.861
184.795	45.4197
375.062	87.2904
119.442	407.836
209.321	396.888
24.3569	416.701
61.4406	384.203
414.344	296.408
321.578	109.073
280.992	233.06
210.238	288.365
30.3239	275.027
109.34	306.004
65.1135	181.511
281.815	470.571
403.708	486.711
413.769	242.5
128.065	312.808
112.078	170.345
328.062	101.46
78.3807	49.3332
120.457	397.888
416.335	139.532
405.844	195.662
43.8825	216.181
207.17	76.3992
179.837	124.596
403.113	496.694
16.263	102.509
393.64	493.49
95.0562	244.79
115.963	479.44
114.794	188.884
485.301	119.604
255.211	389.403
403.087	320.736
407.523	296.76
121.631	77.4827
67.9742	218.265
491.534	487.825
420.031	419.524
12.3778	433.833
447.485	294.52
93.4829	373.354
222.766	182.648
306.349	178.256
34.831	198.279
495.702	406.576
256.879	392.481
295.041	380.442
487.516	84.3249
95.9722	427.735
385.145	399.5
193.662	431.028
283.614	369.823
399.664	310.653
308.66	61.8973
306.737	193.325
117.337	434.076
62.7565	103.863
34.3249	284.609
345.807	199.53
333.587	314.393
381.864	203.078
399.492	424.768
75.6091	301.596
71.0339	310.488
428.02	296.967
395.569	244.003
208.18	331.743
105.917	90.6268
103.457	297.917
205.192	45.4463
82.4748	477.165
342.89	318.06
450.055	308.221
472.434	491.93
383.955	243.778
493.56	107.761
62.5771	278.598
311.013	475.381
225.913	396.107
187.068	35.6815
392.171	36.9329
131.514	322.195
484.4	422.606
350.889	284.031
106.997	135.819
146.053	387.127
186.937	246.757
255.724	390.622
102.723	398.641
36.3179	201.333
114.867	248.423
244.007	111.543
481.734	258.429
324.895	437.721
201.779	469.987
283.488	42.9415
246.712	299.897
214.685	42.3035
122.683	182.739
184.384	237.088
220.983	34.5353
305.623	359.325
349.122	92.8598
182.784	26.6459
403.82	490.167
489.024	377.551
107.044	120.777
192.021	30.8505
472.119	311.853
383.688	494.464
116.323	486.568
276.568	330.225
401.639	305.394
305.967	47.8161
197.122	220.478
196.592	402.551
186.681	148.681
23.8478	95.9923
284.274	173.022
474.527	181.034
70.82	406.616
424.589	296.326
313.645	137.069
299.427	125.871
21.7519	88.6317
387.839	404.271
484.49	181.895
33.8228	95.2858
131.026	177.227
100.396	466.647
301.27	477.63
278.897	464.974
379.368	182.803
22.2826	172.446
99.4359	281.684
197.044	344.827
498.46	111.991
105.405	486.05
473.473	316.912
455.272	102.589
19.8041	384.381
290.544	26.9122
116.257	290.907
254.617	293.773
209.519	57.3635
94.2484	78.2296
281.607	141.585
338.412	201.663
269.352	493.233
316.411	34.1721
182.458	289.255
114.609	171.841
113.348	51.7754
482.95	431.25
209.975	101.197
142.469	481.756
318.779	424.25
11.7179	443.811
220.669	49.6304
137.209	185.087
87.6755	79.0052
376.944	25.6398
488.65	236.568
306.953	174.615
298.172	236.409
13.6641	448.028
284.09	155.847
307.982	103.203
491.639	367.899
406.878	205.608
341.314	313.681
206.633	248.398
203.806	64.9694
317.798	454.293
353.61	397.375
438.57	76.3759
355.629	105.878
234.543	396.22
427.68	306.671
376.282	25.3294
365.049	405.078
419.593	392.98
367.406	21.0513
91.8035	222.156
259.627	490.906
284.29	323.871
24.0601	376.604
295.042	412.328
292.176	117.744
331.573	277.256
250.62	117.769
286.67	17.6932
20.6371	277.51
22.3574	123.23
118.548	43.2337
238.508	119.896
481.522	128.863
312.101	62.7082
227.599	81.8546
289.056	230.112
91.3043	363.594
195.363	317.086
49.4767	320.296
299.574	97.7894
444.963	108.107
399.868	271.456
376.071	112.879
376.676	165.888
387.044	64.3522
196.56	427.829
183.1	368.875
263.808	289.833
118.65	33.2342
202.799	255.938
175.389	156.66
428.113	484.966
95.5637	234.683
435.279	483.709
107.83	186.068
448.564	76.0267
189.259	214.299
408.411	361.003
122.281	326.035
489.681	74.5622
76.7257	318.71
23.21	451.008
489.306	264.961
431.137	84.1552
10.8717	275.357
276.93	17.4188
497.301	94.5821
94.625	354.161
110.272	498.527
14.7223	165.901
383.569	190.623
183.733	205.965
24.0695	460.971
309.157	167.871
472.455	200.462
359.87	421.214
157.348	418.103
189.453	158.289
225.091	97.6036
224.082	87.4258
407.741	88.8318
456.238	289.684
18.699	469.406
190.178	88.4526
296.483	22.0801
275.974	353.651
209.83	241.233
453.327	103.794
338.433	185.443
291.873	81.7732
374.429	17.8136
307.931	238.59
317.681	351.279
170.288	301.005
105.002	46.2683
309.617	284.631
382.355	188.703
397.677	28.5854
205.41	191.139
169.844	124.228
433.954	188.784
114.1	160.552
306.451	114.557
469.251	99.09
264.275	381.155
429.092	178.86
326.256	379.721
363.412	80.5265
391.587	443.505
116.713	441.242
361.722	398.763
78.1639	218.818
149.927	388.485
152.588	386.9
59.0355	398.751
423.295	245.543
414.022	146.186
412.449	197.006
48.9478	124.346
69.5219	423.777
220.57	432.763
411.538	202.098
313.393	72.6243
400.226	389.851
102.713	243.666
28.2867	393.974
267.269	92.3512
175.269	33.2434
324.578	107.207
279.345	432.972
485.474	97.8136
379.459	421.687
398.452	320.839
103.475	373.743
477.988	426.311
179.326	253.244
35.668	221.884
87.4267	347.22
396.2	65.9657
95.1967	117.817
175.319	203.375
112.166	217.1
489.204	66.1179
84.9094	475.231
106.384	377.722
78.023	350.621
23.4844	109.441
58.2797	402.045
105.896	309.593
185.869	163.649
79.4434	39.3898
33.674	183.955
111.022	298.159
398.726	50.3809
89.5617	451.351
343.77	203.794
197.849	460.792
295.978	470.689
178.019	193.746
307.032	180.74
103.11	134.45
404.79	87.054
64.039	389.363
254.061	381.592
216.999	242.633
276.818	35.4867
407.81	451.403
319.254	388.671
315.353	64.5799
199.749	470.5
417.44	201.675
293.36	319.66
116.384	251.933
412.87	201.659
417.94	201.899
93.0352	376.537
113.523	24.6484
342.591	423.518
185.185	208.539
491.901	111.722
283.56	146.751
213.189	35.8747
314.75	372.544
299.454	186.576
122.214	19.7017
367.455	299.272
208.342	200.699
474.625	113.109
488.099	76.3413
258.366	281.443
82.4998	167.272
122.662	451.055
163.904	418.085
461.171	400.731
10.0535	464.381
446.974	492.844
315.951	380.803
75.2101	99.71
14.0234	178.084
111.239	483.557
298.741	465.403
375.546	31.7374
373.727	495.345
425.106	291.187
103.971	363.756
182.113	47.46
485.83	96.742
367.714	76.9239
357.407	21.148
101.576	81.6934
180.129	228.039
482.055	268.311
479.75	138.704
238.517	115.872
2.23146	470.611
75.0345	153.588
100.468	307.299
180.199	87.8055
58.9712	78.0191
286.707	451.592
141.64	393.367
382.511	266.641
360.096	306.043
298.618	392.583
393.454	323.737
93.4773	476.054
360.032	113.057
286.292	222.893
193.175	437.649
183.667	430.702
80.9594	375.202
3.88087	480.474
89.5702	252.084
322.977	26.6301
22.7525	90.2612
395.874	317.459
73.6424	180.159
278.882	242.835
269.779	10.4291
222.875	49.0363
223.701	476.075
94.8804	309.804
205.873	379.985
309.472	189.649
176.705	361.187
27.9336	320.916
125.849	184.925
8.94147	186.696
273.66	119.102
278.527	497.211
146.933	476.608
241.065	306.913
195.857	220.525
217.254	103.647
39.5273	193.347
80.9008	456.35
294.368	417.642
193.777	394.103
387.21	166.023
21.9665	78.634
226.581	287.166
87.0858	443.568
357.44	211.525
197.526	29.2732
186.295	246.147
83.6404	297.371
336.224	378.928
254.118	176.507
477.739	246.925
201.655	402.553
119.096	220.934
37.9484	96.9022
196.436	38.2533
259.962	182.171
484.336	441.154
307.311	387.728
234.636	415.286
475.444	110.878
190.064	472.992
319.955	358.035
17.4902	75.1676
253.162	483.277
25.0629	184.382
14.2798	65.6969
266.326	390.265
384.7	322.493
206.291	216.489
402.004	48.6792
306.111	19.378
376.292	424.728
354.869	191.471
417.802	191.292
326.819	316.461
193.626	426.398
17.9873	56.4096
301.648	79.6609
363.972	82.3053
81.0211	115.577
99.378	191.412
105.227	414.076
8.33524	461.993
132.588	193.955
101.375	254.799
117.476	161.729
390.726	378.307
167.218	300.545
186.513	30.5315
318.75	64.0552
335.082	176.091
47.7974	95.171
417.751	312.563
305.666	470.166
427.121	493.881
21.5815	442.878
89.4149	258.337
387.917	485.453
319.577	323.357
123.496	87.3073
423.914	235.562
344.586	181.539
14.3591	129.233
175.209	436.037
103.157	319.21
92.4675	249.005
23.9118	286.959
377.875	109.153
224.568	467.959
280.537	216.315
178.324	392.396
332.427	196.033
212.3	313.572
14.5527	373.504
304.065	277.807
496.175	269.12
98.4249	392.291
182.076	71.3986
108.975	28.8393
215.482	327.818
115.329	198.87
423.123	377.297
164.317	120.956
182.21	16.6624
103.972	226.866
421.249	440.625
27.6868	122.492
102.793	484.783
24.5048	477.548
398.364	116.678
126.728	396.154
194.365	147.048
272.523	184.858
384.959	251.173
469.059	488.351
103.078	289.696
394.403	61.2283
151.365	402.526
411.797	246.127
50.9671	76.1516
202.423	130.725
124.082	9.87786
260.711	286.849
387.788	138.772
138.405	381.675
364.911	417.409
375.739	493.64
229.289	123.769
112.654	75.8287
389.907	455.525
286.426	319.079
462.177	402.901
109.522	498.498
273.134	491.19
124.185	421.228
452.276	405.301
84.7685	30.9255
159.48	300.463
418.99	492.097
14.2927	477.564
409.14	466.992
489.736	56.1321
288.562	421.084
17.9213	46.4098
320.701	311.54
383.028	193.328
192.336	234.412
209.724	365.24
126.962	80.6606
473.143	317.908
381.63	10.8755
4.57594	374.186
352.403	201.855
180.225	96.3874
128.733	93.9534
201.668	268.097
213.818	307.476
472.413	397.122
161.328	111.413
232.975	202.785
336.192	295.992
253.991	394.146
26.9396	224.651
238.773	424.39
461.079	298.435
167.23	311.11
8.2744	137.168
149.538	404.943
263.127	76.2471
252.714	202.987
128.838	288.429
178.92	379.892
122.322	451.188
72.6234	478.883
410.132	259.062
49.5267	410.776
305.826	403.582
193.04	427.197
411.753	456.708
300.676	326.343
388.863	94.0295
175.962	133.149
23.9999	321.599
192.907	455.73
117.019	59.7165
173.78	91.3173
296.87	246.324
106.164	82.4408
460.876	378.233
272.336	178.547
98.756	132.66
3.9841	437.415
80.2239	423.958
305.421	468.202
305.833	220.127
16.1517	327.796
217.423	246.84
327.671	204.829
464.17	376.279
94.747	200.275
263.465	18.1842
15.1423	487.528
337.213	312.439
199.044	161.119
488.448	91.3867
423.5	34.0299
416.995	289.132
333.254	301.12
214.794	313.799
291.094	317.151
277.154	193.053
25.6295	324.805
226.008	315.433
108.982	254.726
103.016	310.609
200.266	364.508
338.519	387.892
37.6051	186.793
22.5794	97.1937
190.597	139.076
257.859	396.301
22.3043	316.892
465.863	218.016
353.635	415.367
257.63	185.908
323.537	332.539
324.699	276.781
217.686	281.347
496.63	419.135
113.913	50.051
81.6005	345.837
192.182	327.116
365.887	206.083
13.6218	311.931
157.806	394.468
93.9641	275.805
76.6432	25.0963
285.308	172.226
408.054	61.0579
467.084	182.771
263.802	420.561
329.562	91.5735
253.363	77.1335
301.11	80.7245
55.0523	379.271
486.066	430.444
165.151	317.355
297.84	12.1727
151.92	114.803
112.082	98.5002
124.494	42.5401
131.844	103.457
409.968	327.992
145.191	191.11
244.556	414.027
408.746	311.772
212.071	422.38
190.048	26.8798
386.057	386.889
255.448	184.48
353.096	12.1249
494.661	279.005
273.696	404.692
21.1742	433.054
218.394	365.524
19.4003	36.5198
363.768	496.25
386.084	99.2728
352.047	119.077
319.217	166.242
111.098	78.182
92.2778	446.375
172.608	13.8672
421.526	63.6211
113.888	362.467
275.609	106.784
289.207	88.0193
493.555	46.8903
313.224	484.646
240.934	118.439
86.2309	407.923
450.381	291.685
295.184	317.302
341.999	316.024
382.432	81.7997
78.3654	52.4215
101.948	236.63
234.071	280.54
271.351	422.225
435.277	489.149
488.151	60.8083
176.21	385.936
119.12	460.662
20.5526	285.208
251.497	383.636
98.8788	97.7306
303.469	228.112
450.124	182.766
353.459	80.2668
356.524	93.7637
164.568	17.4429
8.15101	196.665
189.715	482.986
368.775	389.121
85.5402	187.041
118.857	241.049
67.9729	378.721
341.713	275.088
204.084	148.851
352.689	211.033
368.483	307.826
14.1762	171.022
206.42	245.358
99.2514	292.145
488.869	437.323
10.2056	32.588
194.487	314.118
129.596	488.794
82.1474	16.7474
404.661	291.145
43.5713	319.849
477.993	190.414
71.4667	77.9902
117.321	167.376
422.681	490.854
51.4373	92.4336
65.6053	276.232
362.092	411.022
393.511	77.6353
35.4964	108.419
425.253	376.202
212.521	448.334
148.016	287.42
404.681	21.4481
487.095	194.556
486.642	122.354
62.0721	204.862
9.23962	206.605
308.775	369.094
290.816	254.284
140.226	381.651
95.121	116.906
119.889	450.944
316.152	462.083
144.539	199.207
367.696	313.696
112.857	462.677
282.74	196.282
416.488	141.776
383.593	359.708
39.2703	284.845
238.607	300.56
108.781	398.101
419.573	91.6595
296.146	246.607
476.133	177.037
211.403	126.326
398.781	152.492
288.54	478.008
112.994	437.3
386.004	380.521
221.081	120.579
201.636	181.879
111.882	429.281
282.379	190.968
422.272	228.69
486.133	359.552
266.842	492.843
383.453	409.639
189.638	450.161
154.224	186.819
219.798	24.6057
192.134	300.026
370.221	221.122
420.312	127.036
250.478	213.159
121.407	58.5042
345.482	414.189
97.0222	440.049
493.098	36.9007
416.836	198.957
462.186	93.0552
213.365	457.75
305.347	251.629
449.551	414.922
229.996	175.739
188.016	193.514
138.265	206.994
48.0879	386.447
220.635	291.792
82.2655	91.6626
416.481	421.404
97.2396	262.658
182.235	456.884
128.688	1.7875
283.161	227.61
300.998	16.7567
495.717	288.949
247.877	83.92
422.002	56.9269
39.4811	91.0718
112.056	91.8196
454.086	491.748
402.06	268.855
58.397	315.937
243.862	278.508
301.911	291.004
184.326	383.585
483.098	36.8533
393.175	168.326
65.8699	478.206
219.154	453.535
198.796	73.7972
103.263	435.063
487.781	295.033
354.13	493.583
117.654	269.042
123.091	358.554
326.053	283.866
323.268	283.576
380.356	20.9477
55.9279	477.13
76.9233	170.188
79.5917	243.433
210.697	342.633
377.741	327.021
177.63	226.427
414.896	267.854
286.764	235.07
326.904	211.042
106.51	302.444
310.392	10.341
449.627	94.1416
356.092	216.54
13.8168	81.9241
418.783	303.222
289.673	158.109
100.688	87.4395
336.942	299.69
223.921	99.2131
284.918	131.604
412.531	253.563
375.941	352.159
101.233	23.3575
203.013	329.323
314.928	82.5058
492.566	402.586
407.696	213.921
219.155	355.852
490.164	204.073
276.05	346.776
87.1535	8.09073
74.6659	10.1121
375.511	445.839
367.193	388.231
282.741	93.7779
385.062	116.07
472.342	480.317
69.8969	118.515
376.038	345.289
210.161	224.42
339.01	322.533
412.308	170.972
371.938	210.146
304.809	135.309
184.109	262.026
440.503	486.943
334.425	313.221
193.313	266.289
158.752	9.30756
160.611	102.265
164.387	94.8944
300.682	150.035
317.552	128.145
422.552	490.525
220.956	18.5321
482.368	230.946
158.234	96.0817
109.381	438.224
223.55	293.653
300.448	308.8
288.305	495.114
477.987	441.366
49.4555	418.297
420.559	410.078
283.124	43.2339
217.964	377.031
8.44475	324.094
120.585	397.843
308.547	426.443
326.615	194.325
414.343	374.269
231.042	290.904
124.812	139.403
461.132	96.0015
205.68	476.598
440.107	418.211
487.137	72.452
80.2259	310.343
403.397	488.347
458.734	282.333
477.178	355.101
250.842	223.152
495.008	205.086
497.648	92.484
385.042	395.739
352.223	90.0755
301.432	42.8365
47.755	207.273
424.709	150.059
216.679	407.202
484.75	363.172
269.078	194.428
246.142	119.411
478.994	426.257
105.746	392.844
181.372	151.026
496.044	485.587
222.65	179.338
378.385	175.661
4.60738	63.1583
357.447	184.766
73.8474	213.029
315.321	250.909
323.593	105.459
206.498	118.8
226.33	10.0991
51.1382	95.8167
280.972	44.7573
282.681	309.806
137.459	284.68
298.094	214.64
312.131	244.388
149.332	283.906
401.027	387.797
310.414	91.4288
481.646	297.249
75.4485	72.2426
159.973	319.263
309.327	313.399
124.328	64.957
151.996	489.814
370.7	303.2
383.743	251.82
182.67	56.0539
137.272	6.918
327.616	405.473
136.427	412.583
184.83	263.028
112.626	316.112
182.025	456.222
351.334	414.911
392.401	382.813
454.43	394.664
132.269	211.126
292.121	246.639
494.933	112.417
215.483	415.369
408.831	421.721
398.091	447.257
412.42	15.1146
278.641	46.7273
339.122	278.926
150.13	281.509
492.413	351.77
320.722	282.984
433.247	415.987
24.6292	400.682
403.276	413.526
412.257	363.301
487.274	444.215
225.337	85.7791
153.869	319.744
480.639	146.458
224.038	192.796
154.612	193.157
278.246	96.5078
318.632	76.6353
385.114	448.505
125.732	190.031
467.535	411.345
189.953	275.707
48.3066	381.479
93.5129	470.386
390.038	61.9117
280.728	206.755
493.106	426.779
61.3913	207.524
424.97	68.3139
404.877	8.54868
6.36636	103.943
402.756	332.847
282.756	37.2056
498.348	356.48
490.419	225.014
475.644	351.882
99.1479	242.536
238.895	320.762
304.869	258.528
105.912	213.21
269.018	385.812
203.302	196.284
207.729	223.06
426.552	179.975
391.573	11.9475
357.891	219.109
278.347	187.635
70.1687	7.77554
375.747	146.901
167.523	322.102
386.14	397.691
179.981	276.46
79.911	276.022
412.313	480.202
205.908	397.689
182.252	6.6625
329.245	109.001
12.2407	142.171
93.7183	322.514
320.996	451.676
251.277	119.888
391.977	264.332
182.119	435.086
124.549	154.659
105.023	156.422
84.7283	301.035
226.305	419.954
53.8089	323.295
305.122	104.683
82.9643	30.3469
138.719	93.4247
105.518	210.658
111.195	218.527
219.062	175.386
381.274	398.456
454.166	207.823
152.749	122.383
333.664	218.411
43.2901	79.9808
203.422	459.192
29.2588	183.751
290.224	410.011
411.721	483.802
3.45585	448.586
320.464	351.665
14.6612	76.5167
351.869	190.023
392.879	452.414
220.169	189.02
437.83	491.861
273.801	289.466
116.868	107.281
15.6583	24.2054
55.4794	481.582
336.645	100.56
66.0012	301.395
480.29	183.775
101.659	15.3357
200.758	215.666
405.556	263.55
389.071	407.533
353.489	312.862
401.347	12.0441
419.53	293.992
497.646	477.563
126.9	479.425
79.2203	186.96
66.9899	195.196
181.275	106.332
147.431	210.993
14.5331	363.504
302.938	379.114
293.633	429.703
341.592	191.77
478.258	28.1028
329.163	117.999
404.887	181.911
176.433	226.207
273.063	105.559
6.25097	123.38
271.251	7.7481
438.169	421.6
115.683	396.279
375.036	329.994
5.69072	395.364
65.1303	221.323
284.085	242.862
257.472	221.508
49.8758	405.909
343.398	14.5669
390.917	495.297
436.08	499.921
298	492.666
415.899	278.606
174.419	100.467
413.611	87.7417
90.1559	67.0117
477.582	351.846
347.104	486.466
387.573	298.308
63.6752	102.232
411.738	498.192
98.6378	276.114
187.335	47.8596
316.531	342.313
130.509	192.272
294.406	275.217
198.25	427.982
490.299	377.38
421.15	146.938
308.189	235.386
428.351	416.473
22.1908	16.634
419.304	205.35
176.691	91.7064
269.008	194.439
320.981	413.865
85.3484	456.613
22.9821	285.893
17.0583	8.05158
201.596	400.904
74.1155	99.2132
87.5919	66.8953
158.98	410.798
79.0437	179.133
411.049	237.466
176.382	113.787
243.538	104.762
279.042	334.874
433.172	496.045
391.565	281.36
10.1473	185.547
14.8636	314.254
212.651	36.8666
1.82643	474.766
213.458	40.1811
133.411	399.621
407.911	220.12
314.434	488.625
234.684	15.5963
484.606	347.497
497.031	296.397
430.787	203.21
420.651	67.4106
90.2902	221.864
203.721	472.037
389.585	381.929
210.923	203.916
149.431	418.46
479.659	325.494
146.313	480.186
403.001	56.6801
279.921	305.861
157.25	212.887
383.987	470.005
394.522	330.99
21.6087	158.65
258.635	83.4761
132.249	486.968
150.299	192.691
483.633	259.85
201.855	84.9419
120.024	172.753
123.064	314.376
356.463	322.409
231.499	198.866
286.946	390.616
357.147	399.114
400.702	450.865
388.553	443.907
377.08	63.4999
216.395	233.38
215.214	87.2296
357.722	382.48
31.589	13.2173
257.456	109.901
18.9334	148.274
116.357	413.39
100.245	5.43613
178.125	51.8187
418.909	221.299
187.832	340.936
254.064	475.429
103.996	54.9899
234.144	180.151
269.963	416.465
143.168	177.056
223.872	44.4184
208.254	174.657
150.581	10.0574
203.874	390.832
397.109	83.0291
314.122	326.209
395.087	141.412
211.608	437.961
226.45	19.5447
95.9852	332.254
331.518	117.775
25.5586	111.285
184.84	103.347
108.754	18.7222
163.608	0.565216
12.0306	306.576
165.656	218.304
198.578	343.402
241.665	213.859
392.454	493.228
142.335	476.634
85.6366	486.357
190.801	274.046
110.644	62.3294
309.589	278.972
207.306	91.5936
206.873	219.275
11.0168	265.358
77.8933	303.151
491.667	236.156
15.7288	67.7695
104.561	94.6755
177.744	169.478
185.575	107.418
281.884	52.1233
407.19	345.285
198.785	305.866
489.6	206.042
177.414	422.899
217.096	332.145
406.441	30.7369
233.637	477.201
311.856	160.62
143.864	493.62
425.376	290.537
117.534	111.63
224.502	413.903
72.9532	317.469
380.471	477.937
104.181	95.4374
115.392	333.283
384.072	37.6357
128.754	317.762
135.642	82.9531
87.6901	464.408
27.7055	9.77483
93.2884	347.823
180.067	473.241
18.274	33.6443
382.292	32.5929
238.322	486.035
178.813	153.25
161.838	377.616
75.6285	389.67
286.278	203.03
263.278	401.917
498.734	59.7534
494.526	429.59
221.217	452.111
375.471	75.1844
52.6473	413.388
477.908	443.374
347.606	97.1298
228.335	182.504
278.187	12.0229
327.792	286.761
112.629	102.21
301.073	460.845
15.182	208.69
395.649	464.257
136.288	423.236
225.46	424.755
51.0906	484.868
103.117	415.685
39.6605	19.1207
85.7567	7.65035
282.282	79.1102
439.071	122.615
115.377	340.79
386.132	453.272
347.939	200.964
312.782	288.814
275.226	14.2465
321.399	385.949
385.108	371.877
108.678	496.94
147.976	181.793
241.973	123.811
299.756	35.1799
250.454	91.0081
413.373	318.651
110.227	84.2918
107.388	1.97387
160.13	281.571
32.3549	212.449
307.426	495.539
380.977	338.577
140.158	498.581
141.146	297.465
203.223	433.131
301.184	53.2333
95.7538	108.927
82.3236	223.376
330.892	97.8936
385.464	105.405
68.0185	313.382
492.562	246.116
303.424	115.7
118.55	245.666
435.786	484.902
388.134	394.176
414.778	67.9673
352.064	290.675
6.89887	19.3811
85.0462	361.862
93.5428	136.022
329.722	275.603
306.078	140.909
291.33	80.7764
10.4243	180.267
235.607	492.031
226.363	495.846
192.66	45.7548
386.109	62.079
346.07	88.1798
87.0723	6.20944
80.7753	179.753
278.734	382.032
320.524	182.167
282.992	459.556
382.823	465.03
72.9876	96.8055
343.034	477.332
281.672	51.1823
174.833	291.083
278.01	181.287
272.581	219.501
430.883	310.846
284.809	272.406
111.131	100.075
491.712	491.715
301.39	195.69
326.711	315.839
317.879	44.4947
94.3059	418.411
349.55	188.474
91.2713	302.836
487.522	89.3498
482.035	242.967
385.166	126.795
474.856	93.0554
282.846	122.025
288.275	355.607
161.342	486.256
155.056	195.235
100.757	62.4848
203.666	88.2913
11.7069	257.321
402.466	266.973
94.929	315.036
89.9529	492.771
85.9556	407.546
184.878	482.395
265.843	101.164
291.01	115.029
213.863	80.4396
376.108	44.7493
93.5494	338.754
149.616	191.97
139.996	200.449
76.4605	186.304
383.367	416.481
308.697	34.6274
484.235	139.179
306.77	497.135
328.469	397.408
492.256	142.908
443.299	377.138
468.861	407.106
319.106	46.6861
475.899	294.405
108.556	160.571
372.159	389.233
47.8964	313.36
7.12398	61.0234
444.448	300.628
254.413	293.736
284.117	40.1828
209.285	412.139
98.385	373.788
467.742	92.9496
222.603	431.547
456.828	205.128
312.478	409.775
123.359	75.8833
284.376	39.0279
123.575	392.196
383.35	261.313
187.656	198.52
460.464	176.78
442.76	96.5124
38.6652	283.505
224.918	338.375
114.902	49.1724
128.343	78.1096
204.69	457.724
117.947	92.8832
275.711	268.255
116.627	100.205
444.399	88.0141
106.126	488.92
204.42	199.499
14.4662	180.618
1.68621	389.547
286.641	422.941
315.195	324.371
199.833	50.1282
187.332	459.898
9.81653	113.329
454.756	492.072
482.552	380.136
313.323	13.5995
193.679	32.7877
329.24	388.385
421.505	437.033
50.9854	112.304
49.74	279.625
128.567	386.73
461.349	281.591
387.531	81.2015
477.825	131.323
94.939	115.087
324.613	111.084
288.008	260.061
400.287	337.219
114.678	181.186
281.819	320.328
185.49	42.4185
196.916	140.704
308.583	360.652
243.26	309.532
188.656	199.721
18.7835	312.455
285.637	5.35258
43.3967	424.037
399.114	315.482
370.356	81.3091
460.282	381.432
37.6715	414.112
286.514	209.27
412.221	29.4465
6.65206	315.704
59.7677	391.091
299.822	372.847
486.297	63.838
179.076	304.628
27.7323	110.499
295.845	326.595
18.4311	490.365
34.0986	393.298
35.6128	203.238
474.163	310.74
372.568	186.82
123.045	457.558
285.941	58.6848
117.884	291.21
10.6398	182.874
29.7293	117.24
4.82843	167.353
310.72	80.7124
316.078	211.391
496.323	374.045
69.6677	106.887
324.982	248.511
402.069	447.485
386.317	194.833
81.0739	468.911
256.229	83.3649
292.162	241.188
380.072	462.821
473.699	100.957
131.38	23.6996
7.59032	248.207
84.6078	192.43
377.698	169.286
99.4371	499.697
493.951	221.081
472.442	408.538
300.967	3.81937
412.034	115.355
11.8902	174.145
291.848	303.696
345.527	20.2393
383.12	485.952
104.776	415.983
159.121	178.1
107.277	437.769
150.298	383.518
477.693	65.3307
328.507	312.974
489.794	471.64
88.9951	112.467
415.207	457.29
237.182	113.013
362.96	377.493
39.49	313.428
69.6499	289.988
225.476	404.788
12.58	178.752
487.069	26.8102
10.3943	250.679
424.617	249.125
132.203	402.187
129.423	383.737
100.839	280.038
276.369	79.9342
423.035	277.617
51.5797	494.856
219.566	224.21
384.892	158.836
44.4274	10.33
272.552	96.0589
354.034	320.609
11.0256	452.998
492.302	347.096
282.973	350.39
20.7107	177.357
419.057	96.4722
2.85903	157.549
381.346	315.409
298.11	165.837
5.54082	333.663
348.373	123.706
103.182	366.054
102.816	388.05
7.28916	330.07
310.183	297
431.044	408.863
220.168	498.156
490.108	28.644
86.8758	369.573
90.3417	388.111
116.238	230.241
126.403	92.01
166.609	179.199
95.0171	118.413
185.184	89.6204
492.971	292.51
491.799	30.0756
389.154	22.4814
326.388	416.744
303.855	371.061
378.402	313.955
205.76	149.114
80.0349	384.842
178.532	188.644
176.472	278.723
426.234	414.706
374.274	13.087
130.384	293.702
403.041	284.333
336.659	318.563
359.484	375.042
276.101	398.32
67.6399	303.171
252.373	482.236
141.644	181.152
337.65	178.855
0.981231	98.6212
112.511	330.898
410.645	416.354
155.157	489.834
108.224	259.532
282.326	333.767
386.794	246.151
368.092	114.485
345.18	83.3822
452.143	405.513
366.039	289.748
84.8523	102.361
2.51483	435.457
384.575	365.929
480.735	495.411
111.501	223.99
92.9576	85.7853
18.4215	139.072
136.482	275.384
420.799	302.853
478.43	205.561
479.193	361.782
207.868	123.94
204.154	427.439
437.822	79.4875
186.717	337.85
18.919	9.11266
168.069	406.629
89.6833	450.164
210.277	136.262
109.317	353.573
281.691	211.573
192.009	217.357
186.86	464.615
134.258	401.459
371.654	276.573
216.741	309.046
121.959	154.228
482.967	414.306
273.819	391.65
424.046	129.375
381.139	229.919
70.0469	121.165
108.436	280.151
430.611	390.603
495.586	79.9974
283.446	12.508
338.64	309.787
6.93569	434.498
219.958	312.633
190.639	447.286
123.276	6.91592
323.165	493.5
120.987	184.665
88.3018	478.311
458.557	76.4049
61.2097	497.551
321.351	205.237
73.9545	189.481
462.402	323.799
159.568	105.689
33.2537	480.386
304.295	222.253
242.834	379.438
17.1599	292.858
482.624	428.369
397.912	220.267
488.541	96.1927
291.961	364.347
222.675	197.262
82.2114	385.507
15.1075	42.2916
414.578	207.295
40.633	316.447
3.99957	26.9354
377.288	208.634
12.0588	120.821
185.939	17.633
45.5464	419.293
198.515	104.462
486.206	350.004
487.295	84.0874
178.422	300.126
223.922	206.386
19.5891	18.9554
454.271	93.0749
168.952	492.743
431.671	112.719
165.154	277.918
223.284	383.43
213.663	291.93
432.024	221.368
273.354	377.122
95.3519	494.448
293.962	485.382
179.751	196.944
109.173	328.519
94.9828	332.02
483.835	17.3478
351.396	6.82305
440.792	297.941
167.54	279.943
304.851	302.477
329.187	297.187
192.411	270.507
0.764693	31.8085
444.56	189.04
467.197	297.806
28.1819	208.959
92.4452	337.102
224.394	413.023
179.775	346.859
351.711	397.508
88.838	166.36
142.138	116.88
81.9016	7.58962
120.973	174.896
380.255	58.5774
213.127	455.675
485.515	293.897
380.137	354.069
361.119	123.283
32.2798	111.455
315.417	222.981
222.768	312.331
442.877	404.301
481.19	271.658
452.91	76.6572
484.168	479.299
397.797	428.459
129.037	6.95906
370.42	402.255
276.656	53.2531
154.145	16.9317
120.876	327.238
288.59	283.352
306.731	257.595
168.125	192.296
238.41	480.804
310.538	139.281
383.64	127.598
22.5953	357.588
239.171	14.2513
209.658	441.298
102.213	322.54
13.2721	302.62
195.053	121.556
34.804	394.804
493.959	262.424
408.723	258.639
73.6992	301.277
212.614	116.533
32.5359	2.7512
137.827	17.4207
188.074	73.5848
89.0547	88.068
201.938	435.636
28.2365	419.218
418.321	474.566
219.546	51.1644
240.497	193.566
186.341	71.3716
192.21	279.259
334.612	297.959
88.9154	282.554
8.23151	408.537
200.864	95.3986
101.323	470.199
488.313	78.437
157.798	198.949
468.902	118.351
104.21	70.6425
126.838	83.3643
210.255	303.48
219.73	380.58
182.898	326.275
157.041	86.1531
420.188	261.792
8.86958	485.443
220.427	97.6214
410.64	44.3985
439.765	409.079
424.472	90.5034
397.275	58.6041
79.351	287.151
61.6454	13.0055
311.026	20.0474
218.412	137.749
437.833	309.439
191.879	453.789
268.273	291.532
377.958	408.269
159.504	20.8477
318.114	395.941
484.212	306.206
441.248	88.7642
131.904	94.1366
353.951	22.3877
219.372	352.475
112.172	236.72
188.665	264.771
413.487	3.46264
322.783	135.953
32.1254	291.587
290.929	314.799
237.4	198.786
420.253	58.9392
15.0109	258.574
300.402	361.593
482.828	403.631
246.44	107.406
296.491	275.197
93.3997	268.24
393.832	17.964
184.886	167.173
55.7877	214.925
374.355	93.7823
313.299	98.2621
192.76	97.7003
205.513	251.094
25.359	179.128
21.8585	29.3411
257.733	110.181
96.4206	342.808
112.496	149.777
441.464	192.45
264.973	20.4703
108.999	95.4958
462.017	99.8675
143.792	289.314
191.622	291.095
293.323	69.8057
195.882	124.615
406.557	283.657
4.56996	419.484
370.025	20.5719
194.966	491.497
180.614	60.0326
402.242	279.978
87.9276	149.91
418.255	235.755
30.5898	301.469
52.0443	87.3924
415.812	32.482
16.3349	242.635
409.415	476.621
317.623	197.241
380.925	340.132
288.833	386.896
96.833	115.904
205.293	346.715
124.686	268.727
398.409	117.756
121.856	494.723
304.238	13.1036
158.855	119.195
445.348	86.73
201.614	20.1469
38.8293	287.047
158.986	19.6749
295.399	475.707
145.241	491.597
103.989	320.178
36.5752	103.487
470.427	307.923
373.541	414.373
404.217	292.572
270.372	308.832
252.347	193.277
441.93	317.486
120.57	459.526
289.61	159.281
480.34	431.815
317.928	145.405
380.274	160.221
115.779	135.953
306.342	26.971
119.831	436.704
423.965	245.178
220.269	279.904
216.203	78.7979
115.381	26.6515
115.146	220.069
278.38	411.138
176.884	25.8021
288.474	391.165
320.849	7.01573
296.824	192.244
334.814	477.908
150.326	181.262
283.262	93.2177
56.8425	277.395
143.767	399.368
5.97821	57.8242
1.59223	166.663
203.018	101.58
284.768	479.735
284.391	365.292
95.6715	260.375
305.756	397.669
418.847	118.721
291.798	187.206
294.823	21.7205
428.5	488.02
277.227	447.403
287.276	58.5004
182.927	330.678
24.7822	97.5707
238.799	94.6162
41.8865	488.778
161.717	214.674
415.321	238.126
484.919	77.8444
162.639	186.926
77.499	363.413
1.48646	342.143
288.985	172.967
404.245	144.773
93.6919	260.576
465.914	399.331
11.241	3.79566
91.9921	195.944
486.962	245.923
23.3433	253.045
32.6998	323.126
119.182	70.3576
174.189	24.4316
76.1337	123.034
311.644	33.5733
312.379	18.0799
407.279	180.428
400.808	163.85
384.363	249.091
328.586	94.9695
1.97293	53.427
478.06	427.246
159.475	112.195
468.976	210.83
456.565	478.201
489.36	89.6016
18.1574	408.782
402.465	170.624
189.531	78.2568
248.698	78.1882
228.849	420.331
379.963	159.481
340.074	215.771
16.1838	1.59889
9.30036	152.206
292.707	336.09
255.865	187.532
221.004	429.436
90.605	83.0938
294.783	301.019
490.154	13.6343
153.535	101.529
194.49	12.5614
395.756	492.401
115.786	314.788
224.597	398.881
443.488	311.771
82.9172	103.843
483.903	106.296
133.135	98.4889
113.817	114.805
40.5782	114.529
392.494	119.538
439.373	388.24
104.085	209.606
337.542	6.46152
124.299	391.606
345.195	223.598
394.836	465.037
367.015	113.251
119.718	381.329
264.044	219.519
163.617	278.653
336.489	303.237
310.444	319.405
31.6765	489.127
466.599	288.988
207.674	431.299
204.394	328.717
208.988	379.185
386.305	220.587
59.5547	192.569
55.107	376.268
91.1936	94.1397
341.264	292.982
219.446	465.134
104.581	89.1797
439.101	399.463
187.016	103.796
152.053	284.95
423.121	393.173
82.214	42.0942
488.77	433.788
417.59	58.3151
19.698	498.145
313.22	392.343
238.183	20.1807
219.025	46.4544
494.224	493.931
179.724	271.524
183.95	81.1338
77.4135	411.978
158.205	102.851
154.388	283.627
106.318	318.912
182.637	282.74
123.818	58.692
190.391	220.732
377.01	435.952
103.132	313.566
21.876	253.636
30.397	211.167
220.642	86.6491
139.197	6.72118
238.018	280.532
157.759	423.03
349.206	396.886
498.01	240.135
289.339	127.311
163.207	277.629
331.347	193.788
6.2542	153.536
223.469	261.059
414.083	60.9998
238.575	415.68
359.98	15.0031
130.952	395.447
177.051	74.4267
222.698	228.281
190.676	277.115
261.56	105.801
200.874	386.148
468.531	302.159
243.452	80.402
115.651	242.373
323.825	320.203
482.776	256.083
136.225	124.944
110.273	62.1994
8.11969	36.3869
111.4	123.315
98.5096	342.07
199.804	126.756
207.635	124.761
235.098	317.934
28.9716	80.8858
385.114	15.8303
19.2982	408.418
347.341	13.7835
259.014	394.206
395.639	92.1558
108.354	253.131
412.594	91.8447
403.187	266.468
404.5	494.944
401.441	383.127
461.291	181.153
411.136	365.274
338.654	216.233
78.6754	441.307
362.268	375.73
474.825	13.0087
284.255	299.541
393.169	324.227
486.033	480.826
13.0048	56.2775
83.2615	219.833
268.44	88.4843
357.768	397.615
324.818	477.622
90.3689	306.108
437.842	112.749
276.603	365.68
282.766	136.327
84.0806	24.9581
126.757	297.697
258.283	184.762
312.151	371.202
73.0221	96.8253
229.793	107.106
355.304	99.1986
316.076	381.402
90.968	180.696
65.1108	387.207
181.598	391.17
382.576	470.214
110.723	388.643
80.2809	249.376
124.342	492.962
227.74	495.753
438.082	405.154
281.914	185.61
27.4942	86.5013
96.1109	301.828
172.214	113.378
49.2659	105.483
120.37	453.053
214.908	153.153
117.053	76.8274
30.9603	23.3749
317.384	207.257
104.703	100.066
4.70137	238.634
71.8409	420.057
140.119	122.62
413.747	88.6919
16.0882	350.64
108.449	237.714
106.711	162.435
210.986	123.331
193.931	309.075
320.312	337.746
421.942	372.126
434.289	323.937
87.3073	223.519
129.874	0.848551
423.481	3.09765
299.128	323.936
138.341	175.128
478.606	183.093
323.719	490.048
28.1167	481.206
295.527	22.6038
99.3461	132.505
113.911	387.37
107.614	158.486
253.319	277.088
415.599	323.176
475.85	151.446
29.2593	385.543
17.5761	458.165
186.087	260.868
24.7459	262.625
236.654	410.826
23.1009	391.24
251.097	382.285
383.89	221.471
392.958	347.255
279.639	271.627
382.514	282.541
442.618	379.872
487.993	374.722
287.26	182.189
18.1432	196.271
403.888	213.734
466.474	221.685
174.111	197.606
428.832	180.406
421.398	89.0792
99.7962	404.476
370.776	480.389
28.6604	402.272
485.729	395.074
197.995	178.693
333.691	122.726
465.45	16.489
68.7817	387.173
444.681	119.163
389.972	394.85
381.328	162.961
10.6217	217.59
301.943	305.996
351.586	23.5775
168.771	216.171
357.271	107.968
213.99	180.666
196.931	188.751
456.937	21.7353
96.4243	309.375
111.441	79.7421
478.281	23.1702
254.487	287.746
191.21	283.111
235.817	320.514
438.139	181.579
483.538	174.861
373.427	14.2854
148.335	220.952
301.188	284.843
288.958	149.316
379.2	445.741
155.931	76.2149
284.394	345.797
180.312	310.512
115.863	170.769
429.517	95.0367
152.684	107.3
150.391	384.54
41.2476	22.3546
441.766	198.973
476.852	197.374
330.629	319.633
491.511	369.558
153.954	322.591
401.93	328.681
28.2635	17.4051
475.956	291.16
160.304	178.498
264.129	484.361
181.921	83.4093
486.967	86.3061
78.4456	138.868
291.564	33.5376
456.193	489.385
398.593	449.305
422.609	223.988
369.363	4.37555
101.855	136.076
460.479	209.348
309.384	388.451
423.037	397.983
393.468	330.718
282.302	298.345
407.525	234.735
93.3539	19.9073
87.384	180.015
244.381	85.8138
156.06	122.363
279.92	137.075
189.677	124.938
293.182	77.3698
394.287	214.13
404.887	459.773
170.675	287.615
306.396	115.949
108.468	469.879
146.454	18.3964
15.4629	179.659
304.337	46.7186
350.331	383.04
195.133	230.516
267.393	218.859
231.741	294.979
121.691	162.234
312.495	225.584
431.419	9.17958
424.935	231.259
360.573	100.05
365.188	94.3876
199.381	22.8068
390.559	190.649
381.135	416.534
187.824	152.598
79.54	259.745
92.865	332.174
185.404	205.643
43.7955	7.95693
233.201	386.311
76.8341	294.22
374.185	383.462
309.426	199.667
75.5859	315.203
183.424	221.184
496.259	54.4918
189.728	116.507
433.455	301.474
411.525	84.6228
23.8565	451.198
330.551	95.7997
183.825	65.0984
195.46	195.81
411.661	237.167
398.453	371.959
11.7296	222.157
138.706	124.153
206.574	50.947
313.82	364.716
118.492	220.146
280.066	260.13
320.01	191.907
230.103	178.922
383.572	300.634
165.572	292.47
176.536	196.03
110.26	394.158
11.5201	453.81
408.284	329.277
409.305	165.221
489.126	16.3454
208.297	335.835
217.348	136.716
216.08	71.2718
13.359	2.62559
401.521	27.1147
377.983	169.667
39.9213	276.527
427.972	383.651
315.833	48.6161
127.278	493.291
123.944	123.26
93.3293	154.176
291.643	45.4775
416.034	24.8514
123.816	288.204
315.071	89.5212
81.4438	244.718
141.544	407.99
420.137	422.032
47.921	76.6226
345.02	102.706
87.2024	394.889
278.977	233.44
141.416	288.366
467.708	5.9844
201.603	23.3217
430.726	206.227
246.793	282.405
440.886	100.521
402.956	309.349
11.7085	232.035
174.65	392.2
314.103	406.999
461.938	14.584
446.413	99.6767
344.677	418.024
458.807	276.748
413.25	253.527
284.235	196.707
401.921	316.142
250.984	113.63
13.7157	191.936
147.531	411.899
113.457	496.696
200.483	41.7599
278.359	300.512
391.987	360.603
188.176	23.0455
228.598	210.252
480.042	251.349
312.719	471.903
101.192	411.243
371.512	415.802
201.036	319.651
318.001	187.652
317.241	204.684
310.56	392.152
482.632	259.253
297.465	222.414
295.402	383.355
476.654	25.1343
295.615	133.965
256.906	476.818
222.566	159.584
61.1412	275.434
398.764	51.4541
192.155	458.808
187.882	230.572
59.4089	381.931
52.8288	477.862
482.233	27.3402
97.0036	119.259
100.448	304.869
279.351	178.653
180.107	62.961
436.981	216.838
101.388	39.4612
282.358	137.831
76.1807	309.582
80.272	257.435
157.598	477.831
368.409	96.5921
413.459	76.5166
79.0685	45.5521
400.993	466.459
377.992	458.82
310.008	483.999
461.129	493.648
482.519	328.926
288.983	446.73
306.052	143.45
306.431	145.117
180.364	29.0326
117.936	453.137
121.433	206.198
396.79	304.21
302.57	335.441
477.968	94.2727
304.083	250.216
298.657	229.33
317.875	302.9
52.4762	293.897
123.258	310.181
127.516	491.612
392.144	437.707
218.633	318.402
384.237	117.685
493.281	198.633
196.958	150.357
439.517	3.31337
282.053	386.319
411.369	486.729
422.933	288.682
112.563	381.938
213.1	312.452
196.888	43.0701
11.4211	73.6138
400.043	433.058
415.358	37.6618
173.342	492.489
376.287	335.374
489.016	147.53
92.2582	349.941
202.046	474.41
243.832	490.544
181.569	424.106
300.732	177.237
83.8722	464.013
305.195	344.837
24.3416	388.939
7.33505	85.1123
258.135	390.584
399.57	152.66
120.538	60.4911
259.379	80.2576
213.346	321.871
224.584	407.41
461.527	94.5311
14.1544	260.244
319.741	225.64
251.902	200.117
26.8515	480.383
193.221	205.043
413.39	145.721
352.968	8.15192
300.726	88.37
184.631	221.647
61.7149	314.629
416.752	284.385
265.173	317.374
5.81667	119.163
123.701	458.381
435.896	193.732
347.835	404.547
301.788	331.008
397.196	204.089
330.791	422.762
125.593	107.502
1.03171	134.248
24.1672	151.665
296.553	140.907
84.6358	499.43
324.703	188.438
378.91	121.126
110.835	282.864
282.037	406.595
124.062	329.75
232.145	488.281
392.594	356.46
115.499	131.718
258.572	80.499
385.014	489.487
415.132	289.828
198.773	115.059
437.107	179.693
221.951	384.435
327.657	281.404
135.697	187.62
90.5713	309.123
350.882	481.436
103.915	414.936
244.496	79.3113
77.2756	307.184
164.063	101.932
402.224	262.295
285.359	188.727
222.007	379.575
481.477	335.809
313.827	264.642
64.1489	482.115
161.888	498.606
45.3581	275.032
100.789	87.5848
217.139	375.495
296.505	215.644
5.68107	19.675
335.711	97.8611
5.62533	126.434
3.19074	39.5853
165.737	284.679
178.393	248.011
159.355	111.969
144.743	497.505
193.587	138.323
321.162	458.79
69.6359	98.6562
389.879	355.756
462.026	292.827
202.854	369.058
150.614	110.846
198.756	387.316
251.747	217.083
400.166	210.025
196.076	437.97
189.709	116.527
399.672	287.5
393.902	292.516
261.769	208.199
438.455	16.2852
447.307	120.64
409.175	223.014
28.3406	318.672
111.247	312.475
326.444	17.2501
206.776	238.143
258.886	311.538
399.813	75.379
269.337	293.75
348.074	385.559
83.1896	449.246
121.174	102.448
451.377	420.306
380.389	221.019
84.2542	492.687
161.397	88.8921
495.121	212.88
282.293	378.744
315.234	163.908
131.15	387.353
426.75	392.016
319.309	288.56
82.2076	153.005
37.9176	310.847
29.229	312.84
215.236	269.558
123.17	82.6505
298.325	374.418
120.938	408.452
380.048	409.667
375.01	45.1246
205.465	273.01
382.238	77.6837
398.33	62.4739
79.8619	277.222
379.257	330.692
460.841	87.4668
83.3477	308.633
254.79	402.536
13.1774	45.4521
469.283	318.459
310.002	368.301
214.561	401.268
326.758	189.625
341.568	209.44
310.719	109.668
196.463	467.806
253.348	178.47
202.988	497.467
112.5	28.8135
173.907	198.26
200.481	319.277
221.821	481.444
414.434	121.361
479.054	88.0842
306.438	90.1852
300.136	115.182
455.914	79.1941
386.377	352.471
399.308	449.47
311.575	294.133
368.539	103.442
419.52	157.42
283.174	227.48
79.3814	296.03
492.785	114.291
228.426	393.345
481.669	46.2923
478.543	154.569
115.772	140.257
481.278	107.858
199.993	40.0015
373.085	80.0064
207.124	188.966
137.644	112.741
207.938	415.59
106.099	37.5616
80.2421	0.452304
423.516	472.634
389.975	176.754
65.8367	279.07
386.234	206.334
194.012	208.814
410.959	274.266
275.765	219.767
164.248	195.667
240.64	407.149
372.759	385.257
398.332	88.7277
99.2427	461.442
456.279	105.274
158.401	119.823
210.848	322.963
285.318	246.092
30.6858	117.464
289.769	427.445
103.192	341.588
98.0864	436.88
159.268	100.147
424.646	225.953
82.9955	144.683
342.848	417.826
401.926	0.885893
322.88	133.357
375.953	465.092
47.942	209.346
223.697	167.761
374.244	496.874
202.644	66.1824
386.274	353.183
177.425	35.4262
409.441	383.631
233.813	294.144
488.988	202.034
383.88	459.22
417.35	325.317
332.41	123.658
63.2424	218.613
331.287	388.907
146.886	177.315
181.196	451.229
137.148	20.9416
194.254	157.265
22.1416	293.901
38.1408	484.699
483.16	487.624
151.09	493.545
281.913	38.7754
83.8356	59.2504
128.887	309.279
372.851	401.552
437.866	216.548
331.418	15.8485
497.1	419.026
36.3173	316.327
306.866	344.455
426.195	303.606
214.184	115.888
419.446	56.8268
238.262	98.117
304.364	7.50008
290.401	498.648
401.376	104.094
395.865	92.3628
171.821	395.295
308.501	331.016
54.1744	97.0242
177.599	218.936
300.28	474.215
113.779	94.6576
37.8115	217.129
326.574	393.687
212.215	198.62
91.1314	434.883
115.751	246.747
7.72906	377.587
98.6325	67.591
321.347	407.744
487.555	222.233
400.051	0.629732
119.797	495.738
445.358	16.3133
377.555	268.869
319.614	57.2845
242.749	300.28
248.597	190.351
106.338	194.063
155.179	394.797
13.0988	384.847
21.904	124.073
0.528382	131.807
217.827	202.504
377.2	212.464
329.52	206.474
356.208	202.514
403.322	447.944
337.964	308.015
102.058	51.4083
55.0293	276.301
308.529	345.822
492.308	57.5136
443.505	388.15
17.2328	262.575
152.51	395.342
77.7954	286.96
10.19	264.974
476.226	40.6065
102.195	434.25
123.377	385.836
374.424	280.752
21.4949	244.207
103.544	120.224
275.688	472.537
158.019	407.149
376.153	240.348
99.3453	348.695
294.298	278.301
128.834	389.684
350.048	282.477
403.014	100.333
291.34	428.862
112.009	359.461
60.9112	287.719
420.558	96.8715
219.95	172.424
146.736	299.275
283.148	282.371
315.315	138.392
193.241	435.924
34.0465	302.22
30.504	24.5929
365.349	487.392
209.3	289.433
222.442	31.5412
429.921	89.6184
388.981	249.698
414.242	264.443
24.2149	461.413
315.838	70.67
138.258	316.535
496.451	5.86618
174.637	98.0926
210.073	78.5023
129.524	5.56615
97.0178	203.734
9.36834	323.709
386.503	471.322
102.298	455.573
447.098	476.769
212.849	77.8902
403.588	316.804
277.002	460.268
34.852	95.5415
406.459	163.441
362.273	313.711
112.942	436.14
83.0458	207.646
191.509	267.901
147.237	378.153
274.197	206.751
317.625	355.702
308.573	83.6014
122.52	127.23
395.483	40.161
264.007	185.916
3.42774	324.503
424.937	409.024
333.457	421.904
64.9324	277.251
418.576	489.925
350.897	118.932
231.049	109.179
21.965	224.247
481.556	484.137
364.784	399.667
93.4294	291.128
482.826	351.629
310.257	104.323
259.95	276.074
330.145	324.048
87.0129	399.011
416.81	492.225
17.1773	471.014
194.833	380.859
491.467	98.0047
242.976	386.066
251.424	403.962
235.412	322.258
15.2358	400.867
273.131	96.5452
413.215	83.7138
82.2982	75.868
272.643	197.085
63.3486	424.166
3.61265	185.61
146.413	24.3096
188.563	134.604
50.2403	6.35385
417.572	7.04364
136.779	5.71221
396.012	32.653
106.269	30.7506
212.878	13.8409
186.485	50.8362
273.113	378.338
315.163	226.698
409.267	465.589
9.95789	82.6974
181.335	78.4813
205.021	365.395
376.79	451.29
385.569	258.245
377.631	282.335
223.003	109.593
86.3715	182.447
442.308	82.8892
99.2104	135.441
477.254	178.902
121.427	197.375
89.536	384.641
35.3802	293.499
449.334	391.574
244.714	201.288
196.96	170.302
369.238	300.42
335.898	210.674
55.1666	180.481
457.938	210.1
126.247	5.06546
295.003	301.604
425.417	412.618
115.595	413.807
482.189	331.349
71.3926	382.553
485.785	474.861
359.022	23.2041
198.229	173.97
289.633	497.453
492.276	442.099
113.695	389.995
359.301	221.33
381.784	161.179
256.057	181.923
17.4666	249.578
414.072	494.673
18.3999	476.819
328.508	78.2012
143.372	475.933
108.15	8.74906
252.761	219.126
244.806	388.768
2.44522	308.198
354.048	479.292
29.3635	386.202
218.548	325.267
123.738	102.178
457.72	275.159
113.524	375.104
438.198	406.244
282.798	318.533
161.01	80.8883
366.398	115.406
496.143	125.473
31.6033	90.0626
133.922	298.814
360.121	107.546
385.284	228.23
195.867	57.8206
375.526	157.313
196.034	100.368
482.31	28.5504
218.842	423.224
418.961	261.654
455.321	495.355
259.771	211.176
101.42	368.597
217.869	72.5781
429.353	87.1404
126.032	108.797
221.601	352.173
94.9166	394.734
123.081	386.056
87.0673	47.8827
407.041	140.006
484.886	256.035
444.114	204.616
191.546	338.755
66.7505	212.837
14.3976	202.666
185.971	394.294
377.535	300.387
224.376	16.0307
15.5465	122.581
112.814	419.218
353.43	121.289
92.5061	320.097
79.069	63.7492
228.255	491.106
408.278	472.839
7.14442	88.413
293.164	135.596
143.769	17.3992
410.892	171.195
380.436	432.064
147.68	208.705
3.7406	212.338
190.572	396.659
385.096	178.036
4.9534	430.417
182.75	255.208
113.034	157.848
189.018	24.2588
305.286	415.227
238.237	482.656
39.6647	285.446
111.06	101.131
9.77925	240.822
300.531	6.24515
460.451	408.748
293.92	265.779
12.4561	33.6228
255.216	121.124
281.325	361.867
475.839	94.3624
271.104	386.44
29.4026	114.269
86.1238	497.415
491.812	385.311
299.003	86.0474
207.998	172.154
404.083	356.449
54.8999	476.682
137.906	488.839
238.639	390.955
86.5951	485.647
446.286	219.878
139.822	91.784
360.25	120.089
247.063	301.671
316.13	454.226
380.426	145.04
112.454	419.966
439.156	187.788
30.4104	217.804
481.855	488.111
289.886	313.224
382.807	324.241
189.829	186.914
425.898	23.213
12.8123	299.373
217.782	74.5245
321.027	93.0607
65.3155	389.749
288.552	164.411
305.815	126.351
385.663	398.229
102.009	87.7113
487.586	113.863
273.532	218.263
487.229	55.6909
46.9615	479.094
196.298	54.7786
482.602	130.036
224.782	4.33111
321.636	60.2163
82.2281	179.179
151.942	294.412
460.029	183.064
30.1608	390.157
303.962	8.09448
150.412	475.521
286.793	51.2011
390.603	293
229.475	324.631
91.9818	162.957
97.3247	208.863
396.053	491.406
419.962	155.364
301.825	254.463
420.938	299.855
116.521	390.847
1.07135	32.341
196.878	80.547
104.342	318.659
255.077	23.628
28.3265	8.40748
319.825	204.68
38.8258	413.146
123.23	364.365
139.622	178.124
325.808	424.318
329.387	398.549
446.998	297.068
88.1508	423.275
68.2824	20.1429
390.445	9.77116
290.629	104.688
270.095	179.831
220.922	427.349
61.1705	300.313
490.685	414.151
5.11367	121.808
222.724	358.028
462.021	177.262
2.26015	367.535
280.241	4.54977
381.709	83.8998
484.051	213.338
440.021	91.6774
114.078	145.026
192.898	11.4364
294.056	160.711
11.8421	398.927
257.138	492.339
97.4777	198.103
171.213	388.383
180.603	493.661
461.942	93.5712
226.281	409.534
412.631	214.035
261.231	293.506
454.117	120.153
95.6811	279.823
476.434	369.642
135.743	302.259
77.4114	395.853
155.64	15.7339
341.896	112.205
109.858	46.7234
124.752	336.596
17.2484	453.77
193.04	336.717
382.19	55.9382
105.823	201.154
257.131	22.9031
165.75	387.508
485.111	481.087
420.713	259.451
37.7182	89.7004
479.864	263.166
222.942	300.451
94.9702	429.368
457.487	117.041
497.114	377.352
243.008	416.448
38.6887	91.0798
123.697	376.72
486.843	66.0278
29.081	290.141
43.2829	417.042
437.649	424.27
188.088	88.0822
89.467	72.4897
434.248	77.4341
413.574	130.256
282.157	100.608
394.983	457.147
15.5994	371.517
455.58	203.667
386.627	132.064
445.578	300.739
209.598	170.122
309.854	381.952
299.37	157.599
407.064	376.379
174.674	486.563
348.541	197.216
395.389	312.058
90.1834	445.468
367.097	311.032
213.398	165.734
492.9	272.904
302.779	278.806
13.9786	221.9
400.187	150.959
26.6727	383.487
121.305	481.835
181.477	388.261
431.811	302.033
178.323	210.696
149.579	319.193
94.8007	54.3676
300.53	489.737
318.043	32.1791
399.576	458.425
63.2613	220.199
407.38	468.269
471.061	103.736
121.613	443.59
307.085	101.735
487.815	24.6767
90.3815	468.096
303.141	264.893
252.776	313.079
227.243	288.981
370.974	492.914
38.9539	218.437
99.2937	245.589
426.625	498.982
53.0089	319.74
448.68	104.84
371.863	111.849
385.425	323.525
97.2591	12.7905
174.076	309.411
19.6553	393.263
332.937	118.75
111.044	402.005
226.325	99.4275
395.65	456.732
240.756	195.034
306.109	130.42
25.7662	85.8342
490.097	453.808
354.494	392.247
478.403	262.629
177.939	3.69606
391.265	373.293
395.037	49.4346
479.661	402.807
84.1149	171.546
369.36	280.968
373.253	385.35
383.342	139.38
175.046	146.141
397.645	173.194
17.1997	78.3234
493.491	175.822
205.933	209.079
403.777	330.602
90.6745	234.557
70.4402	204.098
297.826	130.05
120.442	271.576
278.352	162.298
349.395	217.237
317.67	84.0172
290.286	363.805
332.861	211.674
472.062	486.632
354.951	287.632
101.295	357.699
173.168	190.701
343.46	104.429
453.537	386.319
55.9337	479.145
273.366	423.591
479.203	469.133
494.543	410.883
496.086	166.164
250.626	102.791
2.46982	232.875
271.572	107.691
90.0133	391.151
10.3269	285.055
416.36	149.612
178.061	126.876
405.328	398.015
88.9626	323.187
378.198	457.712
324.059	115.247
17.2375	132.864
199.388	290.498
487.216	315.744
214.372	332.913
283.627	429.645
449.517	24.5783
392.533	14.303
135.97	421.863
327.184	386.676
463.878	398.285
147.999	281.732
287.457	88.887
23.517	484.772
8.69005	370.181
409.098	294.847
117.455	327.667
33.3106	224.908
356.631	402.753
218.115	23.8883
396.087	286.075
384.119	387.84
338.219	97.8227
239.53	399.655
47.0208	110.912
280.099	412.541
367.92	177.832
162.092	303.165
396.728	336.55
305.955	407.277
263.488	388.067
207.481	81.1183
190.131	236.429
451.754	116.484
168.983	186.514
186.495	434.289
393.345	446.776
104.22	349.15
74.5832	485.124
108.39	344.82
389.576	195.536
98.0358	223.953
469.025	185.252
396.834	351.199
305.831	261.547
370.601	387.095
16.472	421.481
392.322	377.894
14.6111	84.7271
312.81	290.496
455.031	418.937
36.5031	391.858
56.5953	110.236
408.843	275.831
195.567	71.3338
389.181	47.0594
152.881	198.73
418.284	313.59
385.414	150.918
405.013	280.023
242.463	315.359
151.458	78.5068
400.53	415.167
481.971	485.717
370.319	399.439
123.422	68.9719
398.425	85.7311
282.27	403.59
266.867	396.711
56.1419	78.8654
368.413	0.524954
392.123	48.3743
498.769	363.415
262.654	308.087
93.3798	170.892
103.875	169.282
183.873	129.51
117.441	102.235
171.177	297.025
296.374	252.133
