Saved a vector of rrt <nodes> points.
X	Y
25	475
32.2312	468.093
32.9597	458.119
40.8667	451.997
42.6421	442.156
50.2413	435.656
54.9008	426.808
63.0478	421.009
71.528	415.709
79.5617	409.755
87.0126	403.085
95.5449	408.301
81.1712	394.969
86.6006	386.571
18.5058	482.604
79.3503	379.684
104.702	404.283
113.009	398.716
122.344	402.304
129.422	395.24
122.087	412.3
75.1533	370.607
127.288	420.841
136.97	423.345
79.4231	361.564
134.237	386.475
81.7359	351.836
139.213	377.802
146.968	423.535
148.592	374.332
152.547	365.147
153.381	355.182
160.237	347.902
79.1122	342.186
165.314	339.287
172.55	332.384
158.578	331.896
182.456	331.017
156.162	322.192
192.341	329.51
76.3929	332.563
66.9851	329.173
200.616	323.894
155.11	312.248
156.474	420.431
209.323	318.977
214.276	310.289
135.101	433.169
152.085	302.716
215.773	300.402
213.967	290.566
162.167	367.877
221.151	283.609
224.787	274.294
164.57	426.301
63.9275	319.651
229.216	265.328
159.166	306.122
230.328	255.39
49.2011	457.523
236.69	247.675
245.857	243.678
223.711	313.601
174.567	426.537
233.677	278.872
242.821	234.15
241.407	224.25
235.404	216.253
63.1575	309.681
243.166	282.028
252.45	285.743
233.368	206.463
183.442	431.144
67.4289	300.639
224.75	201.39
258.088	289.292
268.043	288.346
276.609	293.508
227.806	191.868
285.818	297.404
230.263	321.156
163.354	436.227
150.505	379.587
192.5	426.905
295.404	294.554
62.0747	292.193
298.961	303.9
236.458	186.853
244.244	180.579
213.531	308.761
243.504	170.607
218.73	187.67
197.018	435.826
206.242	439.689
307.404	309.259
251.891	165.161
246.811	156.548
144.383	350.821
244.674	146.779
228.457	330.991
252.488	140.539
216.192	440.685
317.08	306.736
322.135	315.365
262.485	140.815
327.73	323.653
272.422	139.701
239.776	324.236
280.053	133.238
204.482	320.707
33.7996	460.221
58.8896	455.047
228.273	340.99
288.116	127.324
325.527	301.383
73.6059	371.487
332.056	293.808
46.7882	420.961
296.366	121.671
233.076	345.272
82.1111	367.684
306.329	120.82
208.737	188.058
53.3869	311.811
85.3241	390.441
200.172	182.896
192.805	176.134
312.502	112.952
64.9151	282.605
282.859	118.817
138.554	442.554
284.9	129.66
70.5202	274.324
317.681	104.398
292.768	284.908
325.992	98.8355
144.727	375.078
225.972	438.598
235.089	442.708
37.6957	476.205
335.37	102.307
189.156	166.824
275.409	149.245
183.342	158.688
301.923	309.687
248.82	253.229
235.257	150.143
64.0569	368.517
90.9837	355.641
298.293	319.005
258.776	252.292
175.454	152.541
244.736	445.342
220.462	253.759
69.9064	264.343
254.718	444.748
332.753	332.299
201.103	421.808
47.613	477.488
62.5076	257.615
210.512	252.762
234.496	228.575
343.849	107.609
279.018	158.571
166.136	148.912
248.986	320.341
205.192	295.362
53.7077	252.865
277.759	110.215
278.401	291.515
52.0787	242.999
263.65	449.244
271.273	102.604
352.71	112.243
347.646	119.424
154.403	424.753
216.465	450.681
362.667	113.173
138.203	452.548
195.69	298.477
322.515	89.4594
213.536	460.242
371.648	117.57
37.1285	438.137
270.82	442.273
333.903	93.2751
294.975	275.154
265.264	94.6112
290.364	322.898
380.336	112.617
263.271	108.602
387.938	119.114
68.5455	457.647
188.912	322.632
276.99	434.403
396.171	113.437
282.586	306.867
405.302	109.36
152.997	327.24
164.057	297.4
142.977	298.588
119.448	399.028
286.777	436.459
296.763	436.981
265.511	84.6142
221.086	466.799
300.777	427.822
379.885	102.628
310.378	430.617
133.054	297.349
168.59	309.466
319.882	433.729
329.439	430.786
48.4674	233.674
361.851	123.14
96.6818	363.858
46.88	319.404
169.578	351.472
255.149	114.436
413.05	103.039
255.547	83.7628
322.311	79.4615
331.271	342.189
258.354	323.842
254.792	434.748
135.19	403.409
339.073	433.467
316.536	71.2973
206.801	413.59
129.455	407.467
346.674	426.969
216.483	411.089
420.193	96.0394
248.176	77.0049
426.561	88.3295
411.45	117.246
353.428	420.826
80.5133	273.952
329.197	351.972
161.578	287.712
330.777	349.417
47.0574	410.965
229.384	472.38
222.718	194.85
96.0995	418.285
336.257	102.213
56.5099	361.956
427.22	103.154
362.531	103.174
140.334	420.816
60.0849	437.418
361.395	414.782
324.572	65.3462
236.284	479.618
275.615	137.123
310.226	104.936
227.829	143.448
189.751	420.091
82.4959	342.605
361.243	133.121
258.673	425.532
141.189	462.092
241.399	69.6517
370.633	418.609
123.194	299.018
430.123	78.9854
38.7554	231.291
227.635	267.191
435.162	70.3477
289.999	332.892
166.391	138.915
238.892	65.4803
77.5342	388.628
317.606	58.1716
39.3528	312.821
261.716	298.611
64.2158	254.713
379.012	424.067
362.246	143.071
388.873	425.73
234.212	76.6043
41.5862	327.888
43.2535	463.135
37.2651	417.91
340.594	443.351
33.431	307.806
208.442	255.784
324.373	50.8089
397.407	420.518
77.366	270.875
403.072	428.759
204.746	244.592
180.783	154.324
195.708	240.311
224.279	75.4448
286.504	165.201
297.438	446.958
131.412	464.196
333.451	46.6136
297.213	436.265
415.781	126.259
416.796	136.208
23.2341	455.793
443.269	64.4929
71.7895	248.184
354.087	407.956
42.2095	334.27
411.221	434.555
400.784	438.494
280.85	315.556
219.083	66.9004
71.5886	467.173
215.312	79.8718
75.4967	238.896
342.878	417.717
420.408	438.505
77.4139	460.76
76.959	229.004
38.8414	221.291
237.976	55.5224
420.45	140.584
210.347	77.6336
213.037	58.9356
201.115	436.843
183.675	180.213
39.7499	211.333
212.297	48.963
70.7731	477.14
213.181	472.923
33.2675	469.128
86.4337	225.805
196.091	306.254
427.384	147.789
44.139	202.348
426.224	430.37
27.3514	419.221
341.75	52.1924
33.3321	297.806
217.798	421.002
241.227	436.242
122.501	308.994
199.997	433.811
210.856	194.454
26.3041	314.82
426.927	446.088
351.676	53.4067
166.697	128.92
376.312	433.696
299.79	456.677
47.9638	487.482
359.183	399.352
334.219	36.6432
375.515	409.882
34.7628	240.459
160.256	411.174
435.076	425.719
76.9151	297.475
242.939	63.7434
178.977	189.04
166.479	153.156
429.062	62.4238
202.413	50.4804
444.578	422.603
48.3482	401.048
262.881	332.758
202.8	404.425
43.7032	225.794
145.979	443.025
308.504	461.583
261.913	109.34
8.77339	484.902
320.213	356.364
192.498	49.1785
366.03	394.729
259.563	80.1515
266.601	453.479
70.9186	356.304
84.0286	217.314
81.3291	251.183
67.6252	485.752
243.076	345.32
243.027	274.303
449.267	413.77
213.759	74.5305
25.8834	245.059
19.3564	252.635
185.708	240.276
153.804	281.422
206.486	175.142
185.292	56.112
264.264	260.652
295.271	465.598
262.457	342.749
74.5437	370.923
413.578	147.849
251.591	418.472
300.355	284.233
175.388	54.7271
312.115	118.538
88.8018	279.547
244.519	177.362
310.645	50.9923
165.593	52.7131
162.755	355.93
29.6519	217.348
52.6895	371.198
383.298	417.349
130.161	474.117
241.124	61.1385
142.837	345.654
167.655	279.769
360.875	143.413
247.662	187.546
79.8597	325.195
94.981	428.223
281.154	136.525
306.382	41.9466
175.718	239.823
114.815	293.56
29.1912	288.704
340.952	126.853
240.605	45.8741
321.023	366.331
452.285	68.8192
228.518	354.173
49.5287	359.235
233.346	362.931
123.044	481.143
239.69	215.571
451.185	430.11
352.623	396.963
199.572	260.402
240.985	143.644
330.38	110.973
261.493	162.367
92.0261	211.311
459.151	412.255
335.514	410.952
56.9008	412.164
19.6526	217.473
246.65	271.514
242.37	487.553
419.151	63.7549
446.426	438.904
452.186	78.8187
219.212	138.374
220.393	301.091
344.186	60.1074
273.998	258.363
469.105	411.292
275.144	81.9306
222.771	129.029
355.863	44.3255
447.922	55.6416
26.4008	259.733
319.554	358.4
306.594	113.196
227.727	422.191
277.962	126.27
105.645	359.424
190.818	299.981
17.9743	309.287
351.315	54.5684
310.276	130.008
299.113	337.007
239.823	352.372
222.188	402.876
281.517	251.77
214.9	272.789
40.7628	328.409
209.227	137.817
301.791	33.0627
90.4251	247.028
60.5616	448.899
64.8546	248.037
123.272	318.964
252.237	291.602
101.164	215.372
460.004	85.0542
302.966	427.871
227.746	217.483
184.37	66.0694
210.554	414.012
294.224	420.268
136.524	341.938
298.652	435.789
95.2224	227.463
286.08	414.464
76.3533	490.633
132.638	351.152
428.125	134.175
224.685	437.26
331.77	401.68
299.928	346.974
203.715	476.148
445.055	404.7
55.733	380.723
201.321	197.466
175.908	71.3973
450.013	448.238
459.984	448.996
457.828	54.2718
248	442.607
436.1	128.141
242.836	366.082
208.777	196.709
320.374	51.6198
221.718	87.5509
467.208	50.8068
308.344	419.441
169.447	192.072
236.783	428.578
434.523	109.985
244.722	316.198
51.632	367.388
88.7912	278.886
201.725	207.458
405.931	415.288
364.816	39.8706
101.153	436.09
167.897	404.724
252.939	63.7736
107.39	286.862
12.4066	210.582
33.3495	338.907
281.547	74.2493
459.523	95.0426
446.794	394.853
298.248	265.705
440.188	387.345
183.917	414.047
289.43	142.138
376.018	394.235
92.6367	380.03
78.6198	322.273
51.7607	321.267
110.359	294.053
224.322	94.4473
267.684	463.42
202.054	40.4869
58.0157	398.491
79.713	299.066
150.913	459.762
208.375	455.668
445.043	378.603
175.103	359.807
436.918	61.4041
243.615	361.876
25.6387	345.275
413.545	408.806
245.334	298.836
206.311	183.262
245.43	60.9997
64.5683	238.725
219.442	147.323
73.5835	416.173
317.521	79.5768
327.356	338.156
267.209	351.548
10.9493	478.634
168.948	43.2926
413.912	55.2372
283.056	445.741
249.433	213.321
404.247	144.251
454.22	374.629
233.75	91.1142
224.368	407.286
421.529	413.579
218.539	213.58
436.931	144.815
159.661	454.916
64.6001	361.53
217.305	65.4087
256.492	109.221
354.065	34.4883
376.774	443.685
440.711	413.924
92.3474	433.382
307.052	24.5586
148.396	273.01
108.399	208.469
224.723	464.548
154.212	464.637
458.238	365.472
92.0252	443.377
270.62	344.008
168.491	202.026
317.568	105.63
453.5	356.666
71.2434	369.499
334.714	26.6555
296.495	165.619
374.243	43.2067
214.671	156.112
356.359	387.687
27.7744	441.672
382.717	401.493
117.902	211.58
265.314	350.556
258.318	411.073
464.736	457.795
240.349	200.94
295.362	127.104
129.509	396.314
323.762	100.184
19.2768	287.398
202.557	30.4995
188.278	147.704
189.144	178.372
269.97	473.155
229.031	52.3192
105.177	395.092
62.1246	386.724
283.162	253.912
306.485	166.054
87.2941	366.697
230.187	442.711
354.54	399.977
9.48231	254.217
351.978	147.978
88.9213	201.805
382.285	428.405
243.719	36.3713
182.139	441.058
204.971	273.974
459.668	429.046
426.596	452.37
144.416	382.678
384.023	45.294
243.412	370.951
104.616	230.893
432.089	92.7419
323.448	376.033
98.1003	290.564
131.311	421.716
7.94569	469.096
177.648	280.139
237.67	473.181
378.755	453.487
452.361	410.43
342.611	69.9825
219.354	345.512
353.474	421.105
168.428	459.727
465.678	102.925
81.9124	451.829
83.6986	363.522
292.641	418.479
185.146	54.9844
445.716	149.594
115.414	318.084
100.29	248.67
260.375	94.7306
455.699	149.017
451.272	382.95
240.589	313.268
71.0861	460.908
476.718	404.809
116.431	488.644
349.87	29.049
320.454	92.1975
441.512	47.9661
231.455	329.301
316.438	467.669
244.053	256.865
163.897	423.018
247.638	48.6698
112.835	235.031
316.53	137.811
151.936	456.253
194.311	339.314
211.825	352.094
309.932	55.2888
410.173	68.1593
70.3565	475.559
39.026	491.967
297.827	20.6982
181	192.205
62.6198	319.953
293.269	11.7976
326.347	21.1796
173.502	81.1036
79.7128	220.47
315.858	147.401
284.003	8.03646
249.836	320.308
23.3698	410.048
235.988	223.408
219.643	184.841
159.334	202.637
476.985	48.703
112.05	282.969
55.0141	380.311
277.69	322.644
35.4462	280.901
113.965	229.418
232.793	52.3368
263.453	428.959
41.1534	483.348
297.944	410.001
268.884	141.23
321.474	361.88
164.092	34.5508
249.916	251.264
159.278	364.784
146.475	466.94
331.917	20.5842
161.106	414.264
270.37	358.546
323.023	396.833
182.621	169.467
431.237	382.887
157.034	441.277
10.8389	200.705
286.886	9.22139
445.209	147.597
121.244	202.155
110.515	362.632
74.4383	397.407
320.484	458.524
420.922	406.532
256.111	69.5924
10.0588	248.545
184.124	355.49
324.534	473.539
234.503	44.9486
332.166	342.697
445.23	132.221
201.582	169.107
325.484	146.19
475.314	100.253
173.546	121.634
304.87	63.9134
308.238	265.262
127.039	478.242
207.626	182.363
455.095	130.583
68.3652	379.408
332.447	29.5984
319.366	19.9819
318.32	340.691
41.6415	367.823
199.964	24.5925
345.053	452.302
227.55	243.619
483.943	95.199
407.664	441.86
454.245	72.0451
130.169	334.217
265.443	253.291
81.1552	293.473
192.854	142.183
303.504	270.59
395.608	144.874
422.148	461.326
126.103	491.186
147.101	359.003
39.5187	377.595
465.733	40.9162
33.7052	204.125
163.558	337.654
307.684	81.3775
82.1649	420.407
373.998	462.283
287.118	106.849
225.788	393.546
465.037	145.44
432.222	110.156
376.532	435.255
207.865	68.3311
368.049	470.322
69.8609	395.63
327.542	41.0509
280.599	311.873
211.478	165.444
163.502	81.0939
29.5696	376.587
214.464	222.713
302.731	8.56178
465.019	129.353
155.637	266.868
243.457	71.3881
191.052	56.6926
16.4861	341.246
213.483	397.953
192.566	29.3512
203.028	61.7552
312.305	256.125
18.3407	401.404
242.35	214.158
388.976	410.209
430.574	466.712
177.06	281.849
315.404	300.454
128.96	460.388
458.82	33.6904
435.659	39.8579
413.464	466.284
306.5	14.6514
280.157	356.494
438.771	56.2724
291.331	454.259
57.8907	294.2
418.161	99.7251
82.0159	242.841
246.049	340.891
447.78	48.5181
474.161	454.452
333.68	24.9806
291.817	33.7813
201.028	425.68
64.9147	391.572
127.561	288.993
320.371	250.215
221.368	325.092
144.424	281.684
9.37397	288.788
423.176	101.443
82.9179	498.176
129.877	207.201
178.169	461.987
440.143	143.38
244.77	380.859
252.885	59.7892
163.798	303.786
423.341	376.751
360.273	402.998
468.502	433.734
259.269	318.125
301.118	161.694
324.572	259.29
410.423	45.8657
188.167	461.824
390.474	406.232
308.636	409.588
243.542	64.1874
391.555	38.7166
462.249	441.25
177.764	471.979
327.038	393.368
401.726	62.8077
409.044	142.265
67.3771	427.196
150.751	390.415
280.091	90.6211
136.583	289.323
4.02105	297.235
175.63	135.089
29.2627	225.187
477.748	463.787
96.8213	272.926
227.485	484.37
71.2047	420.744
287.446	147.212
107.165	403.254
275.707	2.45313
468.817	429.115
314.451	404.216
355.275	20.6358
91.2322	270.278
408.673	473.128
231.772	430.002
214.156	264.556
14.0865	413.765
219.801	294.116
70.4454	434.839
276.905	480.359
435.304	402.485
173.471	173.5
151.257	329.137
297.109	45.6892
465.981	461.464
17.7054	421.9
486.246	52.476
87.4531	424.972
275.817	486.052
467.197	60.8068
393.495	68.4871
442.35	72.1149
321.296	77.6495
465.592	413.47
489.52	43.0274
339.148	15.7472
32.9171	458.063
413.31	418.273
265.747	1.56296
467.734	461.084
478.831	93.4157
299.63	400.144
36.5968	323.868
327.787	146.57
265.583	66.3849
383.752	445.084
215.565	126.783
172.071	123.321
184.253	335.544
277.856	110.201
108.669	494.949
167.277	211.952
142.453	264.968
42.1143	293.023
221.525	138.831
301.125	266.001
89.6994	323.412
284.87	443.19
456.631	371.952
136.002	257.326
292.892	251.604
189.534	19.8218
243.623	252.864
68.3569	368.508
405.694	402.613
194.481	11.1312
117.825	302.971
338.416	459.782
373.804	53.1971
175.344	345.661
444.797	351.741
57.0521	428.904
138.43	260.434
6.24476	263.509
141.402	248.909
34.7424	439.23
334.501	474.355
146.808	240.497
78.8624	209.528
164.016	300.698
29.0279	491.773
457.193	391.009
127.907	258.013
203.174	159.234
265.469	69.8274
427.609	367.708
338.621	127.772
486.092	458.274
250.886	41.374
33.2119	254.09
9.32771	334.263
182.522	85.421
238.26	27.9924
311.567	39.5365
332.809	99.8632
337.244	137.676
117.959	259.029
445.84	392.146
399.613	32.7947
361.758	403.015
363.961	479.448
186.277	5.41379
175.919	481.808
9.27158	397.191
459.024	415.352
476.055	422.215
371.286	147.346
67.3702	289.034
135.006	459.388
236.451	264.748
435.728	475.282
364.573	135.342
79.1783	489.029
37.5336	292.73
45.9214	287.348
345.726	458.377
234.469	138.323
99.8819	240.437
69.2025	206.942
300.595	36.759
324.664	254.341
132.654	266.673
411.738	137.306
285.759	155.567
299.464	347.696
73.1317	220.3
436.113	485.274
207.664	37.8337
433.339	88.8511
26.5941	400.179
269.851	348.616
444.347	422.573
258.335	456.724
354.126	477.636
178.402	50.4778
330.628	354.391
304.827	391.601
318.294	371.728
276.619	289.282
59.5106	320.5
327.156	56.9435
236.302	18.186
234.14	305.624
239.424	349.506
331.19	391.204
322.846	325.294
112.047	282.766
163.522	315.184
460.935	137.218
489.855	92.4131
468.216	366.147
96.2979	349.971
310.5	152.53
20.2098	252.702
151.282	208.567
180.949	242.774
433.766	30.0388
489.079	33.0371
208.629	270.411
338.173	87.0308
176.755	434.997
284.874	490.293
190.459	444.924
186.314	150.868
84.9817	467.297
169.069	214.254
161.965	317.335
435.306	66.3193
490.569	30.145
406.054	400.673
330.563	156.177
484.367	427.774
426.499	488.024
172.768	395.99
481.357	395.95
351.597	487.311
91.2848	280.345
173.663	428.053
34.3763	301.534
234.814	433.633
145.007	416.191
345.411	53.7298
313.997	262.583
391.715	405.487
138.073	235.629
147.217	413.114
4.60678	306.751
259.55	260.094
94.515	218.41
23.5181	408.286
213.002	433.376
205.595	274.531
492.914	426.037
276.592	447.871
309.488	65.9966
466.693	394.131
63.7924	453.319
94.7846	263.638
319.616	469.559
452.394	400.816
71.3159	469.957
114.392	273.045
402.216	23.1395
413.369	375.997
154.89	285.909
174.64	188.602
299.824	35.2239
29.199	370.076
261.099	475.414
385.601	105.312
247.859	198.782
409.848	366.637
14.5567	302.111
6.60899	305.029
18.6531	483.763
412.078	143.101
34.5486	276.347
234.038	404.74
477.146	473.769
112.533	372.427
431.808	110.165
75.4467	305.854
291.572	12.6131
195.469	153.819
76.9105	467.424
139.994	356.651
175.707	353.566
285.523	404.48
217.823	241.298
17.2992	451.67
203.498	130.454
107.996	443.383
88.8501	303.055
481.172	386.139
303.026	471.912
489.988	454.092
341.152	103.817
183.857	487.889
485.547	62.4516
349.676	412.513
105.277	418.906
48.1358	213.32
174.877	453.857
375.53	141.179
475.008	129.827
240.184	11.7507
485.669	436.675
218.395	488.538
214.139	31.7498
215.553	361.184
462.178	132.598
307.694	34.9929
317.224	20.8998
461.306	111.696
69.3697	451.264
158.268	257.22
465.149	25.9477
433.189	475.715
191.511	45.4725
286.977	336.599
10.2259	284.732
282.655	496.808
82.6298	391.626
306.333	17.7704
68.2381	371.569
238.119	386.5
204.099	239.009
386.568	30.049
443.489	122.405
357.423	62.4865
320.587	266.905
42.0346	412.185
363.115	392.148
476.865	361.127
440.476	445.772
339.929	144.021
43.8943	272.789
241.472	238.518
68.2896	228.954
362.611	33.0734
11.5524	445.72
113.553	484.563
471.431	69.866
147.116	355.02
18.3417	291.672
140.129	393.523
345.429	87.819
405.512	357.627
332.541	165.98
45.3623	207.931
419.003	40.7294
274.599	62.0596
309.858	305.94
164.323	362.347
64.7439	326.389
487.439	20.6475
5.82556	218.111
200.357	169.883
329.481	285.349
480.223	483.284
300.737	415.396
275.716	64.1201
230.794	64.4876
350.618	436.158
100.035	252.68
67.4528	482.953
43.9566	482.414
479.082	476.223
240.572	200.138
287.074	85.7638
123.18	458.484
339.678	5.76118
386.777	61.0799
161.163	263.416
408.904	25.9481
326.591	361.379
257.206	6.76494
116.531	474.346
233.937	143.615
395.68	359.456
77.209	239.404
331.036	306.234
206.661	365.76
19.2406	289.363
184.663	28.0606
217.74	320.777
461.117	367.023
292.663	251.27
330.504	384.503
309.362	81.9952
331.614	165.548
409.412	124.926
470.136	425.719
463.212	16.1371
294.076	421.908
47.6728	442.203
154.205	302.67
69.2488	283.677
222.982	327.738
147.858	436
18.4514	352.227
49.5734	334.336
180.75	368.06
247.835	410.148
476.763	351.128
22.7685	434.585
327.313	386.223
214.439	415.793
286.379	89.0763
17.1643	295.42
456.702	121.909
338.553	461.772
65.8188	451.976
293.118	98.8487
211.589	464.479
476.331	454.376
294.911	96.5919
164.034	61.798
456.934	385.839
385.355	416.581
191.144	170.178
211.7	292.809
242.322	132.132
68.7873	418.742
468.702	146.708
29.0894	299.19
186.184	333.878
149.046	436.468
177.257	201.672
185.046	31.1151
74.6433	295.347
448.165	39.0515
116.587	400.801
59.2491	364.011
85.78	375.748
133.248	361.849
196.473	150.071
348.347	453.094
258.483	328.086
347.488	8.42455
232.851	34.7623
336.253	480.434
258.331	324.546
488.435	90.6371
103.591	483.691
110.235	350.54
323.914	382.254
338.388	75.9889
450.162	357.657
41.5451	333.885
58.6328	256.861
165.555	206.228
23.8451	359.016
53.6653	233.767
342.141	98.3724
131.957	265.684
311.327	155.753
275.375	453.585
473.48	354.311
113.912	258.138
290.863	496.121
100.872	362.697
125.407	325.777
291.745	266.933
262.297	133.6
67.8516	456.522
318.039	421.891
39.6138	430.912
134.484	484.918
1.4051	280.021
332.386	114.978
210.824	117.978
168.928	375.101
176.288	4.94655
445.238	482.503
81.8076	476.779
273.237	75.0462
489.94	15.536
484.453	133.112
296.327	81.9724
302.722	320.812
264.47	455.324
398.715	103.9
13.6938	358.263
269.8	107.867
142.344	397.248
345.617	39.838
75.6201	203.26
174.152	3.84993
59.1106	310.218
37.8664	268.923
121.679	394.073
367.391	63.2813
399.89	430.562
13.6914	435.646
32.8125	492.035
303.427	337.803
134.792	380.599
259.253	16.5534
59.2522	396.525
202.121	9.79066
480.9	108.548
205.241	41.1631
357.917	389.66
31.4412	478.289
353.263	119.74
46.1032	436.121
259.642	310.984
57.4915	392.255
408.69	95.6953
317.747	470.868
243.657	250.075
60.158	452.979
154.847	386.563
228.288	304.84
330.942	123.795
446.095	80.299
188.017	199.33
136.435	375.815
81.7458	495.705
215.293	352.501
291.181	97.7468
300.684	275.016
252.462	387.249
423.889	31.604
136.866	200.048
87.0058	354.425
268.71	319.759
26.5619	439.904
236.33	124.126
54.6019	439.732
332.834	305.771
231.712	89.692
486.116	468.761
350.613	438.23
424.809	421.432
47.4061	289.611
46.4595	461.526
40.1309	205.269
26.6368	271.491
243.526	186.508
258.7	89.0216
437.931	105.115
309.23	394.568
185.429	69.9168
315.773	290.839
323.484	356.444
171.423	440.689
81.1404	293.3
166.014	279.962
61.2974	269.43
235.985	397.97
137.104	480.427
401.005	107.53
145.668	485.59
426.358	464.345
216.933	231.719
296.848	353.01
84.3981	237.063
331.762	91.44
241.073	55.6195
233.43	56.111
51.9362	472.168
189.173	471.773
177.638	31.2913
11.2605	367.962
35.2942	447.749
482.265	37.8146
398.931	475.382
199.855	441.311
173.26	27.2642
233.937	450.704
227.903	179.204
143.455	434.738
352.793	37.8508
243.698	117.366
353.858	450.666
272.997	52.1886
199.682	169.93
397.761	70.969
214.457	21.7549
67.9891	255.55
406.469	459.137
470.584	478.627
141.582	445.066
286.184	448.904
75.3352	254.766
103.964	452.534
332.238	160.681
416.894	490.807
91.5754	214.989
41.334	353.504
177.032	173.205
109.517	402.069
221.611	424.466
391.981	67.4081
456.139	140.808
389.445	476.648
213.12	188.655
130.827	394.944
200.896	71.5629
453.215	15.8957
371.739	436.456
186.721	318.509
178.351	248.319
387.66	116.643
221.197	362.462
154.914	206.687
379.248	440.229
299.196	87.1599
122.231	424.01
474.133	79.4941
244.543	300.885
208.56	401.265
332.871	90.5798
107.236	493.814
461.669	139.882
251.26	103.263
307.135	388.805
98.8534	442.024
32.861	429.161
330.26	107.401
298.242	22.3516
244.904	391.696
385.558	36.8354
307.288	431.39
327.732	119.926
344.697	423.017
234.404	23.0937
338.651	28.2498
99.4523	480.267
90.8784	482.824
258.972	97.7756
346.189	15.1166
385.53	401.623
206.631	390.67
281.399	362.112
8.1257	469.065
246.71	292.674
401.312	80.3175
356.388	122.353
439.18	121.811
164.171	3.22534
411.152	16.204
291.806	94.4429
264.369	25.1456
491.169	385.906
204.924	242.535
193.418	490.821
209.781	321.554
496.519	382.172
352.253	399.503
168.347	377.39
5.54745	325.388
97.9129	276.813
302.952	136.816
332.097	487.643
356.122	68.0041
83.5093	351.076
430.362	429.714
238.306	187.335
356.896	379.158
225.71	491.62
288.266	307.407
403.488	451.127
315.106	418.562
227.401	72.5333
467.635	7.16826
458.824	130.39
425.28	445.664
392.01	414.366
338.671	405.535
236.797	420.426
324.528	319.712
17.3013	318.843
199.067	372.266
389.815	355.245
32.2048	475.844
211.549	487.501
184.015	90.922
234.575	244.987
393.654	23.9479
210.995	195.733
226.891	296.812
414.887	373.029
9.13553	275.922
486.391	381.086
397.465	109.69
96.0218	305.485
39.0784	351.837
172.385	450.224
170.18	210.426
217.52	213.049
434.946	48.4919
295.356	124.456
423.959	431.023
288.499	278.156
126.552	319.222
205.734	397.646
3.05359	362.248
197.721	341.345
30.2833	220.886
265.281	57.6123
282.083	320.837
393.348	70.6491
449.754	86.3371
310.332	334.696
155.626	275.587
6.9556	205.924
118.148	396.188
40.1804	417.255
193.699	327.448
382.277	361.816
314.083	274.35
219.676	183.589
386.641	16.8189
169.939	409.573
474.139	82.8008
354.069	431.345
127.721	259.921
54.6026	342.979
40.3274	317.509
246.333	18.7201
203.123	377.812
328.213	157.957
272.205	314.058
471.875	488.764
361.747	114.638
78.591	246.115
224.201	372
394.028	87.169
182.578	394.052
352.866	112.377
455.808	462.298
258.82	485.15
331.01	41.7743
91.2375	479.921
151.483	416.215
195.69	416.53
107.536	352.334
147.723	331.031
385.788	400.362
111.369	308.163
435.552	110.197
45.0807	477.041
54.1034	338.375
295.254	388.711
213.155	136.559
245.846	260.946
315.407	351.997
380.388	149.562
252.63	392.926
250.222	418.428
204.664	241.018
327.568	163.219
388.914	450.601
142.378	356.159
274.803	327.064
126.322	383.852
377.817	54.9997
325.009	324.157
52.1121	322.889
377.982	352.786
440.296	482.127
438.633	356.235
482.296	31.0288
241.375	318.439
202.217	409.823
271.966	161.578
410.35	42.1356
483.545	143.07
113.525	402.559
202.168	283.926
354.675	148.571
300.868	13.0922
248.335	456.756
337.141	493.482
272.777	498.367
367.808	103.304
261.525	134.071
260.591	279.611
64.2561	408.205
387.45	395.406
190.63	146.65
491.026	23.0321
455.655	47.2443
194.503	332.859
213.016	352.841
61.4174	366.315
86.8012	263.525
251.547	378.323
444.908	146.549
336.732	359.509
378.899	10.49
257.345	427.731
87.583	473.61
192.612	425.528
349.136	457.408
221.513	104.045
311.359	386.432
263.314	51.8838
75.86	440.117
155.58	473.775
54.8309	367.802
495.234	48.9727
217.061	136.286
486.463	353.558
126.198	322.609
375.947	5.05885
242.377	338.378
58.2	288.963
42.6295	387.098
173.959	171.92
277.714	155.643
279.633	254.946
421.148	487.194
12.6522	457.862
357.693	134.732
0.855551	226.788
109.613	287.516
435.01	480.512
206.74	155.037
271.013	32.6191
198.777	217.014
206.904	301.422
208.25	117.88
258.947	52.8632
401.45	56.2985
301.361	426.95
153.237	205.172
395.066	126.127
441.432	365.336
6.4992	267.513
226.567	278.312
402.934	118.056
210.228	427.297
205.521	76.042
471.253	142.554
20.2542	412.531
115.199	263.058
340.531	454.155
371.385	53.131
376.928	467.126
176.165	87.656
202.467	383.775
332.767	499.28
206.381	410.585
179.874	144.779
460.079	139.41
341.686	61.5019
43.7715	243.486
76.7439	225.752
382.123	69.4983
434.569	421.686
174.03	240.738
490.036	112.612
316.047	115.504
214.786	154.256
358.129	439.182
226.329	339.047
209.231	34.8221
445.71	22.1299
204.064	108.798
73.7683	228.21
141.586	226.819
246.92	147.017
280.222	422.569
386.124	371.047
61.5435	438.254
222.128	97.5699
104.713	430.556
219.492	315.059
219.517	162.444
55.4021	452.218
230.229	421.405
98.8319	279.709
461.137	140.191
285.975	397.103
32.7048	333.632
451.217	482.872
476.517	61.7079
407.259	380.926
278.476	371.676
47.1656	469.9
269.918	497.815
230.951	30.4701
56.073	354.051
327.562	327.133
427.529	447.202
484.979	473.562
238.396	378.606
249.063	25.2856
238.377	250.16
167.357	259.255
183.963	356.114
198.368	119.415
336.595	21.676
261.208	496.187
90.0914	290.624
187.872	314.816
345.604	354.895
247.228	460.526
384.54	427.749
248.185	192.198
270.866	42.6539
389.711	486.645
322.139	488.565
119.153	300.53
290.236	263.302
181.793	487.939
177.046	352.617
401.36	145.343
453.931	10.1059
406.375	131.083
184.599	476.442
374.321	3.23442
176.187	210.759
468.169	465.229
138.297	492.794
368.521	410.828
277.847	145.902
173.085	205.772
125.814	335.054
151.652	350.529
11.5946	460.797
358.883	384.472
221.113	109.252
266.839	137.15
179.788	423.933
295.847	296.61
9.28156	445.759
238.492	252.554
210.136	493.279
156.557	238.268
46.3835	326.883
392.142	127.262
445.025	398.111
156.446	359.402
403.613	53.8663
212.209	322.105
322.708	299.133
260.778	377.53
327.214	359.779
443.846	401.593
413.918	361.037
195.811	494.742
279.478	154.434
379.464	20.0461
242.015	173.046
207.208	459.709
372.519	410.29
190.191	473.027
37.6149	481.634
214.178	195.812
230.027	332.304
266.879	296.428
113.213	434.85
38.1846	456.29
418.172	83.444
236.212	474.762
2.10199	227.935
385.449	90.8411
212.967	438.886
328.723	89.9978
494.694	36.2926
265.468	462.8
427.422	442.763
287.935	7.27186
85.6702	358.454
323.893	287.184
423.767	80.0525
179.895	431.938
341.375	448.524
306.731	124.566
212.561	91.5694
201.62	155.032
82.806	456.355
266.178	298.821
71.9414	362.14
286.237	158.554
225.194	262.52
143.195	211.893
227.979	347.464
481.006	132.214
477.661	474.525
200.073	190.623
367.224	94.7219
334.424	377.323
316	321.577
152.856	492.542
348.662	420.059
116.979	237.571
394.202	418.449
29.1745	323.304
498.92	50.9509
312.473	94.4081
293.758	19.9119
170.448	434.346
302.332	453.559
78.8459	458.173
224.656	422.962
110.074	299.075
419.645	16.0802
422.24	52.2911
455.118	492.079
302.386	113.508
249.149	298.293
210.799	58.6064
76.6272	346.476
147.139	367.579
230.545	487.26
349.429	141.554
152.497	405.918
375.288	41.1495
300.311	132.846
135.304	458.909
480.167	461.058
185.148	88.8192
175.32	115.906
162.772	475.316
380.674	0.319875
77.0098	464.124
319.305	156.721
261.972	297.536
164.821	91.0066
449.65	371.357
63.4199	418.099
409.396	372.312
410.815	64.8311
132.914	496.999
487.953	138.258
264.812	333.772
67.9815	296.078
224.691	443.731
337.932	75.4485
174.768	310.36
264.964	53.8056
110.755	272.432
256.645	74.9099
283.525	453.575
439.285	404.19
238.532	141.653
238.444	458.092
21.1211	219.848
301.598	51.7832
17.5872	400.543
492.331	147.846
278.906	10.296
45.9979	215.759
393.636	457.601
318.522	362.519
393.699	436.079
486.446	111.688
386.608	21.8199
165.302	384.781
202.825	422.507
322.509	483.496
243.165	323.464
350.565	64.907
170.089	205.032
328.108	149.427
6.29746	484.646
89.4514	385.541
199.724	209.613
487.407	371.138
279.216	137.674
62.5387	482.757
353.993	145.26
240.312	86.1861
37.5959	275.778
267.18	344.817
38.2311	438.066
225.75	499.735
376.896	406.314
28.9435	317.114
210.059	75.244
302.486	293.262
183.813	256.696
257.378	154.218
122.301	201.431
453.215	90.4204
239.967	477.179
202.634	447.542
183.876	464.701
73.3854	394.823
14.1004	425.238
216.46	421.817
389.997	479.573
211.801	115.59
197.511	268.516
423.459	440.98
459.825	355.083
72.6884	401.549
367.484	392.544
262.093	270.344
103.358	314.148
53.2597	287.946
400.795	480.801
432.001	490.516
271.073	336.248
209.481	405.77
404.836	126.783
440.172	381.664
174.64	75.9979
250.424	348.072
230.413	9.6206
132.779	465.74
329.188	99.6945
90.7837	430.217
6.11922	449.905
87.4774	365.348
457.414	83.5858
266.317	470.898
185.133	310.669
167.393	10.1427
324.608	286.805
472.242	432.188
177.04	88.5849
296.711	399.333
302.242	126.434
398.696	116.277
65.8172	416.372
274.805	145.356
476.763	148.912
108.134	279.069
18.3221	354.555
168.746	341.053
13.234	368.739
405.506	7.95007
472.319	375.266
204.979	101.432
412.677	400.212
53.1915	291.126
165.86	309.77
308.32	372.443
235.06	145.999
171.881	416.543
126.413	422.147
289.318	288.035
302.274	70.7121
268.686	464.795
267.486	254.156
210.523	490.742
100.018	258.309
246.739	462.063
174.667	494.955
12.5031	415.59
165.264	348.868
4.56847	486.562
481.506	446.955
66.971	414.429
171.181	200.709
410.209	378.03
123.576	386.164
221.972	77.106
175.226	341.45
254.427	45.5068
199.215	183.543
21.8496	333.537
153.699	228.685
300.002	143.406
338.704	366.544
302.03	38.594
444.508	485.291
322.215	21.3074
292.585	466.056
132.773	465.117
69.8568	471.555
202.58	90.9464
191.07	247.516
230.141	93.4773
364.567	1.20344
187.515	67.0109
97.6894	316.236
282.026	351.971
460.69	465.919
264.178	484.084
205.981	256.793
154.847	314.768
103.382	302.421
111.705	448.213
334.786	103.384
152.202	471.698
257.216	405.39
1.0008	291.712
444.654	91.9253
279.119	411.355
153.027	347.371
221.606	22.577
363.306	74.9596
43.3273	232.115
240.137	136.782
309.73	267.078
272.38	329.923
125.519	456.922
209.82	499.531
3.24815	241.973
193.652	470.781
283.438	444.572
24.981	342.576
16.8351	375.625
194.068	199.609
88.9475	495.777
493.184	432.953
249.498	81.1135
139.132	385.51
84.838	314.445
308.422	381.456
25.4305	286.001
298.325	372.767
267.122	304.223
431.083	53.1298
487.917	489.672
103.511	324.367
320.856	423.794
270.994	13.1553
343.231	382.06
332.571	358.244
7.15059	362.865
327.433	17.0679
273.981	72.1838
25.5165	436.669
274.386	18.2557
304.778	481.758
260.716	75.0006
14.3234	419.376
230.607	20.3803
287.049	147.171
492.699	489.477
380.083	369.092
177.012	459.33
227.467	10.4761
5.74419	251.743
263.876	93.4501
242.74	342.569
331.62	52.4813
195.654	452.415
373.954	124.117
457.073	7.70316
471.542	461.509
169.156	86.4779
164.483	59.3124
145.361	485.832
190.667	177.847
485.911	388.178
167.972	241.257
488.931	381.081
217.445	160.545
127.214	479.396
68.77	454.83
483.427	92.0628
116.843	309.251
234.564	155.487
247.459	234.908
215.472	319.691
195.23	208.914
192.233	345.536
309.145	328.645
265.829	335.125
465.871	126.834
141.566	348.41
357.471	395.065
183.475	110.118
39.6873	208.124
58.1417	279.757
318.458	491.105
161.103	431.842
405.011	116.684
269.205	21.0676
145.441	347.414
318.138	406.214
229.486	85.4832
270.05	411.768
301.043	490.63
55.6558	334.51
77.8552	427.657
441.001	445.459
151.262	331.453
121.273	204.257
152.375	268.164
378.623	474.642
181.803	176.145
323.57	124.153
307.105	79.8735
25.3307	384.108
145.669	246.635
265.522	326.085
266.365	83.0738
119.954	494.324
494.402	107.647
295.885	260.317
56.5067	282.525
18.918	307.257
7.91962	467.821
276.719	265.288
428.742	11.9271
380.809	400.272
242.522	209.387
198.993	48.1229
295.482	307.269
453.022	16.2822
74.5061	439.771
259.215	330.802
11.196	232.094
16.4318	235.931
233.935	13.324
186.465	334.528
146.925	497.272
201.604	132.803
40.9762	486.62
211.375	209.352
187.645	454.79
297.872	259.369
403.938	395.398
249.765	188.198
374.323	351.343
12.2813	362.701
401.983	490.73
288.328	139.021
318.006	15.8842
240.642	379.618
251.235	407.187
240.273	220.128
93.9298	200.236
60.2002	426.822
325.248	279.777
416.775	116.435
17.7644	460.605
187.175	319.416
223.909	270.056
333.189	392.277
306.522	86.7898
203.071	424.578
224.117	56.4398
224.278	257.348
231.564	29.9742
440.845	125.788
77.7077	267.458
207.703	12.9495
155.537	265.043
168.849	394.646
389.127	34.2086
190.751	44.1708
192.392	163.85
339.798	67.5701
273.86	50.2148
67.4171	423.522
41.7121	363.237
102.161	462.37
386.947	56.8685
270.839	362.106
7.84825	449.814
200.889	306.827
483.561	20.7864
276.917	432.562
119.952	498.195
398.717	465.547
174.464	494.19
338.49	494.897
245.74	218.096
200.813	151.346
220.708	246.451
95.1898	325.373
294.941	407.44
480.874	95.67
414.029	52.5018
188.379	170.494
179.901	67.7995
166.956	111.625
206.289	8.11226
496.79	435.396
214.415	295.154
27.5602	235.998
231.215	404.855
52.9905	331.392
429.054	136.54
124.659	379.781
432.397	424.731
481.93	71.7744
476.681	488.039
94.9169	360.014
41.312	428.497
257.898	43.2548
396.241	463.63
235.538	320.484
386.602	389.547
77.6216	426.193
459.521	142.784
240.896	10.2167
117.983	490.567
367.423	89.5146
212.998	2.65059
441.854	382.99
388.342	449.403
323.546	391.003
462.379	127.576
188.975	190.807
279.618	156.583
125.099	255.696
292.994	130.795
166.144	50.6641
248.431	314.455
94.7638	234.26
166.622	243.543
220.714	235.217
323.75	263.272
17.3712	215.568
222.107	75.1489
371.139	364.619
318.217	443.589
82.4583	485.132
423.847	134.294
465.084	32.8673
99.5459	212.068
64.6894	290.337
221.751	409.143
232.055	487.695
365.157	110.468
29.0745	202.135
245.071	1.8009
358.007	135.578
68.2666	313.441
301.138	326.797
147.075	228.634
159.716	335.742
199.712	95.0855
123.547	364.275
432.76	351.222
244.976	421.784
195.069	103.245
214.668	283.301
165.58	34.4761
259.922	298.532
384.587	50.6344
78.0119	296.549
201.41	432.721
263.053	441.599
353.488	424.62
401.168	422.853
300.835	481.823
65.6386	407.935
2.95157	262.679
196.496	116.266
356.087	495.199
121.212	417.563
207.834	309.981
61.3068	200.805
191.596	218.708
266.234	111.02
436.332	21.8873
70.2578	249.789
121.348	265.372
159.114	408.995
229.838	74.803
353.359	439.48
298.58	9.56914
494.624	490.255
459.675	484.258
56.9236	447.787
118.963	209.465
11.6285	422.11
465.523	149.824
224.714	185.396
114.378	243.427
54.0824	351.894
201.918	363.547
440.043	108.787
306.862	59.1506
421.912	473.302
309.647	23.2374
463.128	419.049
96.6627	258.554
32.6357	281.038
39.2959	305.528
434.867	377.066
76.9174	417.465
488.497	465.73
425.893	494.868
465.435	393.325
378.614	439.736
250.01	23.1668
226.746	51.4166
40.6055	447.011
355.684	428.242
212.793	360.236
69.1524	225.358
351.409	466.459
238.977	373.559
377.182	480.388
18.1029	302.902
33.3903	429.839
111.308	284.314
277.352	83.2119
36.2959	489.327
136.114	220.243
291.846	480.84
179.582	47.1434
243.546	478.164
83.4686	349.317
235.085	295.507
375.52	411.049
187.77	113.837
393.4	392.494
127.244	393.228
493.311	443.705
295.077	61.8893
182.242	114.978
147.034	482.274
297.164	36.3817
77.163	231.795
152.503	459.272
170.461	156.945
281.386	421.832
442.545	130.608
171.067	79.6933
270.663	348.866
327.329	263.066
207.875	388.694
396.176	479.496
401.486	139.165
240.299	82.1303
186.248	41.4747
326.996	140.689
436.7	424.285
78.9035	411.614
132.656	371.638
60.8669	468.087
127.033	437.219
265.916	29.6596
169.068	442.413
300.403	128.45
405.781	490.472
251.705	478.051
87.3537	251.192
4.9205	444.04
320.166	493.208
328.949	291.314
231.881	483.927
293.503	11.8783
340.073	45.2509
462.572	382.768
413.13	31.9438
6.69605	367.86
117.857	497.788
182.381	127.712
67.5286	374.376
209.485	358.004
370.096	0.792381
392.239	441.062
465.237	4.5982
345.242	15.1823
213.234	63.0574
188.447	254.093
180.794	488.282
220.462	24.7301
258.742	498.727
264.44	496.681
55.2269	219.104
467.132	415.057
192.745	208.13
460.293	12.4835
140.325	411.84
283.397	479.692
347.27	491.664
218.062	351.586
267.891	360.746
498.089	436.597
47.8571	483.838
467.21	49.942
429.161	473.848
62.794	205.041
53.9669	301.024
426.02	24.3656
368.302	66.2032
276.537	475.426
213.567	337.356
139.139	307.823
92.4418	296.725
410.271	136.532
211.215	360.556
297.475	43.1265
139.081	348.413
451.847	424.629
368.771	109.162
347.586	124.952
353.396	369.791
496.331	351.943
428.956	433.156
131.757	231.368
261.407	127.553
484.33	464.709
120.331	313.124
141.863	316.649
366.703	35.8755
215.438	297.811
481.913	445.353
282.712	411.522
231.393	241.638
92.452	334.991
210.975	217.094
249.572	25.4049
118.839	246.062
188.161	73.2272
208.303	424.135
402.922	91.7855
119.528	208.709
445.357	432.57
402.051	82.0921
242.337	54.7631
443.857	472.506
495.626	453.964
285.5	133.174
182.165	340.512
271.295	143.493
3.4785	233.782
388.981	413.784
85.9562	383.878
53.9959	470.844
398.269	115.736
278.572	368.999
362.87	73.2652
210.459	106.908
311.952	498.912
132.35	481.068
135.598	414.165
497.679	135.931
267.604	429.775
217.49	276.389
2.19604	253.699
368.452	125.339
70.1116	428.348
350.408	453.48
237.759	27.9454
245.609	465.847
404.631	7.52341
285.024	41.1197
383.703	58.8433
456.793	470.12
10.8027	404.688
429.335	470.315
244.503	416.42
354.087	453.667
426.29	57.6961
288.983	408.465
273.297	489.913
9.4244	495.016
239.247	425.721
150.862	405.954
308.574	341.008
239.067	465.019
1.51868	402.484
40.3928	470.938
315.816	122.722
277.772	458.734
197.415	390.701
240.494	125.555
434.931	358.295
275.557	346.225
268.797	430.862
275.446	123.651
189.028	250.492
104.804	240.082
77.164	245.712
395.965	80.7624
149.681	319.661
375.397	149.859
242.243	183.909
407.056	472.174
287.973	389.956
223.418	31.1957
68.7867	248.53
43.2237	247.264
186.717	162.574
230.759	105.376
326.601	31.7883
114.143	425.863
257.581	466.269
219.087	181.732
199.954	169.352
151.097	444.535
485.553	493.82
117.171	426.673
95.0092	242.754
278.893	309.333
202.999	472.188
304.33	101.613
393.81	491.153
398.33	44.8821
261.239	380.986
279.527	56.1071
63.5451	373.58
82.7265	343.226
475.414	415.446
439.392	373.766
288.476	33.9966
59.841	320.818
401.994	420.27
299.603	384.139
141.703	307.85
398.106	3.8792
442.319	130.174
249.309	116.132
193.528	261.228
338.752	443.99
416.56	86.4526
217.017	421.996
175.294	108.699
206.515	445.78
259.107	369.23
325.618	452.872
479.81	90.8965
263.581	373.514
442.325	113.453
146.819	412.017
301.536	15.0655
263.46	15.6492
102.57	385.438
380.257	86.5713
57.8423	245.674
413.838	16.4096
274.932	62.0105
423.274	485.833
9.98977	498.647
93.7231	230.248
249.701	2.77936
65.4687	442.64
369.865	420.152
323.514	152.426
122.65	216.106
354.146	9.96614
422.796	26.1105
276.309	165.614
17.6632	296.581
455.612	419.723
433.262	415.469
449.123	130.628
122.196	278.645
235.415	162.521
477.586	6.18479
423.255	101.468
102.401	410.643
247.761	181.874
251.363	479.021
34.3712	326.767
203.818	314.572
262.476	159.056
296.037	84.9697
435.123	433.741
194.572	285.841
288.145	50.2118
14.6288	295.879
355.966	383.185
252.834	89.7403
50.2614	410.638
94.0643	397.527
445.974	439.657
216.91	77.6739
186.866	374.556
325.013	7.36522
151.814	333.367
397.305	128.504
142.147	254.425
185.478	422.934
361.814	449.366
61.2239	379.413
402.302	52.6368
443.804	435.802
276.688	438.438
224.778	465.233
401.666	389.878
36.7979	234.552
142.154	400.71
318.876	137.975
182.235	222.224
353.695	453.943
176.902	244.561
96.7882	233.515
484.635	450.992
323.029	408.415
422.306	64.1034
239.677	289.772
216.414	489.794
50.2153	238.93
335.947	6.16043
383.343	494.355
195.962	337.761
284.671	340.998
235.476	372.873
18.5982	420.431
210.943	497.803
242.969	62.3188
345.524	354.365
33.1259	360.749
325.477	102.544
33.7285	332.363
166.079	125.474
267.641	464.542
287.988	302.846
288.479	160.281
73.8458	239.328
389.651	104.05
271.522	145.379
245.982	281.12
88.3554	309.814
136.707	229.422
94.6899	399.541
137.27	382.333
318.273	117.701
207.48	417.478
269.66	163.987
320.651	87.2305
170.756	303.514
493.1	122.131
5.83785	492.969
100.408	467.747
159.228	245.626
173.631	196.335
234.627	246.732
131.895	372.798
339.83	475.392
229.047	189.526
182.962	37.5693
223.222	50.0762
261.948	457.566
190.758	10.0302
469.087	22.2568
227.925	409.293
171.192	453.243
170.148	250.647
355.862	401.78
393.229	489.555
36.1822	313.432
137.44	444.017
308.16	477.025
180.575	357.873
212.325	323.126
328.664	374.901
429.596	71.0116
328.188	109.807
151.209	403.961
307.964	51.0725
361.072	90.4227
128.136	277.923
300.736	154.348
252.116	121.389
493.214	425.593
75.1789	424.457
443.561	433.104
258.551	451.189
148.158	268.85
303.137	391.216
308.704	360.619
396.649	456.825
58.8771	383.769
203.165	294.949
398.332	376.423
270.444	296.205
59.0265	457.122
77.9586	347.438
341.505	126.212
390.032	112.239
270.727	332.172
121.129	449.709
225.876	312.882
200.768	324.073
399.826	377.462
70.4938	290.972
395.724	4.46544
113.004	259.464
220.314	138.857
171.347	247.885
312.864	148.884
78.2678	427.462
182.035	253.593
367.531	111.508
338.167	1.34249
378.145	392.035
165.902	96.8305
201.636	413.347
271.216	322.792
346.527	44.3558
284.381	417.592
230.82	417.474
265.398	252.455
93.8886	252.405
144.997	426.272
189.481	438.707
139.448	227.807
189.765	428.251
98.9648	388.579
108.343	212.989
36.5998	339.459
89.0714	483.724
318.139	143.575
320.839	303.359
178.404	137.274
456.702	94.1435
126.639	317.793
328.212	411.671
199.944	327.639
449.992	458.594
202.449	113.156
222.767	461.379
368.626	45.7767
108.224	423.173
207.222	380.976
200.837	56.4635
6.12058	430.012
179.726	393.135
165.777	447.971
124.387	283.679
294.838	130.351
374.43	80.1668
76.8946	255.743
192.268	453.487
160.295	236.868
122.671	341.47
176.073	271.719
225.251	337.099
168.999	123.326
62.5595	281.807
46.8063	231.235
437.976	412.004
118.008	283.934
245.975	414.844
39.952	451.953
223.926	472.415
143.944	279.747
77.5158	303.913
51.9629	380.198
308.28	337.284
144.673	374.675
235.243	34.0656
0.342542	317.332
164.609	304.899
29.9021	321.065
449.204	127.992
17.1081	449.122
0.939193	397.661
349.753	370.879
210.992	378.408
220.04	244.893
470.698	121.075
479.488	49.8896
316.913	10.3053
209.869	392.981
131.269	215.861
331.075	282.423
307.62	451.841
302.586	348.112
451.643	468.093
351.532	34.9357
53.7306	226.404
343.203	108.272
142.847	401.104
364.891	462.757
355.854	102.796
212.753	382.847
296.311	277.316
25.6706	227.7
412.854	443.487
37.1197	345.592
90.6331	234.433
362.393	498.4
272.91	416.735
136.993	249.877
370.013	402.939
421.369	420.344
262.307	458.348
242.304	194.921
79.6023	490.512
113.215	428.533
235.079	374.745
481.242	28.2416
240.996	54.9908
285.085	368.389
152.749	283.295
230.89	320.287
284.637	447.636
130.88	377.186
183.33	219.101
195.855	230.312
78.9203	312.805
439.803	73.4567
446.041	39.7976
83.3299	313.516
346.04	44.3593
456.297	14.6622
296.488	337.069
344.147	379.676
321.332	21.5457
437.64	114.852
346.167	420.585
400.733	82.9589
172.992	377.488
66.1603	318.829
104.572	289.865
304.301	159.504
369.799	372.321
305.493	154.064
181.898	390.802
382.69	392.869
298.937	333.899
108.672	448.757
223.682	78.4226
222.235	452.848
208.159	193.453
384.138	86.3139
462.107	355.936
397.198	392.12
380.92	393.73
306.711	492.864
349.509	123.748
476.492	393.073
322.116	113.198
298.419	309.513
193.847	262.36
24.6319	243.357
151.805	203.368
320.034	102.828
183.242	167.083
109.418	497.287
309.043	397.364
271.511	488.036
260.769	448.839
297.522	330.266
495.672	491.769
175.686	445.638
8.48845	320.072
334.999	60.3036
6.44039	498.31
437.657	121.672
301.016	69.0726
85.452	481.928
113.273	453.161
131.805	377.716
204.693	237.142
465.582	135.231
312.961	125.406
311.526	346.343
439.578	38.159
391.796	378.605
394.571	357.231
261.47	67.5932
145.538	344.074
326.387	319.046
323.083	148.505
141.677	324.534
389.051	53.2819
196.113	478.68
150.42	467.12
305.456	303.74
19.5783	444.396
249.338	430.209
471.421	488.145
254.108	374.255
415.156	495.579
57.6139	255.527
237.521	410.01
53.4324	327.326
445.045	489.344
99.8004	229.221
301.043	42.2908
263.713	96.6355
274.718	305.828
304.778	395.292
403.493	62.0201
58.0115	206.304
17.2489	350.794
316.627	25.8134
428.309	78.7052
179.256	272.45
451.578	373.019
6.37642	258.63
151.804	237.087
217.541	288.634
71.3607	388.78
361.725	412.81
262.839	292.491
189.852	79.2555
407.263	101.495
399.529	387.682
81.6983	282.382
192.158	419.324
265.556	282.583
295.291	314.321
425.49	109.838
421.474	463.058
173.69	170.32
493.243	384.25
139.457	206.058
303.041	111.875
193.119	41.1712
477.477	439.482
84.4241	312.119
7.92524	391.385
212.022	303.49
266.006	151.043
288.496	58.5166
306.609	55.2583
293.151	14.2018
54.4302	392.181
363.872	15.5276
45.3386	433.092
39.3479	479.755
482.675	49.2498
468.253	5.39249
368.027	407.657
166.237	281.524
330.174	66.7846
105.534	319.755
472.658	450.561
315.96	49.3927
260.419	259.052
72.629	299.111
370.449	431.121
107.4	323.757
441.827	141.095
172.179	74.398
305.099	162.135
244.876	260.444
64.1686	345.893
216.85	467.149
329.745	65.4867
207.507	257.103
218.121	250.794
38.5606	454.185
191.119	344.133
482.812	109.792
308.769	437.814
63.1397	285.952
400.21	370.298
478.679	405.638
399.926	470.154
108.149	431.035
242.334	15.1263
219.421	140.318
451.857	102.227
80.118	441.669
493.546	13.7842
332.691	445.695
173.354	22.1562
280.017	401.755
137.818	214.74
54.3123	240.623
198.195	17.1323
400.282	357.449
194.573	429.93
288.566	474.576
207.285	239.99
91.9986	292.004
258.032	140.219
385.199	450.292
205.003	219.53
434.3	104.717
164.804	444.364
183.84	190.403
369.697	448.674
439.406	85.407
382.348	401.845
387.395	467.297
231.347	277.039
48.5264	371.29
216.091	333.553
276.575	269.145
145.138	315.625
247.882	195.795
186.321	338.206
376.343	115.376
249.915	58.1889
364.789	33.4002
287.697	383.775
483.07	52.1056
246.49	107.922
390.113	435.82
246.352	254.53
189.076	28.3794
199.24	101.309
58.0624	211.524
441.334	43.4446
287.14	284.839
231.938	103.875
233.118	259.079
415.359	382.644
165.959	409.089
374.935	422.932
216.094	375.309
68.3888	334.53
214.525	15.3214
65.6227	267.565
120.173	328.679
82.9323	252.582
35.3064	436.047
403.094	145.118
64.3512	300.279
311.135	435.875
131.916	289.785
304.732	149.206
126.061	480.301
355.714	23.4837
256.738	499.352
269.82	152.146
340.342	386.187
280.19	2.37135
409.039	367.071
162.274	390.327
53.4733	390.809
176.936	251.644
290.575	318.877
205.503	479.793
405.644	136.555
442.798	427.517
292.768	120.106
145.767	281.594
202.214	58.629
430.999	440.514
366.189	379.334
156.982	325.223
245.972	28.5762
85.3933	231.663
176.156	311.451
176.631	99.9392
90.7083	222.318
319.033	305.601
54.7093	433.15
343.6	91.1237
116.661	233.004
361.802	108.802
472.494	86.6989
162.593	251.518
99.6359	268.941
62.0328	322.394
414.589	66.1437
378.331	439.716
396.167	113.281
148.387	346.288
79.4088	380.806
264.674	115.623
233.319	4.73178
414.594	59.7615
209.685	337.096
248.272	138.155
216.207	311.877
43.5184	297.776
48.7812	433.715
308.135	408.897
432.037	465.124
193.913	300.34
18.7182	207.726
95.0501	333.39
52.7396	431.149
38.327	420.408
164.749	356.524
464.631	60.1497
60.2467	341.399
461.283	464.165
11.002	435.524
281.366	37.1297
324.383	393.542
234.257	279.679
222.184	354.668
72.5515	381.679
399.54	377.155
155.17	358.744
103.555	246.817
112.137	294.182
489.063	367.124
411.899	78.5931
15.3751	255.886
410.522	366.277
120.502	228.504
127.661	285.438
360.154	84.4268
189.373	485.762
247.811	298.987
254.293	481.057
128.047	211.071
358.409	479.555
290.117	277.786
202.692	338.571
313.052	412.912
166.047	304.398
460.916	39.7391
104.113	490.199
374.233	139.941
325.578	151.935
66.7181	310.765
373.8	10.7494
9.90232	408.868
147.422	381.907
255.396	322.806
433.6	116.521
275.51	429.394
66.5872	205.76
26.0226	229.941
472.674	130.045
273.026	73.6582
10.7768	277.953
242.868	352.383
384.159	38.9093
10.3549	338.069
98.1207	204.376
133.921	348.281
259.54	335.285
420.025	28.6279
419.772	387.844
286.047	152.691
69.6967	485.071
186.649	204.712
470.125	98.5495
206.231	351.721
201.591	211.819
355.238	3.26362
9.37132	369.003
311.533	37.2741
344.53	143.855
369.154	92.5812
78.0286	317.555
17.6884	200.894
290.762	107.403
147.615	460.156
200.938	29.2247
448.589	133.904
8.50141	393.506
451.391	391.706
421.288	39.4051
185.08	313.509
181.115	448.004
393.034	45.0031
179.255	215.082
227.484	180.575
491.155	427.392
104.265	250.079
314.145	415.723
158.824	369.689
42.1561	227.814
318.972	375.342
252.185	155.669
292.767	389.615
14.7905	202.446
129.461	275.978
291.573	133.904
290.884	394.77
215.217	53.3735
229.68	214.972
195.172	216.438
491.183	468.212
276.475	444.365
62.7017	359.034
258.532	154.404
229.359	219.074
290.511	441.198
178.294	379.435
227.26	409.771
325.536	360.252
421.803	93.3351
344.92	408.941
297.746	432.32
251.671	458.639
439.849	421.502
468.52	10.2932
403.171	375.166
56.0968	228.716
301.737	123.824
302.939	453.307
355.45	441.625
130.633	336.33
201.043	496.99
324.728	432.409
378.978	138.054
234.45	398.414
193.988	60.4709
152.48	261.529
241.915	63.4606
295.463	363.232
160.605	260.574
236.322	94.6701
38.9657	279.253
279.633	325.116
71.0758	414.503
128.423	311.575
53.2012	300.284
90.2964	335.244
323.523	456.937
347.212	76.4141
397.063	62.3954
287.085	116.781
75.0138	244.998
416.38	387.661
283.137	288.85
133.456	401.493
199.749	465.982
254.885	373.387
211.659	241.099
309.226	436.697
201.414	365.111
475.423	359.603
19.927	252.217
380.24	96.124
88.7742	239.078
14.1741	468.072
189.781	422.994
269.302	350.919
163.142	431.076
449.018	403.902
180.11	197.111
242.042	30.0751
476.074	407.056
62.762	254.088
200.182	467.31
59.0114	243.262
262.625	111.248
178.318	453.515
200.739	281.447
384.246	485.033
96.3055	378.616
163.72	213.409
481.259	438.456
150.896	211.699
426.474	142.088
456.578	423.281
254.122	394.237
128.755	452.449
391.611	488.287
187.111	180.298
53.1491	268.526
244.929	80.7159
398.698	496.38
243.475	40.5561
424.214	11.7702
380.487	466.379
109.016	415.223
369.327	27.0331
245.945	291.734
291.139	325.246
435.902	466.194
456.649	69.6063
353.803	46.2864
321.318	429.125
265.056	127.962
277.186	379.11
222.407	31.0745
307.703	435.861
200.81	106.379
178.604	7.12541
225.702	219.205
141.353	447.79
251.837	365.289
196.361	18.1155
129.86	374.838
186.749	212.283
215.002	402.394
360.81	89.2924
13.9565	376.447
231.372	348.379
203.797	388.727
204.451	133.03
18.2503	251.564
270.787	309.95
377.218	0.983734
484.299	392.325
245.671	405.885
473.655	31.3207
334.237	376.009
423.352	87.8777
489.058	126.784
357.646	92.8632
199.411	288.882
285.606	124.669
116.968	472.69
412.073	103.643
345.463	453.163
233.446	142.532
84.9645	453.611
151.068	263.084
53.0172	269.07
180.431	481.892
200.667	4.69576
183.116	154.136
243.139	243.168
332.946	304.684
113.307	337.96
87.6923	276.008
367.37	498.288
263.313	162.69
280.842	107.616
80.7424	325.541
397.041	110.241
345.265	74.3198
36.2189	492.311
77.5643	381.388
14.4989	266.617
26.04	239.374
42.599	308.636
36.5171	350.43
108.569	370.953
97.7393	239.025
444.397	7.08842
325.463	30.658
340.532	22.2084
394.953	99.9472
195.739	243.109
140.643	428.554
236.343	496.636
115.948	323.04
153.119	201.171
393.653	120.614
196.157	330.153
113.683	291.468
76.9705	363.576
379.463	428.46
377.146	448.903
52.277	371.879
65.0341	250.326
358.896	375.088
445.3	12.5379
140.103	293.026
76.132	277.811
362.885	385.558
150.326	355.715
402.288	469.841
84.7319	263.903
327.567	368.795
464.685	93.8286
209.195	360.716
233.294	462.704
263.883	9.15245
5.41465	494.454
132.517	355.277
7.44517	249.756
66.2774	347.701
476.169	438.871
218.933	311.943
146.272	317.3
261.499	152.671
264.608	454.651
89.1417	498.853
262.392	294.374
204.702	420.335
185.624	83.7534
215.306	187.219
381.903	457.916
462.774	49.5448
193.385	130.9
146.695	210.386
55.9247	257.748
247.163	353.758
255.372	392.218
389.776	74.5712
175.617	46.72
138.77	274.571
286.799	14.8372
95.6581	204.344
364.047	102.909
71.1945	396.237
418.488	425.59
218.796	361.556
68.9197	490.045
338.777	86.2581
206.315	256.498
435.342	26.5702
226.108	348.268
262.961	92.9285
65.2627	293.012
485.37	416.38
291.144	34.0236
202.727	497.71
332.074	144.477
206.255	356.423
84.4703	344.329
282.643	258.508
437.034	442.671
202.608	472.5
202.848	277.258
348.667	426.547
126.084	471.604
466.758	492.084
153.439	388.249
256.243	406.515
267.265	29.2534
175.219	74.1469
246.551	315.989
306.195	12.4536
269.327	257.456
475.206	431.625
185.965	320.744
272.312	299.443
246.071	410.303
33.8783	458.663
487.721	411.749
211.814	342.088
463.077	106.387
263.115	49.7793
120.147	270.363
46.5811	337.302
303.051	379.122
468.052	104.333
230.167	199.833
83.1981	376.878
25.3417	311.69
239.986	443.059
413.223	430.908
345.091	479.569
135.333	241.122
398.407	85.3166
231.431	13.2655
294.766	58.0568
89.4104	459.324
402.268	70.3517
195.347	332.348
141.715	414.279
204.768	400.479
200.939	222.878
297.819	394.611
357.403	381.91
301.661	473.158
71.4828	266.927
367.143	411.978
45.4475	302.502
191.84	69.2694
338.572	407.862
109.66	204.234
101.41	214.037
245.265	431.883
320.15	345.778
212.544	97.3908
300.058	447.035
101.186	212.375
102.417	258.94
467.168	144.578
169.813	199.008
219.436	155.143
278.22	82.5763
259.468	95.4198
67.7341	335.145
495.158	391.068
119.237	296.836
413.192	1.55238
155.693	350.567
211.186	103.141
141.04	403.882
210.925	106.328
149.698	386.068
199.265	402.921
145.955	442.096
230.421	111.151
490.045	368.339
226.828	331.811
140.467	423.789
306.963	357.003
466.498	109.227
230.8	446.196
185.679	447.639
135.653	328.958
497.031	480.464
182.465	478.894
197.648	164.734
250.921	34.4958
52.0757	441.772
209.382	210.8
447.204	427.445
252.152	297.079
282.938	378.583
289.212	306.871
109.595	263.192
318.214	497.739
250.55	1.3538
71.8389	315.896
41.228	446.179
275.297	112.801
190.303	122.134
274.753	399.383
212.812	424.537
486.916	429.903
151.94	271.467
469.924	496.125
147.962	207.423
168.745	443.035
458.213	429.217
272.304	423.856
212.719	134.161
408.928	48.8084
27.0364	232.618
111.096	270.861
366.345	112.297
107.568	352.361
221.533	316.327
322.636	371.926
470.933	496.177
362.592	122.109
363.732	126.137
47.7905	241.694
165.93	8.4288
38.2734	488.989
464.771	395.359
229.792	235.309
278.216	138.636
297.328	454.108
84.265	271.82
331.188	440.769
360.22	414.556
239.668	455.605
128.111	284.021
292.591	317.719
90.4458	296.686
232.385	76.1406
259.407	330.227
357.384	116.77
325.312	255.098
176.424	408.303
28.8474	309.296
436.516	390.023
192.325	332.936
473.714	442.081
212.426	323.909
252.963	283.682
140.887	496.1
195.442	418.45
304.605	273.37
228.529	94.5061
189.393	479.424
301.348	293.918
162.908	78.7194
404.668	118.496
276.356	264.567
445.996	389.686
350.81	82.5716
178.81	170.156
255.726	447.791
3.96049	268.446
246.362	222.829
281.535	362.913
231.51	482.237
317.683	97.6702
422.834	427.343
10.7941	229.585
360.637	78.4347
247.646	407.945
496.177	388.231
114.607	236.519
424.958	388.249
239.898	325.17
186.957	485.066
130.336	221.305
158.933	255.887
443.262	78.5844
190.229	249.658
261.587	114
256.855	251.782
327.023	456.209
222.439	220.905
214.344	361.638
359.288	388.343
284.684	403.222
218.687	70.1669
438.475	106.869
258.022	44.8993
425.889	407.195
441.407	144.771
271.521	2.76756
136.161	252.834
377.237	134.328
268.61	489.111
222.278	372.524
221.612	326.137
150.26	446.958
365.281	53.4204
132.887	285.404
252.231	468.899
125.054	367.796
410.013	394.415
160.753	443.917
242.138	367.079
177.545	245.798
457.994	110.531
73.5588	306.639
76.2199	447.439
76.1847	473.558
391.284	449.07
321.18	322.201
389.584	467.116
490.626	453.05
330.56	45.3707
136.591	361.024
356.062	116.97
444.114	142.758
281.306	41.8732
103.241	331.806
354.632	82.6354
177.784	113.39
316.995	389.335
51.1628	378.811
194.977	485.342
205.703	253.896
68.8271	271.133
280.249	280.252
252.428	308.626
409.848	64.8897
467.482	466.022
251.173	402.813
178.089	328.261
170.591	231.984
172.034	15.526
344.951	108.938
236.211	267.589
401.571	96.6687
489.233	439.415
150.318	238.337
498.336	485.176
57.0586	306.307
224.126	386.513
80.0264	330.154
323.649	111.185
297.402	43.7815
165.499	218.382
367.387	82.6122
69.5245	459.703
274.515	387.158
299.904	76.0039
279.178	68.6553
126.479	382.834
350.812	366.859
69.8948	472.458
44.6886	340.944
194.855	235.499
87.1963	312.89
