Saved a vector of rrt <nodes> points.
X	Y
250	250
240.079	251.254
235.222	259.996
259.585	247.148
234.956	269.992
226.897	275.912
261.511	237.335
233.018	244.174
242.682	276.341
271.49	237.988
261.3	227.337
226.686	285.91
223.723	295.461
249.461	283.693
258.057	217.877
225.007	238.187
213.734	294.989
255.04	291.992
206.755	302.151
251.996	209.924
281.47	237.36
247.581	200.951
289.228	231.051
252.065	192.013
206.077	312.128
196.87	300.64
186.877	300.259
294.611	222.623
304.188	219.745
261.222	299.852
238.599	196.556
312.11	213.643
179.903	307.427
310.065	227.836
229.315	192.839
271.49	227.988
219.325	192.391
270.41	303.798
212.103	185.475
317.945	205.521
326.499	200.343
329.099	190.686
332.823	181.406
172.669	314.331
163.009	316.916
153.229	319.002
204.054	179.54
265.934	222.06
194.113	178.454
189.435	169.616
258.184	240.961
145.33	312.87
188.043	186.401
179.436	169.522
332.084	171.433
135.591	310.598
128.041	317.154
234.323	205.596
244.322	194.802
272.425	313.593
125.243	326.755
207.492	322.028
175.884	160.174
121.526	309.568
327.436	162.579
208.418	331.985
119.905	335.211
215.153	239.89
273.282	323.556
332.989	194.713
278.304	332.204
175.474	150.183
330.798	153.161
167.375	144.317
208.079	286.742
329.514	143.244
112.514	341.947
207.318	341.924
169.657	134.581
284.275	340.226
339.203	140.771
160.983	129.605
174.222	125.683
207.8	194.502
326.021	133.874
293.251	344.634
152.744	123.938
106.964	350.266
301.696	339.279
307.57	347.372
112.908	304.494
315.775	353.089
317.819	362.878
206.159	351.857
172.34	115.862
326.481	367.873
108.468	360.152
336.221	365.606
316.292	131.56
250.76	182.099
338.268	203.206
289.372	353.851
340.867	374.462
342.079	171.132
344.138	132.074
135.904	300.602
103.989	369.093
256.721	276.815
108.477	295.53
177.723	107.434
142.825	122.668
135.697	129.682
97.1859	348.171
110.279	376.867
348.203	204.341
135.12	290.633
234.457	285.388
356.986	209.123
117.093	384.185
363.227	216.936
287.544	328.38
314.468	121.728
94.4279	372.024
114.362	393.805
126.186	132.771
274.17	294.532
347.494	122.653
118.513	126.358
112.512	350.885
120.588	401.631
234.751	285.221
100.561	289.419
356.989	119.518
363.825	112.219
251.703	172.143
257.845	164.252
127.399	408.952
179.193	97.5429
96.2863	280.379
349.554	369.508
359.179	372.22
372.648	116.925
381.774	121.013
285.604	363.115
109.132	122.895
310.783	112.432
365.484	226.678
121.547	417.061
206.425	361.853
375.482	226.888
86.3187	281.182
256.894	154.297
368.094	103.176
375.186	96.1256
95.6398	270.4
140.476	112.948
336.999	383.684
99.2256	124.258
383.894	232.296
84.7116	369.659
301.013	110.299
366.097	379.441
108.477	368.248
373.831	373.102
89.9935	120.415
309.526	333.059
256.909	144.297
87.7619	264.24
312.263	235.645
129.955	422.473
105.215	267.515
178.805	190.23
87.3994	254.247
311.17	102.439
260.743	182.68
339.906	393.252
316.734	244.59
279.93	327.486
219.312	271.772
304.719	94.7983
116.344	425.601
198.337	367.734
389.801	224.228
381.388	379.652
265.025	138.454
187.377	91.7969
197.825	338.778
392.08	214.491
83.6584	112.678
283.378	372.864
138.426	103.16
278.581	381.638
211.518	370.459
390.007	384.723
269.074	336.053
139.942	421.963
76.4819	282.982
395.512	393.071
304.22	336.608
333.534	400.958
391.717	119.947
309.221	85.8686
107.772	430.75
75.352	366.138
99.9289	436.954
362.736	217.297
380.932	87.9416
184.065	123.917
90.1274	109.24
301.061	213.323
123.078	142.275
245.188	250.662
141.068	291.428
270.403	375.884
182.828	316.72
273.149	390.034
66.6244	281.3
393.737	110.154
361.357	362.461
217.183	319.563
395.729	403.069
203.478	326.696
361.757	352.469
401.753	411.051
400.323	208.829
132.122	146.541
411.746	410.658
392.924	215.113
73.7574	111.275
120.326	151.889
146.589	429.435
79.6527	378.285
384.378	242.284
180.484	200.088
120.12	137.602
138.532	116.211
127.091	139.18
400.434	124.848
359.412	98.2133
410.081	211.015
68.7235	102.634
168.805	190.181
359.047	224.332
339.035	409.31
65.8126	291.267
382.015	78.0003
418.579	403.357
113.325	159.03
178.038	209.784
134.198	94.0982
194.969	358.583
126.772	100.796
379.582	130.77
104.879	164.384
133.5	306.824
227.066	202.744
411.918	220.845
416.879	203.68
84.0337	244.83
426.117	199.852
279.881	286.323
418.872	417.673
135.518	296.628
58.9963	100.314
434.601	205.145
195.033	85.3639
390.792	249.957
74.2009	243.009
178.713	97.6663
391.912	76.5737
424.203	395.088
67.0474	236.022
400.72	81.3095
441.4	197.812
263.086	186.887
89.9305	436.779
261.546	342.635
80.091	438.564
98.3046	292.355
66.7366	118.396
65.5584	364.117
409.213	129.637
139.539	309.684
60.7405	90.4678
182.166	83.2618
317.656	80.4985
55.952	366.895
269.167	399.207
409.972	77.5157
317.603	164.401
326.091	241.06
374.621	71.2678
306.427	348.562
386.61	371.124
58.6543	230.585
418.963	427.673
399.701	254.5
72.7854	445.392
343.293	418.357
141.053	86.8171
194.984	75.364
198.309	65.9332
136.681	405.925
347.681	406.325
217.103	362.164
137.223	432.941
340.802	192.889
267.623	409.087
417.566	71.0095
51.7834	223.319
98.472	172.062
264.411	388.822
317.75	203.214
386.741	96.0813
193.834	56.9905
55.7061	240.141
404.169	263.446
64.1008	440.434
54.667	443.752
376	61.3634
351.743	173.703
55.9247	289.774
414.163	263.126
110.38	258.952
315.728	254.539
103.85	271.518
421.348	270.082
274.096	235.348
365.688	343.274
152.883	437.205
64.5828	81.2354
411.748	434.598
289.084	283.673
58.5237	73.2801
175.997	147.194
41.7903	223.689
413.385	430.19
162.463	440.074
50.1664	358.738
61.0867	96.8344
31.8237	224.506
394.012	123.314
197.44	377.694
316.536	325.927
174.984	298.72
206.836	60.708
73.6234	455.357
261.662	417.117
47.3645	284.605
90.7027	341.923
337.946	426.808
195.635	161.77
368.184	385.289
193.853	387.028
207.084	67.6787
448.994	204.317
50.631	375.362
407.347	139.461
410.913	265.78
28.7353	214.995
458.931	205.441
293.359	213.679
275.873	414.737
422.943	199.298
417.339	84.2783
105.76	178.909
304.192	77.225
317.495	315.973
189.095	48.1848
202.64	391.8
34.5073	213.373
351.13	407.559
425.085	90.6032
237.532	285.89
63.9015	127.986
229.278	303.776
465.446	197.855
161.485	450.026
291.094	109.028
463.815	214.167
360.069	179.242
72.9056	385.666
413.568	444.431
110.868	364.847
42.7791	381.554
427.21	385.551
240.597	295.408
422.272	449.354
312.1	257.908
81.3069	461.757
128.949	101.919
428.949	427.144
367.938	55.447
469.358	188.651
412.766	421.248
251.546	342.659
419.797	279.96
207.385	204.493
425.764	65.283
184.512	383.457
164.876	430.369
251.375	228.287
25.2887	205.608
118.776	333.848
103.523	337.57
128.044	108.356
368.094	333.568
329.501	426.622
49.4962	374.53
417.877	458.337
436.459	421.033
17.9541	198.81
226.044	357.686
253.458	226.44
443.007	428.591
447.248	189.7
335.795	238.647
354.83	120.913
196.039	40.9884
50.7672	89.7382
169.037	100.191
224.727	228.191
159.002	192.155
243.999	223.843
46.1222	448.946
257.263	426.097
60.8679	63.5588
154.436	137.163
322.445	155.179
67.8569	56.4065
364.71	72.6003
122.177	352.636
37.9657	288.02
280.845	396.42
253.296	435.276
409.808	464.243
451.877	433.207
373.461	47.1104
458.34	425.576
473.011	179.342
91.2269	463.019
369.592	182.294
160.858	457.799
25.4619	232.222
25.7779	192.582
74.5085	80.0186
99.5125	186.717
340.101	156.829
179.226	390.007
174.136	426.592
350.019	155.55
447.601	180.868
397.462	256.745
414.943	464.365
474.643	169.476
28.5525	291.395
260.021	129.797
463.54	417.035
281.907	310.417
435.68	63.9858
149.785	91.6907
419.933	289.96
294.703	74.07
428.699	294.771
193.659	121.096
323.729	308.154
436.19	65.6238
198.66	283.508
320.282	430.498
436.187	301.399
408.674	474.178
120.01	256.256
85.2994	375.401
78.3914	471.323
331.613	302.003
365.904	233.026
245.467	276.398
93.9581	453.399
182.515	374.447
428.501	263.094
396.71	246.609
441.211	310.045
254.269	445.229
319.026	440.419
76.0625	50.6909
421.703	222.906
475.726	159.535
130.009	256.094
402.693	482.193
271.291	192.602
241.721	172.736
434.247	94.6087
480.66	150.837
93.9352	195.018
27.4637	235.945
57.3208	92.7862
203.22	34.0291
149.027	417.783
60.183	49.9947
107.17	295.101
279.685	373.071
281.227	191.467
140.725	76.8225
286.305	68.6405
37.5951	454.17
388.536	226.025
41.1268	87.0807
444.142	319.606
429.748	420.518
437.989	259.933
430.499	302.389
422.52	403.624
36.7051	373.61
356.372	147.827
250.25	340.15
261.142	443.423
440.06	250.15
442.178	269.014
281.513	106.163
454.581	412.592
337.704	208.009
188.857	69.9834
264.525	123.702
47.3802	349.134
490.659	150.703
39.3919	343.119
336.827	383.093
138.301	67.1208
51.1532	298.562
266.025	113.815
50.3076	105.265
153.847	464.929
358.385	414.442
180.718	42.7231
111.81	369.743
160.857	151.9
440.669	102.275
34.6696	387.405
364.816	422.1
428.987	208.067
44.5845	113.465
281.494	311.637
40.8651	463.621
352.651	113.444
377.562	330.35
133.5	58.3488
439.65	314.394
304.533	122.864
148.611	421.671
101.696	201.323
319.029	125.508
355.307	76.0036
373.425	173.058
210.55	27.2272
26.2793	182.595
216.955	69.2822
471.484	146.863
327.58	376.001
342.689	399.639
42.2071	374.804
396.745	270.146
62.5574	40.9562
243.436	433.607
131.18	138.312
312.063	447.596
349.278	409.384
75.1504	230.366
365.735	432.057
312.254	307.456
279.865	423.906
139.49	153.303
21.9712	244.301
187.13	101.061
418.724	380.261
413.691	297.773
60.5706	31.1556
196.252	91.9791
127.306	50.498
400.46	72.6972
31.6999	349.509
291.892	349.771
457.645	441.377
35.3616	117.33
18.8082	293.642
64.6054	391.243
415.69	192.414
131.757	41.5434
132.892	246.518
339.233	435.022
421.218	370.576
374.818	245.216
398.859	260.41
31.1292	301.057
136.254	32.6114
382.434	362.037
216.849	19.4604
489.463	140.775
349.534	140.943
35.6086	194.415
147.841	472.925
467.643	441.568
373.367	57.7917
156.56	477.82
403.569	444.291
42.1379	90.7921
325.941	156.645
473.447	415.675
436.065	380.903
377.161	101.779
286.987	58.6637
276.668	71.3098
212.197	52.2668
452.614	324.92
42.5195	449.76
134.207	22.8231
325.765	353.535
90.2479	349.182
409.89	489.136
226.808	20.3634
74.1058	220.42
85.9428	189.007
20.4589	174.463
303.049	109.858
472.878	218.394
320.867	431.851
49.132	84.1678
166.159	480.625
281.359	50.3976
157.286	313.164
199.917	165.798
183.395	422.816
145.194	67.4722
204.226	285.473
142.945	17.9609
283.973	210.229
368.686	244.644
482.876	218.204
178.129	383.407
287.579	70.1899
75.7374	217.547
106.48	210.105
195.258	56.3319
288.826	189.895
25.0805	390.242
399.958	462.517
450.887	403.299
296.494	122.031
392.721	481.447
416.069	83.9895
260.813	128.065
117.296	97.6018
454.012	443.276
271.12	106.21
200.142	300.137
195.925	27.1892
43.2707	275.481
40.467	279.737
171.848	383.72
385.398	223.697
423.358	360.808
15.5373	230.996
163.835	377.736
247.046	142.648
368.295	38.5479
138.572	476.677
364.766	191.053
340.622	297.662
34.5124	79.5807
380.656	130.875
434.324	242.819
225.023	75.1903
379.523	109.256
357.987	54.4567
464.644	169.329
147.34	119.375
263.454	99.7886
376.79	320.38
154.853	424.746
273.187	44.6347
369.609	28.6346
293.37	198.803
61.3413	21.1853
64.3646	354.188
258.19	393.77
193.416	47.3978
89.4069	332.008
448.036	244.118
101.592	422.888
27.6097	453.629
347.842	298.834
158.196	413.792
464.114	416.002
379.59	29.2619
236.878	441.156
58.7525	136.558
100.045	454.384
75.7843	89.5136
131.053	470.084
386.576	230.285
228.508	446.629
159.802	142.317
365.396	39.5418
34.9834	471.708
262.58	453.319
12.6335	247.88
403.722	298.558
310.32	457.443
144.854	306.911
134.517	423.192
228.061	456.619
444.751	59.7773
51.0788	65.6014
56.4258	391.387
274.263	81.0163
357.669	296.981
487.756	209.476
339.627	400.695
321.733	84.2362
41.6241	479.185
263.191	44.3257
169.566	215.097
218.545	445.774
274.634	91.0094
322.395	261.992
363.287	50.366
132.174	352.887
476.329	406.099
10.6144	176.22
371.77	440.03
184.234	59.7916
186	25.9675
185.371	55.713
337.378	396.934
51.342	21.3041
484.196	132.275
388.995	25.8661
16.7955	193.288
399.946	290.921
356.826	42.3053
12.1286	286.2
265.737	137.392
302.603	444.355
285.579	284.548
302.723	261.383
347.397	69.885
269.665	406.196
399.031	270.924
65.1899	442.336
260.336	352.562
480.234	123.093
271.094	100.76
41.1935	125.454
284.979	381.144
84.7873	479.01
345.646	194.692
413.595	482.381
453.648	334.866
417.931	294.985
469.821	451.328
319.473	461.472
450.932	51.9164
395.957	111.377
443.76	44.9477
171.456	449.271
84.8622	227.982
256.324	386.39
212.443	453.697
417.165	141.359
88.2953	275.038
402.161	62.8429
108.282	249.175
32.8229	130.925
161.355	201.859
452.132	268.061
83.1223	43.6086
396.209	437.521
22.9751	129.187
396.839	19.6636
152.629	416.147
279.167	36.6196
271.965	134.154
403.799	12.4833
253.639	158.212
17.5744	383.635
81.7522	325.573
240.41	338.367
87.97	348.965
167.611	417.081
11.3174	206.291
133.842	428.598
265.91	134.921
30.6777	220.756
52.5776	219.833
187.626	413.755
104.364	184.033
297.105	184.287
101.136	451.359
167.116	110.65
285.515	412.083
453.938	56.3921
424.139	468.295
40.8051	439.908
323.575	72.4383
127.319	15.5734
342.209	439.356
238.563	449.274
450.132	188.961
132.201	6.84618
322.586	137.365
225.308	457.951
454.744	452.869
112.483	372.462
79.1279	332.532
264.944	382.351
359.445	82.9847
154.937	425.64
128.234	237.669
39.724	476.863
60.7952	11.2003
264.623	78.3553
117.829	382.977
367.809	441.719
39.0559	266.413
284.231	210.554
83.8674	76.4954
26.978	235.454
416.324	192.834
456.854	462.643
416.303	353.721
151.976	85.1476
39.5297	390.078
458.575	472.494
202.454	454.164
118.858	355.67
461.822	265.591
349.067	35.9973
292.872	72.7782
286.833	399.998
333.47	156.479
337.011	310.421
463.516	336.481
266.783	155.783
231.138	366.291
256.026	113.955
29.3138	264.156
242.19	440.986
424.183	310.142
260.744	69.1383
152.29	300.224
496.613	133.783
21.535	290.257
473.263	334.246
238.775	424.759
358.074	306.973
468.594	272.949
333.762	229.101
88.5187	171.096
267.441	180.071
215.069	71.9432
389.843	111.516
227.178	467.775
399.197	227.652
353.636	189.973
308.023	339.903
323.44	470.651
81.173	391.292
439.851	298.748
276.718	154.65
398.08	30.0446
20.7715	225.685
32.7111	75.2922
286.362	29.6748
219.264	473.888
408.49	249.73
320.797	462.541
62.9727	114.994
289.56	323.991
181.71	96.2623
124.773	104.603
123.631	341.001
163.366	367.747
466.159	346.125
41.7874	18.353
283.87	210.287
32.8364	13.8943
445.779	383.277
334.013	131.294
249.555	269.999
279.329	22.5654
243.515	417.009
24.4916	400.225
404.075	38.0486
197.324	130.401
496.145	159.064
84.6322	161.883
439.46	416.389
330.843	313.691
54.862	3.15059
105.052	197.228
462.058	62.2282
141.999	466.546
432.628	463.009
136.682	300.584
155.23	125.834
355.823	38.9266
148.685	446.281
399.354	201.138
191.028	76.3966
447.1	256.85
22.9905	12.1458
11.3735	375.79
317.242	77.3529
419.643	382.978
147.86	122.794
93.8994	158.125
199.128	463.594
258.201	283.785
418.989	127.534
30.0915	306.943
448.579	472.194
393.852	287.383
195.249	133.418
91.6057	70.1615
480.037	396.811
374.72	323.241
156.456	153.885
371.15	174.559
196.831	319.225
201.124	52.6622
181.59	219.132
101.572	70.9783
272.222	450.668
92.3442	322.449
181.081	34.448
203.386	377.804
139.969	256.977
293.8	363.41
17.2318	407.102
265.9	107.473
65.2166	105.961
243.318	458.07
134.689	485.893
479.436	454.078
185.701	174.039
324.802	206.732
131.565	22.9836
458.269	482.49
472.098	204.884
132.347	77.9276
318.534	479.365
33.7757	347.888
429.633	301.941
14.7573	17.8215
236.783	371.713
416.856	213.226
484.887	411.273
313.016	140.062
86.9606	99.7551
362.562	139.973
117.916	12.1705
148.2	262.657
213.056	295.519
332.347	475.197
452.305	56.1445
214.459	50.0506
457.287	240.32
419.628	344.289
319.504	425.506
415.897	66.0005
94.1252	231.75
207.615	47.4512
150.813	93.7201
191.003	222.508
447.778	419.935
432.059	54.6644
286.708	154.199
466.502	156.685
28.785	399.271
262.578	315.335
191.747	276.283
338.789	467.548
449.634	296.675
142.931	9.38985
424.72	241.566
304.287	125.522
260.264	278.937
317.388	475.067
86.5486	126.015
109.363	15.4841
487.333	227.156
28.5079	218.71
255.718	273.021
149.222	194.24
277.31	193.459
80.0017	397.785
345.408	241.401
65.6576	248.206
94.8933	65.2379
451.399	340.924
210.05	198.72
342.034	61.4448
118.231	409.884
454.897	432.748
242.849	363.763
441.22	35.2757
474.772	390.444
134.149	303.17
50.6703	465.585
441.553	204.029
299.373	323.825
325.463	249.64
205.166	212.418
144.586	66.7447
382.525	334.295
111.565	71.3496
182.496	272.485
229.702	420.555
144.607	203.112
174.984	485.328
222.152	447.975
30.3161	16.5462
323.908	307.024
460.036	72.0218
312.217	102.526
321.537	122.947
35.9462	396.756
361.76	385.382
389.617	341.346
86.9558	76.2374
374.444	449.666
233.084	28.1486
417.055	335.804
362.429	349.185
471.817	64.4099
70.6757	348.429
74.6839	466.505
94.3422	193.083
228.54	226.358
45.51	193.015
158.404	292.311
121.553	381.384
287.844	17.3209
135.744	297.256
431.27	224.633
424.068	386.917
32.1048	262.026
118.541	165.635
46.2367	24.2158
207.035	312.995
83.7752	373.513
55.5389	105.321
133.941	97.2725
144.467	399.65
302.944	77.9753
293.31	349.535
363.338	155.002
130.42	414.271
158.417	486.296
321.81	196.158
468.216	481.46
265.874	94.5523
113.555	61.5495
237.089	262.242
152.796	16.2438
488.551	147.118
468.331	355.886
482.38	113.326
262.804	153.428
346.717	26.2772
451.384	408.229
7.07669	225.665
315.961	352.902
271.239	331.965
127.976	436.347
478.047	353.518
342.498	31.5558
57.3896	146.465
358.735	330.045
274.356	117.572
289.715	378.504
100.541	350.14
285.529	40.5449
170.405	173.818
322.197	101.902
25.3148	292.514
33.5074	408.086
24.6383	451.862
28.8703	416.945
450.295	177.69
26.0263	316.08
179.938	177.365
195.619	377.782
403.79	267.68
47.3637	72.6038
141.535	349.371
73.8175	337.161
363.675	414.816
69.1039	59.8485
28.0189	356.727
261.875	429.199
103.578	455.12
274.58	380.241
32.6887	107.694
22.9229	73.2451
46.9979	14.2564
470.798	215.362
226.202	471.951
143.143	93.9594
147.243	184.438
461.611	245.634
7.49627	24.6974
360.05	355.546
110.134	407.627
245.371	339.054
323.169	485.418
465.353	387.084
85.4645	406.161
10.3974	34.2673
105.187	462.252
224.197	52.3212
185.896	185.35
331.188	87.4924
456.377	43.5289
363.358	289.659
160.6	193.187
98.0546	370.262
497.55	207.457
130.442	344.807
48.5694	368.256
25.2807	273.307
479.909	172.42
125.815	22.2811
275.951	383.3
187.475	405.332
174.579	411.836
420.704	306.23
432.899	272.046
123.415	402.033
154.177	254.641
364.909	452.679
447.298	253.415
143.017	271.21
103.533	68.5725
16.1416	314.566
305.309	70.8468
486.99	405.47
326.369	447.207
438.774	467.163
23.289	344.1
344.134	162.073
425.639	339.216
358.323	361.404
81.1748	317.191
246.814	110.063
450.546	350.887
112.209	419.01
107.362	113.053
339.768	320.033
73.8231	275.714
135.008	205.913
197.436	203.484
78.9663	174.055
99.3672	15.1806
103.55	14.4472
96.6609	338.738
117.7	11.3569
184.11	16.1476
55.6619	307.488
189.38	465.821
232.128	263.084
308.724	61.4479
219.886	483.869
407.76	194.054
9.03602	44.1742
215.7	197.39
188.411	103.592
401.783	186.036
299.136	360.967
155.53	25.8629
34.6351	360.795
422.139	121.139
169.269	386.105
333.603	388.609
298.147	337.527
81.7971	397.05
323.026	158.524
349.299	299.864
153.69	244.653
441.963	73.7891
22.2473	424.438
444.018	443.612
290.275	83.0362
202.635	116.688
435.838	325.177
281.716	313.433
425.986	432.814
68.4575	357.608
489.128	236.993
147.679	1.36674
47.867	232.52
151.486	161.141
492.147	232.82
291.716	313.388
462.397	163.726
191.532	60.7155
296.425	12.1858
281.483	87.651
337.731	94.6677
145.01	22.3987
283.189	322.884
380.546	371.226
105.913	278.208
279.575	381.824
413.668	10.8692
317.196	232.889
70.5573	30.64
366.403	158.173
382.802	480.177
472.981	197.678
157.689	76.9402
198.293	308.201
342.4	213.278
68.6621	277.872
375.711	487.227
372.907	255.032
102.407	433.481
296.073	216.827
79.0057	413.796
337.181	54.861
417.666	460.733
237.808	416.826
277.662	459.06
145.654	449.201
179.398	465.799
209.91	483.169
50.1508	371.797
2.14309	371.943
168.825	379.089
234.98	74.2624
278.843	74.2666
26.9132	314.202
253.802	274.275
387.475	354.233
232.001	313.398
350.535	335.768
91.9771	295.105
243.21	468.07
320.773	423.487
124.689	147.092
12.853	427.865
370.664	358.802
413.087	33.7152
271.709	459.543
271.016	189.911
40.5178	10.4467
131.467	380.068
344.331	404.578
411.246	369.834
98.7685	270.703
166.757	405.606
275.827	163.037
210.275	445.042
22.6952	108.056
151.912	234.812
60.0473	156.105
328.986	259.532
54.9502	474.623
310.417	322.447
471.215	127.412
368.153	18.7412
370.947	410.288
264.627	342.6
242.933	198.119
265.671	79.0624
440.252	105.524
360.332	309.403
431.313	404.322
177.968	470.573
160.443	246.994
423.618	361.004
87.4351	155.919
200.858	441.675
412.15	230.842
148.999	57.771
407.761	413.012
445.488	26.2323
198.463	208.866
499.762	206.759
371.001	161.192
385.545	88.57
279.727	409.715
207.965	246.842
325.185	154.177
296.307	396.798
237.067	142.011
91.215	220.259
23.5126	98.0897
339.549	129.078
406.046	443.826
307.269	353.993
133.054	435.8
416.773	380.891
48.717	314.683
226.457	411.096
35.1536	120.135
103.497	78.9809
115.207	360.895
328.875	430.063
139.422	409.982
241.353	33.7725
238.555	330.923
397.617	394.591
303.794	390.168
283.74	76.9487
191.014	12.1172
417.635	151.348
163.658	68.9175
103.313	384.042
133.231	273.269
417.15	366.669
303.887	5.52941
0.765339	362.038
294.502	8.01878
88.3269	118.078
335.173	365.02
117.754	247.132
32.4126	257.37
267.771	384.572
114.659	390.457
29.7583	480.234
127.57	250.837
42.9312	113.452
420.483	183.637
107.629	471.95
474.041	332.277
396.655	222.999
434.485	57.3269
499.606	217.243
464.419	129.971
355.287	449.955
74.5481	431.705
153.577	236.936
457.331	54.172
170.817	219.495
28.9489	204.672
129.692	6.10102
315.196	447.766
89.4221	472.22
237.629	83.905
482.05	463.73
193.704	173.917
129.737	481.096
232.751	314.581
163.362	288.921
278.608	22.1655
254.621	396.629
292.557	327.631
444.191	376.1
483.212	329.368
498.604	135.205
321.935	209.023
271.39	432.276
363.066	386.34
427.285	303.785
301.392	452.923
15.4931	455.907
50.3335	158.48
408.863	475.436
456.14	315.862
449.815	99.1653
319.123	219.79
71.4157	222.774
188.803	354.338
340.981	303.958
106.578	25.0886
420.858	221.496
450.66	23.2194
148.936	58.6791
339.999	287.681
444.683	323.883
482.322	234.281
210.223	394.032
45.1183	472.892
210.945	122.25
332.435	418.588
399.862	262.113
432.211	259.533
153.908	464.58
212.403	197.643
297.116	82.038
58.3249	245.906
337.048	484.023
262.107	162.021
379.512	54.2521
22.9449	4.73599
140.712	265.052
331.533	88.0371
12.7005	449.992
423.311	371.431
417.592	365.7
325.261	366.111
31.2323	402.146
173.962	228.987
103.496	307.871
200.472	271.396
269.135	274.322
216.459	410.923
156.426	205.23
417.202	440.884
367.997	208.147
381.813	72.8579
195.977	290.774
188.033	231.473
257.323	49.9724
478.866	168.444
318.302	471.024
17.8991	282.335
69.9862	7.25999
56.4369	130.066
329.237	108.971
57.8807	72.6324
199.783	441.317
373.225	288.032
64.8239	429.372
65.2203	2.5608
350.715	156.621
448.52	62.0382
390.492	366.492
492.664	332.635
223.561	486.196
58.8139	421.38
328.056	68.2248
314.304	490.045
124.865	239.994
364.164	426.263
194.113	204.42
251.048	66.6928
400.078	20.4703
456.704	136.334
308.855	398.793
295.349	376.099
335.696	196.214
375.246	297.826
212.157	381.013
213.643	435.626
203.695	395.098
412.065	57.1901
95.1588	148.205
220.37	404.047
160.749	10.1808
16.9566	252.114
446.743	205.244
236.127	208.709
91.5532	238.651
229.393	410.908
143.335	422.63
375.1	370.662
343.589	197.951
234.588	14.0808
68.5446	463.37
9.59165	297.522
276.049	119.338
44.3893	63.0729
230.807	149.809
177.82	46.5038
142.919	447.265
327.29	418.121
476.392	273.305
330.882	114.455
151.935	145.137
132.622	215.545
443.983	236.306
232.934	420.575
277.112	431.036
208.082	24.3585
98.3263	348.034
46.8886	291.85
306.695	11.5148
264.395	457.895
146.41	286.155
375.729	20.1465
61.5405	62.4355
211.324	313.302
368.859	208.189
293.009	263.757
481.547	66.72
360.441	101.225
129.111	362.406
437.446	225.738
393.941	114.016
326.515	410.483
327.55	175.063
232.987	132.881
256.582	282.39
8.13395	47.644
302.716	119.163
248.113	410.037
400.352	17.887
133.743	19.0285
250.088	28.9042
280.452	397.214
9.34043	251.467
58.7964	367.157
127.167	460.87
186.286	158.44
58.8981	401.077
238.735	362.071
325.739	64.5209
281.36	16.5061
220.862	148.757
61.0572	146.371
373.815	159.723
46.5084	96.777
133.242	96.2067
308.916	455.776
479.158	222.169
413.558	358.621
271.107	469.525
294.548	381.23
382.648	346.631
344.744	79.5268
215.018	189.878
181.96	93.1411
133.84	317.577
277.413	179.324
407.355	56.0406
287.604	105.27
140.399	178.969
60.6069	316.18
322.023	271.985
318.614	453.747
242.604	100.993
36.1005	458.164
206.142	440.754
80.3907	133.894
279.529	349.028
270.949	302.617
90.6254	149.561
73.8025	168.031
487.85	390.57
165.506	153.08
127.156	166.186
413.945	402.757
410.738	467.01
392.897	87.9168
351.237	373.784
87.4625	266.579
254.752	207.434
340.276	201.06
116.04	213.039
150.228	47.8468
157.426	484.868
323.927	303.395
438.032	59.1137
342.671	320.769
325.644	330.054
67.3687	249.951
437.355	20.4144
234.237	166.103
457.568	243.094
113.777	270.942
395.921	43.8372
99.781	58.4243
404.982	115.684
94.0883	202.511
338.62	390.868
244.516	97.5103
144.54	190.987
452.268	91.1736
376.011	74.3508
442.431	467.591
355.331	367.529
269.365	469.524
35.4456	237.641
350.139	343.537
53.6181	133.048
139.268	312.343
273.923	209.26
179.4	138.75
329.917	187.927
73.1461	54.2395
158.195	365.774
331.207	152.808
252.532	196.724
123.221	326.368
88.7069	376.074
62.1067	63.8705
258.04	53.791
469.037	263.608
64.4131	382.924
288.862	227.485
117.328	213.537
220.496	361.638
180.598	464.12
170.729	10.8163
237.133	439.18
121.11	355.814
194.61	439.265
9.94169	422.56
288.644	294.067
211.016	203.914
338.286	462.954
363.093	192.825
418.525	98.1508
171.142	35.5579
109.699	165.703
339.441	64.7273
233.977	404.032
408.159	331.236
50.13	454.844
403.823	179.628
57.4568	155.786
52.5941	304.845
465.073	38.591
424.135	320.141
80.3524	307.224
312.013	364.366
242.401	223.118
183.615	413.039
138.234	239.123
206.328	343.117
86.9063	316.946
290.521	285.639
23.5426	130.204
451.51	100.235
33.9224	354.231
464.82	338.734
405.695	69.4422
221.193	84.4281
375.88	248.594
164.128	305.871
47.4611	337.212
92.7924	41.0614
483.652	352.375
199.626	131.194
281.546	137.02
13.6505	112.322
257.524	228.597
364.183	341.761
330.825	283.701
386.81	242.803
122.077	135.945
447.213	193.047
453.479	412.454
231.956	428.793
123.586	175.528
123.113	488.587
267.507	117.18
385.796	395.436
359.419	287.864
336.172	110.303
480.665	143.066
147.131	143.337
374.427	193.632
164.846	429.467
290.765	163.339
127.287	86.3375
233.93	50.0241
409.181	128.778
267.93	78.2851
243.428	169.264
308.081	331.9
208.361	367.057
303.517	400.028
239.521	381.331
443.247	180.775
188.344	296.556
60.1579	5.09056
418.392	19.6098
197.496	415.365
211.267	83.2153
291.531	137.573
367.974	227.254
34.3247	296.025
44.1933	12.1897
466.736	403.275
154.806	409.49
248.916	377.908
345.474	485.658
301.767	191.684
247.693	281.773
151.418	449.536
165.045	446.934
87.2065	374.285
194.448	339.319
182.167	374.865
218.491	381.753
147.654	327.303
31.8033	86.4981
425.759	213.774
13.5001	53.3474
55.3132	335.226
496.898	197.177
57.5142	31.5623
21.8091	266.932
470.316	471.683
201.791	487.831
413.547	235.284
243.119	8.86285
435.931	65.769
475.057	172.834
249.103	428.945
408.655	191.147
47.133	298.866
47.8598	481.558
343.659	16.7565
249.837	193.195
436.836	335.127
253.492	135.229
232.756	99.2548
161.653	38.713
452.424	490.603
128.559	248.378
338.637	233.671
498.211	123.912
379.209	372.464
164.466	127.539
190.518	99.5441
206.814	327.82
429.126	181.006
110.071	387.88
381.533	488.469
188.45	461.437
46.11	137.062
89.395	90.0559
145.263	205.941
5.68799	167.518
133.355	74.9241
28.7015	170.139
170.184	65.871
350.253	204.313
489.228	176.047
68.6023	16.3815
300.322	283.652
75.2286	284.49
166.419	412.424
389.053	406.497
9.06981	444.15
367.258	392.857
254.791	460.682
86.0389	350.705
459.518	346.84
232.615	245.038
429.988	362.579
71.7002	77.3298
397.128	197.608
66.1152	268.202
154.946	491.796
342.817	26.8692
84.2118	174.315
286.196	259.002
393.312	251.028
131.623	400.664
365.739	486.478
347.148	84.5752
132.7	201.587
307.538	476.787
333.795	18.4025
348.969	177.319
57.6996	113.713
31.1424	234.963
159.021	369.34
273.969	353.283
53.0191	56.4956
180.253	325.308
56.4774	159.219
411.534	278.04
249.266	27.7942
309.971	185.965
46.5784	133.933
261.384	150.931
369.762	281.492
182.281	420.58
108.674	372.055
324.21	136.762
23.6425	408.706
284.114	438.175
160.918	499.612
73.964	301.217
112.449	14.7994
445.671	17.5622
478.606	283.057
463.677	191.216
263.34	445.844
333.556	82.7227
405.279	33.9276
90.9565	132.332
235.579	358.495
308.004	287.271
210.488	181.396
156.361	444.581
122.425	355.394
52.6224	375.926
46.7983	324.498
138.966	119.059
236.191	87.298
306.475	51.704
160.865	488.055
241.092	118.264
313.176	233.742
194.503	86.9336
152.162	37.4049
53.2601	434.467
462.531	193.714
38.2118	414.449
316.305	491.091
347.035	300.94
189.032	185.499
196.013	340.46
168.6	12.8272
242.142	280.932
272.272	179.374
366.988	61.1691
110.122	239.346
64.5609	276.72
5.92947	240.46
444.616	220.04
410.825	381.735
115.628	19.0102
391.312	122.08
473.555	396.996
274.961	141.399
270.642	34.6746
297.186	279.401
348.74	159.613
323.033	126.391
403.36	273.107
38.9665	472.212
115.027	353.483
135.782	400.489
219.304	20.1563
150.527	70.9986
347.016	220.661
269.194	194.431
323.02	236.543
448.656	20.3661
393.385	32.2938
105.942	423.002
473.053	210.918
404.255	128.59
92.4127	356.099
14.7517	97.3594
47.5821	385.814
20.9618	484.99
127.972	320.347
375.476	201.567
430.881	393.999
452.582	161.816
158.109	8.95993
286.231	25.4306
444.385	246.23
293.243	114.044
185.5	324.668
189.073	6.19673
33.9452	290.399
188.606	168.166
94.5898	262.815
14.9613	277.3
127.347	253.606
166.014	316.819
313.856	44.9569
288.046	206.748
458.701	70.0197
444.156	37.4098
440.358	344.487
259.903	320.161
138.644	392.758
184.574	386.736
272.728	338.102
31.3085	374.288
380.957	40.4922
393.859	358.09
416.526	80.6158
279.832	158.42
94.0872	109.077
325.583	339.811
20.6991	139.792
132.408	414.004
327.007	298.992
172.396	431.242
391.769	231.907
207.876	264.675
194.695	132.088
38.3522	343.367
266.109	34.6604
488.48	240.415
332.758	163.846
59.9348	271.88
148.24	331.036
301.986	177.839
250.227	185.687
431.687	45.7552
312.435	135.71
190.7	316.562
57.3795	220.553
275.867	333.234
151.081	352.352
476.623	486.875
8.0828	120.628
169.071	479.411
17.917	232.971
197.315	484.503
383.711	158.28
51.5241	436.993
412.09	464.825
336.676	226.295
153.438	116.306
434.832	266.734
315.459	60.6255
378.845	386.72
215.623	208.926
164.241	57.8286
453.302	171.642
399.715	307.72
129.393	49.0827
66.8726	112.676
207.438	336.189
90.2934	234.189
251.543	228.518
336.919	307.409
273.491	223.373
498.098	187.249
38.3385	463.539
314.166	265.546
483.16	265.944
206.328	37.6766
15.9811	31.3502
64.7647	476.54
185.105	353.963
74.5058	101.091
84.8276	37.5033
479.957	133.219
183.174	5.09868
147.993	478.719
378.582	263.266
447.695	427.602
412.839	112.964
19.4312	444.126
438.283	15.9094
489.574	268.903
281.538	138.574
240.239	449.039
407.014	328.695
305.195	119.909
205.242	53.3342
230.205	493.67
393.924	178.209
202.604	438.74
278.03	241.435
251.775	397.395
54.0843	230.012
312.241	436.645
62.4583	469.703
467.186	416.555
476.937	267.417
199.541	425.153
484.077	362.366
481.016	76.7059
113.454	491.176
113.185	176.939
347.111	38.58
373.816	449.464
464.13	279.712
297.191	435.946
20.0626	299.876
91.0112	333.917
337.584	454.183
157.996	145.652
75.4706	458.205
472.375	147.887
113.619	55.1916
176.644	129.404
156.979	360.949
402.951	174.578
471.87	31.2562
24.9946	35.6811
486.411	458.413
248.594	238.129
82.4468	157.758
251.542	154.972
76.704	176.858
218.285	115.459
304.996	271.121
379.666	10.9539
218.283	27.3868
20.4627	68.8047
430.282	235.774
79.7821	50.3785
155.861	0.120025
103.076	463.819
48.5483	147.725
30.4533	189.72
228.048	227
40.3428	53.9282
207.848	468.489
277.235	277.046
205.523	248.419
30.6812	51.3488
364.991	261.142
204.5	83.438
145.998	169.501
385.839	209.362
148.567	91.9591
232.563	416.289
486.806	69.0169
177.314	157.002
274.563	133.681
468.081	415.729
198.313	36.9675
13.1732	445.806
227.175	414.495
84.9106	127.667
134.358	10.7273
135.032	302.053
442.575	47.3539
283.825	454.232
191.827	414.527
332.564	314.329
273.091	205.983
185.247	368.134
81.7024	306.835
14.1531	458.871
119.966	454.893
398.018	178.681
92.0432	317.876
257.39	95.1554
224.034	10.7558
109.428	188.551
335.759	356.936
284.879	23.1582
132.88	74.1028
44.819	285.331
120.132	143.106
249.506	251.878
355.977	256.813
341.607	366.426
5.47143	383.862
445.585	81.9061
193.676	433.607
317.2	252.53
256.984	371.999
310.005	48.4194
380.736	297.583
278.336	200.373
235.372	488.58
404.631	338.247
360.592	479.647
183.522	292.854
24.9877	10.1535
121.265	305.31
92.9908	312.823
158.023	165.752
489.713	237.181
130.435	229.542
165.823	390.291
305.844	300.184
134.901	265.409
357.951	324.982
166.745	300.026
152.237	89.9029
117.458	150.918
296.162	86.3693
38.5279	171.994
188.528	16.5825
443.001	487.253
267.019	418.014
425.067	102.568
279.144	472.804
398.016	420.318
366.696	232.351
398.537	51.4507
62.0146	103.411
125.55	310.767
243.697	236.085
129.765	46.6261
214.761	227.361
164.46	133.575
414.588	289.178
214.207	131.703
232.173	497.986
383	414.457
473.536	43.9179
330.216	345.883
65.9354	154.757
160.193	205.095
265.855	225.768
147.035	93.881
215.64	416.972
259.721	425.386
275.064	199.558
390.561	477.141
491.544	60.2107
190.957	178.633
85.6579	397.791
173.569	383.261
481.49	449.088
352.246	371.559
143.006	242.895
236.862	282.873
131.206	391.732
446.598	161.501
56.0075	164.056
321.431	371.853
350.148	37.1861
450.882	218.519
51.6757	266.518
98.3636	184.767
219.81	140.378
332.725	232.496
337.531	112.623
444.862	461.796
1.52065	208.297
69.1757	183.441
285.129	419.341
136.27	221.562
188.326	488.886
88.0342	91.6179
251.107	26.7866
284.587	263.084
238.273	275.59
79.2043	8.95536
448.261	399.447
244.785	242.247
398.37	168.623
90.5652	116.223
38.8436	430.103
430.442	126.713
487.712	50.9744
128.594	395.189
99.611	274.397
108.611	353.303
178.217	148.355
332.507	31.9785
378.08	420.573
54.4108	104.912
61.5827	282.241
106.098	172.389
378.86	140.744
464.187	309.925
171.053	329.228
241.453	417.55
334.523	129.21
436.481	126.928
445.592	206.605
238.212	379.517
293.564	90.8145
475.397	217.114
442.744	236.087
122.161	421.346
188.912	371.955
384.015	1.94952
163.575	353.433
110.646	498.686
190.058	115.353
164.717	129.056
115.558	87.754
447.473	304.783
271.311	444.947
114.433	2.11474
460.105	428.125
249.331	266.132
471.609	245.422
25.5213	446.07
427.483	23.7749
479.897	25.292
20.306	401.396
365.863	395.862
136.486	48.8564
335.004	337.641
251.445	265.559
448.932	238.949
454.456	84.0067
103.053	171.593
87.6513	488.591
147.099	407.774
465.822	300.06
356.49	487.998
358.628	325.834
375.062	334.365
107.438	256.342
0.401346	173.706
170.767	397.816
22.1731	62.9924
17.243	485.226
495.74	400.63
311.173	196.775
154.94	487.61
475.82	299.828
357.366	77.6651
445.899	420.311
462.09	55.4749
185.128	270.665
362.565	210.337
195.639	157.337
418.637	325.477
457.323	191.226
239.896	127.311
159.952	60.1308
157.375	36.757
492.84	395.063
59.5696	288.587
198.535	362.404
100.417	261.864
27.3098	200.408
29.9425	440.141
433.901	455.855
344.822	101.718
182.921	112.001
189.094	419.035
434.519	106.695
126.893	138.275
151.657	35.2783
264.254	458.365
103.539	133.28
293.933	15.2537
148.149	116.73
312.674	457.935
479.836	295.275
96.7772	492.68
40.2561	356.705
316.495	133.098
97.3978	100.793
231.297	147.593
63.837	303.752
138.701	380.702
101.961	45.0535
261.522	403.504
319.105	347.485
244.755	438.312
337.592	194.99
67.805	168.458
389.516	267.244
341.179	277.751
126.03	442.586
187.866	473.523
326.856	395.617
434.009	247.356
38.8219	205.885
296.932	127.08
15.7153	251.687
3.30182	305.296
181.983	261.172
382.326	32.8632
356.042	397.746
265.62	190.915
488.073	286.278
484.171	159.543
433.826	455.716
305.877	129.016
455.836	394.203
9.11705	456.219
406.593	419.015
140.018	193.816
161.121	485.4
183.452	166.308
238.12	113.16
18.0005	4.10945
431.872	171.39
182.283	100.233
198.974	318.845
78.8922	474.091
12.4452	23.4182
190.601	448.427
159.109	187.544
7.37296	240.927
210.293	35.461
176.245	118.588
198.012	426.388
31.6634	402.706
311.6	447.433
117.343	451.077
310.9	420.41
62.3916	326.013
404.009	366.353
137.153	231.453
177.194	405.988
271.286	418.785
317.337	290.862
142.364	18.4311
441.18	242.788
404.003	416.546
376.023	125.457
408.451	430.681
89.3975	15.9593
17.0134	124.904
138.073	493.927
119.368	495.675
83.6778	28.6146
475.376	209.308
339.753	423.775
476.091	439.549
273.786	298.681
154.074	22.0767
197.022	170.884
20.1023	451.707
143.872	271.482
219.659	213.487
318.688	133.108
327.915	10.3138
403.342	483.121
122.878	234.917
153.541	169.366
393.648	243.646
113.913	247.357
274.757	195.798
45.6145	350.743
346.768	332.264
131.314	106.96
275.894	448.987
342.113	176.44
442.805	463.93
310.421	65.276
111.716	237.109
373.899	497.062
259.971	172.568
328.222	138.15
238.42	413.501
159.073	207.453
59.1095	333.915
271.306	349.226
65.2293	348.994
163.086	449.336
115.54	382.441
66.7748	162.643
21.0674	41.0622
343.506	310.891
394.565	448.642
422.881	6.98028
466.619	226.193
421.359	488.683
168.85	111.328
74.9353	272.591
380.151	259.225
347.875	166.301
17.6854	1.65598
17.1714	45.6837
85.8498	267.599
445.108	274.166
32.0914	244.161
46.9121	231.812
460.545	226.875
233.341	151.332
398.831	461.251
332.249	124.596
251.997	70.6549
205.187	458.127
402.805	139.24
13.2916	344.329
337.269	368.633
428.964	131.058
445.12	121.89
155.876	391.321
103.577	52.598
205.436	280.418
451.934	237.016
55.413	246.886
8.08515	294.512
370.914	11.7712
172.163	162.068
399.936	122.827
269.165	420.339
210.322	330.334
272.385	122.903
311.442	174.588
174.262	59.9442
242.601	486.159
366.036	91.4601
131.169	457.648
293.174	303.943
83.4941	365.505
352.174	238.342
17.4475	81.6129
322.832	308.469
144.679	487.253
337.776	493.996
455.736	298.324
39.5778	111.645
49.9732	246.705
269.668	352.994
351.94	457.4
205.177	201.867
50.0866	55.2785
48.9026	264.859
191.266	78.3814
419.361	6.43354
175.58	87.3214
467.38	141.312
22.4643	422.683
369.062	213.561
197.451	231.181
327.239	210.035
202.275	390.596
272.991	399.742
367.491	74.2105
397.343	482.777
482.486	453.96
188.363	133.133
139.399	242.39
356.757	265.746
68.4466	289.262
396.759	195.017
233.909	72.6196
324.882	180.27
145.281	56.0038
79.967	216.739
15.0219	372.469
444.558	443.872
363.14	248.48
444.151	383.748
495.838	292.579
91.1861	226.165
305.607	494.981
122.969	269.101
372.046	168.426
143.127	454.802
390.419	456.232
213.879	262.565
221.514	362.626
238.145	101.316
392.833	480.199
76.9647	217.216
417.195	238.842
84.7238	282.995
482.381	54.6653
488.211	199.456
445.882	263.456
360.744	215.355
55.9307	279.037
287.243	242.458
287.123	287.63
10.7115	140.29
76.4219	73.6733
414.237	264.407
309.927	483.156
113.767	252.894
211.963	461.862
308.911	214.606
115.328	11.2232
460.098	497.014
272.815	208.65
481.738	399.072
191.907	57.3793
81.6271	29.7369
45.0817	194.091
229.885	235.139
26.3696	204.54
361.315	150.857
328.278	236.965
288.276	476.878
476.149	59.9262
22.8784	360.22
48.6823	247.686
311.76	89.6806
185.332	175.115
417.176	161.337
363.819	280.262
399.86	16.9626
47.2617	159.52
463.941	87.1749
208.739	238.145
200.333	474.339
314.692	60.6349
133.892	74.7825
310.927	355.631
426.498	272.663
225.386	161.45
402.743	251.731
233.972	363.691
45.1652	340.976
352.303	338.068
416.57	14.9286
161.422	261.534
23.7464	307.675
457.555	426.969
420.727	370.761
493.106	42.5542
329.685	348.163
263.752	140.219
230.701	27.028
240.512	428.659
43.9707	457.696
294.042	258.436
227.011	78.9904
262.354	350.353
457.873	424.317
448.463	237.539
332.471	360.425
54.1575	23.3795
295.69	204.155
346.045	195.46
355.736	476.037
116.191	310.515
440.164	11.6169
355.239	68.7916
21.1848	119.247
247.693	244.714
448.323	194.165
297.263	371.327
236.289	270.465
481.237	53.137
10.0173	322.471
48.4042	491.543
152.008	296.095
162.327	440.639
445.054	496.792
323.166	166.604
149.4	445.412
123.681	386.226
326.067	194.007
399.984	305.494
328.547	258.067
139.299	44.8265
461.928	140.144
365.282	225.861
424.774	243.508
427.709	107.808
192.667	485.141
373.411	284.057
305.84	111.675
46.4909	441.896
82.0948	449.044
258.694	408.528
449.82	200.87
437.579	445.282
341.401	216.639
367	153.927
102.589	190.04
26.8775	139.261
172.102	284.062
94.8724	292.617
237.171	173.327
444.189	498.52
463.982	414.262
149.728	273.463
480.214	483.703
144.036	243.59
109.563	95.7997
405.651	128.518
24.2153	162.377
183.483	240.377
192.234	218.8
466.039	275.704
485.723	437.549
219.46	105.528
115.264	108.152
27.5234	120.137
397.949	409.837
0.894966	306.897
304.456	355.494
188.584	34.4551
400.507	282.059
389.892	93.9524
230.448	132.582
391.602	409.197
239.185	227.321
99.4923	468.563
99.1995	37.4867
358.571	60.5002
241.224	3.40467
205.033	288.914
135.55	327.43
238.445	100.153
206.407	81.7167
397.576	171.171
411.096	267.045
105.367	220.043
100.558	499.136
262.506	443.283
355.49	251.117
213.584	329.112
341.005	46.9098
238.93	457.946
354.505	207.841
294.176	116.232
260.436	144.495
10.8619	14.9847
298.14	348.073
371.198	31.0502
235.302	179.888
178.069	6.37556
239.868	43.5376
210.286	101.549
375.621	44.2329
255.606	174.199
91.138	462.948
297.272	94.0802
19.0065	401.745
396.906	147.314
287.854	260.189
117.207	246.72
498.725	211.058
442.312	208.249
235.229	151.085
61.1908	319.072
78.2451	413.945
69.2415	44.2426
37.7041	295.03
170.189	249.236
436.135	476.547
359.184	323.204
255.867	23.5544
108.66	106.215
209.865	115.968
215.856	214.532
52.9544	487.327
165.449	143.809
37.2707	71.1825
160.826	369.499
428.041	334.25
489.027	105.855
283.415	485.616
488.023	419.805
25.6014	476.646
257.557	344.502
118.567	378.2
469.802	463.869
425.41	417.046
70.2705	383.122
279.913	42.0659
129.77	148.604
369.879	151.076
483.724	16.0531
488.355	365.711
214.487	234.034
238.541	444.17
366.779	267.436
352.676	285.949
100.192	215.457
373.244	305.077
453.467	228.525
415.125	222.034
73.3263	357.279
365.598	395.844
215.77	17.4767
278.553	483.784
438.157	47.5758
371.339	344.153
71.2704	316.902
370.926	417.926
316.171	164.713
339.412	91.0717
350.891	209.613
117.532	151.269
193.452	380.822
87.8525	296.149
138.163	482.286
257.962	378.871
467.206	353.447
489.28	296.928
436.05	253.699
274.739	126.613
167.494	249.725
25.8471	334.433
239.741	95.9902
43.0703	205.516
357.64	315.875
313.327	302.248
498.128	396.167
280.15	297.757
293.706	202.252
138.814	75.7139
404.522	338.264
296.821	60.4798
198.201	234.369
116.039	227.827
387.513	73.8462
379.064	15.4117
362.554	222.163
236.198	374.723
128.937	192.322
495.217	135.34
332.516	235.855
365.846	361.623
138.932	456.834
361.882	188.487
146.552	6.59022
380.452	191.883
149.29	415.23
407.073	411.61
235.707	410.979
371.1	50.4233
247.429	256.282
369.638	294.881
176.603	372.08
57.2817	421.521
195.338	399.562
423.978	211.196
388.826	475.818
150.086	124.435
404.188	319.103
326.036	94.5766
323.871	248.236
346.98	263.646
230.545	248.691
255.606	447.721
236.282	429.055
363.346	357.025
6.2664	149.248
21.1587	454.447
94.3808	379.787
281.091	107.472
438.847	383.692
169.318	220.127
137.831	252.627
100.254	347.313
321.072	452.796
363.408	254.452
27.6907	49.9501
411.099	274.73
270.478	266.434
71.5585	354.127
365.994	345.047
271.67	418.099
150.611	182.484
493.378	205.919
149.697	55.8828
447.021	270.984
156.951	394.579
280.883	418.036
307.999	293.612
7.50692	82.7015
208.703	168.369
287.34	149.382
341.137	400.986
252.652	373.427
146.406	24.4703
427.809	427.107
448.116	151.617
473.83	16.8567
413.962	187.752
22.9918	58.9629
268.105	290.903
281.712	261.739
42.559	398.501
397.208	15.9003
453.973	201.896
170.412	409.243
217.469	411.493
38.9848	167.205
479.77	335.757
34.8377	138.923
275.344	417.87
326.251	193.834
169.092	444.096
75.6469	107.492
227.909	480.34
3.22457	256.239
301.873	450.172
327.589	245.748
222.547	234.138
336.509	46.7425
389.435	351.816
202.354	120.385
152.224	303.82
93.5708	459.299
384.443	249.911
223.093	140.191
413.452	452.654
306.731	374.545
477.685	7.62981
150.778	86.701
408.621	447.626
12.368	174.279
161.456	110.052
37.0587	307.025
444.389	32.0662
172.766	204.35
125.12	89.599
130.258	356.621
68.6272	214.391
496.9	402.46
240.027	374.826
17.2062	177.162
148.027	105.959
179.771	108.706
280.803	231.174
461.96	296.678
478.738	439.93
281.811	372.863
395.169	218.702
463.607	39.8104
18.9358	208.822
95.9416	414.638
102.822	87.7513
345.674	355.64
267.929	266.024
281.686	223.056
355.445	343.03
174.848	330.315
300.08	74.35
327.609	182.126
49.4307	247.528
166.684	246.426
268.072	433.342
9.31225	406.777
251.37	122.153
109.778	124.499
137.657	138.158
359.775	400.735
319.67	475.436
151.907	432.74
383.289	456.785
266.455	118.625
495.391	247.642
65.8574	33.7182
323.024	287.908
1.75121	30.9475
437.189	71.5612
204.808	257.034
255.344	72.85
174.012	489.238
83.9423	98.5318
270.04	383.388
6.12862	366.103
37.3407	86.9383
364.298	27.7774
41.9042	477.559
276.67	239.011
111.799	423.915
353.227	140.826
144.326	319.088
356.674	151.791
424.83	92.3891
324.924	119.017
408.694	157.497
286.13	244.676
475.02	198.515
209.787	395.178
414.153	59.3161
385.303	383.077
457.074	246.659
165.962	268.124
201.39	273.665
344.492	167.5
410.777	301.066
157.698	96.6795
88.9592	79.8673
220.71	475.962
80.6061	40.2116
363.579	352.523
271.016	274.824
30.9217	82.4099
477.331	145.145
479.643	290.462
479.305	452.41
334.586	117.315
498.541	63.8838
316.524	410.894
332.563	331.385
388.949	275.045
205.748	276.957
164.002	127.653
8.96491	190.08
114.182	127.827
383.675	274.045
189.969	19.163
325.687	436.075
86.9284	75.1261
200.584	348.031
109.952	90.4862
4.79183	194.04
320.89	266.95
471.759	36.615
65.5891	5.1038
61.1273	350.047
391.487	422.274
450.648	35.6575
491.742	296.108
27.7797	449.927
358.274	41.5014
157.854	82.4276
440.737	186.835
284.881	200.402
117.177	232.065
80.3845	172.221
357.631	190.459
208.788	65.7699
56.4798	35.3335
336.846	220.137
145.371	492.89
10.1061	19.0939
386.512	45.1863
106.622	420.494
303.307	400.483
464.815	246.421
477.551	178.361
233.193	204.939
336.078	192.29
358.091	334.344
176.398	395.697
275.937	168.078
302.406	424.488
482.763	223.061
196.367	249.06
246.726	150.768
347.131	166.144
34.8892	440.55
178.501	127.658
155.524	303.612
83.6772	434.039
349.786	11.1704
281.478	415.182
219.951	480.727
86.2248	298.708
439.147	244.998
84.3478	21.5843
375.309	222.019
353.082	235.977
134.917	399.781
446.925	329.87
458.242	446.49
417.526	180.685
81.4375	41.413
284.443	135.473
73.8586	46.2868
138.891	318.401
18.7528	225.807
374.954	401.125
390.495	452.613
210.448	403.659
400.099	353.905
283.969	317.383
288.267	119.422
433.745	97.568
428.727	163.014
61.5561	166.102
314.121	323.739
144.929	410.111
123.544	62.0049
186.295	340.422
325.506	408.831
20.045	21.3978
68.5503	186.393
198.276	60.5905
214.149	450.848
109.818	214.462
21.6231	472.792
31.391	112.514
461.079	444.949
397.203	135.572
162.024	226.968
445.064	119.132
430.444	236.072
441.62	88.8945
338.407	387.87
87.5443	171.68
377.839	464.414
450.991	176.653
456.409	233.875
115.053	426.555
80.7738	331.967
365.781	76.8399
63.1691	350.371
220.429	255.008
353.945	20.6572
167.888	117.731
402.119	271.975
26.6532	206.15
454.288	186.777
5.53175	49.6282
267.041	282.871
230.761	419.651
15.1621	279.856
151.095	468.491
24.6995	37.7243
219.513	211.695
360.947	66.2526
13.5935	494.536
497.568	416.822
465.875	389.629
430.225	409.118
355.78	431.264
233.615	212.035
303.305	19.6154
61.1681	41.0363
13.0047	348.658
422.185	48.8718
478.596	230.731
316.338	423.072
452.615	244.373
303.374	25.4013
313.566	264.203
171.329	233.743
112.522	181.998
342.706	313.453
371.151	184.427
465.396	147.701
461.278	102.375
476.484	263.63
400.997	280.244
185.28	451.021
81.0354	217.304
372.972	370.678
317.403	260.796
473.256	293.939
237.761	350.609
35.1061	239.291
198.32	156.828
107.601	380.122
366.314	97.3784
315.735	122.916
475.276	432.226
135.237	386.8
92.3605	412.192
271.52	480.858
422.329	11.6646
117.703	323.731
490.715	305.021
213.818	155.855
184.724	361.68
10.2023	392.672
328.396	491.372
146.604	122.011
276.163	199.846
214.506	173.674
424.822	71.527
349.335	343.304
322.59	73.2104
441.719	374.784
273.021	396.602
462.588	377.474
368.791	22.0402
385.645	477.784
247.252	412.797
225.449	351.13
343.741	189.392
109.058	137.332
446.829	169.751
449.814	195.656
157.126	81.8003
242.644	269.33
206.506	424.68
90.0896	238.511
310.406	302.718
17.2209	74.6968
345.01	42.3943
40.1677	365.437
485.753	185.424
86.4523	210.089
166.258	293.222
274.429	71.5533
416.967	191.454
211.553	448.259
446.841	248.052
38.3881	311.49
418.716	298.106
161.661	165.659
261.186	100.661
439.929	226.724
161.226	222.867
370.768	440.827
202.12	393.44
139.355	296.34
325.701	274.108
234.584	433.898
243.675	366.977
292.765	51.3089
458.237	206.379
261.168	15.0747
162.758	201.901
149.499	143.063
109.61	70.0967
203.123	393.173
466.57	153.25
364.077	345.392
482.125	310.142
484.888	130.055
106.798	195.44
167.277	129.362
312.418	446.305
43.1849	23.8669
363.504	209.444
387.865	359.773
231.252	258.858
399.484	388.608
216.533	357.399
258.215	338.741
96.8389	68.7821
248.196	369.216
389.139	295.187
194.632	411.961
420.524	82.2781
269.788	339.806
74.5373	391.173
370.909	124.946
308.035	158.898
190.395	460.935
339.027	344.16
318.465	229.152
448.154	127.209
123.807	248.197
197.363	77.2397
256.117	161.797
89.0439	255.405
19.7256	281.525
380.026	437.437
450.431	89.6122
92.2415	492.459
476.784	297.958
146.999	62.1718
348.317	185.024
66.144	230.792
302.99	364.177
461.455	341.191
181.994	452.095
385.387	148.525
313.128	23.199
62.6983	19.5962
491.169	65.6677
316.99	52.5713
137.857	88.6899
438.571	153.891
474.823	351.308
253.464	289.32
297.697	454.075
38.7534	494.162
184.449	270.205
157.087	403.57
89.9822	195.098
473.382	72.2664
142.004	387.345
327.018	454.611
247.141	14.3978
28.5952	219.043
497.49	150.835
140.232	202.637
373.056	497.893
427.339	44.373
103.743	129.449
462.338	92.9387
15.0312	92.3309
131.074	467.817
251.737	325.934
69.1849	8.68388
225.015	161.021
454.724	224.498
204.61	279.39
108.2	459.569
394.764	83.9749
220.929	71.3482
46.5734	9.91175
129.285	380.995
429.628	389.832
358.933	334.288
405.475	252.435
329.999	216.731
236.527	85.7337
50.8831	198.064
143.229	411.044
28.3752	21.7733
198.201	397.472
177.486	317.155
450.696	322.048
85.8358	495.921
9.61417	17.5561
48.5475	124.865
247.785	6.71867
300.448	201.188
206.387	456.79
375.881	388.89
297.716	145.43
422.198	447.884
453.048	85.8815
241.886	16.514
198.589	79.2941
220.345	41.9665
477.888	162.959
2.23012	128.253
429.377	320.761
82.5207	194.204
87.1295	223.064
144.862	214.884
318.584	225.618
104.11	18.6021
143.155	4.62293
118.089	54.7668
291.893	49.0163
378.158	263.025
270.115	10.6079
193.601	148.76
296.241	304.313
35.1613	470.085
143.678	373.784
342.589	226.142
425.661	4.61108
296.653	379.127
9.71459	4.33176
95.402	385.582
95.993	88.2628
215.238	433.739
499.192	130.329
346.476	470.545
74.3779	114.541
450.568	73.6879
40.3668	497.856
171.588	85.2969
408.39	310.516
253.227	149.782
487.48	153.569
493.985	234.795
264.921	7.42577
172.227	110.827
471.075	405.131
458.259	29.9861
113.366	81.4846
378.63	95.451
455.184	491.596
333.31	244.585
455.411	42.0457
28.1979	240.433
392.925	201.953
447.738	368.845
57.3474	491.543
42.0718	342.357
131.047	487.72
442.981	330.398
154.838	361.51
2.724	311.228
188.099	229.943
214.535	372.878
271.304	355.822
78.9912	208.261
475.578	122.052
102.337	166.828
342.899	480.354
22.0246	286.726
187.211	238.856
260.35	11.8695
336.15	436.759
487.125	120.906
400.343	365.831
165.591	36.2634
481.313	495.707
323.748	354.371
175.186	143.857
343.604	13.6166
184.779	335.317
243.486	371.991
495.59	167.279
343.167	422.583
78.5734	3.72315
292.364	35.5903
475.972	335.009
256.178	181.469
412.959	126.993
217.615	411.674
230.804	274.169
463.734	288.527
86.5802	82.8883
113.2	239.124
298.541	34.3635
233.064	227.241
42.0375	160.689
429.109	327.212
425.841	438.737
19.609	12.6742
38.0687	174.228
408.05	229.945
127.594	190.789
44.5776	57.2701
348.682	48.1047
117.811	152.06
170.997	498.3
364.18	370.439
338.874	286.038
63.7965	362.53
83.3015	448.561
170.67	302.224
33.8521	120.309
19.4612	184.877
201.839	484.593
196.445	248.723
361.987	357.123
105.151	272.521
213.524	337.36
453.518	429.148
384.609	281.928
449.932	340.28
152.325	158.842
44.3514	483.973
366.206	315.494
144.365	347.922
415.038	148.776
324.477	55.929
82.9807	121.98
486.051	392.423
446.269	435.111
7.33548	459.638
15.4911	279.159
472.31	158.514
353.799	54.5715
406.68	139.006
400.317	5.48401
373.206	392.37
126.792	58.3784
68.9648	414.925
417.193	386.62
171.731	430.199
392.295	402.732
423.798	331.09
182.399	483.398
349.408	228.849
87.4359	489.114
398.22	124.027
343.243	443.408
49.0632	353.653
123.087	147.557
135.495	312.4
106.976	215.487
102.711	408.76
450.42	21.3062
275.898	94.2813
138.184	140.372
163.712	25.3264
361.488	494.021
143.259	328.041
422.74	371.312
427.924	280.365
478.532	155.224
80.6888	240.23
385.323	302.745
404.425	49.4812
388.718	230.791
195.771	482.861
10.4044	296.031
41.8227	169.971
499.618	309.575
315.432	439.365
290.104	364.875
208.294	130.109
122.059	22.5388
316.644	310.86
122.363	397.019
104.085	466.213
408.457	457.09
248.444	212.784
91.0158	100.086
166.494	197.502
313.583	3.08335
17.6852	109.477
458.741	346.201
399.734	229.576
293.888	279.625
266.905	24.9927
298.509	66.8186
341.611	262.316
276.962	345.448
116.332	352.319
115.344	414.113
363.273	60.6044
330.323	171.016
197.559	114.125
479.923	113.085
390.056	268.985
134.556	334.142
480.503	365.945
115.677	240.676
400.275	436.478
350.298	461.049
63.9187	7.59105
65.81	66.1975
72.3116	40.7255
393.711	372.715
286.992	451.661
395.791	262.177
245.473	331.042
239.04	323.659
327.968	294.072
261.609	413.118
248.195	422.262
437.975	76.4197
384.623	225.415
244.384	31.783
448.951	449.622
57.7776	301.595
470.763	208.947
255.944	111.106
358.579	241.243
381.848	156.45
117.956	382.314
208.464	156.897
131.292	356.426
355.472	440.497
115.54	197.84
264.953	289.511
133.264	368.025
318.864	402.831
154.865	88.0066
393.148	340.31
418.012	432.554
378.772	440.481
440.978	43.1599
318.692	291.046
315.263	366.771
215.732	22.1669
305.322	414.329
473.577	384.83
344.149	201.285
183.044	469.461
256.72	131.759
215.617	390.076
71.65	270.273
336.415	274.971
495.046	97.8692
486.04	41.5197
151.184	208.644
16.4797	55.3685
33.446	435.778
492.62	158.228
59.8981	366.611
27.3557	333.095
111.265	66.007
180.797	54.2657
275.569	132.236
229.148	374.458
88.4907	38.1048
484.999	267.893
220.923	127.109
10.591	203.788
356.607	471.492
427.771	493.987
103.942	469.732
64.4747	32.2085
159.897	189.61
466.424	403.639
83.02	490.095
179.278	72.857
441.389	463.134
92.2653	14.7113
64.1221	484.806
366.803	272.513
251.14	186.592
460.172	295.632
320.363	392.814
23.9561	440.201
318.354	164.058
452.162	406.054
257.908	118.742
174.374	129.704
271.361	198.138
436.755	17.4377
234.088	28.5562
200.377	65.0948
159.228	365.198
309.673	50.8525
253.852	329.097
162.217	187.398
348.769	106.088
259.309	170.036
175.161	137.813
106.945	136.943
402.223	271.663
410.819	144.54
484.964	103.824
495.275	340.484
275.535	11.0419
246.019	383.228
405.673	397.469
137.951	194.686
288.746	288.87
451.939	487.86
472.298	82.4375
445.396	356.358
406.982	339.542
262.418	187.012
324.967	347.022
425.831	462.332
18.1871	453.204
290.329	87.1323
210.942	77.6759
468.788	446.004
433.538	251.35
178.352	481.493
494.623	126.224
226.913	322.485
464.338	207.022
349.462	355
330.092	223.548
421.2	272.614
227.398	13.3385
346.659	331.185
396.543	33.5058
6.38879	367.195
430.493	2.43249
174.092	434.352
90.7714	174.017
18.939	399.719
108.896	421.323
432.017	416.057
237.091	194.529
260.165	140.789
231.877	394.255
314.182	155.831
319.643	134.955
312.869	343.592
345.345	190.91
370.517	52.2502
291.88	431.383
305.971	210.928
497.335	408.988
266.324	63.0865
306.046	180.767
164.586	123.792
434.081	177.835
395.99	5.58697
411.949	133.703
466.706	325.48
45.6501	461.432
320.934	237.971
389.185	241.382
227.395	494.338
81.4264	368.342
29.1401	226.006
277.866	149.65
495.437	32.8296
491.624	267.786
157.345	142.609
479.158	85.5133
449.371	298.734
77.8631	181.673
326.157	355.428
310.078	488.628
446.307	114.397
98.0446	389.991
491.313	495.658
135.29	207.316
217.507	447.293
37.1052	182.287
401.815	284.005
223.551	177.192
177.433	233.962
68.1583	81.731
489.309	424.825
445.772	254.982
105.381	345.382
11.3822	429.295
339.088	455.051
235.02	420.587
410.431	242.127
167.681	465.11
243.618	97.4896
361.456	138.133
290.321	271.614
48.4489	275.371
226.71	220.046
322.659	2.24231
423.448	54.6392
190.116	290.563
273.892	380.337
494.868	119.984
64.1212	108.577
16.039	139.969
33.7643	243.766
133.543	93.6737
98.9246	406.376
323.811	152.26
256.404	153.175
489.134	86.2131
50.1225	22.6065
87.9346	43.5133
440.473	436.118
250.258	206.134
135.889	190.168
211.429	128.727
287.776	156.499
181.681	414.643
352.774	24.8406
113.519	130.543
406.305	435.452
208.521	272.626
325.566	222.139
407.543	43.573
184.337	486.186
202.757	293.779
238.227	214.595
146.346	132.324
240.604	233.865
430.194	208.799
280.572	199.946
397.387	326.081
243.115	108.858
371.84	31.768
137.007	13.6095
154.164	302.404
366.2	182.698
493.814	374.089
316.144	98.001
415.865	450.42
40.4929	416.456
333.703	217.476
259.499	17.7302
175.026	13.4368
92.0407	330.424
39.7477	327.356
124.975	238.868
163.903	125.45
286.424	397.728
350.055	288.818
427.715	321.9
114.743	59.5297
245.074	182.196
244.316	494.72
14.6394	120.552
187.138	296.378
220.254	108.892
478.636	448.47
468.28	101.067
365.906	329.052
2.69443	59.2172
250.085	339.139
499.556	157.468
441.848	48.8491
254.11	319.593
384.749	478.815
164.394	334.784
419.143	187.216
347.274	234.886
359.803	150.991
63.2295	374.711
113.149	458.548
203.903	472.265
108.813	284.874
226.349	32.5063
344.345	210.717
453.616	456.134
291.394	359.957
443.743	220.333
411.243	311.24
360.14	158.205
194.602	323.053
335.119	93.5802
35.1114	267.719
348.401	344.84
110.938	418.199
205.22	298.497
452.439	66.4746
447.335	65.643
463.588	483.071
48.6529	184.119
97.7049	402.532
307.364	425.901
336.066	148.816
291.189	367.998
188.41	276.094
1.90152	303.031
167.07	391.205
425.761	138.151
325.763	47.6141
223.197	452.273
259.033	267.191
10.5276	24.1961
402.008	153.971
490.163	390.971
160.972	403.518
226.6	411.647
279.426	395.192
232.779	114.849
406.023	31.499
402.722	387.036
119.719	225.334
174.347	281.541
458.689	386.78
85.994	378.88
87.002	448.379
354.406	406.941
123.825	322.453
5.72353	458.556
7.59604	111.361
188.272	424.753
410.713	439.508
261.993	137.133
424.657	69.4938
156.906	397.142
85.6514	286.115
457.993	186.106
401.342	415.981
317.572	1.62907
215.807	185.44
290.384	320.956
314.593	457.847
120.294	345.552
226.696	219.403
416.325	418.744
82.7404	55.3735
162.517	438.059
410.255	428.905
54.5535	320.14
443.281	192.202
90.6946	167.077
159.92	48.6109
197.221	68.4427
331.401	167.485
240.519	325.796
56.2005	362.969
151.856	314.902
52.8672	417.938
65.3913	298.727
281.782	495.482
486.454	69.8027
323.415	291.697
289.417	367.255
179.465	448.855
72.2646	227.572
411.96	33.6659
143.763	334.88
483.202	400.057
262.747	229.568
300.441	100.888
287.275	112.871
152.079	425.124
392.593	467.071
464.945	15.6358
44.4636	81.2052
231.347	471.947
22.1284	103
144.874	415.863
295.489	94.2498
285.676	482.583
453.401	33.8186
417.598	177.402
198.422	28.3023
430.417	71.2751
260.605	307.73
171.512	213.992
353.231	285.083
133.245	282.381
11.9223	423.651
3.02118	349.233
253.234	29.2054
345.408	125.441
466.726	73.1021
56.0279	260.509
139.035	454.711
429.572	304.539
438.972	426.578
28.5671	144.895
66.4911	186.902
250.756	273.924
398.413	43.2427
230.508	52.6721
118.386	260.11
147.057	209.38
490.876	9.06418
92.2521	160.021
49.5726	351.14
247.75	36.734
426.376	358.236
16.6313	222.117
414.688	166.431
117.009	276.985
465.758	435.837
479.93	261.735
265.254	488.652
461.313	446.444
465.546	355.783
45.9379	182.817
406.285	306.48
265.197	228.561
454.473	472.854
257.138	223.454
433.477	477.054
311.575	303.554
62.3005	35.0342
183.167	445.019
121.391	285.974
351.894	279.734
150.089	363.928
314.292	131.871
157.507	209.398
430.629	11.8202
363.532	330.589
347.293	369.838
67.8223	180.754
427.427	90.6282
165.571	346.095
70.1703	276.302
255.705	256.051
4.8016	121.094
52.0607	480.706
71.6365	290.828
262.486	127.052
97.7837	477.053
452.973	405.574
197.1	408.62
271.21	340.094
311.646	418.412
80.5472	101.321
103.536	251.394
5.0949	492.091
452.715	278.748
52.1562	459.372
478.188	28.2868
67.5355	330.861
318.93	236.898
303.72	80.0073
176.462	263.196
27.176	137.602
245.733	205.448
293.683	393.138
387.505	81.0106
138.961	246.285
227.105	232.475
425.53	303.986
188.98	112.561
195.068	432.625
72.5441	435.153
72.0864	109.159
159.046	398.031
291.649	168.127
377.082	159.488
55.5257	478.195
198.384	310.145
336.007	232.803
96.7751	162.577
417.546	466.176
474.931	246.988
441.449	472.554
386.081	78.2902
116.357	372.606
420.921	255.856
360.498	428.915
296.63	63.4893
412.883	222.413
343.403	173.177
332.705	271.615
195.555	69.6738
93.9602	378.92
395.175	399.881
27.5042	279.206
35.2401	103.538
365.841	340.698
416.084	270.222
334.636	267.02
398.698	65.4559
225.535	131.403
213.639	210.172
87.1521	199.289
175.452	45.2329
212.402	162.201
445.188	396.975
14.8947	164.763
81.2017	76.2725
306.526	0.467557
25.1498	309.053
308.926	307.187
180.893	488.048
2.46291	233.462
33.3593	423.623
438.186	48.7572
246.394	131.672
456.945	384.789
302.401	267.108
10.9631	346.96
419.257	443.14
217.118	280.841
424.996	442.638
284.436	491.399
495.791	333.943
310.628	344.553
121.8	111.546
222.76	9.32338
258.914	457.948
471.353	8.9886
17.353	420.954
266.803	436.516
73.3174	155.162
400.8	60.4892
240.776	57.313
181.556	267.583
486.87	304.333
68.8954	454.009
177.786	341.577
411.669	334.748
152.501	480.441
20.298	352.955
468.841	236.007
332.231	19.4758
362.167	234.321
79.2457	434.53
37.8012	192.067
393.35	127.464
103.164	174.148
135.719	411.205
67.5291	221.159
93.4288	304.872
74.8355	178.594
432.588	136.168
319.388	227.902
371.498	479.753
409.861	410.036
383.133	96.1312
122.304	82.7703
286.73	137.434
177.26	224.67
390.056	152.136
386.794	333.809
202.575	250.091
3.02316	160.1
381.067	191.677
141.251	223.058
2.44321	199.676
212.348	310.827
478.168	462.767
130.351	231.346
341.145	74.0541
369.28	458.381
246.823	456.951
300.746	107.568
288.111	0.496664
118.124	246.594
146.53	347.839
156.049	79.9697
26.4446	484.913
455.635	475.156
256.475	122.85
320.2	48.3002
474.798	128.559
257.266	230.028
476.256	274.822
59.7497	400.097
264.696	178.146
120.115	82.7303
89.2607	403.815
212.631	492.704
104.292	187.503
135.682	451.8
160.167	49.9469
100.889	131.277
267.324	414.191
10.0143	253.022
311.005	272.83
399.992	212.382
459.066	167.229
468.268	451.822
478.341	66.059
91.1772	24.6478
101.628	52.5713
404.073	451.438
198.83	4.00676
233.549	147.298
226.296	283.877
69.5517	427.603
278.335	315.298
197.814	17.9421
78.6137	489.716
304.195	77.9429
76.1868	349.885
223.17	497.391
353.52	231.532
396.826	121.386
347.469	117.255
170.624	438.538
352.213	191.446
61.9709	83.6036
378.181	375.169
173.214	41.8341
131.291	80.9818
479.619	352.123
498.628	142.571
37.1315	148.492
245.777	183.118
367.767	202.865
198.539	158.437
464.83	236.478
413.77	52.6277
42.7961	354.511
32.4004	462.179
454.514	403.181
289.825	27.9063
376.967	361.303
454.577	248.081
148.33	307.216
316.804	421.032
104.818	112.97
69.4667	493.758
438.798	359.126
240.283	234.052
223.948	119.962
301.771	415.379
331.971	181.149
37.407	203.329
49.7012	149.361
219.367	232.73
25.9933	64.263
197.522	134.386
444.648	306.319
31.5754	35.1982
205.445	139.188
222.28	32.8788
297.079	128.258
359.597	409.171
400.767	451.855
321.801	473.966
148.7	186.395
184.341	19.8727
270.087	96.7493
53.8159	349.748
143.999	372.595
474.829	170.563
66.727	170.083
355.459	214.547
