Saved a vector of rrt <nodes> points.
X	Y
25	475
32.6184	468.522
33.1913	458.539
36.4206	449.075
44.7055	443.475
44.2351	433.486
54.1889	434.446
60.9318	427.061
59.1371	417.223
70.9134	427.668
64.8851	409.04
78.7712	433.853
72.953	403.132
76.4059	393.747
86.1399	391.456
84.4943	381.592
82.8486	371.729
91.5227	366.753
99.2438	360.398
101.455	350.645
107.161	342.433
101.275	334.348
115.438	336.822
125.293	335.125
134.683	338.565
144.215	341.589
151.28	334.511
95.3569	326.288
156.125	325.763
93.0829	316.55
165.41	329.477
92.9898	336.004
130.515	347.655
169.443	320.327
92.8318	306.553
178.924	323.507
130.643	357.654
188.831	324.867
198.695	326.51
207.361	321.52
216.022	316.521
213.97	306.734
211.369	297.078
219.394	291.112
229.39	291.417
238.923	288.397
213.496	283.037
209.778	319.309
248.882	287.494
205.656	276.829
222.001	324.537
199.315	269.097
222.083	289.147
193.503	260.959
187.692	252.821
201.468	324.872
230.169	330.306
184.474	265.258
185.014	243.186
239.935	298.346
222.397	280.713
184.47	233.201
175.298	229.217
169.37	221.163
167.207	211.4
192.397	227.105
233.053	339.881
226.914	347.774
242.247	343.815
251.244	348.181
220.279	355.256
228.62	272.885
212.316	361.305
203.821	366.582
260.764	351.239
235.292	265.436
170.543	201.973
242.206	258.211
164.191	194.249
193.98	368.354
263.968	360.712
273.759	358.683
172.008	188.012
178.825	180.697
249.563	251.439
202.014	224.363
182.053	171.232
282.408	363.702
292.051	361.053
248.814	265.717
184.071	367.005
174.879	370.941
174.734	164.417
299.708	354.622
168.631	378.75
163.901	387.56
167.415	157.603
169.948	395.524
164.067	148.18
309.66	355.606
168.343	139.14
316.763	348.566
174.065	130.939
169.927	362.253
324.556	354.832
330.988	362.489
283.213	353.882
165.914	125.146
285.69	373.148
283.581	382.923
184.059	130.607
194.052	130.238
203.167	126.124
155.034	392.184
173.903	404.709
211.441	120.508
221.429	120.017
281.094	344.109
292.322	387.781
275.199	336.031
178.724	173.587
332.263	348.46
163.864	354.301
170.588	179.401
181.063	411.69
187.91	418.978
164.412	150.821
231.429	120.09
171.79	189.328
221.36	110.017
180.347	194.503
148.16	399.446
141.179	406.607
166.973	115.202
340.012	342.139
140.531	416.586
157.422	354.028
241.249	121.978
338.695	332.226
344.806	324.311
187.137	428.948
251.231	122.58
131.296	405.085
219.19	100.256
162.515	193.067
164.425	140.821
349.196	346.097
261.058	120.729
184.706	438.648
132.686	422.788
150.403	414.991
345.493	314.334
340.375	305.743
188.639	172.282
127.287	395.923
323.34	343.946
149.551	347.86
118.943	390.413
265.623	338.911
269	126.806
184.441	203.627
278.278	130.538
343.449	296.227
179.736	212.451
216.544	90.6121
276.385	140.357
152.748	338.385
346.646	286.752
344.103	277.081
141.537	346.682
348.842	268.275
358.838	268.55
167.232	352.087
368.494	271.151
112.264	382.97
354.806	324.322
266.528	112.358
272.784	104.557
285.787	143.761
125.712	429.954
359.207	276.381
147.972	353.046
121.416	438.985
177.17	350.976
295.095	140.104
102.593	385.511
110.288	387.857
93.973	390.58
376.711	265.452
385.448	260.586
83.9751	390.787
168.69	131.776
155.571	328.791
395.047	257.782
79.4361	381.877
208.869	84.2014
322.539	353.914
394.547	247.794
76.8898	397.844
75.1836	372.826
280.253	97.9069
135.682	430.722
70.9276	363.777
120.305	403.081
117.758	448.291
303.917	135.395
313.837	136.657
264.741	348.872
186.478	219.837
363.056	329.973
61.0106	365.063
323.295	133.412
169.741	212.167
58.1572	355.479
333.283	132.915
265.191	358.862
371.703	334.996
314.93	146.597
277.595	88.2664
274.834	78.6553
283.213	73.1976
342.479	136.843
84.9302	370.589
147.558	322.808
352.476	137.074
170.907	345.147
404.326	261.509
292.598	76.6527
200.055	88.9246
361.041	131.912
400.555	239.8
48.3151	357.249
414.238	262.828
166.434	202.73
381.655	335.974
204.694	75.1147
190.719	210.781
384.846	345.451
370.81	129.773
322.871	363.908
373.139	120.048
287.129	63.9962
69.4681	404.546
380.304	132.913
194.927	72.9689
358.823	122.162
187.344	66.4491
177.394	65.4533
167.729	62.8877
157.982	65.1225
145.134	433.987
147.129	443.786
64.4482	413.195
359.001	320.832
293.955	136.27
423.677	259.523
380.202	112.969
148.914	69.3395
390.238	134.057
386.367	242.042
139.301	66.5835
147.387	79.2221
351.646	314.056
192.022	68.7891
129.392	65.2444
386.803	105.458
120.061	61.6473
284.048	137.63
157.007	445.342
399.813	131.172
196.949	202.959
432.188	264.772
378.503	99.8799
313.981	359.33
91.2714	378.321
392.429	97.1905
309.649	155.089
110.73	58.0502
383.216	326.097
104.716	66.0394
40.8405	350.606
302.289	158.622
61.8283	422.846
258.197	366.009
353.516	113.686
409.409	128.36
38.3859	340.912
376.946	238.688
53.4767	428.346
49.4578	437.503
254.387	375.255
400.28	90.9968
143.058	331.738
375.656	349.394
440.755	259.614
148.55	312.858
199.387	215.767
104.193	76.0257
46.0308	334.466
52.6481	446.98
104.059	86.0248
40.8725	325.899
150.963	88.5609
200.412	225.714
113.321	80.1088
260.542	383.135
95.8249	61.4621
394.385	348.455
116.721	50.043
54.3	328.843
312.253	164.744
278.835	129.096
399.056	81.072
260.57	356.295
391.279	347.099
321.434	168.707
419.022	125.603
428.241	129.476
43.1384	450.073
148.834	339.902
210.41	225.934
277.832	60.3145
102.571	95.9134
400.901	340.869
189.77	195.998
244.817	378.157
255.879	347.463
269.497	54.788
411.052	138.224
317.799	368.572
73.796	416.747
317.622	378.571
408.567	347.29
260.315	50.8281
87.595	55.7815
156.93	307.401
200.747	73.6753
76.8272	421.042
446.294	267.94
166.863	447.031
325.371	384.892
353.011	123.673
208.965	235.829
78.6214	51.3686
343.575	126.983
406.604	74.5124
158.927	435.528
113.92	40.4432
435.144	122.24
456.279	267.389
167.358	430.15
122.986	36.2242
216.072	217.692
416.582	73.8426
141.899	305.391
287.011	64.2805
32.2098	355.657
56.5135	456.203
86.0034	417.067
392.79	323.212
423.54	81.0244
95.2002	102.671
244.313	377.055
323.378	394.691
175.546	451.993
89.3874	110.808
182.312	189.336
235.398	372.525
84.7109	119.647
152.992	98.3527
292.963	162.23
281.75	119.53
62.3103	334.829
380.478	229.333
368.432	342.48
175.149	423.881
69.6477	46.9558
270.542	383.247
270.192	134.127
43.1186	316.155
75.8946	124.367
385.878	243.186
60.2943	50.4933
52.1879	44.638
23.7681	350.297
44.0814	38.7826
80.142	133.42
35.9749	32.9272
417.87	343.621
27.8684	27.0719
308.056	370.822
403.423	144.689
273.749	45.7369
87.7085	139.958
25	25
25	25
177.131	414.08
120.829	59.1603
38.6603	307.203
199.379	198.768
97.6211	138.639
81.2092	430.031
390.097	226.598
218.458	238.972
148.631	329.904
173.137	193.311
329.691	402.447
163.312	195.174
305.615	380.519
259.289	338.063
415.597	116.208
372.587	235.475
394.464	89.9553
122	41.9305
392.499	313.216
148.948	436.174
72.9724	140.391
443.737	127.354
69.7056	407.622
185.116	454.894
402.149	310.593
391.356	303.281
130.969	30.201
295.898	59.6946
210.464	76.0374
334.566	122.643
222.717	210.219
65.1423	398.724
66.3229	121.471
185.859	205.201
390.181	216.599
68.1409	326.705
268.404	333.949
286.815	170.117
25	25
384.464	90.0105
326.969	116.14
383.916	238.191
452.906	131.345
290.54	179.397
29.0628	310.012
55.4886	396.115
25	25
195.113	455.142
228.388	240.156
48.3624	461.996
65.6532	344.254
25	25
25	25
346.26	136.616
97.21	139.674
302.681	52.3466
324.337	410.893
402.346	65.4646
25	25
45.4404	52.0185
272.065	35.8798
25	25
214.784	248.273
413.15	142.367
396.815	234.006
396.35	57.461
25	25
69.0742	149.6
465.695	270.756
25	25
140.549	33.0679
397.223	152.535
202.477	461.907
207.656	255.286
210.573	81.1815
235.94	246.71
132.975	309.904
426.16	349.214
25	25
142.686	307.515
307.953	43.8493
196.534	469.95
197.663	254.903
267.228	53.3182
378.909	81.6955
471.48	278.913
225.741	369.93
195.16	453.05
54.9273	454.452
458.142	139.865
96.2779	103.561
207.042	66.641
315.851	416.183
49.9407	30.679
25	25
374.926	72.5229
308.603	423.073
25	25
38.4431	460.728
74.1347	142.825
25	25
311.082	34.3515
453.183	148.549
423.558	338.033
202.363	208.313
455.699	270.486
444.154	117.363
25	25
446.234	107.582
144.715	427.114
47.2282	61.8574
211.241	457.093
25	25
150.466	31.7796
329.476	419.471
52.5835	21.0345
72.7904	158.884
82.4379	432.379
245.642	249.133
218.991	86.5788
44.9854	14.5331
25	25
370.012	86.2608
35.6578	54.0925
462.403	152.42
380.998	212.639
410.939	60.3508
25	25
474.646	288.399
204.173	201.437
295.873	382.778
66.1083	166.324
285.806	160.168
304.883	432.355
56.3132	164.309
25	25
78.0408	325.293
125.593	51.2627
402.432	161.071
396.727	99.6959
188.526	258.965
25	25
321.082	34.3121
163.019	185.178
300.503	180.253
363.01	238.351
313.755	374.71
141.862	417.53
395.176	109.575
25.8162	55.8651
474.218	298.39
46.8842	471.886
83.0657	442.359
214.524	95.5255
25	25
191.654	478.678
51.5732	160.065
25.9126	300.521
58.2395	12.7877
189.84	214.375
61.578	150.117
265.145	28.6609
45.4909	396.333
212.587	238.517
73.4391	173.125
274.073	342.187
330.444	429.424
25	25
188.726	268.963
25	25
69.5531	316.805
227.64	360.112
36.0576	393.014
29.8941	465.916
400.097	243.452
25	25
209.412	104.12
74.7199	447.868
290.76	391.372
199.509	105.506
84.5169	332.913
335.986	120.463
25	25
75.4891	182.913
19.7766	21.9179
409.105	239.11
188.621	278.963
58.8059	5.64037
51.1881	480.912
41.583	405.537
471.898	155.557
76.9838	310.113
93.0597	113.029
38.5949	462.767
448.681	277.61
359.168	247.584
441.394	284.459
292.732	401.176
44.4864	71.4742
419.562	55.287
221.197	86.541
227.485	379.776
331.08	34.4965
468.106	140.715
85.9671	305.719
139.236	23.1545
222.34	351.632
212.249	67.8017
217.497	380.267
130.804	300.143
25	25
86.0929	342.788
305.178	442.351
310.866	407.514
464.677	301.385
401.799	225.337
453.532	149.669
467.748	310.901
335.415	130.447
432.379	333.322
81.6162	455.109
429.491	54.0982
197.126	115.218
25	25
291.117	183.703
353.526	235.178
438.161	49.1151
388.139	116.68
149.38	314.944
480.304	274.208
25	25
29.4177	65.1597
217.526	390.267
279.941	334.09
147.334	18.0784
427.102	347.383
326.275	41.9201
25	25
68.2382	12.9471
180.31	217.404
25	25
294.675	190.54
76.7373	424.163
441.228	328.665
277.922	154.016
82.0857	190.428
86.2299	199.529
82.7686	158.224
25	25
15.859	12.7172
414.461	46.6861
25	25
207.306	455.718
159.362	315.535
418.093	37.3693
38.9994	79.8344
360.887	257.435
130.256	42.4163
220.48	62.1232
91.7062	187.7
446.495	122.92
297.208	448.391
92.7281	157.325
226.956	54.5031
72.1305	449.342
396.578	168.639
481.154	264.244
412.42	161.56
338.425	139.774
25	25
160.185	325.501
33.4118	383.37
187.168	114.304
191.178	204.465
444.372	41.2772
82.3237	148.234
324.99	51.8372
77.9672	15.2596
208.402	58.5713
191.581	488.678
29.727	475.915
419.923	168.171
201.262	211.004
378.741	113.262
71.7671	444.81
35.9509	389.02
25	25
402.158	253.237
377.848	80.0475
223.234	387.924
205.836	211.137
232.351	392.033
25	25
273.03	145.294
153.116	26.2374
332.815	24.648
90.8743	122.788
177.192	113.622
264.782	345.886
327.932	114.536
25	25
203.991	49.5969
87.8313	325.94
34.2839	412.373
453.019	115.341
312.061	400.966
198.602	279.573
25	25
181.669	478.14
217.269	110.306
454.352	41.8997
455.639	276.862
368.111	264.35
15.4631	21.0434
460.484	49.7995
342.243	133.928
423.362	329
437.119	119.442
413.462	330.415
42.8237	155.223
172.978	224.204
135.559	50.8943
90.1562	103.46
397.409	216.352
133.937	304.193
369.846	274.198
351.294	260.26
81.6978	126.761
280.311	138.439
50.9794	387.973
25	25
287.247	449.268
286.924	459.263
269.064	19.4609
25	25
32.9221	153.824
282.738	188.371
303.213	456.388
284.297	406.547
303.939	186.775
472.236	165.552
313.157	457.441
46.2399	61.6939
121.56	303.955
342.812	24.8901
431.848	63.8166
205.626	286.691
419.744	178.17
280.566	128.443
274.611	163.452
171.687	477.534
207.982	377.19
381.029	76.9165
450.491	46.8996
143.364	57.1461
86.2413	97.3019
120.556	44.8487
76.2693	98.0489
91.1893	452.219
72.9983	144.623
476.862	315.017
390.028	161.084
267.816	29.2874
99.6324	446.86
483.171	322.776
201.018	491.988
25	25
480.747	254.253
49.6226	162.556
287.166	416.127
108.51	451.463
64.4387	139.453
296.89	392.082
415.294	57.2005
260.317	14.6141
60.3783	19.1294
411.386	183.66
21.2106	470.673
322.635	460.629
167.672	110.56
325.715	17.6053
458.719	137.268
400.249	258.02
321.065	396.615
117.695	447.509
463.217	37.2724
25	25
268.763	355.06
332.249	457.877
215.822	210.614
316.1	459.511
25	25
6.74141	8.60997
331.035	397.386
137.099	56.67
25	25
107.286	461.388
478.855	253.148
151.279	63.2573
22.9454	153.141
398.017	115.121
419.422	320.307
24.556	410.056
192.163	271.922
142.216	306.295
163.113	25.9907
47.9874	161.336
277.09	461.08
93.0552	349.966
458.27	305.378
99.4578	194.017
352.748	26.0202
268.077	39.284
472.327	175.551
475.542	185.02
165.518	32.9085
267.41	7.56478
122.87	438.952
396.079	249.375
77.8903	324.856
485.437	332.516
418.694	153.773
313.902	185.91
204.602	221.061
25	25
341.728	263.175
482.775	342.155
383.658	153.375
95.0221	95.8855
83.4411	104.129
24.6346	7.92243
57.253	394.255
292.102	423.972
273.202	470.293
78.9421	314.911
25	25
396.32	267.216
15.1328	413.403
220.329	64.3119
388.027	219.813
342.28	14.9042
357.894	26.6461
182.204	271.017
25	25
25	25
69.513	311.581
63.7717	303.393
215.684	73.1675
219.518	201.322
48.6089	67.5921
118.02	430.207
178.421	115.294
408.683	174.033
221.191	74.4172
406.11	323.636
213.089	293.347
178.191	487.516
402.714	224.829
391.507	147.179
324.039	61.7919
105.093	468.166
157.606	66.7246
118.544	35.0533
54.3046	300.173
393.4	207.191
25	25
201.997	288.47
340.071	273.037
25	25
25	25
463.991	175.826
25	25
108.975	37.9591
269.672	454.374
25	25
25	25
360.805	275.135
25	25
211.514	367.834
378.821	215.908
481.447	274.24
35.6639	483.962
222.757	290.788
473.392	194.786
232.553	288.781
197.13	283.069
57.5094	132.243
111.694	452.185
25	25
411.575	220.194
314.924	195.858
185.731	469.003
317.898	388.584
25	25
77.8844	157.194
25	25
48.5778	399.229
96.0868	472.512
219.843	397.331
104.975	96.8526
463.793	59.2359
63.6357	386.557
100.456	356.691
321.784	179.756
241.378	284.077
207.581	358.64
425.347	338.801
349.37	250.447
277.566	359.804
454.36	123.211
198.698	380.905
25	25
223.278	406.723
12.0227	30.4329
205.7	73.7408
273.148	340.408
425.63	348.797
214.752	119.984
136.947	40.9911
63.5142	28.625
367.436	23.6539
58.6087	67.6571
149.12	33.1178
429.907	333.122
25	25
91.4423	199.996
25	25
334.373	281.254
16.2529	148.74
89.0794	190.892
25	25
249.689	278.517
278.696	347.488
482.751	306.936
160.834	16.2538
208.125	371.347
13.5522	139.112
108.238	357.102
281.153	334.415
412.584	47.5746
405.415	271.373
448.754	138.102
444.726	55.071
482.181	164.505
195.823	390.483
388.324	243.062
197.781	360.632
110.91	453.2
473.181	55.7901
449.227	58.4604
290.485	127.17
324.993	170.285
460.803	115.563
258.404	22.9159
63.4998	306.282
298.372	396.277
153.493	31.1612
422.493	48.9185
470.154	112.019
332.372	56.2636
442.492	144.045
169.805	12.4063
333.196	257.959
190.324	398.835
382.849	67.0836
40.3844	73.2803
214.513	222.392
212.96	118.4
268.352	49.2802
410.846	174.283
315.869	447.815
25	25
376.908	20.4472
403.667	106.87
278.996	18.3019
297.642	399.013
283.894	9.58335
204.41	373.087
374.196	10.822
73.6293	386.913
25	25
207.582	484.444
64.1	130.031
25	25
74.0757	166.441
316.189	400.315
194.711	295.319
114.182	310.706
450.141	311.202
450.782	321.182
315.787	16.4105
412.11	112.229
65.9942	376.839
25	25
216.404	55.1144
42.1961	83.1149
307.355	202.394
106.691	451.803
473.589	280.425
25	25
427.202	53.0617
111.898	300.971
225.74	66.2348
42.6294	391.19
184.262	109.99
373.614	70.9202
186.528	275.342
255.229	22.0878
337.97	64.5498
264.987	445.539
224.46	192.628
196.398	226.778
114.703	99.1717
25	25
404.591	41.5644
62.1606	27.8127
324.938	71.7514
396.153	324.556
299.855	209.007
281.282	123.256
456.445	29.9149
429.403	319.692
25	25
7.47153	131.173
103.307	46.1971
44.327	300.842
186.24	393.91
228.849	80.8483
114.899	420.706
322.836	379.888
473.996	285.359
196.352	292.353
456.771	170.404
391.395	202.322
124.042	455.237
25	25
25	25
178.14	125.29
397.962	34.0778
25	25
446.471	30.636
174.833	134.727
421.291	150.022
453.752	303.519
235.733	66.6134
235.824	298.231
24.1261	26.1475
119.946	318.878
420.482	224.742
89.1735	479.738
222.506	284.75
332.13	163.28
37.7391	382.468
484.907	345.555
379.789	144.154
25	25
224.418	223.77
45.3084	481.319
144.703	315.981
381.46	227.354
463.625	196.933
280.239	473.253
25	25
166.785	139.921
21.9207	28.9934
295.766	135.661
146.822	300.985
228.254	391.922
426.385	39.7067
383.383	6.87231
279.395	113.435
473.083	339.689
37.7621	88.774
117.933	359.553
423.397	311.697
402.087	241.381
289.444	129.496
67.7512	37.683
411.433	47.2454
194.934	279.199
323.684	454.054
220.906	183.281
34.3059	5.37961
25	25
473.603	160.061
331.079	46.3475
170.49	493.511
25	25
210.734	303.066
69.906	121.889
290.084	211.138
325.541	462.345
331.258	447.526
332.836	379.84
25	25
428.597	230.584
315.359	74.6229
236.037	385.644
170.917	108.684
65.4408	369.592
225.738	233.683
222.597	274.75
227.244	175.547
87.7088	113.172
315.151	57.2086
242.205	393.515
36.501	307.067
234.273	168.434
337.69	290.688
100.889	52.4421
25	25
51.3807	386.976
308.228	441.363
291.026	336.001
338.417	300.32
106.018	425.302
236.075	87.7615
184.486	276.242
94.4497	60.0931
200.268	221.373
31.0837	76.9543
119.782	90.5576
325.379	404.258
47.9752	471.681
411.339	149.04
40.7513	464.766
179.343	9.40097
391.323	329.661
193.137	404.258
133.29	50.2983
25	25
482.762	191.293
71.4513	22.542
213.521	476.398
53.4025	141.36
28.354	379.015
25	25
274.226	130.342
34.1935	396.56
174.208	138.805
97.5455	419.99
316.392	435.588
293.296	220.608
11.1577	157.345
67.0328	65.3485
267.679	361.304
220.481	298.868
330.607	79.9888
29.1649	313.863
84.7719	122.731
333.939	36.7652
339.228	310.287
401.547	332.669
133.927	453.724
307.612	215.317
100.406	87.9573
100.522	36.7313
238.713	97.4072
210.176	478.703
25	25
32.0788	459.787
55.4917	406.453
294.59	230.524
25	25
452.988	293.548
358.19	255.159
220.788	56.1449
415.146	269.07
193.306	105.721
441.411	23.8858
25	25
189.453	355.097
301.023	336.247
184.137	139.997
24.1221	322.498
369.789	144.24
147.361	306.184
276.399	369.735
403.637	167.352
25	25
25	25
447.129	167.752
466.746	206.434
448.01	68.3861
105.514	28.0665
284.596	230.853
247.86	101.447
479.575	63.479
16.7923	165.606
221.182	270.053
447.565	74.7936
25	25
226.243	72.3888
294.331	240.52
126.532	354.449
25	25
213.562	216.471
411.029	272.26
105.04	314.758
25	25
329.104	89.8751
63.8273	123.062
328.225	72.8559
421.397	276.192
299.902	127.286
179.589	267.523
333.898	285.373
360.453	140.658
161.668	36.9201
332.131	99.4059
196.844	348.361
65.652	171.83
177.348	257.777
213.814	409.953
230.944	299.401
171.644	37.6145
95.6839	311.227
104.752	18.0956
413.474	183.877
311.02	336.006
216.936	467
474.66	270.482
25	25
178.079	399.689
61.6738	316.114
25	25
6.04984	145.723
230.641	97.6297
232.903	197.988
85.9154	309.088
469.444	102.044
171.654	249.557
372.484	153.87
337.439	51.66
59.0785	325.771
375.249	235.192
213.793	474.065
384.507	140.39
332.383	469.638
459.945	31.1895
25	25
126.068	326.785
366.66	230.069
232.497	376.291
441.506	82.7491
25	25
71.5953	179.872
274.279	465.222
256.09	22.2619
58.9225	42.3791
478.592	98.0053
390.91	316.041
403.85	96.872
25	25
80.771	183.848
68.3041	112.018
122.441	99.6986
203.427	233.891
92.8519	470.439
250.306	398.345
409.259	234.412
264.025	351.996
216.429	463.982
82.936	161.804
25	25
142.958	458.018
386.187	336.878
329.234	172.852
25	25
25	25
117.082	311.19
200.382	353.705
236.485	158.682
59.4465	306.365
128.49	85.6411
224.19	51.5876
207.555	459.372
371.685	80.7324
368.548	25.935
25	25
174.098	408.863
466.839	111.699
239.46	176.983
25	25
118.224	358.796
471.326	215.324
121.329	413.048
481.926	154.518
366.466	260.772
400.459	206.545
12.7186	174.739
442.602	13.9571
24.9948	159.886
468.969	110.176
341.086	320.112
208.616	230.344
341.547	330.102
356.955	143.977
137.292	41.1338
178.217	104.507
25	25
462.749	200.221
399.64	251.077
242.608	200.396
404.697	342.16
89.1129	189.362
212.89	450.914
469.699	33.3916
426.359	158.643
335.582	108.792
381.692	145.452
204.458	445.537
25	25
25	25
399.945	159.2
14.6687	184.547
371.542	258.987
165.229	413.481
294.583	133.092
211.718	179.333
25	25
490.885	150.075
22.353	306.542
208.176	488.5
305.564	72.6075
25	25
471.091	93.1332
269.758	116.108
332.707	404.142
26.1817	467.863
391.632	204.386
189.09	11.6365
73.9016	190.634
168.051	261.46
48.9087	406.06
312.018	84.0485
18.8072	376.039
16.6636	385.806
25	25
69.5103	192.247
484.654	270.826
25	25
469.164	348.889
47.725	87.9137
25	25
25	25
297.264	78.1845
103.624	435.011
42.3807	457.528
21.3814	191.959
187.261	357.961
25	25
178.172	353.79
310.797	441.81
346.965	144.435
25	25
247.425	17.2716
387.911	130.987
25	25
389.881	338.29
109.076	354.757
39.1279	448.072
478.55	38.0466
339.355	75.1433
244.886	302.458
425.905	216.34
334.422	37.1269
244.218	167.387
219.166	42.9415
83.1199	468.139
168.826	395.896
351.46	331.422
25	25
175.713	46.749
25	25
45.4974	458.328
109.896	365.503
24.9635	376.416
288.664	201.239
128.844	419.645
434.496	211.222
200.947	398.012
210.814	55.4123
25	25
252.912	408
180.83	365.619
25	25
378.239	73.1794
214.912	33.8915
324.675	103.454
25	25
425.105	156.168
98.1959	301.547
483.435	269.688
100.04	350.473
377.02	245.034
315.127	221.915
123.733	305.199
25	25
317.413	468.171
25	25
14.9696	383.197
65.9725	27.0187
196.966	5.47522
288.234	73.8872
25	25
214.072	419.95
320.687	413.089
14.123	322.367
284.21	192.286
201.091	111.997
422.819	180.318
275.496	455.296
191.201	217.155
413.849	97.0482
193.745	142.769
135	331.282
76.611	166.857
87.5659	420.628
181.791	220.54
68.1362	330.009
25	25
67.5847	27.9694
25	25
253.782	164.466
25	25
25	25
288.399	140.951
30.0202	310.044
93.902	126.811
207.789	119.422
466.168	339.348
68.4313	360.05
453.468	290.938
306.221	52.7083
320.457	437.034
175.821	281.233
139.801	42.5237
303.769	345.863
174.696	53.6683
58.5494	358.517
25	25
32.6119	450.544
337.028	179.118
25	25
76.153	353.695
340.044	114.499
96.4712	196.134
245.541	111.174
52.9362	149.043
286.254	368.04
170.796	407.435
210.297	352.403
25	25
411.614	139.043
12.7419	303.78
122.195	420.267
171.802	221.003
257.272	391.171
209.413	65.3136
472.892	213.663
214.349	169.686
317.538	398.051
23.9596	15.0543
468.485	83.4788
265.852	135.807
66.4128	29.324
148.652	466.239
25	25
64.3401	113.978
212.662	470.571
378.472	27.1701
53.0407	480.303
221.481	270.4
161.2	389.428
327.74	28.9183
108.283	310.86
386.15	307.247
123.684	78.3222
64.367	18.478
98.001	188.98
131.156	429.375
33.8331	78.9179
139.447	470.147
386.651	21.4164
172.789	112.906
320.096	230.593
203.676	141.595
383.825	198.137
264.018	120.82
278.547	238.817
25	25
324.695	181.762
377.404	341.658
215.067	126.28
348.313	120.123
308.097	223.698
376.173	306.566
78.2467	302.67
261.266	30.8184
25	25
98.6338	462.28
414.364	339.598
85.4272	357.436
226.441	64.534
25	25
463.098	196.507
135.982	479.527
166.188	144.777
144.991	471.87
462.252	286.159
371.252	90.723
62.5978	413.489
386.692	297.261
343.735	287.173
206.925	4.57092
296.087	366.22
78.0137	459.541
281.814	459.264
209.219	207.463
391.863	12.8824
9.3358	392.611
424.599	220.719
178.222	267.392
223.8	260.402
469.608	225.175
408.92	271.297
31.3367	85.6066
339.62	28.5353
25	25
222.681	220.575
25	25
25	25
292.688	69.5554
457.387	344.132
63.0806	368.498
25	25
231.468	270.918
291.384	185.319
25	25
142.858	329.604
57.2435	11.4597
475.663	336.209
115.367	352.745
108.24	375.365
98.2073	478.884
430.332	147.643
260.503	170.427
257.836	141.785
25	25
420.811	190.671
27.768	331.81
157.353	306.571
56.7116	83.5272
372.525	297.255
472.503	151.172
474.517	141.377
151.115	335.244
334.911	115.711
25.8938	72.8378
259.835	177.476
161.712	26.9201
24.8475	445.609
25	25
226.412	470.195
25	25
318.568	24.9346
114.404	74.5988
200.51	10.5197
125.332	360.211
348.773	341.054
399.712	105.975
400.731	314.154
221.298	296.767
134.009	349.985
470.787	138.132
149.721	463.898
214.721	225.623
198.176	488.451
25	25
184.418	146.376
26.3788	34.9045
378.971	265.682
215.913	113.59
153.971	476.269
194.89	448.446
165.772	58.1796
25	25
429.159	282.496
164.628	154.654
25	25
98.1274	11.0665
26.5639	150.01
180.703	289.96
222.403	425.482
312.531	476.785
98.6797	129.739
174.621	155.02
37.7029	303.643
245.942	155.431
358.452	224.357
188.584	456.206
271.79	446.009
16.5171	69.3625
214.411	451.832
132.651	367.025
58.3283	488.791
152.206	23.8145
214.296	349.331
381.264	328.174
25	25
218.923	186.268
257.348	121.883
25	25
245.924	190.961
399.537	113.712
296.11	189.94
25	25
345.725	346.537
160.604	393.78
219.894	116.008
25	25
66.6047	84.9851
438.318	73.2708
408.587	313.665
25	25
278.476	232.402
10.1996	136.625
104.214	485.637
228.552	191.891
25	25
399.521	241.109
131.661	84.0693
228.117	275.492
276.804	371.31
440.972	63.6294
198.014	219.549
71.407	418.08
232.553	72.4486
273.397	223.788
120.25	71.3135
308.59	25.5954
183.622	261.205
93.369	138.199
307.428	467.618
198.849	111.35
101.42	10.2443
172.843	97.7479
401.43	15.7932
325.015	40.5188
153.066	345.052
96.0678	491.436
326.213	472.921
429.223	137.705
65.7653	79.0386
371.155	337.381
426.49	292.134
229.68	113.949
273.916	107.013
298.628	24.718
46.1357	156.375
395.636	9.65752
34.1084	41.249
131.67	355.551
25	25
298.402	203.513
373.847	198.805
372.801	100.602
364.513	16.7852
151.674	471.895
10.4571	61.4079
182.087	448.604
189.801	493.916
157.521	300.084
493.567	140.442
55.635	420.667
435.221	163.276
18.203	473.892
213.07	339.407
273.427	355.403
86.1687	120.471
236.712	262.404
448.396	18.1225
74.0684	116.293
204.581	64.2457
178.317	121.239
422.773	101.561
25	25
104.954	365.183
341.334	136.171
208.621	330.451
365.339	35.4061
434.343	56.1422
170.834	118.327
40.0364	49.3026
253.252	9.14476
323.082	98.4211
25	25
20.1445	452.868
407.398	23.8169
49.4525	354.364
25	25
25	25
369.477	313.993
411.937	87.2328
68.0265	69.2976
73.3641	126.268
475.318	76.1772
308.339	450.267
380.086	155.322
88	146.635
16.4159	30.1297
393.633	139.188
25	25
402.781	348.424
25	25
330.413	414.629
368.38	74.8508
283.9	106.462
25	25
221.957	475.105
336.991	317.496
182.946	363.611
243.887	161.62
15.3788	131.797
384.986	302.981
234.693	475.8
291.815	80.5659
44.4822	51.8513
285.533	245.973
478.185	335.414
388.201	340.048
473.584	161.113
380.534	13.505
491.897	152.178
249.761	102.108
204.59	323.803
28.0315	77.4041
158.834	485.007
25	25
303.252	335.876
158.476	35.1241
468.655	335.684
77.4871	461.877
98.9231	378.999
25	25
197.817	229.547
313.325	348.812
447.391	343.826
96.9542	151.087
396.429	195.612
469.576	131.442
87.825	487.647
442.798	26.4087
43.2739	482.45
387.848	3.38493
444.937	36.1771
178.947	413.229
25	25
54.3399	50.1702
265.532	456.146
206.239	389.527
12.5432	482.136
462.752	153.392
133.86	376.952
324.388	446.229
443.799	288.387
73.7496	470.788
14.3165	491.978
108.744	443.601
315.036	48.4368
420.499	165.044
261.062	150.425
472.383	171.041
202.617	56.2382
224.09	351.351
420.759	187.659
253.047	405.007
214.725	35.4406
114.484	377.193
461.056	230.357
230.314	431.598
192.397	140.089
462.238	75.67
190.205	370.489
315.431	450.897
25	25
212.663	66.4342
355.737	233.982
15.2829	79.286
25	25
25	25
250.333	396.051
356.51	326.027
138.373	337.641
219.279	62.3224
485.37	328.459
463.625	336.27
47.2627	415.199
349.016	241.387
221.743	334.43
159.201	330.905
265.249	349.648
312.27	212.332
398.75	20.4638
219.032	205.536
70.7747	477.073
454.009	73.6697
342.588	104.828
273.989	121.581
133.124	93.9616
82.3396	427.002
409.481	240.22
382.979	349.96
462.445	172.147
418.498	223.075
165.795	90.6538
393.91	299.575
295.235	87.7019
222.89	27.8626
304.331	29.2389
394.215	238.635
266.522	394.971
98.72	179.006
298.399	140.95
354.161	343.829
227.508	360.749
45.7898	166.369
71.4065	63.4162
430.944	272.657
25	25
25	25
25	25
366.838	107.089
333.962	289.292
424.214	337.873
17.6972	438.618
273.087	387.429
290.792	237.467
70.5366	159.86
437.356	61.8388
25	25
465.621	164.899
152.58	33.7372
177.209	63.3475
210.163	331.682
126.732	343.126
361.315	91.845
342.298	170.619
167.454	230.008
453.721	40.9576
299.154	72.7444
25	25
380.731	21.886
45.0803	151.625
211.612	295.483
85.172	410.919
205.646	164.76
285.499	150.522
134.559	352.052
488.625	319.004
268.688	340.257
304.826	483.159
260.489	128.438
459.379	232.512
213.534	276.335
25	25
25	25
249.601	127.27
76.5898	432.612
242.104	253.982
263.706	221.322
238.922	79.4493
418.466	131.76
25	25
475.197	178.729
181.917	495.425
138.697	485.719
208.759	51.6851
467.588	238.223
387.589	260.61
136.185	420.731
439.263	75.055
463.871	134.929
294.91	153.904
157.646	335.319
96.8824	369.946
226.89	104.347
401.81	121.231
414.474	305.581
370.884	23.8252
244.467	410.143
308.776	402.87
224.533	257.652
306.833	44.6579
328.483	49.898
365.831	204.783
155.359	324.218
355.609	349.159
73.9391	469.861
454.722	201.968
25	25
25	25
37.0278	490.259
216.905	5.19806
169.306	33.4255
111.252	8.41684
340.686	246.919
4.86385	301.949
129.884	68.6324
473.532	92.1114
25	25
327.426	396.556
63.1165	478.715
245.563	388.332
316.051	91.3105
69.5354	439.699
469.056	101.054
383.377	251.541
487.025	156.186
357.002	200.087
353.084	190.886
483.372	90.3275
237.181	358.212
114.626	365.213
177.8	103.723
438.765	15.4296
261.82	445.237
88.9514	378.247
114.477	426.626
463.716	41.2676
280.728	230.383
317.222	106.524
60.2326	479.691
39.6239	174.242
25	25
365.961	71.3525
25	25
286.704	467.987
412.316	170.792
350.871	294.178
6.6049	74.317
42.7757	361.809
97.9776	198.98
427.868	145.525
25	25
281.39	185.68
376.606	325.971
302.988	159.799
213.465	205.501
360.776	44.3041
483.666	184.047
115.95	387.085
460.464	137.423
212.757	463.086
29.0533	19.3911
450.326	236.761
442.101	66.585
71.6082	481.565
54.8975	149.722
212.576	290.516
456.278	50.6252
92.6686	3.34087
331.758	481.243
477.581	237.858
270.868	97.4887
43.0733	417.162
70.5038	59.3144
88.2154	303.461
47.3621	180.576
7.6011	59.3276
405.294	33.593
196.359	364.447
25	25
3.81309	477.259
288.426	202.827
32.805	361.044
255.852	189.766
25	25
354.325	300.967
25	25
261.257	337.192
194.629	323.155
435.246	263.63
130.84	412.279
321.719	419.57
345.737	25.007
316.265	407.935
426.561	347.593
468.235	71.6017
25	25
188.418	410.02
201.671	359.695
12.3621	383.08
373.393	250.973
239.081	64.8735
25	25
25	25
3.04041	143.607
20.3209	377.025
396.591	130.422
212.756	457.043
25	25
184.664	323.99
25	25
25	25
91.7754	361.348
163.226	493.04
440.038	150.052
456.533	329.22
25	25
237.043	150.868
177.448	164.612
69.0908	63.6272
17.9809	24.5914
492.777	130.473
15.7879	121.805
395.679	185.64
25	25
75.9515	119.675
429.261	229.566
25	25
425.346	60.5087
378.595	332.582
494.284	163.064
421.521	104.715
301.747	409.984
184.355	378.599
348.46	205.286
13.7614	392.982
32.5009	14.5798
200.764	145.566
94.2124	311.463
417.123	330.821
331.105	59.2657
25	25
304.036	457.93
348.084	308.781
231.226	426.721
365.094	223.905
352.203	284.267
227.195	152.605
366.312	258.035
69.0225	412.423
332.4	241.32
280.36	362.65
25	25
277.014	470.461
298.474	231.066
367.107	217.229
377.596	336.679
459.604	97.7876
188.251	232.461
6.2607	311.851
209.534	71.8391
366.687	52.3699
205.142	290.273
242.118	159.663
451.942	192.362
259.43	230.361
25	25
164.803	342.303
25	25
25	25
174.019	263.996
25	25
13.3075	380.552
25	25
69.8822	94.4328
389.112	323.239
25	25
25	25
452.569	173.716
339.164	256.726
263.14	7.65514
25	25
441.132	65.3655
95.104	409.755
198.751	489.899
154.68	44.3756
211.253	442.344
192.095	374.686
174.511	422.192
90.0359	385.363
451.09	281.543
129.649	489.977
42.2063	16.9891
487.869	121.76
226.9	55.8472
331.733	245.576
181.944	463.684
298.451	184.354
442.32	84.5762
395.794	254.894
25	25
298.372	64.9782
56.479	75.3284
175.939	39.3128
460.465	187.133
446.967	74.6893
98.9486	127.009
343.792	32.6392
64.4915	113.415
479.448	345.334
173.268	366.129
167.68	166.752
251.348	114.883
358.557	195.156
461.564	209.261
182.511	138.583
208.982	185.183
387.882	19.7178
25	25
25	25
402.664	203.43
25	25
275.52	348.088
13.6931	51.3975
220.91	102.656
6.60382	32.0591
55.0279	153.613
448.437	271.902
171.314	23.6291
25	25
77.1109	94.7416
298.35	480.118
162.609	124.015
176.284	14.9517
155.093	402.124
437.432	138.255
270.874	152.356
133.554	477.142
230.169	182.023
321.746	354.205
365.892	268.026
456.008	221.725
25	25
25	25
499.068	139.491
323.503	43.2273
25	25
33.2367	75.2148
378.732	261.368
273.598	104.368
12.0588	402.836
139.712	341.92
301.599	442.879
386.972	270.591
300.469	492.16
272.936	9.66636
27.6482	437.629
86.4389	478.026
313.536	115.82
31.8928	428.575
113.478	63.9549
406.057	112.177
457.407	267.481
199.118	186.829
205.063	32.8627
308.611	50.9823
123.675	393.435
292.648	414.13
33.128	55.7577
481.894	246.88
479.449	179.34
25.136	356.146
25	25
422.361	344.309
307.883	413.03
221.281	177.441
374.703	66.4975
164.689	110.438
422.67	127.226
175.217	115.799
413.307	158.095
202.758	456.853
41.1372	348.81
25	25
489.426	344.662
208.012	440.468
485.891	256.047
363.695	100.453
159.587	82.8136
103.496	452.114
25	25
239.162	152.492
80.5701	494.53
352.458	87.2035
22.4029	425.422
441.216	240.885
269.99	404.351
394.299	317.427
251.113	409.351
354.753	101.526
403.243	139.597
422.31	311.794
266.584	157.915
14.6818	371.716
104.099	414.124
171.414	94.2101
25	25
115.502	430.364
75.7436	78.3799
343.837	82.1351
36.5954	496.996
47.4261	341.035
295.1	341.669
110.889	363.94
49.1732	75.6569
25	25
25	25
208.959	451.555
269.278	133.209
16.2831	420.157
213.988	457.344
339.687	160.966
386	183.128
270.457	109.739
229.974	20.8042
407.814	299.503
444.081	186.802
90.9991	172.65
25	25
25	25
205.796	53.8469
279.881	404.058
147.888	302.767
239.918	467.273
208.211	367.26
414.22	125.133
437.988	228.978
125.228	471.604
415.606	309.784
244.56	4.20022
302.357	191.951
356.866	50.3771
325.376	473.544
114.524	54.0097
164.919	75.2481
25	25
336.548	78.7119
341.145	242.934
308.64	219.838
359.319	28.1108
8.10429	418.146
421.015	271.475
186.203	333.871
143.649	378.991
229.479	109.893
364.097	85.7558
185.249	493.621
25	25
93.0064	140.928
457.41	217.728
448.867	237.259
479.801	67.2386
184.095	425.047
281.975	462.254
242.573	473.493
25	25
11.3011	17.1496
487.696	193.198
142.417	418.793
192.292	400.801
284.762	81.0146
227.659	66.132
12.8024	301.129
352.924	55.111
307.724	154.747
25	25
25	25
118.966	378.142
275.197	19.4074
182.462	262.4
485.521	233.627
219.427	212.968
299.777	96.6106
210.338	148.453
25	25
107.267	47.129
209.969	179.389
401.68	18.5371
107.733	44.5821
149.519	52.9409
78.6626	306.418
121.017	6.26216
455.552	170.923
292.363	468.023
25	25
472.563	110.419
25	25
25	25
182.91	255.879
25	25
46.983	190.569
121.816	496.193
25	25
106.235	34.6949
375.317	302.471
232.848	369.203
339.946	314.592
31.4355	179.982
61.0491	444.989
144.05	28.517
25	25
239.233	55.3235
5.5968	141.103
46.3747	494.907
309.362	496.733
400.359	140.794
25	25
16.1325	313.447
310.598	211.158
195.776	286.768
102.089	402.743
447.685	10.9082
196.851	191.74
307.303	75.3203
268.142	6.75721
143.123	93.803
4.69278	493.934
157.582	305.22
24.5569	8.50583
131.119	386.758
183.897	256.742
317.765	339.852
357.558	206.922
296.405	175.744
25	25
121.384	409.027
39.663	197.382
38.8862	408.081
245.852	189.775
406.109	105.98
257.67	16.0263
267.725	474.162
268.366	212.474
325.526	94.5084
25	25
389.285	26.7584
401.94	189.731
498.333	153.92
443.74	40.3359
331.899	452.831
464.134	228.984
480.607	264.537
191.195	261.596
412.005	294.842
80.0435	385.752
456.086	16.3312
70.5991	128.122
234.147	11.7169
40.8536	49.4083
452.956	30.9869
355.433	283.512
201.724	397.48
408.643	143.753
25	25
116.947	385.629
275.704	140.063
258.979	21.8333
214.431	80.5584
89.4988	193.678
19.5699	31.779
486.841	60.1368
323.241	118.23
432.304	254.779
292.623	199.048
460.679	284.38
296.267	443.385
25	25
8.9227	303.728
307.928	406.152
17.5367	349.646
255.297	136.448
474.259	242.683
221.962	264.326
209.376	47.1588
4.55414	375.717
25	25
472.171	140.507
68.6889	305.694
25	25
25	25
360.171	200.751
255.44	195.157
23.7822	186.418
25	25
191.107	313.795
398.337	9.11237
289.67	60.0528
454.67	71.3458
101.49	304.605
396.703	109.705
174.757	112.333
470.775	262.707
442.581	60.1595
464.148	80.728
338.338	87.9654
448.867	50.8012
106.179	355.119
248.822	78.0387
275.643	97.7328
8.75531	411.17
110.017	444.532
486.171	235.986
66.8957	445.246
13.2644	340.605
25	25
205.761	136.905
149.584	382.981
449.401	243.066
147.391	330.26
25	25
423.981	108.255
305.549	19.3134
213.827	453.199
281.595	9.86008
82.3299	388.77
25	25
10.1975	113.514
69.8261	454.807
313.635	32.9044
387.165	127.081
25	25
352.23	169.454
13.6299	81.4339
495.828	187.378
25	25
370.074	86.6571
72.7372	88.0397
334.725	89.603
494.47	250.909
25	25
33.6834	445.603
19.5207	195.465
452.42	291.454
447.28	216.844
25	25
161.596	483.173
168.48	357.35
25	25
456.167	339.214
106.657	369.102
56.6091	107.441
492.769	52.0831
465.466	293.16
216.349	111.556
203.805	433.12
280.161	203.921
258.034	152.728
330.821	358.406
312.906	146.194
470.674	61.9037
56.1801	70.139
136.186	395.379
166.765	133.11
205.057	363.294
63.6231	121.331
42.2392	199.873
100.097	347.181
377.568	242.785
25	25
429.448	275.265
25	25
206.377	112.303
36.9821	439.418
46.8937	331.049
132.655	334.835
41.8291	58.9003
249.529	228.959
409.025	126.251
103.779	308.249
108.307	448.697
397.977	110.355
235.523	480.585
25	25
34.2607	370.786
289.949	98.4545
351.169	294.358
241.905	418.045
184.402	272.21
382.323	135.83
482.818	122.746
454.056	348.988
416.653	65.4513
290.734	160.656
67.6792	453.049
90.4496	358.018
174.558	77.9117
207.417	299.943
276.678	197.346
111.14	400.599
202.582	280.419
25	25
407.891	100.445
489.6	224.497
130.95	496.086
25	25
206.014	491.437
87.7063	468.107
104.499	311.275
44.6534	321.303
438.706	211.698
237.892	459.306
281.349	240.363
67.9076	49.6572
212.775	103.018
227.56	207.15
25	25
411.339	331.157
52.9542	139.912
40.0068	403.006
25	25
381.169	346.019
442.62	129.706
349.075	15.5804
493.011	240.576
274.053	247.202
375.391	143.038
85.4202	349.375
481.032	112.226
221.801	171.924
408.591	297.791
355.801	22.0136
116.192	35.6161
57.1802	182.475
20.0636	337.745
368.564	31.9219
357.648	10.4332
25	25
337.265	259.105
170.588	254.603
115.337	425.105
51.1454	446.374
285.091	456.004
472.999	347.006
222.571	290.837
483.961	202.475
266.374	333.359
71.0425	113.141
25	25
223.208	167.944
91.7644	142.82
33.1088	455.586
284.67	420.16
25	25
30.5505	55.5549
279.894	62.1599
138.35	370.51
278.469	13.0378
213.185	79.7499
487.343	204.505
332.977	64.0612
360.07	70.4289
197.597	439.298
181.883	326.185
46.8183	330.101
46.0902	40.889
72.0035	444.409
65.4969	55.8306
57.3615	342.169
25	25
100.208	54.2112
157.898	497.711
280.959	56.3167
272.545	50.9118
25	25
25	25
382.951	235.224
66.3591	337.806
375.351	249.212
187.373	194.927
255.481	112.67
286.372	370.641
177.578	454.687
302.902	169.204
25	25
434.336	189.045
142.651	481.295
329.777	37.2097
485.157	75.6834
464.354	273.609
483.958	112.514
244.526	81.715
408.706	296.826
33.0763	5.3182
25	25
462.417	135.207
492.438	73.99
231.965	287.407
25	25
25	25
25	25
25	25
352.833	159.473
25	25
25	25
25	25
167.116	10.9586
315.739	92.4565
295.09	159.808
62.8347	138.371
438.491	6.97278
48.7173	355.332
264.834	198.584
357.967	300.187
308.339	480.596
415.851	303.062
346.63	294.95
74.2746	420.932
68.9255	136.906
331.712	419.19
107.127	383.74
396.613	204.66
384.702	66.6217
463.732	93.4955
291.592	9.60427
131.671	463.957
65.0762	314.663
91.6258	419.13
186.724	417.857
25	25
90.5575	495.032
240.417	418.297
457.713	167.901
137.019	369.442
300.048	158.904
14.8628	144.863
399.657	102.002
397.004	329.381
312.212	190.256
45.762	329.228
178.638	5.23272
214.349	193.621
51.8615	19.5926
368.926	310.162
18.3753	441.373
351.146	149.616
25	25
171.657	245.261
329.703	64.8415
188.434	469.574
25	25
25	25
487.441	76.7549
212.126	25.7832
234.525	410.218
226.385	219.733
16.8645	427.759
478.045	342.877
136.16	405.379
449.658	187.634
291.709	72.4347
359.912	166.706
303.762	117.936
51.5608	183.081
345.442	214.819
25	25
455.582	242.178
450.093	183.404
491.893	141.691
455.448	106.883
103.788	420.508
241.145	374.786
56.6216	328.127
320.554	30.1341
23.743	40.8666
383.309	255.763
418.398	166.703
25	25
25	25
248.385	374.2
266.783	152.256
314.961	399.043
475.327	294.82
457.704	221.874
319.796	183.737
44.6432	311.303
448.425	82.7223
371.995	66.0013
215.357	52.6914
307.677	137.67
168.069	429.841
56.4152	10.6896
224.525	93.7628
485.395	45.3289
207.308	271.606
307.381	434.72
25	25
25	25
184.565	204.525
434.461	208.64
75.4235	405.807
172.192	465.896
343.989	6.97004
25	25
182.002	281.918
261.871	342.288
488.482	35.8174
9.70407	59.0401
299.588	479.066
286.911	178.884
28.9765	350.743
200.602	314.865
256.454	239.908
91.1192	471.32
459.952	93.4944
120.247	360.414
177.759	243.252
213.472	78.7362
150.945	392.879
172.587	158.038
419.997	168.159
249.395	373.609
25	25
490.211	228.948
167.097	176.735
172.125	90.9264
268.761	159.096
25	25
457.745	179.095
180.977	409.674
401.105	290.327
392.621	285.035
228.81	62.6619
158.075	429.638
257.135	162.688
118.707	15.9918
198.118	314.106
152.632	438.027
285.982	15.8009
39.0398	463.638
25	25
497.854	195.608
218.084	290.464
228.6	177.589
315.265	16.9488
257.68	122.623
67.0128	464.403
197.936	106.94
59.5953	184.605
260.48	114.561
49.5714	114.545
297.207	466.999
140.53	386.251
84.5831	409.82
466.889	246.728
467.978	209.908
226.401	10.6825
371.301	344.4
97.6926	199.41
162.978	182.496
178.461	212.446
233.028	56.1178
112.087	73.8577
320.037	8.16064
180.917	163.571
449.762	301.095
281.749	104.26
97.8433	369.836
144.505	382.195
8.72852	76.8953
182.765	336.131
330.478	482.145
172.131	280.32
254.983	249.799
3.92094	427.229
230.342	228.917
173.896	12.7498
68.2498	189.615
223.093	50.5758
331.863	429.189
23.179	44.3668
330.208	65.6559
413.048	347.949
14.2768	365.069
25	25
211.297	119.049
25	25
435.113	35.279
119.384	448.032
362.816	110.414
25	25
187.635	241.682
342.303	15.7576
66.2675	84.409
162.192	465.951
105.011	397.427
218.799	153.783
25	25
25	25
448.37	332.953
362.732	44.3341
387.196	208.026
53.4978	198.155
14.3279	183.16
305.438	229.312
277.138	399.787
338.412	299.066
249.206	238.444
151.254	407.323
118.63	375.926
409.837	157.092
25	25
25	25
240.388	292.796
25	25
106.755	442.139
409.69	153.367
84.2446	94.9193
477.934	253.133
306.857	393.185
48.4206	161.12
25	25
238.547	461.281
25	25
171.071	163.898
213.155	484.436
286.275	447.592
140.964	324.141
302.106	348.804
479.614	303.854
29.9454	467.796
84.7956	345.648
33.8504	192.459
25	25
303.821	204.455
128.38	443.665
335.404	156.2
343.405	323.974
25	25
46.1404	85.1859
198.363	143.633
133.832	97.5025
24.6499	146.915
463.243	348.067
208.357	194.744
25	25
426.107	62.1911
25	25
456.769	305.139
114.427	489.455
12.8986	122.053
14.0967	30.3142
166.05	362.121
447.202	138.595
5.0452	395.707
25	25
25	25
232.766	144.805
411.667	19.0509
225.6	237.721
106.4	53.3107
170.271	73.4877
236.383	192.99
49.4023	155.261
319.862	390.326
361.56	342.137
424.681	188.467
22.0299	436.94
25	25
25	25
309.41	174.555
25	25
447.226	328.386
274.339	476.577
25	25
496.896	207.461
467.862	224.871
25	25
197.713	39.6434
297.668	451.154
25	25
227.181	64.116
352.807	327.293
252.111	340.11
96.5982	63.5371
241.777	56.2167
480.32	339.792
348.229	249.453
484.354	170.625
403.7	123.621
275.922	117.756
223.896	243.335
407.957	313.743
175.848	137.294
25	25
67.3203	413.747
351.231	335.59
25	25
67.6855	96.67
25	25
479.405	49.2033
349.95	245.935
123.008	393.583
198.02	96.9405
56.1326	492.72
71.0614	497.625
229.348	30.7846
393.518	207.193
97.3604	364.049
208.813	320.572
423.168	250.714
251.432	478.132
300.1	122.262
481.594	224.022
352.488	342.11
272.806	390.774
195.98	331.769
416.134	172.303
419.417	75.0619
175.44	177.689
1.43623	411.016
81.8788	445.983
25	25
362.667	8.42259
407.552	69.5945
197.227	392.154
134.76	459.713
25	25
351.318	196.101
25.4202	457.954
300.2	231.31
234.963	25.9177
202.888	21.9535
165.726	116.626
28.2154	15.2873
255.258	365.507
254.113	487.766
25	25
25	25
441.329	247.51
189.531	94.054
213.697	448.226
165.874	477.46
160.93	393.417
184.387	400.327
492.368	26.6034
457.045	51.4734
36.5816	67.4129
251.225	239.103
170.476	390.438
43.7454	373.955
369.919	58.6506
483.903	289.677
279.927	124.061
172.926	348.393
4.26188	30.6239
168.477	212.995
188.07	405.258
353.592	139.92
158.116	6.59995
289.881	245.579
155.21	72.8516
73.1985	189.052
164.15	130.168
472.654	150.495
204.55	423.546
471.289	157.811
335.828	217.573
238.169	111.901
435.905	272.045
152.548	413.348
214.05	241.585
479.038	33.8047
354.207	236.886
411.018	161.626
25	25
174.918	104.134
310.586	342.263
25	25
25	25
302.099	195.949
54.4588	338.946
185.361	12.6355
148.582	331.541
487.962	107.429
91.6614	463.271
470.859	28.051
25	25
91.3352	183.848
83.0127	352.59
217.824	462.365
65.144	348.449
418.855	162.096
273.442	164.569
308.675	356.344
326.362	15.906
410.602	101.889
182.085	236.795
25	25
25	25
402.65	60.8785
444.922	191.553
56.0059	142.214
188.393	304.447
341.361	197.03
114.471	401.4
356.899	105.828
92.492	100.574
32.7854	432.692
47.5343	301.73
314.762	226.653
25	25
253.244	220.32
301.49	210.454
188.713	398.939
353.901	186.44
15.5262	459.406
355.276	250.421
91.4553	463.332
155.789	45.1504
317.068	168.125
76.0392	143.934
391.425	249.922
186.543	22.5655
337.89	31.3632
52.7169	82.4726
213.224	259.462
214.257	16.013
187.991	425.032
80.423	454.676
463.032	79.435
342.244	20.9206
202.769	96.2636
419.196	196.141
25	25
184.509	76.9265
156.537	359.56
25	25
281.655	183.12
167.572	178.991
457.623	294.566
370.14	103.605
51.8603	368.111
25	25
25	25
196.867	237.837
348.3	224.402
32.7002	151.744
240.007	3.61321
398.44	24.0656
39.4603	425.63
285.12	239.931
48.7162	101.301
25	25
266.371	139.822
399.523	22.3569
128.61	473.477
242.488	147.145
147.127	472.353
457.339	296.726
22.5165	26.6789
214.195	241.658
353.786	48.803
202.841	420.99
471.708	299.629
304.279	341.99
119.272	76.0541
80.7096	454.552
232.43	287.755
405.721	342.486
418.94	241.651
25	25
369.641	249.24
25	25
36.4882	493.404
335.103	195.891
250.69	193.733
68.2726	436.101
25	25
209.858	123.267
25	25
20.5781	360.503
250.959	60.1769
25	25
235.359	410.233
25	25
421.047	341.949
25	25
49.1215	3.84848
261.226	220.802
157.744	327.533
25	25
6.1925	149.846
133.417	324.206
71.226	450.454
396.355	216.782
262.848	391.688
170.164	435.427
487.604	309.868
179.026	280.427
248.583	485.133
436.864	54.4176
242.615	466.331
373.125	340.215
76.1661	198.601
35.1616	472.644
464.816	11.4537
436.539	272.634
146.013	47.2534
307.74	433.298
167.113	384.702
197.056	301.376
430.237	272.698
214.632	294.092
320.954	113.878
481.324	84.9197
176.947	221.326
63.3608	17.884
24.6211	345.94
25	25
358.044	273.859
234.524	93.8776
34.1784	394.88
447.875	302.77
118.352	454.301
261.934	142.629
28.1214	458.557
175.383	185.211
25	25
397.555	299.676
32.305	11.8347
328.67	395.059
361.85	156.444
264.685	368.842
11.4202	330.776
9.62934	446.221
198.65	307.738
367.45	107.569
380.942	348.785
25	25
213.021	474.437
333.03	250.046
122.575	435.931
295.569	106.709
446.504	288.79
378.107	239.854
156.134	399.438
259.813	226.698
72.6601	21.5615
220.229	123.546
393.066	100.968
406.321	290.11
484.881	239.22
92.9493	305.592
146.321	465.463
243.626	380.386
25	25
107.431	71.9067
431.701	101.898
229.823	258.145
417.736	84.9195
25	25
168.54	15.2879
185.058	425.61
25	25
104.44	68.0048
237.848	36.0524
25	25
90.4966	91.6018
26.7982	1.51283
247.111	331.45
25	25
302.742	112.557
242.224	340.782
350.068	207.828
25	25
314.909	333.246
35.5437	145.83
184.006	435.555
166.16	341.859
472.024	108.525
267.093	93.0873
317.267	107.74
25	25
10.0925	320.865
435.126	92.503
469.494	210.42
339.739	199.263
274.317	42.3034
25	25
170.826	487.021
209.715	330.531
459.009	144.609
45.9267	19.5177
25	25
25	25
287.502	93.0112
88.6319	486.264
414.041	348.953
158.222	317.545
449.574	247.194
472.172	74.7612
426.047	268.883
281.42	98.044
25	25
158.836	307.564
395.585	195.035
142.171	55.3861
80.1432	14.928
307.733	151.227
3.45465	325.563
461.617	103.672
22.5566	76.9268
5.00794	186.784
205.201	259.87
231.335	12.8307
153.774	7.46898
110.927	83.7902
422.739	180.637
334.234	30.197
244.645	285.984
188.675	295.5
216.474	485.314
481.976	262.28
57.6486	108.337
125.873	33.1079
467.389	276.952
262.255	218.24
214.308	359.498
340.222	22.5442
109.301	445.719
58.3632	162.189
111.33	495.34
37.6284	160.446
76.7624	458.732
234.988	458.937
452.826	151.847
195.267	273.6
136.831	498.126
403.419	213.98
440.066	77.2344
252.558	484.519
411.029	180.902
459.975	213.576
122.553	398.591
166.511	490.863
278.938	156.215
497.438	310.221
267.392	469.384
406.834	338.133
25	25
300.182	226.799
321.935	417.091
26.4951	493.034
238.354	121.899
25	25
109.261	81.7993
246.799	494.633
238.518	151.005
222.085	487.514
218.769	319.631
239.711	428.272
25	25
478.177	125.057
334.258	74.799
325.886	118.113
253.828	155.331
407.347	10.0319
316.566	428.975
448.01	170.318
122.748	333.476
349.917	316.385
357.197	118.686
437.834	9.12657
28.4359	355.055
25	25
62.5613	171.265
437.173	203.05
483.761	115.056
25	25
201.609	372.681
304.387	362.909
25	25
493.967	16.7321
174.969	495.954
150.908	468.962
154.066	39.6082
177.848	96.9801
179.215	241.31
310.094	7.09078
183.652	132.353
25	25
369.596	15.6333
325.781	479.212
189.205	44.8975
168.238	346.388
33.2825	30.6036
44.7107	379.834
178.638	13.1221
94.0797	176.228
311.448	30.303
25	25
228.696	268.081
200.622	108.379
163.21	343.199
333.495	322.633
171.128	411.405
25	25
233.145	166.826
284.312	41.9728
226.928	211.006
6.24797	31.2612
305.037	240.063
110.314	35.3034
490.926	11.1577
336.178	289.319
25	25
248.161	332.171
385.713	284.782
288.972	123.734
395.221	333.684
424.011	332.398
292.224	350.334
354.727	333.909
31.5932	408.411
313.8	3.05829
367.303	158.869
436.508	289.081
242.52	170.305
301.524	206.051
82.7399	91.5823
222.913	245.447
396.029	33.7706
69.7596	328.847
229.762	97.1009
25	25
453.076	137.369
204.651	231.559
35.4581	325.233
367.781	172.877
226.94	168.637
175.107	366.36
129.789	366.137
214.631	310.993
283.049	440.981
45.3073	14.8456
296.97	391.684
234.65	179.209
491.591	121.275
229.544	104.823
479.75	200.474
296.68	149.488
320.361	61.2749
135.151	365.782
196.271	438.883
422.537	310.003
134.457	314.261
124.544	312.943
5.6574	405.813
426.606	290.476
25	25
400.486	153.532
378.563	291.773
18.7361	353.306
41.7862	493.423
141.507	361.804
250.062	185.972
349.88	275.736
264.91	87.7368
95.9398	45.1676
227.523	120.596
398.796	343.824
331.379	439.177
25	25
335.802	74.6485
295.532	121.575
207.002	10.2307
236.713	228.819
288.053	457.269
146.321	322.819
498.329	202.991
113.518	26.0112
169.492	24.9195
123.763	319.032
125.845	21.4924
5.82827	370.419
397.254	332.201
25	25
97.3943	445.656
499.952	189.614
436.253	110.802
202.394	376.794
25	25
271.664	183.548
444.818	149.383
324.311	446.251
391.968	342.218
97.7598	166.93
464.981	30.9708
498.361	4.46974
448.765	252.445
49.7515	388.471
445.525	90.877
352.418	306.053
223.996	293.12
444.476	272.381
485.654	7.21759
493.75	181.769
221.963	450.64
82.7603	472.449
210.769	274.175
25	25
84.4863	138.582
418.032	155.721
233.529	335.842
32.7766	157.772
183.875	0.115759
198.199	110.279
220.035	107.918
312.405	482.823
463.221	127.881
50.2451	121.376
24.0214	335.958
85.9749	44.33
25	25
126.631	9.89202
323.333	184.842
365.452	258.321
152.303	416.702
186.427	450.039
178.402	344.324
408.947	242.029
412.216	186.213
26.2556	53.8817
25	25
246.833	167.747
25	25
25	25
494.478	191.318
121.577	350.503
256.228	476.156
284.565	343.906
301.813	384.5
292.164	7.47613
432.253	114.042
232.988	204.656
182.793	221.988
395.253	118.269
491.169	129.416
397.559	297.165
247.002	322.21
225.467	405.979
195.062	477.063
73.338	100.935
329.594	55.8493
126.79	82.4995
231.516	372.088
292.01	238.497
170.269	177.907
257.128	377.598
115.956	435.282
275.241	434.732
347.906	222.137
94.1171	62.3781
181.834	18.7502
55.303	482.754
24.5379	452.118
411.35	329.211
395.791	337.799
325.026	454.072
261.046	105.484
336.423	68.8576
167.912	474.212
43.3696	60.0696
389.7	24.3118
422.99	64.7239
289.294	359.895
74.5334	179.456
281.955	146.681
120.627	463.028
295.553	363.058
168.232	279.468
290.947	88.525
167.651	317.64
243.705	235.554
265.121	100.86
158.163	337.529
327.186	81.869
25	25
123.623	426.209
207.57	430.171
217.47	453.507
96.1776	399.058
185.502	23.4103
481.106	153.641
114.543	92.5616
139.934	305.894
349.432	336.997
45.2812	68.0083
108.91	98.2868
32.1202	347.107
329.424	148.185
241.689	10.4733
25	25
25	25
166.248	253.671
117.285	66.4438
292.125	40.7668
289.203	397.982
25	25
249.481	128.349
25	25
78.1781	179.227
206.957	369.351
223.031	3.38913
312.765	236.522
390.673	256.407
248.855	328.152
90.9157	139.173
205.719	354.375
69.8743	413.193
133.686	414.089
490.476	240.705
25	25
389.769	126.631
363.719	158.29
380.865	215.766
456.475	16.9695
413.7	123.56
433.262	266.494
376.12	112.552
371.423	255.172
25	25
25	25
17.0469	3.72929
102.45	45.3585
25	25
7.13487	5.0527
156.179	398.917
472.783	46.3002
272.319	184.554
192.159	223.219
483.037	243.557
50.5467	484.66
80.8601	129.263
25	25
245.444	363.588
103.533	25.4669
347.319	48.373
99.1921	459.318
263.07	479.426
25	25
341.03	321.223
13.6381	39.5752
11.8279	311.017
254.164	212.504
88.4245	148.858
201.508	26.6063
25	25
111.142	485.551
253.381	394.91
474.264	49.6912
151.945	375.514
187.321	240.055
240.103	191.709
296.555	80.245
205.535	72.6533
25	25
394.677	185.076
451.653	104.527
39.9823	111.708
273.201	430.748
469.297	159.908
25	25
295.431	19.0743
88.775	478.933
14.1976	81.1725
25	25
113.773	318.584
305.63	151.329
165.11	305.633
316.96	361.943
60.5714	163.445
43.6239	499.576
16.2	360.98
25	25
423.729	84.0661
251.098	7.08576
189.883	385.368
57.4601	300.514
196.458	44.245
36.2613	483.911
444.645	179.735
25	25
266.697	78.1541
207.748	30.8449
244.893	347.375
102.518	361.311
25	25
68.402	403.302
420.573	23.5982
252.357	404.857
483.114	44.2766
175.291	252.399
313.565	202.204
410.06	2.1021
183.31	69.6832
284.1	350.589
347.9	110.189
264.78	401.5
99.0432	458.787
484.627	38.6352
453.467	345.965
312.078	415.402
423.803	348.214
203.518	443.914
266.84	163.094
25	25
18.5612	49.5304
47.3857	151.933
184.855	1.08382
287.632	391.514
375.084	207.607
9.45886	31.1267
217.389	357.911
318.751	358.493
25	25
25	25
440.889	300.019
333.819	260.015
33.692	360.289
35.0137	382.134
25	25
83.5694	38.617
75.3249	131.012
474.361	131.099
198.228	483.623
91.4332	445.813
10.2924	301.135
51.5383	178.682
377.667	174.382
216.674	30.4262
98.4236	148.996
409.575	287.655
391.909	276.932
291.519	209.698
87.8544	95.209
104.97	47.9899
233.278	246.796
25	25
115.509	51.1117
79.5843	457.423
419.392	126.92
471.246	11.2085
481.361	143.644
184.99	452.845
25	25
270.252	73.51
409.798	287.515
413.474	338.057
318.621	4.24699
256.492	476.086
200.039	377.643
353.248	161.543
319.707	184.729
283.758	333.938
271.231	142.07
404.425	348.415
250.416	4.51883
417.503	347.988
246.66	465.255
493.359	111.124
400.791	216.01
151.819	82.195
207.199	391.399
148.996	320.829
122.652	68.5404
439.734	337.996
329.263	38.8738
25	25
416.713	195.367
43.9672	60.3859
499.577	207.295
262.051	460.93
449.394	73.6305
250.876	375.071
25	25
36.9016	404.56
272.564	63.7808
446.898	204.657
25	25
353.355	327.086
25	25
430.496	329.628
379.572	175.868
58.5811	23.7002
253.214	155.333
25	25
423.869	329.881
330.287	240.43
257.42	230.085
299.951	210.343
385.74	233.394
25	25
25	25
248.258	230.188
429.35	202.613
0.715239	187.454
136.628	9.65215
235.984	68.8603
440.196	141.256
74.4392	42.6961
87.9029	336.143
446.025	240.548
181.736	186.164
171.728	34.6664
25	25
370.054	292.746
337.593	25.346
411.241	128.029
237.185	74.8652
216.352	452.388
25	25
413.462	297.11
427.75	50.3014
430.906	174.866
230.555	337.517
342.066	82.4435
411.243	242.18
351.296	25.172
25	25
25	25
25	25
216.239	316.493
439.989	232.575
301.257	334.832
59.2395	484.421
161.668	473.718
229.179	99.7779
289.998	34.8018
342.913	313.021
201.197	360.674
293.743	73.772
199.052	113.078
227.764	166.962
151.414	378.844
25	25
376.436	66.2357
457.224	18.9927
25	25
284.27	8.80588
443.998	336.632
264.37	41.2776
25	25
5.52673	459.511
261.659	408.761
409.971	3.69184
390.869	136.571
312.897	431.267
450.764	26.626
25	25
25	25
414.318	201.729
238.207	388.791
248.703	457.073
368.252	114.418
297.207	131.669
16.2096	353.676
2.75171	467.985
331.013	421.284
271.026	430.977
463.352	138.171
232.336	196.205
202.522	202.865
25	25
344.731	135.285
280.038	339.431
187.842	395.768
17.0056	439.512
25	25
228.971	443.506
0.574823	197.453
399.028	303.159
233.953	254.3
45.1684	335.246
24.4377	408.608
25	25
170.106	78.5847
367.47	103.4
492.309	137.785
25	25
142.666	1.72505
244.568	473.954
483.567	104.327
358.498	158.472
266.42	107.971
406.482	292.5
70.1756	10.5656
399.699	93.484
466.128	220.929
338.014	192.642
25	25
92.6812	341.461
113.44	409.988
35.6099	439.529
474.868	348.175
25	25
98.0275	191.278
402.461	331.626
17.546	409.748
68.953	38.4132
278.118	456.127
25	25
388.434	326.411
387.553	332.612
453.858	206.771
25	25
459.117	107.081
289.054	369.222
490.719	81.4935
43.4654	50.8957
437.206	222.97
92.6297	109.07
43.4302	319.196
37.1591	31.928
446.626	131.282
421.571	61.4001
483.783	7.76882
339.433	223.118
258.587	203.882
497.342	193.453
493.141	247.293
25	25
218.475	335.178
348.897	147.529
458.051	36.3729
294.176	49.7481
46.1641	28.7093
25	25
136.844	423.577
209.817	18.9127
30.0469	112.843
170.06	300.465
410.35	298.966
396.149	249.414
311.267	338.532
192.432	371.544
257.017	56.4004
218.995	339.939
133.696	328.621
78.7539	411.555
289.181	433.082
193.246	95.7175
197.886	407.165
373.129	302.261
412.583	20.5225
49.0847	188.376
222.614	447.343
243.949	20.0945
228.862	435.646
318.035	7.89821
25	25
237.506	459.607
25	25
143.956	12.268
292.508	130.587
296.576	33.0544
323.807	230.368
470.438	169.842
230.554	254.404
226.092	362.835
43.2161	50.2798
262.258	171.649
90.3424	496.116
361.1	268.313
203.376	312.585
228.574	227.148
323.197	353.39
104.303	371.151
192.685	266.032
25	25
25	25
242.823	75.2924
146.514	417.404
131.895	410.178
58.4795	158.252
246.455	115.351
395.05	135.444
350.144	214.657
418.365	31.2055
423.574	270.357
25	25
230.505	148.091
247.654	36.1911
57.7641	73.8398
83.0708	32.7651
183.212	348.9
60.3415	373.409
25	25
306.342	127.601
71.3106	318.968
28.5566	393.322
47.2664	431.881
25	25
283.425	176.121
95.5656	134.607
53.5638	344.341
110.466	415.548
53.024	130.329
346.549	310.002
98.4374	465.131
25	25
469.749	159.408
196.929	438.28
25	25
25	25
78.6935	139.501
383.988	72.79
330.675	26.4033
243.867	38.6456
266.466	488.831
240.228	105.666
180.631	141.885
25	25
476.869	276.931
310.43	6.84173
49.8312	119.33
25	25
202.072	478.888
308.568	473.589
185.078	300.605
445.022	176.676
476.113	122.598
135.253	29.643
25	25
484.437	345.269
87.756	393.666
468.21	74.3635
395.878	116.579
429.769	113.219
67.0176	340.55
79.4116	354.61
206.297	119.327
229.978	60.8643
367.412	114.924
63.3329	333.045
185.231	6.01722
447.477	123.433
204.528	212.661
169.599	361.82
115.051	89.6774
212.891	335.871
297.652	454.467
232.99	70.9038
305.806	370.418
315.08	455.111
236.42	349.419
305.818	427.591
25	25
353.881	298.827
428.847	228.458
425.457	292.028
51.2359	335.402
124.959	447.979
292.596	31.8447
40.9231	469.138
82.9845	44.6019
420.474	91.2495
150.541	30.2499
419.552	145.837
85.913	347.122
353.204	302.298
286.477	166.598
45.3523	4.21259
39.8809	184.466
341.126	45.1471
277.995	436.013
113.684	94.9278
272.593	392.715
25	25
201.897	232.347
86.4796	132.158
25	25
29.4799	365.622
122.492	82.874
449.61	105.225
139.779	351.955
167.521	224.663
119.074	59.8637
25	25
70.5439	4.86364
264.228	487.585
193.02	485.961
18.8201	486.624
302.439	359.671
429.25	272.075
137.268	7.29755
286.105	1.92827
428.955	220.963
325.433	178.016
330.49	184.095
82.9191	451.719
385.015	239.379
118.903	304.686
162.006	430.324
279.512	366.834
46.5685	198.054
26.3867	463.544
424.886	108.441
233.301	36.3792
288.315	407.47
25	25
188.727	113.485
148.047	310.443
411.475	86.7605
86.0749	127.151
306.493	394.737
247.795	27.1697
302.009	50.3966
25	25
207.643	409.357
190.894	272.841
375.767	7.76483
60.9023	149.071
425.66	237.961
345.558	69.9985
327.653	488.862
243.373	365.051
209.521	429.402
249.749	277.385
395.612	150.484
25	25
242.188	202.846
12.1517	320.462
481.829	346.901
292.101	211.096
84.8495	193.641
388.062	92.3098
318.869	371.76
495.683	304.644
328.155	138.266
167.1	413.6
308.542	102.853
207.059	481.129
283.044	82.3987
49.1816	358.477
214.839	311.093
308.15	340.176
200.477	360.831
494.092	232.793
459.149	250.079
306.429	81.8279
172.535	253.066
485.395	15.7941
221.982	223.794
412.638	300.808
488.32	236.014
246.419	210.009
203.45	485.875
300.68	479.735
288.689	106.921
265.798	42.8908
335.862	58.6251
61.9245	348.471
450.648	200.95
105.486	30.5742
164.699	336.211
254.668	378.071
199.846	233.354
344.302	159.284
254.979	379.639
328.863	371.401
310.768	435.436
382.504	200.904
8.82917	177.543
296.142	203.143
303.393	95.1497
227.723	278.932
216.236	361.293
190.084	54.7553
25	25
25	25
335.402	84.4372
94.4361	360.071
422.231	86.1987
241.17	463.874
215.326	477.093
25	25
164.054	402.702
284.836	374.431
22.7306	403.517
462.899	66.9219
185.254	2.36034
237.964	172.968
361.424	171.328
339.111	149.601
35.0204	473.782
49.2519	30.8963
431.898	41.2021
204.909	80.3212
370.299	10.3778
1.91269	396.541
104.877	394.127
170.546	349.531
394.555	151.256
201.476	378.31
262.614	436.384
412.364	16.1954
254.397	21.0122
25	25
235.977	355.648
415.513	38.8422
25	25
77.0397	310.772
213.681	223.473
71.957	359.266
341.473	15.9321
296.314	130.13
279.563	120.347
196.246	195.079
25	25
287.224	229.717
287.35	134.178
358.323	310.079
359.305	250.433
25	25
459.794	117.058
80.6193	304.366
328.176	223.942
277.365	231.392
259.816	239.794
275.223	484.001
271.638	214.784
263.729	54.999
47.8508	421.898
25	25
252.893	353.375
116.992	300.036
34.0441	339.601
426.611	15.6272
276.352	9.0512
20.7108	436.495
198.523	452.577
87.8892	314.217
177.585	415.78
25	25
101.749	29.0431
146.82	497.652
248.638	358.825
65.6579	76.6922
411.62	60.418
219.931	225.916
261.472	81.4003
245.571	176.146
25	25
414.836	86.4571
207.419	82.7049
2.63102	311.114
375.466	157.7
390.352	42.0027
128.343	422.495
168.216	99.6681
181.307	385.814
79.7611	148.603
68.1868	379.61
410.002	23.9551
174.484	193.049
460.885	21.3352
6.16922	387.492
135.201	488.259
25	25
468.671	147.187
345.438	76.0219
131.979	349.178
219.037	204.863
25	25
176.436	149.785
49.2836	40.8963
310.356	77.5663
414.124	273.627
100.694	389.755
157.757	422.816
195.873	272.013
230.673	384.074
474.338	208.401
144.8	329.76
25	25
369.854	273.147
25	25
363.9	273.001
393.869	51.3635
129.579	311.686
168.443	429.382
25	25
462.25	276.912
275.807	158.702
401.706	202.942
257.298	96.9816
295.863	52.3825
118.374	448.028
25	25
363.635	173.123
369.046	211.119
295.602	244.05
234.605	149.063
432.712	82.3526
282.984	341.503
462.766	5.90866
407.51	238.298
25	25
355.621	316.627
30.6095	355.57
25	25
85.5489	485.45
295.01	487.972
18.4775	180.172
44.8989	350.078
25	25
390.164	184.202
80.3044	421.435
333.562	35.0535
171.233	138.467
25	25
25	25
418.051	184.283
156.254	316.642
474.792	135.921
153.043	460.809
55.3597	98.6024
54.2466	481.714
430.991	274.171
104.389	315.127
25	25
450.881	243.009
173.794	225.057
323.442	471.372
113.324	66.3122
104.097	375.303
162.544	134.857
20.2414	22.3219
449.703	109.246
287.237	494.264
83.3217	7.1037
278.793	445.02
25	25
151.953	470.559
129.277	480.22
25	25
328.15	154.809
407.321	346.187
272.281	333.12
496.542	294.681
234.44	210.608
25	25
23.0448	414.838
11.6751	344.763
98.0023	359.49
107.426	392.169
144.634	414.065
25	25
239.084	56.7313
464.188	274.582
449.878	304.402
380.354	113.651
175.538	153.863
25	25
310.569	134.473
349.545	137.213
129.409	450.495
389.807	156.501
133.341	404.75
123.109	98.2712
197.433	489.41
284.589	180.683
361.429	96.0931
357.688	343.461
25	25
396.9	143.497
306.983	54.1567
243.342	322.772
441.067	87.6087
165.656	152.336
159.042	352.289
183.166	11.3478
486.449	300.805
430.645	283.211
205.885	348.916
65.5738	25.905
68.0789	375.499
25	25
346.493	187.341
370.675	245.2
70.3256	102.646
174.192	76.7314
348.412	319.879
25	25
256.984	170.083
101.12	415.314
398.203	306.879
25	25
155.376	49.522
188.895	112.927
205.691	75.9261
234.214	262.25
270.192	16.9282
232.292	46.3282
345.157	138.727
168.769	109.653
25	25
224.393	374.881
86.7884	356.382
499.666	306.519
11.7808	74.9564
203.739	235.148
455.507	90.2895
333.65	43.4252
186.242	281.693
101.43	485.01
212.205	127.396
25	25
286.328	160.308
286.836	458.951
273.883	346.772
486.628	95.1604
139.604	350.958
80.4035	495.012
25	25
293.823	359.386
399.75	327.061
50.9231	469.135
66.6143	168.896
38.4984	492.35
303.865	59.2667
464.954	93.5714
355.356	33.3809
285.496	20.2117
25	25
431.523	146.235
479.295	122.263
449.052	11.9857
276.75	364.097
175.299	319.737
25	25
106.347	432.514
25	25
184.6	323.412
302.582	494.505
25	25
257.81	122.814
295.733	170.383
391.017	146.114
63.024	130.293
174.814	111.665
132.233	94.2267
479.559	100.352
210.12	315.277
25	25
25	25
336.439	27.9369
387.625	78.7917
250.194	93.7598
190.002	106.859
224.581	76.3163
84.3331	441.298
253.79	212.766
25	25
321.159	208.71
153.638	435.799
388.138	64.5063
97.2163	91.6941
357.172	87.0444
25	25
14.3801	429.531
282.333	61.6466
238.655	437.67
312.303	226.532
25	25
25	25
153.219	42.7306
187.138	117.405
427.996	184.901
183.426	160.01
294.383	499.966
5.51971	346.75
490.74	156.32
298.512	179.989
245.476	80.954
213.735	18.6113
25	25
25	25
25	25
434.723	306.733
232.265	222.462
25	25
421.808	225.99
25	25
459.557	89.767
247.648	364.758
170.297	243.319
204.306	281.806
313.794	456.003
25	25
442.599	301.121
25	25
475.866	120.381
137.184	304.076
45.2077	78.008
71.0204	498.47
327.644	344.433
421.659	245.962
205.436	24.3059
25	25
146.425	350.969
341.795	64.1598
176.407	344.246
285.278	71.7898
55.3972	48.8099
375.713	147.703
374.486	96.2745
42.4012	472.899
25	25
462.285	265.637
221.756	408.404
230.397	179.273
458.096	347.874
43.8575	387.197
77.7213	34.9927
78.0232	331.071
263.633	75.0248
293.018	4.70495
479.644	216.877
202.786	364.947
25	25
271.316	68.0627
25	25
415.409	317.017
419.906	230.874
440.259	46.6878
329.432	128.348
406.211	207.739
347.719	90.152
25	25
43.8704	142.571
25	25
409.899	267.531
344.206	8.37111
25	25
285.567	84.1694
266.176	247.511
198.665	39.4074
377.172	242.4
136.097	310.887
497.458	316.272
400.557	110.884
320.525	169.94
366.945	69.3876
440.165	171.707
70.9598	69.493
484.131	210.06
119.17	491.513
87.9632	38.2999
25	25
21.2812	307.755
25	25
174.468	382.76
208.917	326.695
10.2309	445.955
370.309	75.7409
204.83	107.457
201.366	285.131
267.341	403.899
25	25
439.682	197.782
492.6	22.7278
8.40276	469.131
252.437	105.637
273.183	364.184
57.689	193.472
365.332	34.0746
168.931	484.16
226.83	413.946
462.603	12.2886
480.096	129.754
418.174	34.6131
159.896	309.607
25	25
132.645	68.9164
421.669	281.077
48.8946	497.213
414.357	133.914
7.74324	407.772
202.665	285.102
38.0343	365.732
181.409	4.92763
33.7448	489.975
104.003	321.818
12.9281	69.2274
23.6111	107.135
37.0095	146.22
221.564	484.908
364.482	284.441
153.205	348.091
294.361	425.657
25	25
25	25
349.327	148.578
422.121	230.681
481.567	94.1239
25	25
25	25
188.789	97.7051
197.384	306.732
496.861	284.686
397.749	37.8524
446.339	188.51
25	25
385.559	316.833
414.09	219.632
18.4674	482.538
311.364	6.69694
295.786	149.573
361.352	104.954
36.273	462.4
60.6107	416.959
163.967	413.577
292.915	380.258
304.088	30.5111
433.903	191.93
438.365	217.341
25	25
45.7402	138.374
75.3593	440.215
189.729	353.65
286.974	177.79
445.698	52.0369
141.707	64.6896
370.498	42.6369
60.2867	9.07932
322.118	156.128
370.993	41.2388
241.314	359.952
53.8863	142.216
25	25
25	25
25	25
303.931	249.585
24.1458	172.477
25	25
71.7327	311.384
25	25
145.173	338.499
25	25
180.916	96.6823
360.707	38.6353
417.351	58.5264
299.978	80.4247
217.847	165.677
25	25
382.939	68.7541
152.756	418.775
185.982	169.678
25	25
288.256	173.39
95.5503	478.358
25	25
7.87013	361.412
417.106	218.076
204.554	279.124
306.296	24.8412
498.152	88.1829
112.345	439.26
209.001	24.2848
163.509	157.666
198.403	443.831
226.442	287.021
273.385	124.981
426.797	283.192
166.547	139.619
477.996	213.72
18.6387	33.76
140.567	60.95
441.092	100.031
456.167	221.818
252.408	10.5479
337.168	19.0081
416.697	10.2221
288.628	44.713
273.513	38.8706
26.0581	162.661
41.0108	186.848
25	25
188.763	123.182
478.147	31.0183
369.945	103.501
242.065	85.3712
361.465	5.69118
297.593	96.6259
258.625	249.931
320.283	38.227
54.7445	110.989
25	25
330.007	373.043
158.854	452.67
267.96	40.3786
10.5317	183.98
25	25
343.949	297.668
52.8038	146.069
363.959	39.4468
25	25
190.144	214.497
269.917	187.444
215.327	301.105
319.682	140.034
25	25
80.7686	149.437
282.26	448.344
13.6218	106.672
172.667	397.622
333.403	270.006
495.025	85.5746
177.926	189.885
230.049	462.564
487.586	158.578
133.033	57.8859
492.642	47.3122
139.523	403.674
428.476	144.608
25	25
381.892	47.3349
181.101	200.546
422.752	169.076
99.0595	360.944
37.2546	357.547
100.285	82.1766
427.255	174.778
56.9387	331.642
388.773	143.112
477.916	96.8574
230.841	187.84
434.455	141.559
192.011	326.202
197.751	499.405
26.0437	315.431
405.967	220.025
25	25
224.636	309.089
46.8087	403.2
118.412	445.261
25	25
435.276	227.383
100.916	83.6369
357.187	36.5091
25	25
378.768	238.877
296.224	126.546
452.247	54.432
25	25
158.568	97.0367
266.963	414.299
19.9633	482.189
361.468	264.7
325.918	356.421
25	25
248.552	287.313
338.992	288.982
361.08	23.1199
134.479	39.613
25	25
352.59	273.564
196.556	401.638
441.955	6.88254
133.627	396.555
112.75	380.315
460.199	155.758
36.0293	333.798
13.5204	307.262
243.194	353.706
422.792	168.428
25	25
365.963	349.075
25	25
306.368	414.292
106.04	451.665
25	25
25	25
186.875	103.003
25	25
447.303	301.303
25	25
176.124	65.8712
173.935	411.206
141.54	380.427
74.5202	21.4371
323.474	497.947
75.0136	496.29
427.882	306.566
397.981	154.84
137.439	330.4
497.176	56.2255
168.695	333.317
25	25
25	25
431.321	266.606
394.119	66.0293
313.269	120.389
25	25
336.385	261.634
308.04	403.13
449	21.6686
328.258	428.455
127.793	47.0494
68.5559	351.615
389.733	87.1302
247.236	229.026
25	25
398.257	178.287
349.96	93.3048
311.588	428.078
340.352	63.3511
53.5643	143.998
142.068	408.51
234.482	420.384
75.5221	190.036
9.6812	21.1292
88.9398	403.595
18.5731	411.243
177.32	221.895
259.552	48.5877
243.207	75.0643
383.567	129.738
241.144	393.099
190.127	12.8677
83.3255	8.13759
341.364	217.858
25	25
273.49	174.979
80.6059	496.704
467.25	244.216
236.748	416.243
25	25
154.466	388.367
301.943	236.316
99.5605	19.2855
157.117	449.306
486.174	81.2893
254.523	405.873
215.6	409.43
489.719	168.348
209.985	356.259
25	25
155.176	349.564
423.179	35.626
202.358	399.755
190.181	34.114
275.643	130.368
309.508	116.391
283.413	154.765
48.2211	11.8305
4.58298	339.496
253.853	233.965
276.008	48.5542
445.867	178.643
17.0427	438.641
218.098	26.0448
200.202	84.422
69.7293	410.416
25	25
483.559	102.275
34.5194	182.608
25	25
227.277	28.3243
205.905	47.5248
385.172	134.482
349.337	304.851
140.05	430.96
422.256	310.688
494.869	227.001
377.049	322.085
168.975	421.291
158.704	45.0733
40.1974	378.908
129.51	63.0427
256.03	428.858
320.095	43.9684
84.5654	114.983
77.9174	342.797
325.708	86.8898
62.9473	52.3233
25	25
267.069	492.709
69.7337	162.472
284.03	372.979
18.5846	402.656
174.795	59.0155
241.616	312.922
286.848	248.883
409.117	0.623707
56.9178	21.439
25	25
142.373	25.0811
251.907	126.067
96.0899	157.406
78.7164	181.042
41.9302	406.009
259.802	83.0376
27.0674	483.768
178.338	199.337
191.872	429.652
15.7217	192.528
25	25
11.9416	326.172
95.1083	109.791
141.727	341.481
25	25
412.261	336.247
25	25
272.127	82.6888
25	25
438.241	181.382
434.121	106.621
99.0935	400.968
269.207	456.651
259.113	176.635
192.167	49.9965
341.518	303.762
21.8702	43.2235
426.267	243.642
370.861	299.016
176.243	281.562
135.64	418.097
371.228	5.81651
86.461	53.9782
95.7253	382.893
370.364	272.732
361.906	262.236
156.526	370.25
290.728	154.398
143.624	432.471
191.068	498.242
208.932	346.717
401.345	232.221
476.447	177.835
496.706	291.862
141.829	91.4115
409.623	231.772
157.711	32.5542
25	25
296.336	438.892
81.7771	413.845
18.7858	13.7789
410.254	196.033
362.947	6.66546
456.042	296.442
151.371	480.542
164.004	435.03
204.11	276.996
276.899	347.073
25	25
370.463	291.743
381.296	166.741
235.949	187.368
327.497	498.558
82.2186	450.323
80.2384	1.8294
56.7742	163.592
357.914	65.093
410.438	232.817
392.019	29.657
29.2331	432.273
487.388	225.743
229.151	48.1463
295.654	487.081
25	25
442.428	55.9441
291.787	208.343
312.308	221.215
225.43	161.026
25	25
25	25
102.645	342.314
277.482	474.26
64.9979	98.1113
152.72	375.601
164.968	408.971
69.524	62.4006
358.21	340.446
43.3982	309.196
324.736	452.511
482.022	227.22
451.501	332.897
247.398	406.329
25	25
165.892	451.32
1.98922	184.258
332.865	53.8145
236.423	55.0654
310.852	389.943
489.338	256.541
46.8134	440.649
85.4128	350.146
275.812	430.009
348.754	51.6133
8.59462	60.4837
25	25
149.078	71.4479
489.245	123.253
90.9363	322.34
142.243	33.1617
391.023	41.3121
401.272	218.978
272.084	149.65
364.37	112.739
25	25
61.8698	171.711
394.802	327.386
25	25
228.967	458.795
238.056	149.075
150.423	439.757
78.5263	41.2668
25	25
25	25
159.495	309.044
166.977	466.098
112.17	452.372
215.453	369.502
401.209	288.556
274.729	73.7345
306.574	68.6414
445.621	186.723
291.719	490.402
393.797	94.04
194.615	211.012
410.394	317.521
273.294	37.5528
25	25
355.854	18.4276
434.404	21.8943
224.862	265.792
176.595	468.834
25	25
51.0824	494.027
404.93	129.373
353.977	206.013
222.614	494.853
385.483	5.39742
439.724	75.2222
287.155	84.4822
263.598	216.137
263.111	100.599
21.0106	307.941
180.154	459.489
174.362	446.004
422.034	117.994
265.385	114.416
495.949	293.419
167.069	290.923
130.25	387.143
322.028	115.564
209.796	206.513
411.609	213.623
331.986	382.846
167.628	200.329
263.252	398.577
36.2874	494.812
231.36	24.0813
3.80229	377.776
351.477	197.403
33.7104	39.9947
279.465	9.34175
48.5122	495.481
200.473	53.1501
137.059	438.521
7.10057	186.002
361.895	182.97
10.1992	413.692
163.716	350.26
107.825	484.396
451.172	194.453
25	25
80.9086	70.5043
51.7277	467.852
243.12	130.842
435.838	342.414
194.587	399.412
260.398	478.347
203.576	366.398
226.501	54.1202
422.327	56.0958
330.13	494.152
424.474	160.592
128.332	420.155
288.086	235.711
486.676	161.481
433.755	14.5287
180.196	458.42
131.151	91.3756
260.953	433.215
84.9491	335.666
25	25
25	25
346.395	213.995
493.616	206.894
86.606	429.199
418.475	161.501
313.914	394.239
24.6248	100.562
207.74	498.947
279.109	478.497
351.124	91.3068
25	25
63.167	143.207
25	25
111.753	374.291
288.334	466.973
74.17	163.654
174.892	335.342
100.112	37.472
26.9828	437.611
364.925	47.1708
15.2363	76.1143
401.025	227.003
420.531	294.313
242.178	218.181
260.943	33.2537
25	25
313.099	81.7204
269.447	76.1254
316.677	56.6111
249.118	8.43142
76.6712	70.624
491.562	244.394
228.014	169.875
432.687	72.1225
75.5867	304.936
25	25
323.435	397.298
21.2407	63.6687
274.83	31.1866
378.904	192.457
134.604	496.071
134.91	475.577
146.842	71.3511
90.8267	86.3647
349.949	177.957
483.048	22.4376
336.298	85.5084
25	25
246.429	203.242
286.124	207.647
485.228	71.3342
193.938	478.733
486.815	206.149
376.098	277.415
46.7946	43.3972
104.89	424.699
493.487	265.64
174.486	259.882
64.7799	50.2063
23.9093	120.738
205.97	202.131
370.347	307.892
25	25
378.063	335.767
125.977	25.9064
439.987	80.0801
200.438	311.69
106.1	392.199
431.504	54.772
264.78	469.358
89.5292	15.659
285.434	102.634
92.4165	166.707
27.0329	427.359
21.0296	176.019
128.662	402.083
382.326	325.074
8.26891	398.031
91.0566	31.5839
25	25
98.2281	94.2793
179.099	240.61
481.35	62.1169
136.792	443.534
272.644	204.835
21.6165	402.66
161.619	466.402
423.333	308.237
25	25
273.175	111.722
304.04	205.186
127.727	474.482
54.1492	79.9623
20.5424	154.32
74.9322	130.952
427.67	319.096
393.06	298.303
332.385	431.614
409.521	139.359
24.8777	154.897
377.279	152.945
25	25
388.874	201.752
120.744	316.371
25	25
111.645	372.676
355.996	255.885
69.6314	65.6317
200.981	382.787
268.636	193.112
94.2009	341.962
277.709	192.698
25	25
221.282	278.853
25	25
417.21	299.664
94.8117	194.51
347.831	153.333
477.44	33.0946
66.8489	112.022
485.932	196.188
324.738	91.2374
177.654	51.5844
231.42	194.364
292.813	36.7178
329.841	33.9661
389.112	79.8713
259.143	168.714
384.577	59.793
490.097	321.732
399.158	331.664
429.585	187.047
212.266	173.975
467.689	234.226
495.227	71.2249
425.914	248.987
190.883	280.649
445.352	87.5542
304.326	122.84
349.722	145.714
127.15	439.941
198.152	33.1956
143.917	86.269
485.781	213.408
40.1336	116.889
265.067	96.3961
179.826	95.7014
166.957	75.4317
147.846	17.227
177.361	265.949
242.262	227.052
139.937	382.026
41.9747	87.471
77.0654	74.5345
142.229	60.7573
211.301	137.355
345.294	268.242
25	25
343.69	144.12
25	25
11.3033	473.835
496.329	241.51
39.1903	446.182
455.965	223.249
170.731	183.819
25	25
149.626	497.991
45.4467	453.983
437.255	115.633
235.402	157.947
436.626	24.0875
61.3527	169.946
63.4098	416.569
351.536	244.137
17.9473	452.315
164.269	138.751
68.1971	174.501
224.721	402.954
25	25
447.97	79.4848
25	25
25	25
46.4277	422.305
25	25
339.943	84.6945
299.471	134.506
48.5479	38.6133
185.071	232.589
256.739	212.767
25	25
345.042	75.8397
164.485	344.947
73.0811	103.836
469.869	259.119
278.721	187.826
249.552	407.583
284.45	120.443
358.793	317.197
349.096	303.771
368.154	326.652
25	25
211.85	397.963
125.401	458.995
187.61	38.8334
85.1414	326.945
307.583	43.5209
272.529	104.877
265.679	404.369
105.718	341.859
191.332	178.127
82.21	43.4052
200.858	269.332
25	25
180.064	382.695
25	25
301.106	29.5369
26.2871	114.629
25	25
289.988	362.445
310.325	431.113
272.144	351.594
422.515	261.867
25	25
34.5669	80.7535
378.204	82.1456
25	25
350.235	168.082
232.18	472.334
212.699	111.114
354.238	322.853
242.437	105.601
321.894	77.6563
289.041	477.332
230.291	360.675
25	25
410.996	180.346
82.0445	409.897
7.63427	370.41
122.473	488.092
350.6	11.5015
23.6958	31.555
287.534	432.759
50.4714	474.304
474.132	55.1953
157.495	14.6005
331.396	375.747
448.389	172.201
247.044	140.04
287.006	123.509
249.303	306.525
6.18471	83.2439
150.707	386.504
25	25
380.809	65.224
405.76	39.0219
25	25
338.196	123.531
302.424	364.568
301.806	408.283
25	25
377.287	135.123
438.618	112.825
38.6342	14.6748
157.793	428.497
246.094	429.987
373.789	28.8294
187.894	455.043
41.7922	368.809
272.188	464.578
472.096	114.447
350.952	172.69
264.474	8.724
243.84	446.221
66.6003	198.009
23.6443	456.51
25	25
124.172	52.2484
229.875	258.904
112.323	58.9291
125.038	457.532
137.897	7.10512
118.748	425.313
25	25
357.349	20.3633
189.831	324.975
15.6778	424.223
160.882	418.191
90.9088	384.304
345.114	51.6165
229.179	248.928
396.379	212.496
25	25
337.036	215.306
15.5442	126.217
50.2915	395.85
346.511	226.431
487.454	233.255
294.343	30.9233
354.843	335.488
457.549	290.287
380.804	197.582
72.8328	406.324
250.188	130.592
292.264	455.331
112.447	327.175
161.472	42.2759
373.845	215.263
394.717	218.278
435.847	186.025
330.456	154.617
22.6741	105.73
25	25
25	25
128.5	51.9008
25	25
25	25
32.7909	483.377
310.84	104.864
354.354	194.926
499.846	291.574
25	25
239.138	269.878
209.549	9.52921
472.905	61.0271
186.534	11.8199
299.983	9.19197
280.433	402.845
25	25
280.011	407.42
307.242	485.56
42.1924	383.889
417.884	87.1138
266.104	453.734
425.872	248.228
204.157	49.7458
451.12	213.185
408.296	110.62
184.69	410.28
376.963	315.233
25	25
105.561	491.411
424.401	104.272
179.335	247.601
166.162	330.886
106.629	12.2119
158.611	87.0368
126.946	413.697
345.525	206.261
91.0306	194.227
405.322	298.495
25	25
206.482	269.734
261.752	423.817
286.943	95.1143
382.262	116.184
25	25
306.827	217.98
286.301	35.1881
227.941	214.622
204.317	144.512
235.477	160.375
167.333	286.7
423.65	179.251
176.99	292.174
259.875	429.142
241.165	294.053
290.103	30.6848
497.681	54.0589
33.7779	306.467
25	25
64.8513	66.8288
117.468	335.823
272.541	122.016
243.387	142.705
25	25
205.674	171.712
487.655	280.783
479.754	56.935
333.756	339.724
266.57	336.969
225.576	245.299
388.97	51.3186
384.503	334.512
260.263	420.501
100.13	4.61173
43.4031	488.612
291.711	454.617
92.3868	416.808
25	25
464.339	208.505
124.073	74.0678
124.885	21.248
48.6788	350.662
246.185	234.518
374.812	169.368
436.141	96.0631
210.944	6.55478
396.813	45.2822
232.916	172.893
381.534	179.15
409.965	328.674
91.8005	52.2227
131.291	3.5298
283.625	121.276
174.665	290.41
361.714	26.1788
337.915	227.281
361.137	309.575
444.32	115.48
251.327	475.623
406.293	275.986
25	25
181.147	157.671
278.084	188.665
121.531	318.144
415.014	211.749
46.7263	135.936
193.705	372.017
243.568	99.8384
25	25
495.625	99.5248
341.335	236.678
461.697	198.86
235.069	391.357
387.689	124.356
238.584	352.561
86.5051	414.098
289.78	20.472
25	25
25	25
118.84	63.9368
417.03	348.58
25	25
25	25
95.928	190.248
284.233	468.967
179.265	132.722
25	25
295.244	177.577
7.44758	339.752
331.362	362.382
431.768	238.384
286.564	52.9321
228.004	293.524
374.512	206.853
126.389	417.655
248.587	231.367
237.211	127.468
351.717	211.859
25	25
255.437	130.552
425.861	197.874
263.664	367.248
25	25
153.013	371.853
11.9005	436.357
303.248	91.0627
44.8993	338.415
434.796	280.958
166.822	152.637
42.4095	491.3
211.743	193.966
167.308	29.7411
251.463	17.1025
365.96	154.598
353.256	330.599
386.25	74.0469
51.1527	165.463
25	25
36.4056	348.479
50.4429	449.158
425.4	127.41
292.922	340.394
181.304	31.1189
10.0757	99.5254
232.684	451.022
66.9128	362.098
68.8106	331.976
25	25
186.645	489.776
25	25
25	25
431.802	334.25
10.2904	307.32
6.66951	110.846
131.127	334.087
210.245	143.076
233.549	440.083
319.464	175.764
339.819	347.676
178.04	421.113
25	25
216.817	250.126
498.94	199.281
171.97	479.294
416.403	334.872
392.023	224.151
51.5303	371.082
51.1431	376.358
152.93	71.1278
2.05979	356.601
89.4799	73.2129
170.526	434.398
494.371	77.3664
267.729	469.093
251.21	449.758
275.154	348.325
480.701	141.887
36.4375	393.103
374.885	172.442
390.684	324.585
406.791	80.5182
493.553	122.271
25	25
415.388	52.5875
439.13	32.0339
191.044	203.14
208.052	59.6738
390.432	332.806
194.08	39.6083
253.627	2.18899
358.548	285.68
341.673	29.1097
55.0741	103.688
318.517	201.864
372.948	23.0633
25	25
64.4557	318.243
14.765	491.828
26.3731	165.381
403.045	126.763
51.9165	168.644
25	25
94.3585	102.8
220.085	291.432
477.02	158.88
351.415	182.276
74.3339	193.445
434.649	291.658
132.153	398.952
54.9621	105.286
38.7783	196.595
58.4771	59.7585
216.825	263.278
261.691	200.025
136.785	377.898
65.7287	336.441
311.867	26.6787
443.238	73.7324
139.923	81.3455
471.63	128.589
337.774	44.3535
25	25
407.947	282.315
446.979	110.997
46.7748	109.501
5.78096	11.9211
441.007	185.41
25	25
84.7638	132.78
77.358	56.0614
475.653	31.6879
25	25
237.238	59.0842
210.765	333.699
489.035	331.676
230.073	472.544
65.0371	75.8323
277.902	141.516
227.615	309.01
71.1566	32.0578
184.767	367.531
205.247	451.122
108.895	375.036
140.225	471.247
25	25
145.572	355.83
343.696	316.547
3.95907	61.2439
197.669	312.74
118.954	404.483
6.18115	482.423
146.091	325.386
436.298	206.451
394.539	9.00282
148.034	463.915
4.2151	446.596
62.4499	350.715
330.301	339.273
355.935	117.711
169.147	165.925
94.1814	170.568
362.591	272.085
25	25
476.284	48.3053
320.206	40.5215
321.331	7.51213
25	25
242.798	171.362
30.5232	321.008
25	25
318.812	108.776
297.192	215.917
25	25
426.758	256.511
394.272	217.565
25	25
236.073	181.892
25	25
201.858	488.302
489.182	194.454
183.393	139.062
330.732	484.17
199.186	292.75
480.164	331.771
25	25
25	25
165.579	366.001
284.954	226.405
86.2124	79.6958
240.114	66.4971
160.385	43.6189
245.249	48.8579
92.759	404.293
368.026	162.13
14.1557	401.983
367.333	64.7014
248.62	365.028
377.861	282.275
311.289	216.749
458.885	87.203
145.993	344.04
169.241	400.837
41.0764	479.742
112.142	334.264
1.35084	359.67
183.575	295.585
25	25
489.11	332.548
57.1905	360.766
43.6396	365.951
430.767	93.627
204.387	72.3646
282.031	166.734
486.066	39.7783
349.527	164.453
25	25
25	25
245.283	240.277
475.97	73.0111
296.816	486.933
110.95	424.046
25	25
214.905	310.781
147.426	447.066
12.7771	156.317
59.4664	62.9808
72.7796	453.625
373.682	158.872
490.701	141.93
25	25
25	25
453.002	30.827
257.175	407.988
325.317	341.784
225.074	178.771
25	25
410.982	205.497
355.083	237.606
14.607	111.661
372.401	102.831
205.868	276.036
233.183	144.604
114.974	322.166
195.008	186.914
13.8842	136.079
153.964	416.119
427.845	185.488
257.075	493.072
158.91	365.454
269.162	395.331
271.914	334.038
201.938	472.733
296.987	182.746
46.5152	439.447
253.309	235.924
71.4989	31.6367
375.42	39.7347
405.284	90.404
480.57	82.7009
202.415	3.57834
66.4122	82.745
25	25
186.264	88.5927
328.257	199.597
418.874	229.058
249.097	88.7506
440.845	278.514
186.053	325.349
171.122	203.25
25	25
424.394	69.017
266.155	152.277
25	25
223.331	170.437
85.638	148.481
242.379	277.347
34.8876	178.089
97.4959	195.899
79.1271	143.857
25	25
418.259	12.2558
374.11	140.212
385.355	206.367
404.62	48.0546
114.875	323.056
85.3994	389.237
348.93	347.974
104.865	437.45
351.064	208.714
182.111	66.3775
341.76	268.32
362.005	31.953
341.93	323.942
156.809	21.8982
145.878	465.679
7.1837	190.251
25	25
345.322	156.202
482.907	178.784
209.106	336.091
395.397	140.361
51.6752	497.296
54.8126	76.9178
102.942	471.623
25	25
186.066	289.51
383.485	297.946
237.484	322.028
25	25
33.5763	154.703
415.026	323.037
170.334	345.022
25	25
498.027	313.472
372.876	237.361
55.489	375.097
98.5227	56.1429
25	25
153.834	78.1254
25	25
313.846	248.283
153.133	341.44
48.985	300.903
347.484	236.595
25	25
154.886	493.425
101.29	91.0419
418.967	115.754
2.23965	461.256
451.456	231.044
377.65	231.14
136.902	341.297
146.121	470.681
25	25
348.577	18.3197
238.627	297.724
478.511	121.974
122.927	436.001
342.652	227.415
169.123	177.821
267.15	173.814
482.599	12.4476
495.154	158.827
20.068	491.585
200.073	376.822
414.589	196.984
158.138	417.376
427.961	120.549
72.8664	463.625
254.495	179.863
248.441	473.349
64.2213	132.046
25	25
23.0291	486.516
411.335	322.46
49.9951	326.36
227.247	458.688
414.509	163.475
235.984	72.309
54.8662	69.2055
477.071	142.474
242.507	39.2412
317.397	339.102
25	25
209.364	107.377
444.722	228.853
241.164	211.737
204.833	46.4899
25	25
213.901	253.318
378.546	165.392
106.359	56.6869
173.632	211.051
8.32393	316.613
25	25
207.168	174.127
403.493	118.655
28.6729	301.399
197.693	8.30494
25	25
331.872	459.516
94.7454	475.672
427.424	162.961
237.156	446.121
439.628	203.949
315.045	84.5845
427.662	29.4794
249.468	62.9607
136.838	359.771
385.526	341.869
135.894	365.888
280.839	356.465
188.382	295.214
26.6992	306.155
25	25
362.561	326.501
217.745	154.628
156.952	4.61524
296.458	225.033
259.832	147.314
432.685	33.4081
50.2247	314.35
378.656	126.402
158.707	16.8171
364.079	96.7129
25	25
25	25
199.289	172.152
446.344	332.327
233.327	273.644
270.679	187.933
26.8816	58.65
25	25
131.52	422.108
95.9086	177.777
94.6523	426.656
166.426	265.801
478.527	37.228
310.7	455.263
474.048	167.98
481.201	288.422
412.719	278.036
117.025	23.9038
239.966	62.4074
322.281	132.013
203.145	197.178
60.0177	450.041
405.187	51.8993
85.1564	478.509
374.952	324.062
184.95	213.881
125.588	390.722
25	25
25	25
277.976	475.759
25	25
467.345	292.298
197.995	475.33
372.775	329.1
461.175	25.1604
293.194	413.366
119.584	433.75
294.136	362.79
60.444	475.044
25	25
209.72	159.488
44.8491	325.615
25	25
355.562	312.198
232.215	237.822
25	25
25	25
243.662	468.86
424.11	128.919
296.884	66.1682
25	25
46.4357	156.645
266.451	225.721
458.049	248.133
220.503	147.645
220.616	180.125
92.7274	179.584
452.194	121.645
11.8848	308.421
154.777	19.9793
181.662	186.644
61.6981	424.596
79.9093	305.863
203.509	208.715
25	25
298.019	334.25
13.6475	127.857
25	25
25	25
487.961	75.2618
481.311	96.109
25	25
393.881	76.2804
94.046	63.1161
85.919	414.359
25	25
178.151	139.301
249.545	166.012
25	25
438.702	134.62
400.606	263.837
340.35	169.591
456.997	324.543
108.082	95.637
198.563	422.22
110.007	436.187
271.176	232.943
406.566	193.771
389.286	157.606
201.871	430.26
25	25
25	25
25	25
353.71	136.543
498.656	281.057
374.282	50.1758
274.101	442.562
25	25
425.373	185.858
323.077	48.6727
364.864	281.267
399.421	242.034
118.282	452.638
25	25
25	25
178.212	64.4204
187.423	3.77084
489.353	342.545
201.671	380.394
187.312	352.751
463.254	63.6459
25	25
340.158	118.126
67.8201	164.626
444.909	346.622
25	25
241.483	423.903
391.534	53.6374
224.626	412.529
356.991	4.53592
100.135	21.0214
15.5531	345.609
84.846	327.132
336.171	275.895
255.1	357.412
10.2085	415.927
253.499	241.086
170.07	327.673
146.61	20.5356
86.0188	471.608
401.571	66.3735
22.6477	33.8047
335.565	51.9514
450.35	154.023
64.6625	54.5258
25	25
460.133	261.401
311.359	492
15.0951	125.171
413.648	135.715
35.6752	63.4117
222.779	185.557
490.219	200.204
299.753	360.413
251.912	244.306
312.161	177.121
361.241	209.495
227.677	415.057
470.258	177.131
22.8479	7.51145
257.677	202.804
196.519	307.419
243.171	421.603
207.268	390.47
259.576	389.277
476.069	47.7928
429.414	51.7717
207.735	332.939
453.671	88.1115
291.448	8.15917
407.664	92.3217
264.267	215.23
335.298	138.682
275.562	65.3992
217.51	254.055
25	25
247.421	495.68
400.623	133.922
25	25
71.4009	167.571
365.244	342.614
35.1004	465.984
25	25
25	25
210.823	324.658
204.209	130.304
253.248	80.7718
250.011	249.292
41.1691	43.0736
291.924	155.657
487.168	3.55201
437.182	310.241
112.154	365.129
439.79	1.05764
60.6159	59.9965
25	25
419.493	226.835
491.518	347.149
299.671	403.392
222.437	137.833
49.2474	480.173
285.401	2.06233
286.162	76.8658
266.545	124.515
296.364	62.7598
27.1024	321.613
32.2168	59.6607
275.018	32.4801
289.897	177.495
203.139	272.145
191.917	329.789
25	25
466.637	55.6817
61.4505	49.8087
275.315	14.5622
206.538	357.036
229.494	179.596
206.053	303.687
99.8073	151.044
25	25
428.96	98.1621
414.823	201.054
234.548	456.039
251.974	240.611
42.8471	47.7212
25	25
498.14	90.7495
265.446	437.163
253.947	232.673
423.563	318.791
327.882	219.332
368.192	223.051
51.7758	314.476
177.309	92.1806
252.032	14.5917
490.118	202.366
19.6898	436.842
277.659	472.604
25	25
25	25
79.31	339.695
447.873	158.362
295.777	244.426
64.0521	100.885
373.203	215.279
25	25
473.182	99.1518
451.106	103.528
418.901	272.325
51.3545	434.225
411.874	50.0526
260.89	145.748
77.1055	184.658
65.9773	82.4575
318.016	357.655
167.576	224.144
389.506	348.516
441.786	196.022
11.2146	108.055
228.142	197.193
363.653	288.832
82.4131	415.165
25	25
187.607	368.267
49.961	323.944
90.3273	323.037
200.329	499.485
292.778	373.831
494.753	3.38288
408.843	340.316
359.152	300.341
293.354	374.425
330.732	99.2414
25	25
266.723	411.945
421.478	338.49
254.334	459.257
242.925	114.533
25	25
208.518	202.842
350.342	17.897
312.384	380.795
431.593	9.69502
395.34	173.781
34.5975	99.8238
305.603	475.695
414.804	331.547
25	25
166.657	435.854
305.716	1.03589
29.3632	119.945
25	25
483.532	11.08
188.893	294.481
442.486	218.034
281.999	413.449
70.3443	3.28064
25	25
234.719	217.186
19.5352	495.52
376.038	246.493
98.9209	107.07
368.114	71.2404
171.549	384.322
14.3949	189.248
483.191	314.5
423.161	88.8468
465.312	16.6187
136.239	85.3851
191.532	448.175
308.626	425.752
109.868	375.291
438.466	274.96
339.913	246.024
329.208	116.459
41.0002	436.698
70.0113	358.463
50.8044	433.023
273.999	480.001
371.716	85.76
12.9694	60.0985
361.96	183.974
236.223	217.073
227.411	481.256
68.5078	397.307
416.281	244.171
78.9214	328.026
120.537	306.373
433.877	258.054
25	25
292.48	340.069
443.951	183.193
300.65	169.165
109.502	391.022
477.966	175.336
29.5477	150.625
235.254	82.2824
345.728	2.76825
209.369	319.391
106.191	423.425
25	25
264.327	176.385
25	25
292.613	109.596
63.0491	344.299
201.591	69.6954
58.2928	457.519
332.214	175.406
485.991	340.93
200.907	112.713
262.785	460.781
25	25
285.034	124.123
424.41	330.997
222.527	279.41
250.701	485.002
25	25
295.625	134.624
388.159	27.0008
440.175	13.2765
143.623	37.4325
48.4008	177.31
25	25
428.427	23.043
11.1682	304.308
178.625	108.654
132.12	380.801
376.85	92.0039
279.293	31.6268
25.8561	129.713
65.8749	429.761
21.8625	80.3709
228.684	122.244
25	25
383.638	5.22381
251.434	130.523
227.616	457.501
64.1898	91.1742
47.8034	198.257
29.0062	407.162
388.696	145.405
281.016	77.4635
312.099	25.7299
358.625	339.43
306.376	118.826
264.651	186.931
497.227	122.302
130.024	303.213
25	25
192.035	343.937
11.4389	367.239
301.029	196.413
25	25
92.0473	113.831
328.574	445.463
190.002	281.881
302.664	473.143
123.295	41.0684
88.5853	57.0487
245.591	366.676
459.357	127.873
419.445	346.809
76.1234	344.556
395.959	144.049
261.554	35.5358
52.8487	86.2074
406.036	281.465
203.02	338.731
135.089	354.665
423.797	259.981
275.78	22.4119
65.8548	425.126
115.62	403.077
67.8459	174.699
376.904	173.483
25	25
6.26628	163.908
13.3811	120.814
463.729	265.628
307.113	482.253
183.058	178.565
301.053	162.206
12.6705	427.03
170.726	326
250.353	406.2
194.327	46.7798
272.343	164.482
323.804	353.61
406.046	204.753
246.67	147.291
183.471	215.251
175.351	383.296
49.045	445.076
222.975	485.287
6.57581	86.9767
258.428	25.3698
119.43	481.255
456.014	271.99
111.434	302.234
218.454	169.172
125.819	37.4553
25	25
205.415	331.631
307.357	374.643
216.496	313.651
297.444	403.075
306.471	411.701
344.306	99.2456
296.755	59.6229
237.503	216.717
46.8251	400.685
317.928	352.002
25	25
116.585	51.078
109.239	372.723
318.508	446.432
16.9132	113.451
466.293	13.5067
25	25
466.763	12.3981
371.076	225.967
54.4233	310.277
194.89	147.848
25	25
367.417	10.183
25	25
25	25
435.382	92.7552
242.06	301.788
87.5912	472.265
16.5037	49.1909
40.0263	191.126
25	25
389.937	322.946
393.569	283.999
8.32815	393.985
25	25
328.189	98.7418
463.717	317.138
223.925	446.198
441.921	149.735
220.216	182.57
378.623	15.8272
166.483	356.381
498.433	116.547
82.0303	39.0902
226.434	23.6818
246.122	307.894
6.33116	312.728
107.6	403.933
126.055	365.407
96.2053	395.994
261.057	21.2717
25	25
497.553	149.216
25	25
80.6471	165.966
313.778	344.841
488.212	202.77
231.358	229.278
25	25
322.48	17.4458
230.298	29.9178
59.9022	148.408
25	25
25	25
52.7433	173.067
12.8597	137.309
266.862	164.427
434.111	83.113
410.415	138.241
198.505	179.802
446.713	334.119
169.963	444.745
463.63	169.643
385.668	289.161
25	25
3.62564	113.544
70.8523	145.392
308.513	5.97089
25	25
328.398	405.979
428.654	67.7048
244.39	468.784
25	25
25	25
328.142	90.5381
107.391	27.2369
410.47	18.5198
361.176	259.151
110.544	53.139
97.4596	389.257
424.222	164.706
220.549	221.357
195.53	216.431
195.288	181.243
141.057	332.873
56.8051	182.729
300.443	248.005
425.83	44.5653
182.408	263.858
282.587	212.93
268.001	394.783
320.548	84.3424
25	25
405.815	315.391
197.905	279.166
240.188	85.6719
485.781	74.0593
155.919	33.476
497.678	10.698
25	25
190.545	452.012
474.275	241.751
229.667	112.292
25	25
47.8892	493.698
390.637	246.814
327.676	215.834
98.708	90.5275
489.074	121.046
351.779	71.0448
302.262	449.897
296.253	445.201
354.804	121.135
49.1822	418.174
10.1375	96.9976
92.3361	111.605
255.964	17.6816
197.639	103.262
483.663	239.473
182.191	133.678
257.991	450.648
207.882	295.872
446.239	60.7764
56.5597	151.987
343.647	338.249
488.476	54.6748
407.912	130.691
207.749	217.771
407.538	10.6834
92.578	392.466
439.49	161.731
65.7283	54.0305
326.238	465.119
243.787	206.351
25	25
437.287	113.635
480.163	126.864
313.468	490.294
337.009	223.438
46.8739	9.00849
128.649	302.783
389.495	325.27
238.787	104.462
25	25
373.872	49.2878
180.094	279.629
472.086	126.706
14.9759	108.22
10.7158	477.586
77.5941	168.029
17.3168	50.1312
235.802	478.905
210.239	370.166
7.46219	413.569
458.717	334.386
25	25
447.092	311.575
445.705	340.758
163.806	175.627
112.678	18.4312
157.121	332.147
25	25
16.4837	361.389
349.242	321.74
365.149	7.31154
197.66	320.704
359.899	264.478
438.526	297.439
135.4	330.411
29.1188	325.002
25	25
162.553	361.627
245.046	328.572
25	25
391.708	19.465
301.529	244.401
60.5002	306.094
19.837	356.006
287.659	214.996
178.523	144.302
11.7321	48.6069
25	25
85.2168	488.509
25	25
64.0404	402.305
322.159	479.022
25	25
184.962	218.657
102.587	402.628
187.779	387.431
25	25
490.295	112.366
340.455	144.79
209.916	483.822
441.298	186.48
180.458	54.8562
307.114	177.117
210.983	256.122
14.6252	303.491
424.809	132.638
230.416	316.743
9.00972	7.25724
44.9286	143.75
190.733	298.714
25	25
75.3809	25.359
343.991	175.381
138.912	307.795
404.54	36.4029
353.965	139.802
196.882	344.546
413.818	222.613
131.551	451.381
320.766	175.7
125.43	89.0037
301.993	225.507
234.049	109.392
25	25
408.76	155.294
193.326	428.875
477.448	175.426
172.806	73.2113
210.743	401.679
41.6678	388.381
25	25
170.477	20.2567
444.585	268.099
452.866	347.853
179.511	403.088
25	25
381.367	49.7546
29.5617	158.427
404.135	41.4264
465.734	255.335
441.189	228.679
25	25
25	25
25	25
376.731	224.554
425.653	198.543
271.92	409.815
198.482	323.381
498.98	236.475
153.041	384.231
25	25
449.677	228.784
164.687	347.564
21.8231	369.844
299.465	409.872
11.3263	104.171
26.0125	139.711
374.862	156.956
25	25
253.654	194.53
169.361	20.9382
25	25
371.247	18.2413
240.044	152.946
89.8013	476.14
290.991	147.297
438.813	135.766
