Saved a vector of rrt <nodes> points.
X	Y
490	490
485.839	480.907
486.123	470.911
479.538	463.385
482.929	482.929
478.925	473.682
475.947	479.446
481.578	471.86
479.05	473.564
482.638	461.538
476.147	470.225
475.997	482.677
476.159	470.068
477.319	453.634
475.436	454.265
477.717	453.552
477.407	453.615
475.721	454.142
479.156	453.392
476.546	453.843
478.371	453.453
475.429	454.268
476.36	453.903
478.138	453.483
476.292	453.926
476.001	454.031
478.764	443.739
476.546	433.988
478.146	453.482
465.963	478.868
478.935	443.626
477.176	453.668
465.999	478.427
476.57	443.618
478.697	443.6
477.883	433.778
478.947	423.835
471.682	416.963
465.952	479.787
464.181	410.351
455.668	405.103
447.136	399.888
484.349	451.685
480.045	451.88
477.609	452.894
479.252	452.128
477.932	452.714
481.831	451.57
480.838	458.951
469.481	420.613
464.026	410.53
464.181	410.351
470.038	407.099
476.254	443.691
466.009	483.167
477.192	443.635
476.993	443.639
475.013	443.904
475.313	443.837
476.186	443.699
475.959	443.727
476.666	443.607
478.152	443.561
454.371	407.927
444.948	404.58
442.465	394.893
466.027	483.443
432.785	397.401
423.739	393.137
413.878	391.479
405.295	386.348
395.614	388.855
386.888	383.97
379.586	390.802
370.162	387.455
462.86	412.255
363.285	380.196
462.891	421.729
458.434	402.167
454.715	407.126
476.003	443.7
445.672	405.392
441.393	391.702
438.089	404.149
437.292	398.124
478.386	453.412
479.996	443.428
432.727	397.167
479.432	443.396
441.942	384.907
477.005	443.547
479.521	443.399
479.005	443.393
479.054	443.393
398.052	379.453
393.025	379.196
386.415	392.777
480.027	443.43
372.621	383.626
365.7	378.506
362.634	394.038
475.305	443.838
476.592	443.603
353.848	398.812
345.155	393.868
335.167	393.397
325.275	394.866
481.096	434.015
479.101	433.745
476.977	423.997
316.635	399.901
311.96	408.741
475.797	424.016
475.971	424.005
476.936	423.996
456.711	486.847
315.892	417.935
456.335	476.167
477.213	424.01
456.137	477.01
455.977	479.389
477.443	424.028
456.065	477.447
455.965	479.046
455.982	478.256
456.297	476.305
456.057	477.5
456.111	477.157
456.376	476.026
398.527	369.464
433.855	389.807
433.643	390.186
432.876	392.058
456.429	475.525
476.601	423.988
456.508	475.276
428.879	388.195
416.868	385.872
407.087	384.138
338.58	386.333
456.351	475.795
477.104	423.808
392.593	379.323
409.354	377.209
392.393	379.388
471.406	417.268
377.392	400.559
476.646	414.103
470.715	418.158
468.93	407.349
463.596	411.08
470.48	407.036
462.647	412.678
464.181	410.351
469.265	407.26
463.638	411.022
467.981	407.673
461.589	400.692
461.86	400.624
455.257	405.838
457.181	403.209
488.233	439.946
445.857	407.038
456.118	476.888
447.121	399.913
440.195	392.689
442.314	391.127
467.483	424.21
438.35	395.112
437.165	400.654
437.204	398.722
440.048	392.833
441.016	391.98
444.462	390.252
439.332	393.635
447.142	389.888
448.493	389.981
437.138	399.667
439.15	393.869
440.374	392.521
440.659	392.269
446.695	389.898
440.447	392.454
444.438	390.259
442.5	391.027
442.109	391.243
334.38	377.258
445.093	390.099
456.306	475.966
438.375	395.066
437.396	402.154
392.337	369.22
439.673	393.232
439.435	393.508
439.889	392.997
438.692	394.53
390.034	359.489
437.185	398.895
439.673	393.232
439.904	392.981
439.673	393.232
454.502	415.24
439.673	393.232
352.638	394.304
437.468	397.331
439.673	393.232
437.665	396.677
441.269	391.79
439.673	393.232
338.579	386.335
446.986	389.889
352.578	408.731
327.397	387.102
318.094	387.906
308.425	385.354
315.486	396.907
473.623	397.764
320.717	385.965
446.55	389.905
447.155	389.888
315.503	392.742
447.434	389.893
332.942	383.648
304.479	415.376
311.364	391.403
302.087	410.332
302.103	407.054
311.528	391.303
442.429	391.065
311.586	391.269
309.855	392.55
442.121	391.236
301.974	408.203
310.514	391.993
446.359	476.858
443.999	390.393
291.989	407.658
445.437	390.034
441.725	391.478
441.584	391.571
444.652	390.201
442.088	391.255
442.088	391.256
445.935	389.961
309.764	392.635
442.055	391.275
302.018	409.823
440.235	392.651
311.732	391.185
442.638	390.957
302.615	412.302
324.978	380.664
324.497	375.732
440.565	392.35
325.053	380.863
446.61	389.902
324.383	377.015
392.703	359.227
321.1	366.327
314.524	358.794
307.947	351.261
433.448	390.57
442.843	384.9
434.634	388.674
435.34	407.352
442.38	384.893
434.995	388.245
439.816	385.25
440.291	385.132
425.412	390.645
429.01	388.141
427.006	389.239
440.163	385.161
424.686	383.182
416.402	386.342
415.357	387.683
423.775	383.137
406.608	384.612
413.525	381.485
409.527	382.475
414.935	381.535
400.568	377.535
396.905	391.79
444.213	385.047
395.555	388.613
456.016	482.804
385.784	390.69
388.481	381.847
446.713	385.84
406.066	376.378
385.255	374.105
377.026	382.315
380.061	376.664
372.408	383.839
371.804	384.522
385.799	374.03
370.602	386.41
360.322	389.237
360.98	383.495
361.823	381.936
362.415	381.132
361.174	383.072
363.352	380.133
364.506	379.209
362.362	381.198
353.462	378.321
407.171	376.526
356.704	387.726
354.277	375.853
354.544	375.338
446.204	385.618
407.822	376.673
408.481	376.869
436.381	477.515
353.626	382.787
353.286	380.01
354.365	375.675
353.469	382.11
353.288	379.918
353.642	382.847
465.179	486.809
407.382	376.568
377.75	400.632
355.087	385.923
353.316	379.4
353.553	377.897
408.168	376.77
463.451	393.516
363.145	394.58
353.285	380.278
354.272	375.863
362.753	394.171
353.49	382.216
353.491	378.173
406.302	376.399
387.624	373.997
353.572	382.575
353.952	383.788
322.748	365.886
353.396	378.707
364.213	395.493
354.335	384.659
353.508	382.299
383.314	400.081
395.226	349.55
353.928	383.725
307.79	351.4
389.914	341.078
301.217	343.864
291.236	343.251
287.887	333.828
283.014	325.096
280.428	315.436
281.614	305.507
275.059	297.955
282.666	348.404
278.019	288.403
282.581	279.504
439.22	375.284
290.855	273.888
447.939	376.904
444.619	375.271
275.628	272.316
354.25	375.91
446.845	376.191
296.955	265.964
301.563	257.089
353.335	381.202
362.299	393.633
302.789	247.164
456.043	484.023
444.82	375.33
354.039	376.386
365.805	396.456
440.533	375.006
353.289	379.883
311.822	242.873
321.731	241.53
353.541	382.445
309.843	233.07
304.239	224.788
377.547	400.592
443.841	375.089
467.658	392.476
353.322	379.334
353.286	380.341
450.456	376.567
392.233	369.228
354.199	384.375
298.852	216.363
290.671	210.612
465.775	484.988
294.151	201.238
285.855	195.654
353.536	377.967
353.338	381.227
353.396	378.71
353.447	381.994
277.127	190.774
282.247	182.184
267.282	192.528
353.365	378.929
456.265	485.611
257.591	190.062
249.503	184.18
393.698	350.185
360.623	403.833
239.55	183.215
352.961	396.573
353.307	379.533
231.568	177.192
398.808	369.481
387.286	402.739
473.294	478.925
444.346	375.2
232.392	190.199
223.356	194.481
335.581	390.981
338.579	386.335
336.356	389.117
338.606	386.311
328.698	385.771
326.217	388.935
328.903	385.602
328.174	386.249
400.789	369.834
323.864	404.765
320.032	386.35
317.185	388.988
318.938	387.13
315.381	393.412
318.135	387.864
318.938	387.13
316.758	389.626
315.303	395.617
399.649	369.581
393.119	369.197
319.968	386.39
316.223	399.115
316.152	398.961
315.458	392.959
307.425	396.006
309.801	392.6
319.957	409.333
400.093	369.663
399.71	369.591
302.498	405.505
310.453	392.04
423.454	383.141
393.155	369.197
302.117	406.974
310.255	392.2
309.677	392.719
381.693	399.851
302.952	413.084
310.334	392.136
322.115	385.378
309.984	392.433
302.084	410.312
302.968	404.364
399.613	340.564
385.587	402.743
303.393	413.899
310.453	392.04
302.505	411.999
302.365	333.93
308.69	393.828
302.029	407.569
389.038	331.116
276.466	317.538
301.97	408.292
319.528	427.251
396.005	323.943
272.62	288.257
274.749	287.96
399.379	338.338
270.965	281.315
400.974	315.265
291.006	274.117
275.47	272.473
286.737	264.775
302.455	405.634
302.132	410.589
292.39	412.845
311.811	391.141
282.983	416.237
390.499	331.095
303.249	403.829
276.034	409.045
311.907	427.107
308.764	393.733
266.632	412.451
306.331	248.299
312.402	244.409
310.54	391.973
304.483	237.309
310.605	391.924
308.82	239.187
311.925	243.098
406.901	307.21
310.248	392.206
307.563	238.377
309.184	393.231
308.386	394.248
307.933	394.974
309.312	393.091
302.33	406.044
295.07	220.797
308.19	394.546
311.168	217.577
296.162	218.892
307.928	394.983
308.738	393.766
296.162	218.892
301.976	408.169
298.654	216.493
321.699	366.132
315.788	357.854
303.048	404.203
307.66	351.521
310.558	349.613
396.613	359.649
302.302	411.335
477.159	425.186
396.937	359.591
446.749	487.714
279.433	187.989
398.408	359.465
459.287	377.058
277.873	189.631
397.784	359.492
302.113	410.485
267.694	187.455
302.347	405.983
302.288	406.198
263.974	201.965
398.771	351.279
297.984	350.4
291.69	178.894
446.628	375.644
298.206	349
399.991	359.572
239.628	185.755
399.791	359.544
230.824	188.1
394.757	360.202
298.126	349.374
484.307	418.192
397.875	350.668
395.908	359.813
395.922	359.809
397.8	359.49
367	411.537
224.244	184.001
400.315	359.625
213.48	192.913
213.461	193.037
334.456	377.223
334.269	377.31
298.004	350.195
213.52	196.288
206.494	203.403
400.942	359.76
334.139	377.374
397.391	359.529
307.313	423.074
308.823	341.299
206.043	186.228
198.27	203.836
200.122	178.169
300.082	345.084
318.886	413.439
205.252	197.832
192.632	171.543
467.474	422.693
302.149	406.802
191.959	161.566
308.464	394.136
184.275	155.166
311.952	391.065
402.366	360.23
399.101	359.48
333.298	377.842
333.646	377.635
396.736	359.626
395.472	359.942
325.87	414.562
178.371	147.095
175.831	160.523
183.378	138.438
398.303	359.466
190.474	210.099
318.801	419.266
301.961	408.867
301.967	409.128
454.696	492.717
302.048	410.066
402.41	360.248
180.628	211.845
399.954	359.566
395.759	359.855
395.723	401.719
302.14	416.974
301.987	409.473
401.236	359.838
173.849	219.197
399.176	359.485
293.352	415.883
175.826	131.883
399.313	359.495
292.118	406.847
398.74	359.466
397.342	359.534
334.187	377.35
163.851	219.383
182.149	124.136
310.61	391.919
177.743	228.407
405.659	332.598
336.094	376.647
293.746	416.988
334.072	377.407
293.139	415.502
176.502	238.33
176.725	115.735
311.258	329.357
191.264	120.022
334.897	377.036
302.001	409.642
193.948	110.389
153.851	219.359
262.627	288.625
166.725	115.652
158.433	110.062
150.141	104.473
261.29	283.844
310.357	392.117
336.605	376.53
381.073	409.856
311.54	391.296
333.528	377.703
438.183	375.357
400.553	359.671
266.515	318.533
410.932	314.345
403.764	305.662
333.368	377.799
423.708	393.138
334.248	377.321
273.085	417.667
272.999	416.802
141.804	98.9519
133.515	93.3578
261.301	283.885
144.257	216.538
125.226	87.7638
116.937	82.1697
256.995	415.122
108.648	76.5757
200.664	102.98
408.181	296.69
100.359	70.9816
92.0699	65.3875
94.6827	79.2145
397.828	359.488
83.7809	59.7935
202.788	93.2078
261.137	283.163
256.653	413.099
311.09	391.579
376.748	410.538
256.83	410.469
398.573	359.464
134.716	219.53
398.61	359.464
246.784	414.71
395.327	359.99
237.017	416.859
414.793	301.069
75.492	54.1994
114.159	68.2316
317.222	403.947
227.283	419.149
333.517	377.71
259.242	298.035
217.29	419.508
397.196	359.553
421.662	293.802
476.168	398.811
201.277	83.3226
212.065	428.035
202.669	431.459
127.335	212.783
334.083	377.402
298.921	346.781
117.348	213.298
392.613	331.449
296.616	334.985
193.108	434.388
284.786	335.609
185.035	440.289
467.583	392.423
478.881	435.036
281.756	426.161
403.362	343.736
281.046	344.883
275.282	297.767
288.993	298.757
390.327	331.086
175.639	443.713
268.492	290.414
265.296	295.791
268.287	290.597
265.095	298.797
275.47	272.473
284.479	268.133
265.293	300.102
277.138	271.115
275.47	272.473
265.063	297.67
297.624	266.527
265.085	297.233
289.046	264.052
265.06	297.862
372.418	409.234
452.5	483.44
295.794	265.192
276.351	262.342
276.925	262.401
292.866	168.964
302.77	257.828
474.289	490.932
301.229	163.481
304.532	247.54
403.404	343.795
299.057	279.608
299.951	247.22
306.083	248.168
300.92	237.341
215.971	178.382
364.228	421.145
299.335	237.78
205.292	187.171
204.108	196.577
305.314	237.488
309.714	239.95
304.422	237.299
442.552	482.421
380.608	397.991
177.293	453.575
471.852	492.458
270.802	318.146
436.999	414.09
320.659	238.193
197.792	208.329
318.604	427.56
432.479	423.01
196.892	182.194
313.008	223.585
396.464	333.521
484.287	491.163
310.853	217.287
190.129	209.642
296.162	218.892
318.993	211.478
390.959	359.315
189.613	208.842
185.142	164.918
441.717	384.589
190.609	210.263
186.385	457.738
309.752	216.445
392.714	359.227
176.592	148.766
310.138	216.713
496.564	443.826
301.867	390.635
382.431	370.587
434.347	488.138
265.06	297.861
303.752	403.029
193.819	212.791
283.091	204.09
391.525	359.253
390.457	359.398
316.441	437.323
277.559	190.071
276.504	192.111
473.414	384.299
387.781	349.746
302.222	411.017
302.337	411.462
281.65	186.581
391.989	349.682
388.077	349.682
190.426	220.099
277.559	190.071
301.971	409.222
267.262	189.137
281.518	172.211
395.66	351.222
424.477	489.744
279.738	172.504
258.237	188.263
391.941	349.672
259.336	186.457
247.748	191.827
301.961	408.581
302.072	410.232
245.492	175.02
388.017	349.694
239.971	181.158
243.951	175.863
241.416	178.299
234.044	191.563
231.568	177.192
387.923	349.714
391.945	349.673
392.683	349.846
393.243	350.018
392.462	349.788
175.099	117.044
369.251	396.844
306.461	421.26
386.915	349.987
470.339	476.091
390.48	349.499
222.607	181.632
391.154	349.552
307.192	422.866
386.971	349.97
302.017	409.811
391.005	349.536
389.158	349.527
168.767	109.68
176.664	451.802
391.809	349.648
388.568	349.597
168.28	110.379
479.53	471.108
213.687	197.034
387.276	349.877
388.053	349.687
306.711	421.899
221.701	178.818
318.92	387.144
394.316	350.452
257.317	297.099
388.757	349.571
390.571	349.503
388.982	349.544
391.428	349.587
216.45	201.714
311.776	380.155
311.828	380.113
146.265	95.2546
311.86	380.087
302.202	377.527
439.715	413.431
310.014	426.025
308.839	425.024
303.191	376.833
392.977	349.932
401.155	296.008
420.515	311.489
390.754	349.515
406.187	295.96
398.521	286.361
301.598	378.047
387.388	349.845
305.101	375.923
392.62	349.829
299.806	380.284
304.559	376.132
298.6	387.214
197.114	100.903
301.592	378.053
446.792	488.118
108.442	66.5778
100.359	70.9816
388.751	349.571
299.853	380.205
301.866	377.806
416.319	290.88
478.664	389.128
83.7809	59.7935
302.941	376.992
385.967	350.353
247.874	419.221
388.771	349.569
298.531	386.804
209.972	86.251
75.492	54.1994
416.795	291.611
482.101	474.188
299.868	380.18
294.605	413.792
294.77	412.981
87.4453	50.489
300.676	379.033
301.071	378.578
389.959	349.489
75.492	54.1994
302.202	377.527
387.182	349.904
302.574	377.245
301.51	378.131
396.617	351.962
80.0955	45.322
390.554	349.502
391.17	349.554
292.539	404.134
302.773	377.105
292.217	405.548
303.023	376.939
301.21	378.431
207.481	84.3773
419.825	283.972
387.978	349.703
418.25	284.402
295.381	419.528
116.307	58.465
302.648	377.192
211.058	81.2402
301.863	377.809
119.938	206.054
383.101	352.282
216.347	72.7533
292.281	405.174
303.416	376.699
302.686	423.874
121.841	215.871
124.142	225.603
292.303	405.065
389.128	349.53
291.989	408.748
305.416	375.818
107.693	210.693
386.064	350.311
266.797	320.09
101.573	218.602
92.0458	221.641
305.354	375.837
267.557	312.995
392.8	349.879
390.124	349.489
302.202	377.527
101.117	203.16
392.551	349.811
302.202	377.527
390.387	349.495
262.974	290.893
425.571	284.597
305.674	375.74
95.0533	195.208
315.992	436.605
282	408.114
302.58	377.241
304.146	376.316
210.672	79.8966
85.1445	196.555
390.297	349.492
302.202	377.527
308.387	325.947
408.755	308.983
283.482	402.4
392.931	309.323
302.202	377.527
211.191	82.0111
391.266	349.565
428.985	275.198
75.5469	193.747
282.272	405.296
386.461	350.149
385.598	350.526
387.586	349.793
302.202	377.527
283.746	401.996
299.854	380.203
314.895	420.717
305.791	154.583
283.575	402.253
309.926	145.477
321	437.142
69.3789	185.876
283.516	402.346
319.469	142.49
302.202	377.527
303.417	376.699
396.511	310.393
303.283	376.777
302.202	377.527
302.202	377.527
304.792	136.896
323.116	133.179
477.919	481.614
282.247	409.916
407.303	307.522
365.523	405.746
306.668	435.625
398.399	301.946
284.201	401.385
303.809	376.484
321.579	123.297
302.202	377.527
305.076	375.932
284.307	401.256
321.941	113.304
302.202	377.527
416.393	304.064
282.015	406.944
336.5	395.323
337.381	399.419
387.233	349.889
322.954	365.852
302.072	377.632
302.565	377.251
282.005	408.229
302.311	377.441
416.1	303.29
283.482	402.401
330.623	108.341
300.011	379.95
282.035	406.705
284.151	413.868
282.132	405.973
283.92	401.751
410.165	297.758
302.202	377.527
282.144	405.902
395.313	349.573
302.648	377.192
393.506	349.259
282.01	407.009
282.196	405.634
320.563	356.341
317.948	356.836
392.388	349.232
317.509	209.845
312.607	348.979
282.046	408.723
303.58	342.264
282.676	404.016
301.37	343.728
301.37	343.728
298.241	348.852
454.168	381.747
310.215	341.521
393.207	349.239
309.47	341.377
446.776	375.706
301.37	343.728
309.93	341.459
298.84	347.129
286.743	416.171
282.362	410.363
301.37	343.728
300.487	344.601
282.037	408.632
483.193	433.159
357.133	417.633
310.262	341.533
299.149	346.507
437.437	379.28
395.249	349.556
392.464	349.229
282.287	410.079
300.923	344.143
308.667	341.287
304.849	341.753
448.696	376.792
299.974	345.225
425.439	408.756
304.814	341.764
301.37	343.728
301.386	343.714
325.676	410.75
396.515	349.982
294.956	169.443
301.37	343.728
299.33	346.186
331.464	407.744
301.37	343.728
281.991	407.457
301.37	343.728
300.905	344.161
296.078	169.908
299.547	345.835
393.58	367.523
301.932	343.271
301.691	343.459
395.117	349.522
475.401	431.371
282.633	404.126
282.604	411.11
301.37	343.728
393.622	349.269
282.632	404.13
303.699	342.208
301.37	343.728
310.622	341.625
300.345	344.764
301.37	343.728
299.927	424.28
307.901	341.261
398.553	301.705
446.096	375.444
309.778	341.43
214.456	181.948
309.624	341.402
307.846	341.261
448.641	376.752
396.194	349.856
282.016	408.386
281.989	407.741
203.542	191.765
307.658	341.265
304.13	342.018
206.043	186.228
282.004	408.21
206.043	186.228
203.615	191.276
282.787	403.744
303.476	342.316
306.694	341.34
282.261	409.974
394.958	349.484
436.362	476.602
282.437	410.616
206.043	186.228
392.534	349.228
304.214	341.984
206.043	186.228
309.199	341.339
306.279	341.401
250.38	304.301
198.606	179.543
199.314	178.831
188.365	202.466
188.287	203.264
476.813	374.895
284.021	413.7
188.278	204.24
292.257	378.576
192.632	171.543
282.023	408.478
182.883	173.771
185.142	164.918
220.257	210.961
282.227	409.826
283.077	374.612
399.713	286.113
309.265	341.348
184.275	155.166
401.889	355.277
183.463	156.292
282.057	406.494
396.753	350.084
396.271	349.885
282.075	408.969
305.584	341.544
395.07	349.511
396.974	350.185
190.195	209.734
282.231	409.844
188.889	146.294
307.587	341.267
283.026	403.224
282.052	408.779
307.731	341.263
282.03	408.564
176.592	148.766
222.429	197.133
176.592	148.766
221.555	220.876
394.182	349.337
393.405	277.769
450.44	376.56
190.247	209.804
190.291	209.863
282.519	404.445
308.109	341.262
307.318	341.281
353.577	418.681
282.001	408.136
402.051	272.744
393.003	349.231
175.342	132.486
214.619	209.232
184.723	218.279
175.342	132.486
311.534	341.926
364.927	396.296
282.022	406.849
392.431	349.23
219.284	82.6065
187.696	130.628
393.95	349.305
172.285	217.358
186.943	139.558
383.553	351.873
175.342	132.486
457.713	420.519
404.088	354.787
449.805	376.33
312.077	342.153
298.04	349.897
172.068	217.015
172.632	217.85
393.429	349.253
309.042	341.321
310.637	341.629
454.006	378.999
302.755	342.714
298.011	350.133
283.969	413.631
305.203	341.645
450.152	376.45
395.654	349.672
309.088	341.326
308.912	341.307
282.039	408.654
395.047	349.505
275.462	418.888
423.823	373.137
189.944	130.896
424.769	275.28
425.681	275.866
387.535	349.806
183.315	125.256
184.1	114.328
310.443	341.577
429.387	282.945
299.362	346.132
165.627	217.205
265.738	416.556
310.287	341.538
320.948	337.538
255.977	418.73
176.685	238.351
439.362	283.654
302.351	342.973
305.948	341.463
120.354	234.858
395.829	349.728
118.739	244.727
305.256	341.63
359.378	398.431
118.748	196.125
298.129	349.361
178.93	105.981
168.28	110.379
393.64	349.271
246.028	417.727
179.41	106.102
255.752	408.733
168.28	110.379
82.0473	221.81
237.318	422.64
445.754	275.963
167.853	111.12
393.375	349.249
449.741	376.264
449.75	376.268
254.143	293.919
156.86	117.287
339.688	104.119
151.015	103.356
149.836	104.955
391.873	349.261
346.798	97.0868
340.95	399.793
143.869	219.956
141.935	98.7579
356.708	95.7511
340.281	397.777
429.985	275.624
415.315	329.999
366.687	96.4026
141.85	98.8829
85.0721	194.596
133.558	93.2932
372.581	88.3241
141.85	98.8829
426.593	475.464
227.321	422.399
141.85	98.8829
218.821	417.13
381.93	91.8723
141.85	98.8829
211.317	410.521
144.078	221.475
143.988	221.01
348.14	87.1772
416.84	477.671
66.7681	188.958
172.83	113.889
202.138	414.488
203.785	108.587
385.854	101.071
391.666	349.28
141.85	98.8829
371.518	78.3807
302.154	424.936
132.074	101.263
144.002	221.088
192.741	417.908
308.845	145.06
431.288	282.817
406.867	476.933
195.258	100.475
314.499	136.585
182.936	415.941
108.648	76.5757
305.125	341.667
156.472	96.7316
248.41	409.994
479.636	434.874
100.359	70.9816
90.372	70.4676
207.991	96.1737
83.5104	77.7421
204.867	93.9055
324.456	446.526
91.2629	75.1366
306.631	341.348
365.892	421.475
450.165	376.436
444.946	375.074
318.882	454.829
135.107	220.571
317.683	376.078
135.974	222.141
301.565	444.225
75.492	54.1994
105.663	62.5043
253.365	424.439
257.531	322.924
134.268	216.079
411.957	287.43
137.017	209.64
374.886	419.745
75.492	54.1994
134.536	218.884
75.492	54.1994
310.883	341.702
308.774	319.671
93.0055	89.0729
426.397	478.089
316.46	104.94
321.056	331.358
411.492	287.254
483.974	432.504
238.252	419.927
199.061	83.9281
331.864	112.066
328.658	105.895
235.782	406.936
124.744	218.77
427.73	402.293
331.344	109.9
126.154	214.363
301.222	343.859
413.302	288.101
340.136	105.259
365.751	380.971
410.544	286.973
220.64	411.675
383.441	408.855
306.65	341.345
337.014	100.65
375.433	383.474
436.78	384.211
207.5	417.467
124.882	217.713
337.947	101.533
209.299	425.52
212.76	92.4567
396.878	339.688
249.593	300.663
207.475	421.426
316.61	321.571
393.734	339.662
391.545	340.252
472.55	394.254
475.674	444.055
195.406	438.333
403.301	343.652
298.978	346.674
192.78	432.94
387.517	331.369
296.595	131.168
192.685	432.008
397.983	335.171
294.086	336.853
299.991	333.94
192.99	428.948
303.212	334.065
287.978	333.797
283.342	349.389
389.67	331.081
207.789	75.7332
175.169	438.658
476.834	453.988
287.292	323.846
397.445	334.498
278.711	316.069
175.839	444.219
277.915	316.494
390.302	331.085
393.819	331.871
284.416	306.265
393.704	331.824
381.622	391.089
278.022	296.174
283.923	295.777
250.889	284.463
271.747	288.519
393.219	331.64
230.581	421.129
272.887	288.193
392.146	331.33
282.565	358.403
269.424	289.694
267.271	291.682
271.084	281.199
282.369	279.398
393.163	331.62
265.283	295.853
288.054	271.134
289.227	272.032
289.698	272.48
276.701	271.415
265.224	299.764
282.257	269.509
298.434	277.346
275.487	272.455
276.382	271.657
310.892	405.454
265.307	295.742
265.121	296.842
265.063	297.686
285.246	265.608
265.078	297.348
290.284	256.97
275.47	272.473
275.6	272.344
284.88	289.816
291.011	263.889
365.572	401.948
426.557	475.644
312.639	462.64
265.26	299.95
279.734	435.955
302.751	377.579
265.791	301.71
296.574	265.684
295.008	264.791
394.815	332.361
300.075	162.033
289.992	263.925
393.15	376.297
300.378	256.568
299.186	256.216
265.858	301.871
304.675	247.585
304.168	247.434
395.473	332.765
394.247	332.065
299.82	247.242
393.128	331.608
310.278	252.184
309.322	250.779
487.756	439.643
299.023	247.417
265.06	298.068
311.502	255.979
295.275	240.567
299.865	237.601
392.99	331.562
299.837	237.61
311.352	241.999
395.044	332.494
311.324	241.952
304.44	237.302
393.941	331.924
395.01	332.473
394.273	332.078
217.128	436.658
298.055	289.267
301.756	237.218
395.333	332.673
304.781	468.825
303.025	237.167
265.141	299.228
300.805	237.363
265.297	300.123
300.137	237.522
311.114	241.624
308.994	239.322
311.303	259.356
308.543	238.985
388.866	408.399
299.537	237.708
398.861	408.694
441.228	484.434
314.266	233.176
265.291	300.095
265.072	298.45
265.108	298.944
295.92	239.897
485.382	459.177
302.513	414.823
396.555	333.601
298.219	238.27
486.15	399.412
322.043	231.535
305.962	353.647
265.256	299.93
178.419	201.427
311.221	223.166
295.96	473.535
302.229	214.992
265.128	299.122
318.399	437.558
480.406	365.562
356.039	393.698
299.538	215.962
298.597	216.532
299.9	215.779
296.162	218.892
310.281	417.511
296.162	218.892
309.726	216.428
296.162	218.892
297.27	217.616
303.262	214.836
308.148	215.584
295.642	219.681
444.215	407.166
296.162	218.892
196.063	455.219
265.059	297.932
227.438	217.92
297.592	217.317
310.083	216.673
310.311	216.842
241.485	308.87
194.271	463.886
296.162	218.892
474.685	385.361
240.621	302.118
432.556	482.708
295.13	220.661
398.164	335.425
296.648	218.279
395.762	332.965
306.71	210.18
394.09	331.991
290.117	211.494
290.715	210.55
282.535	204.797
336.759	385.327
280.901	208.479
305.94	209.309
295.472	201.84
273.883	300.006
390.706	331.109
282.535	204.797
256.674	402.793
290.051	192.117
394.908	332.414
315.109	344.282
278.033	189.424
277.155	190.724
280.208	187.402
387.011	409.373
495.251	453.74
397.094	334.117
425.949	482.709
275.912	194.59
342.004	376.813
279.184	188.205
278.013	189.45
281.924	186.459
277.203	190.639
395.419	332.729
275.861	195.313
277.559	190.071
277.559	190.071
282.518	186.228
284.134	185.803
418.003	488.163
386.139	379.875
271.155	182.753
175.01	433.733
269.892	183.871
265.092	297.14
273.795	176.839
265.059	297.993
267.719	187.385
450.582	487.97
280.081	172.421
257.305	193.208
259.269	186.545
257.027	176.799
305.278	271.507
257.411	190.924
257.286	192.807
257.352	191.342
190.046	467.044
257.282	192.495
257.649	195.211
321.384	338.498
280.906	172.274
253.828	180.797
249.44	184.268
254.748	199.649
283.913	172.324
404.194	345.126
285.725	172.809
265.102	298.881
240.055	180.905
241.416	178.299
241.416	178.299
242.507	177.035
259.142	196.432
239.819	181.687
254.851	199.68
287.892	173.93
231.568	177.192
290.074	175.96
290.359	314.258
230.658	187.79
481.364	465.366
287.527	275.736
191.784	424.476
288.516	174.393
378.01	347.616
230.111	186.518
289.668	175.482
473.929	384.687
282.214	172.184
321.208	338.077
265.111	298.967
221.634	176.037
302.767	196.162
389.569	407.884
221.912	174.591
268.279	182.636
265.097	298.819
265.066	298.33
273.129	317.745
312.655	197.654
377.56	346.455
287.606	173.741
290.278	176.226
222.084	180.365
237.916	193.081
222.327	181.016
444.674	275.181
215.781	437.318
457.533	410.521
178.034	435.876
322.238	194.795
199.134	428.134
214.456	199.042
331.38	190.742
318.698	399.203
281.91	323.085
292.189	393.153
234.333	315.86
256.662	184.865
236.123	416.352
214.437	189.958
238.027	322.272
215.203	200.272
302.591	195.873
473.122	384.101
281.308	172.228
283.95	172.33
392.05	341.856
328.947	181.042
287.026	173.4
453.156	282.686
484.992	403.515
263.322	395.323
299.061	279.603
266.236	295.814
321.491	330.207
341.357	191.424
351.271	190.12
214.008	198.034
213.741	191.734
113.53	253.263
356.068	100.837
322.401	445.354
356.751	98.0556
349.208	87.3815
225.902	196.073
241.629	318.703
108.788	262.067
366.707	95.9355
403.11	343.399
269.434	395.058
376.207	93.3423
369.451	106.013
369.076	86.6921
250.393	400.29
458.586	376.637
481.481	378.39
213.738	197.22
299.02	279.66
103.199	270.359
217.627	424.856
213.621	192.193
220.804	204.15
290.084	175.973
391.911	92.491
267.636	189.561
212.568	424.934
312.443	350.571
341.422	88.6545
256.476	200
214.058	198.163
209.725	400.648
201.36	411.448
219.594	203.747
284.173	218.213
214.569	426.181
194.953	407.532
367.183	106.39
202.177	424.488
387.843	83.8075
361.303	386.975
192.268	412.882
401.512	276.819
193.97	420.258
213.534	196.361
198.158	423.662
248.305	301.433
284.552	172.454
248.911	302.516
150.276	86.0943
213.517	192.694
213.495	196.146
213.364	194.085
182.746	418.223
396.204	78.3217
107.352	279.456
403.952	71.9999
213.741	197.23
418.723	393.811
289.63	286.597
213.83	197.523
213.383	193.748
173.569	419.441
394.494	106.105
391.38	298.116
449.041	281.7
213.532	196.351
397.059	276.469
281.822	172.193
386.596	111.043
214.222	198.552
288.69	219.596
279.652	268.232
415.45	293.197
215.624	200.824
247.982	300.684
73.7159	79.759
279.184	435.825
311.316	438.283
394.688	385.414
413.684	74.2986
288.053	174.042
213.646	192.091
422.995	299.76
422.543	69.6586
288.5	174.381
213.702	191.874
216.298	201.565
219.586	83.5018
208.023	401.079
220.001	203.902
69.1281	88.6445
397.684	276.396
222.23	417.615
223.292	204.481
211.074	400.524
110.81	56.8623
389.936	120.469
158.431	86.9253
174.074	420.574
104.058	64.2382
405.851	466.984
177.351	424.236
395.493	332.778
290.983	375.577
213.361	194.791
446.283	420.971
397.699	126.772
190.83	427.724
213.445	195.815
425.216	488.019
213.456	195.895
291.337	178.016
301.698	377.485
174.229	420.858
140.225	200.169
381.311	360.434
475.697	407.202
399.714	303.642
218.467	80.9753
120.602	58.889
391.351	297.978
269.937	405.045
404.749	119.679
284.748	172.502
215.767	200.993
473.988	384.735
177.493	424.33
144.581	196.599
460.293	420.132
263.871	201.928
213.361	194.805
474.956	385.64
288.735	174.575
286.787	173.274
486.986	383.582
277.144	317.647
109.776	289.158
214.74	77.4613
270.554	317.017
219.307	82.665
302.501	195.735
401.406	136.059
307.774	211.848
289.842	175.679
261.524	321.314
290.263	176.205
110.46	299.134
404.724	331.969
239.97	297.945
83.0669	35.7737
208.105	425.218
150.999	188.93
199.531	395.799
218.425	203.181
214.441	189.951
177.971	407.261
102.507	305.197
306.79	218.888
414.748	119.761
474.809	385.486
406.623	333.432
239.595	300.865
398.216	276.366
265.326	300.248
290.625	176.725
213.854	63.069
303.05	264.851
231.46	397.918
423.489	274.668
190.017	446.756
408.877	336.797
220.077	203.928
415.451	409.254
278.057	308.786
205.501	65.9985
97.674	313.952
118.407	305.204
414.599	463.028
392.617	321.778
388.406	412.677
289.61	175.418
100.701	217.843
357.337	375.567
213.941	197.853
293.52	450.163
395.765	323.718
424.585	117.962
433.975	114.521
406.923	333.74
87.0914	230.328
399.671	145.908
289.088	174.89
380.939	384.627
213.871	393.66
180.855	452.87
447.009	406.589
302.447	195.654
83.2862	226.465
266.485	318.15
313.626	435.324
361.276	390.812
292.671	121.97
266.851	320.286
213.843	389.578
380.569	418.889
266.742	319.874
223.606	195.84
457.793	494.673
405.712	321.54
405.692	153.892
90.1312	231.456
92.5992	197.921
289.065	174.869
289.401	175.197
289.094	174.896
85.8587	229.497
89.4736	231.305
220.793	63.7958
345.231	113.864
214.192	190.477
179.947	453.336
405.322	306.259
94.8228	221.934
428.629	275.076
266.777	320.015
235.222	388.653
75.5738	193.657
88.7742	231.091
419.931	273.973
410.094	162.871
177.996	453.983
91.494	41.3453
405.198	306.2
301.287	335.562
93.2101	185.379
83.3016	226.493
473.08	384.074
207.868	67.4513
312.853	424.947
401.307	305.27
404.066	305.755
472.8	413.373
389.901	412.391
213.359	194.731
227.508	203.579
318.475	228.859
266.576	319.019
254.834	199.675
385.876	400.669
66.3438	189.835
370.807	421.057
285.08	172.594
409.974	369.276
426.613	475.371
194.747	387.017
124.588	235.593
491.326	491.377
288.601	316.103
266.058	408.353
307.93	471.462
261.045	282.576
287.494	173.671
407.369	307.577
83.1584	226.225
224.31	66.7045
193.417	377.106
310.699	145.87
84.2773	48.2677
306.43	435.473
266.631	319.35
89.8263	56.5869
318.186	139.841
208.145	67.0318
257.46	416.434
256.642	412.886
321.87	352.009
405.292	306.245
319.128	141.563
307.626	349.587
405.169	306.187
93.6405	229.83
312.289	332.694
317.014	132.796
266.724	319.794
431.98	406.377
409.686	310.355
321.266	243.312
405.12	171.546
259.763	405.183
488.22	386.182
214.216	190.424
256.756	410.882
295.352	228.672
410.559	179.938
408.249	345.607
68.9409	201.254
410.955	315.882
262.297	276.329
91.3568	231.618
256.814	414.351
256.749	413.973
390.241	412.293
85.6304	229.312
294.855	240.01
256.654	413.117
256.864	414.594
261.18	283.376
111.961	57.3384
279.666	273.462
59.4114	186.681
409.88	297.664
257.231	409.041
257.739	417.024
256.994	409.784
330.995	119.93
279.277	328.15
218.41	62.9683
376.813	396.443
329.093	116.699
90.7648	231.559
324.109	103.542
266.49	318.236
226.446	203.992
318.51	266.289
282.883	426.236
257.072	409.518
222.457	204.441
266.558	318.89
315.643	256.708
472.328	377.251
280.556	425.938
213.38	195.18
330.648	108.385
256.824	410.499
286.109	471.815
266.581	319.053
59.7164	188.452
257.193	415.754
259.163	419.1
327.551	105.026
416.356	303.953
303.415	197.472
292.344	429.474
90.2165	231.473
320.555	214.13
318.162	210.431
411.05	298.111
417.282	349.897
328.323	98.6095
319.21	211.634
295.252	434.751
400.319	299.682
415.169	301.585
424.127	357.187
379.131	329.757
213.907	197.756
415.501	302.107
83.3049	226.499
213.825	197.509
435.372	417.352
214.218	198.542
416.55	304.583
306.78	197.897
269.09	422.144
298.178	129.395
319.809	212.544
441.939	407.614
264.48	402.685
256.667	413.291
82.346	224.073
297.294	130.28
337.735	101.311
338.154	101.762
78.1504	235.949
384.636	412.698
257.369	416.22
261.112	283.027
261.141	283.186
273.995	176.536
233.918	294.697
275.19	399.081
410.329	297.816
214.534	189.772
287.232	478.416
221.613	53.4954
256.905	410.131
401.06	382.414
78.6332	182.087
93.8258	231.482
318.525	210.805
51.5539	194.229
319.066	144.927
61.1322	180.22
340.272	105.713
328.514	98.5663
214.523	199.17
274.593	284.909
336.697	100.397
486.129	357.362
257.329	408.782
415.449	302.02
331.096	109.867
486.022	347.363
319.075	211.455
329.323	98.4262
322.397	275.502
48.4041	203.72
410.718	297.967
451.176	485.449
256.67	413.323
340.54	109.628
215.04	200.035
340.358	106.056
214.167	190.536
405.769	188.716
340.37	110.575
266.522	318.6
490.688	467.654
65.8799	183.622
257.284	408.9
317.21	253.177
262.18	394.446
216.939	202.151
215.542	200.721
222.146	43.5096
216.156	201.421
257.95	417.412
194.505	367.165
256.637	412.136
298.134	129.435
414.365	300.556
409.533	297.563
296.472	131.348
218.315	36.049
277.574	292.739
256.986	409.813
320.741	437.177
53.2805	212.45
84.3493	243.796
320.923	215.378
69.9198	202.014
215.955	201.206
328.087	98.6682
45.2688	218.435
258.752	418.608
404.599	321.486
214.109	190.673
259.735	419.691
340.285	110.92
318.83	211.151
41.7386	192.315
339.259	103.3
358.565	398.564
334.657	99.1909
327.514	98.8369
257.186	409.17
214.92	199.852
214.43	189.972
423.204	479.825
213.806	191.514
497.869	458.824
297.143	170.512
299.363	172.481
413.429	299.635
409.349	304.923
399.933	300.038
289.806	229.299
410.578	297.911
303.792	233.51
415.186	301.611
319.175	211.586
215.405	200.547
397.185	474.43
300.526	174.212
315.524	409.036
280.039	231.447
215.038	200.033
263.375	190.625
245.232	193.155
181.395	472.061
215.737	200.959
293.277	169.021
387.212	475.159
256.995	415.121
35.7063	221.36
266.645	319.424
303.791	360.743
412.433	298.88
400.617	197.287
257.525	408.321
415.45	302.022
265.08	298.603
196.505	357.368
256.942	409.979
379.57	407.695
257.169	415.683
297.096	360.046
382.544	323.511
208.825	208.222
215.968	201.221
323.239	436.536
490.475	452.091
416.59	304.738
288.985	298.749
287.203	169.958
416.328	303.875
70.4622	207.118
256.659	413.187
204.202	217.09
256.805	410.6
266.686	319.624
256.686	411.411
256.668	413.294
268.645	186.009
282.024	426.191
320.885	215.215
219.476	26.1166
315.258	238.27
216.481	177.696
216.481	177.696
301.128	175.589
417.009	404.272
206.504	357.463
256.683	413.459
358.278	416.543
292.569	168.933
206.043	186.228
203.735	190.666
310.804	410.895
203.671	194.861
296.698	170.238
416.823	305.968
416.127	303.353
401.103	299.062
256.977	409.847
203.491	192.263
297.183	170.538
308.804	217.176
309.956	394.348
204.791	187.962
256.845	410.399
204.135	196.648
258.26	406.982
203.48	193.654
309.217	218.386
172.336	476.296
206.043	186.228
203.462	192.851
205.477	186.916
408.596	297.355
197.991	208.666
162.361	476.991
304.979	223.542
206.043	186.228
197.013	206.583
300.336	173.869
299.729	172.946
300.168	173.59
259.103	419.032
290.073	417.993
322.281	415.037
224.348	181.753
356.862	198.411
243.611	318.434
379.055	315.161
197.55	198.928
298.434	171.51
306.509	324.829
206.043	186.228
152.418	475.922
215.454	16.9609
197.017	206.595
300.616	174.385
261.629	277.732
348.94	401.278
424.522	407.953
168.949	480.176
259.8	211.052
306.146	237.665
296.43	170.089
403.085	336.899
197.059	181.835
274.818	176.394
300.607	174.366
346.321	393.44
299.255	172.354
188.412	205.511
188.279	203.42
257.539	416.612
259.35	419.304
257.075	197.351
241.105	308.04
411.227	298.194
192.329	171.903
191.573	172.982
310.107	436.943
318.824	212.796
298.205	281.058
297.431	170.706
347.094	192.096
257.11	409.395
414.131	300.302
182.658	170.825
339.561	78.8292
298.817	280.362
413.627	299.81
460.81	276.251
186.647	163.532
401.453	89.5001
275.422	309.113
189.039	207.681
357.559	197.896
313.688	218.319
256.691	413.531
258.248	205.763
184.326	431.37
184.275	155.166
332.473	84.1917
176.592	148.766
401.694	298.673
217.984	441.688
176.592	148.766
191.635	211.318
301.412	359.109
190.741	210.418
190.413	210.022
175.544	150.292
176.592	148.766
176.592	148.766
262.123	421.377
175.063	159.056
142.42	476.125
188.513	206.024
190.473	210.097
213.885	450.809
191.195	210.903
463.916	285.757
184.092	145.168
256.769	414.099
176.592	148.766
176.592	148.766
297.299	170.615
176.592	148.766
365.041	191.261
240.966	307.675
222.171	220.776
298.552	308.525
176.592	148.766
404.291	108.111
306.98	435.809
176.592	148.766
176.371	149.04
176.807	148.516
405.035	277.647
377.289	476.397
257.164	415.668
190.824	210.511
188.38	205.314
413.552	69.1983
163.62	418.429
208.545	196.778
395.673	268.03
379.338	343.206
493.27	455.773
257.363	416.204
320.306	213.515
177.093	130.66
192.978	212.321
280.915	169.328
175.342	132.486
450.508	475.471
175.342	132.486
183.646	217.404
206.363	391.23
208.884	206.748
297.836	171.006
297.979	171.119
175.342	132.486
175.342	132.486
414.393	304.86
110.555	288.929
293.061	313.275
132.439	476.748
210.894	390.717
277.406	159.964
316.217	427.06
185.978	219.031
163.698	417.839
355.145	192.891
411.24	298.201
240.454	305.521
241.753	299.244
175.342	132.486
175.342	132.486
181.088	128.704
175.342	132.486
358.3	388.807
175.342	132.486
412.329	298.811
153.854	416.077
175.342	132.486
175.019	220.123
175.342	132.486
242.625	310.615
318.506	210.784
172.409	217.542
370.276	420.985
170.628	211.874
304.676	272.319
172.541	217.727
295.408	169.611
388.413	412.676
422.323	59.661
144.305	419.045
173.339	218.691
175.342	132.486
184.976	128.567
175.342	132.486
355.255	393.755
175.342	132.486
175.072	132.869
170.683	212.893
406.758	297.211
171.031	214.656
175.354	132.47
322.435	436.819
281.494	307.999
295.301	169.569
294.261	286.766
321.14	218.32
155.821	406.272
466.859	384.131
191.739	132.953
294.511	169.301
319.214	437.246
472.226	291.32
175.342	132.486
400.453	393.51
301.45	176.715
293.225	169.013
296.855	170.331
308.944	436.658
300.539	174.236
308.871	436.635
182.317	124.276
140.151	187.634
294.42	169.274
164.681	223.19
228.319	86.8921
280.346	425.883
256.683	411.439
286.865	398.338
392.55	291.02
324.339	436.017
241.427	308.756
122.482	477.676
288.815	258.508
164.525	222.811
178.94	122.38
232.331	204.612
320.681	214.496
258.066	407.291
406.112	311.328
244.092	300.438
113.042	480.974
455.538	424.186
485.021	427.375
153.862	219.853
252.701	305.526
403.639	262.871
176.666	228.792
188.273	116.231
298.212	350.37
414.307	53.6823
153.972	217.833
405.916	144.985
217.788	178.429
135.549	414.216
280.459	425.913
153.895	220.317
422.522	126.052
312.129	437.104
404.124	346.029
266.051	422.454
242.356	310.27
103.197	479.221
154.05	221.366
153.865	218.862
184.989	114.548
174.634	117.539
383.422	277.181
297.614	170.837
180.163	114.335
379.346	333.578
438.007	486.905
218.309	54.1161
183.17	114.188
300.314	173.832
300.223	173.68
98.167	470.578
399.696	266.476
299.574	172.743
400.381	273.379
166.871	114.029
279.528	425.621
365.841	421.469
300.964	175.154
316.838	321.059
186.237	240.618
443.661	292.682
256.965	415.011
166.725	115.714
168.28	110.379
398.891	266.389
263.799	422.041
393.327	421.382
239.468	295.098
289.674	345.163
447.117	277.34
197.821	112.472
290.78	397.156
164.398	213.081
79.38	231.448
482.307	475.321
196.885	100.83
342.62	402.9
440.51	378.315
145.17	224.322
417.424	44.1806
433.859	403.361
284.978	405.605
443.925	113.525
149.89	224.908
167.322	112.33
89.213	475.031
156.364	222.243
158.433	110.062
373.424	276.996
92.5535	462.303
150.141	104.473
150.14	104.474
201.922	104.354
355.145	199.339
143.649	96.8673
117.219	186.243
141.85	98.8829
141.85	98.8829
397.443	273.649
140.983	100.457
318.679	437.215
144.312	222.359
142.041	98.6096
195.844	100.57
227.325	210.897
256.634	412.624
401.417	382.825
188.466	131.55
344.163	87.4401
141.85	98.8829
145.32	95.7118
183.193	174.847
273.903	378.592
257.204	415.786
415.315	156.611
283.412	125.748
376.08	99.8349
144.032	96.5563
144.34	216.271
143.874	218.684
185.365	141.223
274.997	324.379
140.154	104.968
263.97	422.09
395.48	265.206
144.163	221.837
141.85	98.8829
141.85	98.8829
378.168	80.0301
447.812	490.499
287.231	218.872
146.367	95.2125
382.561	87.6989
141.85	98.8829
399.82	262.996
141.85	98.8829
146.349	95.2199
143.857	219.701
141.85	98.8829
141.85	98.8829
222.415	169.564
317.612	209.931
141.85	98.8829
345.193	77.6215
447.673	484.845
127.716	407.999
141.85	98.8829
299.592	172.765
234.393	378.687
195.73	100.549
304.717	248.185
274.717	412.951
82.9037	459.679
57.4118	185.339
80.3492	450.011
193.535	409.39
285.171	213.355
293.621	387.569
144.181	221.907
257.086	321.862
140.369	102.353
311.942	437.106
296.235	169.987
345.742	77.469
177.85	248.239
138.122	84.4827
296.723	170.253
198.854	417.858
57.7942	184.836
153.724	118.884
125.226	87.7638
382.197	110.378
150.761	209.849
275.092	189.116
129.743	84.0962
80.2483	440.012
125.226	87.7638
404.905	350.172
304.317	374.442
257.4	322.644
134.571	219.022
134.302	215.589
199.111	202.363
266.34	294.205
185.936	241.646
134.538	214.185
108.648	76.5757
101.024	179.139
314.568	478.94
362.851	105.637
291.494	168.896
395.465	98.3102
98.6817	75.752
247.412	417.977
248.574	420.514
134.258	216.606
408.06	296.632
257.276	398.85
174.081	411.295
395.835	100.455
134.597	219.122
318.022	210.295
92.0699	65.3875
90.3704	71.4617
247.576	418.48
409.692	286.805
247.026	415.906
390.318	86.4275
163.384	89.5052
395.853	100.998
83.7809	59.7935
396.353	253.616
417.404	292.827
83.7809	59.7935
390.113	86.1245
82.5076	62.4614
324.492	463.107
75.492	54.1994
248.794	420.844
247.031	414.281
393.519	107.493
342.262	79.0869
75.492	54.1994
397.064	478.908
249.249	421.446
178.311	170.211
75.492	54.1994
211.246	87.873
266.527	294.764
321.787	464.397
86.8577	85.441
254.778	200.535
246.852	411.117
321.001	331.613
246.657	413.375
75.492	54.1994
254.268	317.242
179.684	106.183
411.353	287.206
145.495	113.328
75.492	54.1994
250.417	402.797
173.921	411.613
392.207	108.793
413.353	288.132
75.492	54.1994
75.492	54.1994
90.2411	88.174
137.151	223.574
379.055	71.8079
128.038	101.725
365.531	115.271
395.778	99.8467
399.376	291.949
124.745	218.763
75.492	54.1994
406.772	286.79
135.228	221.936
199.455	83.7795
405.388	484.45
296.361	452.764
376.717	420.538
283.088	182.569
327.702	124.161
236.811	413.971
306.89	102.04
228.034	421.252
412.189	287.529
281.498	172.212
379.26	72.0509
228.081	421.347
267.31	177.463
212.051	89.4406
227.132	418.372
420.465	292.833
400.938	410.252
79.4063	44.9973
130.719	210.364
301.724	93.4775
394.733	105.67
211.262	87.898
292.983	168.978
76.9946	67.1382
391.375	88.5873
283.099	119.077
217.285	418.964
412.497	287.669
421.47	293.625
219.675	425.639
96.1575	98.5631
217.643	421.807
208.4	84.9307
191.796	143.384
302.999	316.877
301.45	176.713
294.596	413.961
217.33	420.113
273.164	120.213
247.661	324.533
320.965	91.8379
392.622	108.432
312.649	325.791
288.713	242.444
124.834	217.993
384.889	111.024
208.152	84.7681
397.127	474.668
147.072	90.4525
90.3588	106.71
210.721	411.968
278.908	285.829
303.301	338.915
428.924	286.927
191.973	173.714
429.925	299.435
407.134	286.745
221.869	96.5832
202.841	431.897
206.74	74.9465
369.47	94.586
386.087	111.068
430.057	288.367
316.702	209.248
319.594	212.192
192.989	433.965
292.472	168.925
193.135	434.475
195.019	437.899
423.742	284.02
209.405	77.4966
395.849	101.374
192.943	429.138
120.224	205.752
118.958	95.5555
362.332	124.746
194.047	436.525
187.776	208.397
421.949	486.511
249.251	297.615
193.376	435.152
392.887	412.137
203.48	441.426
208.555	213.188
424.737	284.286
193.518	435.49
428.419	286.43
109.936	220.012
317.243	209.634
329.4	112.166
395.691	99.2759
449.337	383.014
190.165	107.323
194.67	219.176
183.53	431.514
183.963	438.435
286.317	307.029
212.7	91.8833
302.229	122.906
114.83	222.976
257.002	321.613
175.397	442.957
209.472	77.5917
314.048	463.582
192.008	79.5706
187.766	138.209
181.729	449.727
114.459	222.872
176.918	446.131
307.042	101.579
131.949	80.361
208.943	76.9008
201.708	144.71
176.071	444.722
300.926	175.061
112.256	221.905
397.073	478.95
208.52	76.4269
318.679	350.211
249.304	299.144
209.477	77.5987
280.267	172.382
210.887	80.5545
175.036	440.389
431.563	292.398
279.543	369.07
404.405	287.43
210.569	79.6255
107.53	215.198
278.99	244.782
396.902	476.092
176.015	435.973
490.961	410.727
225.746	409.268
214.24	437.795
86.8162	85.3886
186.285	240.404
301.684	178.548
215.971	37.7985
87.125	85.763
145.354	113.252
211.065	81.2725
253.302	195.991
415.653	332.935
207.952	182.244
215.247	437.515
86.413	84.837
403.247	198.393
112.282	221.92
326.162	318.611
389.622	85.4817
110.748	220.811
310.652	454.177
206.304	40.3581
107.365	213.88
162.135	209.531
293.711	349.263
426.257	284.92
363.242	86.762
406.566	365.026
311.979	336.529
391.365	88.5585
112.083	204.796
127.864	101.608
131.29	203.599
388.865	416.124
201.514	39.1037
341.588	79.6225
330.171	281.792
208.9	76.8496
321.68	464.429
481.43	338.479
389.877	110.225
212.647	91.5345
209.917	78.2878
428.259	424.381
423.742	284.02
393.445	119.567
267.014	210.484
250.573	303.02
279.123	406.197
78.7889	44.7585
299.823	173.075
107.56	211.248
352.102	406.195
209.909	412.761
406.448	286.841
211.952	411.052
422.302	383.021
171.681	108.081
481.274	454.872
394.89	96.7889
118.486	95.1516
307.352	268.845
313.637	386.197
414.783	294.839
108.435	217.832
429.247	287.284
136.811	107.617
365.056	120.667
430.433	288.999
187.56	140.294
462.163	492.312
319.914	469.502
250.094	302.073
300.632	174.417
235.016	177.853
115.821	223.181
378.911	420.301
384.293	273.648
113.579	204.036
114.245	222.805
427.186	285.466
429.401	287.469
107.42	212.097
194.666	347.538
429.902	299.469
206.506	74.7982
139.16	121.103
411.734	356.633
426.146	284.863
300.847	162.938
430.897	289.965
419.756	283.985
188.92	355.723
116.101	58.4219
212.7	94.5288
107.348	213.227
310.843	160.73
87.9804	86.6361
424.87	284.33
320.068	213.018
308.562	156.683
305.233	154.318
209.519	77.659
377.237	474.456
208.703	76.6245
279.191	288.024
226.736	188.925
107.964	209.843
116.269	219.616
209.962	106.659
110.832	220.884
111.662	221.525
112.324	221.944
424.793	284.304
308.529	156.647
107.495	215.006
111.287	221.252
260.341	285.923
373.779	318.697
478.217	329.01
307.002	155.316
301.544	280.936
177.195	453.591
301.181	153.482
311.025	161.473
317.929	210.21
292.281	379.697
311.084	165.179
492.672	414.018
199.18	178.954
318.394	263.224
256.576	319.635
298.025	154.009
292.578	282.116
366.526	395.659
308.989	157.174
387.064	417.863
310.178	159.019
195.996	74.8306
377.477	404.573
309.194	157.435
86.5735	85.0661
108.743	208.203
423.946	284.066
394.839	301.152
308.052	289.031
317.085	209.516
195.033	357.951
401.89	316.493
187.581	340.481
427.886	285.975
278.172	372.26
458.951	479.16
409.547	470.386
302.634	153.581
421.767	479.906
290.703	179.335
297.746	240.191
287.372	191.604
310.302	159.277
114.633	222.923
121.76	204.75
178.394	248.149
261.327	206.682
407.104	286.748
300.802	393.631
152.473	478.486
231.549	204.958
202.674	210.419
486.155	398.314
213.045	410.453
392.99	417.508
431.66	294.004
244.77	175.647
237.165	202.873
196.831	347.373
210.788	80.2333
305.261	154.33
257.248	186.802
307.058	293.62
470.196	486.357
112.177	221.858
282.655	180.791
305.018	154.227
414.556	329.801
395.204	466.065
428.597	286.597
188.169	425.692
304.891	188.02
307.939	156.067
108.191	209.279
109.166	207.549
425.428	284.538
205.892	14.0352
88.3464	86.9509
110.522	220.606
476.236	494.327
302.086	153.518
484.752	347.911
80.1545	45.3529
311.211	164.083
310.52	159.782
120.469	96.5598
188.467	68.2503
116.722	91.187
113.004	222.306
305.272	154.335
494.512	345.733
112.989	222.298
309.454	157.794
430.33	288.814
303.334	153.706
297.105	154.372
180.025	463.195
207.021	22.335
203.112	339.592
305.573	154.474
111.851	221.652
425.564	284.594
216.508	409.539
264.685	177.919
201.167	168.261
381.95	320.144
328.708	209.11
117.266	58.7264
121.098	49.4899
210.22	78.8473
131.167	209.555
417.009	361.25
128.696	102.12
264.138	412.156
111.018	205.556
430.513	289.147
251.282	291.982
308.436	156.548
467.404	418.053
136.429	107.385
425.093	284.409
117.059	105.279
287.093	212.892
263.585	187.451
187.127	199.156
300.705	482.337
109.718	66.6027
328.798	213.439
317.691	437.518
282.475	403.747
88.5737	39.9568
306.66	155.085
286.003	222.345
191.757	148.531
306.136	154.768
371.091	309.113
385.96	418.581
480.084	355.568
328.969	210.796
319.146	323.21
213.298	410.339
326.58	76.1126
121.49	39.4976
213.073	410.44
291.41	486.026
138.924	103.866
482.103	355.707
211.005	81.0049
108.068	217.023
312.005	407.081
302.35	153.544
230.834	300.065
88.3763	29.9588
109.762	219.814
253.965	276.194
275.089	349.118
310.937	161.081
201.601	217.575
108.516	208.609
114.066	222.745
108.074	209.557
221.721	295.948
111.817	221.629
297.08	154.383
183.247	467.233
281.18	213.762
282.919	491.308
423.89	284.053
209.734	77.9852
448.186	421.672
321.238	329.993
132.421	476.271
252.602	401.407
92.116	88.8795
224.923	308.13
117.068	203.302
475.374	356.92
305.82	154.597
318.958	208.353
405.155	287.159
257.332	322.492
397.68	418.624
232.803	407.791
309.221	157.471
191.639	472.672
292.475	387.199
307.86	155.996
492.935	406.757
463.843	295.757
140.75	91.7556
125.932	202.882
309.152	157.381
119.74	29.6518
111.211	221.194
425.032	284.387
486.677	437.909
86.5701	85.0613
297.385	381.696
309.265	157.53
241.551	318.274
322.578	82.7456
308.562	156.682
109.503	207.097
328.909	210.187
154.652	414.005
476.224	404.128
108.846	218.563
113.131	222.366
113.881	222.678
305.718	154.546
327.971	207.075
108.609	208.437
111.925	221.701
475.414	455.339
260.561	178.411
451.804	416.668
209.618	77.8066
200.565	123.693
150.663	223.425
303.848	153.83
306.82	155.19
126.833	22.6023
427.429	295.88
308.645	156.773
231.806	311.387
162.985	101.158
219.785	442.183
327.994	215.835
298.197	292.079
122.449	476.302
372.797	387.87
411.908	369.65
318.906	440.953
321.246	329.854
284.002	219.406
109.838	219.902
195.896	74.8939
292.546	387.012
494.305	409.785
382.789	419.628
131.389	79.8891
120.66	60.6331
420.171	306.409
146.956	113.952
210.986	80.9284
209.358	77.4318
249.337	188.067
120.065	285.837
313.163	446.771
184.337	244.544
107.685	210.723
299.263	153.677
262.339	404.153
202.948	73.4631
305.857	154.617
327.562	206.325
309.028	278.855
310.071	158.81
282.953	419.581
146.277	100.693
252.293	401.558
289.373	236.906
275.106	269.063
107.738	216.066
305.269	154.334
110.909	281.817
118.108	94.0592
134.327	418.39
134.521	416.979
207.349	166.922
188.314	425.612
310.808	160.61
187.331	426.225
217.77	202.59
425.645	284.629
122.596	478.511
303.69	153.789
327.475	206.182
164.636	102.219
283.759	274.075
397.403	308.626
124.897	252.606
134.349	418.115
122.531	475.397
251.493	280.519
425.06	284.397
425.085	284.406
426.051	284.816
92.2376	88.911
194.039	146.194
306.463	337.714
206.618	74.8682
107.86	210.139
139.373	410.346
307.726	155.88
109.493	207.11
328.426	208.16
310.851	160.759
392.031	306.4
397.168	318.063
182.411	473.502
208.001	75.9201
289.779	465.674
86.1315	84.3988
306.49	154.977
424.81	284.31
328.696	209.063
414.478	489.567
108.021	209.692
113.761	203.964
306.602	155.048
377.838	306.443
171.649	201.926
422.535	49.6633
306.688	155.103
327.804	206.75
116.005	294.976
110.654	25.4767
292.304	387.712
377.598	332.642
488.569	401.169
165.7	193.888
310.406	159.507
416.053	494.428
113.724	472.851
186.295	422.348
201.136	73.3236
239.768	318.722
286.17	353.408
256.826	321.006
420.123	318.286
299.561	174.641
258.813	324.911
107.176	16.1007
428.342	299.781
106.515	298.129
210.926	80.6967
305.963	154.673
427.617	285.768
195.462	475.45
321.553	445.918
311.224	163.162
87.0927	85.7255
210.575	104.308
377.807	302.962
276.292	434.536
96.5212	298.486
310.381	189.678
429.395	287.461
282.71	162.197
269.053	280.136
106.568	272.808
86.6009	85.1039
202.145	73.3603
107.585	215.465
107.922	209.957
310.276	159.221
280.721	436.107
107.355	213.681
424.601	284.243
214.341	69.3846
126.055	411.074
149.705	398.36
425.913	284.75
233.762	95.2812
396.838	362.712
96.8573	270.421
425.206	284.451
125.812	411.938
132.02	404.859
308.29	283.448
119.345	304.402
172.817	219.686
125.589	413.322
88.3008	468.948
194.891	108.733
123.414	413.316
211.791	411.155
306.971	155.294
197.736	226.923
107.48	211.68
185.288	151.424
303.123	267.429
199.988	73.4061
415.586	407.046
309.31	157.591
95.6368	298.919
116.64	298.739
119.418	95.9043
275.093	216.619
341.333	189.77
415.586	331.39
128.304	101.893
85.6373	299.02
210.836	80.3863
76.6474	303.399
305.291	154.343
400.346	253.429
310.505	159.745
440.308	397.961
430.887	289.94
306.902	155.246
307.747	155.897
315.287	324.989
307.759	155.908
68.2376	308.81
144.974	389.549
304.23	153.942
310.433	159.572
366.245	413.528
98.6652	206.16
208.911	186.657
179.509	437.61
397.803	254.751
297.186	317.73
341.367	191.249
213.334	410.324
113.426	204.099
284.571	152.371
309.966	158.617
386.505	353.794
81.7628	470.457
321.439	257.101
309.873	158.453
278.523	435.624
194.852	75.6599
184.977	250.539
410.512	53.8888
445.43	123.411
224.811	318.913
119.751	59.9409
210.996	80.9673
460.174	289.81
402.138	48.4227
323.374	430.418
454.532	119.269
87.2775	273.29
210.588	412.086
114.079	203.848
458.468	110.076
123.018	178.096
309.205	157.449
61.2878	301.62
201.736	73.3331
353.051	185.91
201.014	136.691
198.2	226.389
247.538	299.191
311.157	164.679
303.653	153.78
138.654	84.7795
213.078	410.438
321.629	445.873
224.974	165.071
323.105	444.78
309.53	157.905
358.045	197.476
99.1225	264.633
224.104	67.2208
463.754	393.636
306.119	154.759
464.514	119.874
105.396	271.474
101.926	269.342
312.888	200.727
321.293	376.189
474.38	118.248
295.345	313.324
89.4479	87.7349
76.8558	88.1354
206.576	231.853
126.135	410.842
84.8553	455.92
110.083	264.092
410.653	63.6963
95.3175	276.515
414.628	491.477
354.207	180.56
96.5565	277.835
186.107	467.734
94.8789	275.907
99.2159	279.532
288.936	405.122
418.762	284.231
463.842	280.508
124.407	168.193
400.959	88.2317
253.891	279.433
293.95	207.375
140.692	380.513
212.742	410.602
276.651	118.381
404.155	38.6282
95.254	276.432
361.249	189.455
384.253	349.205
198.685	73.6643
314.009	373.862
420.93	283.829
424.295	161.013
298.755	360.579
202.231	409.77
117.817	406.585
94.5491	275.378
105.294	255.313
279.998	162.327
272.294	213.57
218.162	435.96
198.261	73.7883
183.315	467.255
95.2661	276.448
359.493	195.813
193.154	134.568
128.608	221.982
459.609	289.834
311.039	161.54
422.878	420.212
209.012	76.9838
190.486	398.586
120.221	414.618
97.3935	278.502
112.04	87.3218
200.343	99.3206
447.937	122.684
107.473	214.877
149.516	85.798
132.696	409.889
136.173	414.955
402.754	277.302
272.568	297.203
409.019	346.37
285.597	125.991
384.708	95.9852
378.589	420.367
454.353	277.353
303.733	153.8
100.19	279.896
311.278	445.888
300.145	209.871
429.588	315.695
366.838	104.237
113.319	204.146
109.139	207.587
69.1157	94.4671
197.042	74.2635
396.893	276.495
124.078	178.965
99.1311	265.653
412.782	347.267
334.23	403.343
209.528	138.368
376.714	405.175
300.466	153.511
360.704	186.799
95.3758	89.1905
102.19	288.02
298.69	280.664
207.389	115.377
247.41	298.458
248.721	302.208
484.047	437.328
201.469	219.231
169.803	410.177
78.8784	267.862
299.5	153.632
199.232	419.381
113.734	287.155
339.472	78.8465
438.819	296.997
90.0835	52.0296
321.906	472.146
300.895	359.668
411.801	65.803
163.622	420.475
370.24	423.362
89.0577	203.386
413.922	71.2298
186.669	467.734
412.442	66.7155
108.017	289.434
120.59	96.6244
306.019	286.786
287.251	434.516
163.702	421.065
126.333	179.977
248.198	301.203
59.392	96.8017
297.407	255.53
163.705	417.794
413.952	72.0495
207.719	75.6736
51.2859	102.658
183.892	245.067
193.158	178.279
378.854	422.724
277.239	117.881
119.62	59.854
99.035	285.008
100.331	286.576
350.825	180.13
423.684	74.3805
354.371	422.826
114.609	286.336
118.451	95.1189
90.8672	457.592
289.89	234.496
402.932	111.472
432.204	379.455
201.162	110.823
419.453	388.511
281.391	204.579
113.617	287.25
250.987	404.61
206.543	74.8211
278.081	162.642
263.941	199.559
378.511	70.036
491.033	450.825
248.061	390.566
237.104	417.151
224.387	314.827
369.086	83.9086
352.6	180.208
177.576	157.789
247.378	295.993
121.279	61.2093
164.291	415.71
403.154	111.104
289.779	358.807
420.885	281.983
455.404	496.243
293.044	408.727
311.563	220.372
351.056	200.117
302.428	242.583
216.979	398.637
217.992	133.043
412.401	360.666
255.682	385.436
334.589	81.3535
212.84	76.6713
104.368	249.256
122.195	62.279
296.384	224.604
421.215	282.16
399.545	123.238
168.428	86.6765
191.164	466.522
419.899	281.542
252.234	278.609
420.384	281.743
249.661	199.812
418.065	281.033
388.985	400.401
93.4546	272.607
93.2193	271.001
165.153	414.04
408.716	82.9771
86.4662	458.253
283.254	194.894
198.302	175.235
99.0059	284.964
419.573	281.424
394.029	391.767
183.02	458.352
298.005	234.243
163.787	417.364
85.1227	212.579
86.2502	97.3431
202.575	73.4071
197.38	409.856
90.6175	41.0055
312.592	446.553
95.2993	246.569
273.53	124.221
280.919	312.417
59.1364	88.2377
174.123	219.356
414.561	488.447
411.042	104.957
397.927	276.379
301.967	241.624
302.432	420.289
376.561	62.1238
307.301	171.427
277.953	435.41
373.154	382.197
412.169	126.382
163.718	417.722
102.519	84.9864
276.272	163.124
110.334	241.488
248.691	302.158
356.934	105.621
312.339	107.794
217.787	80.012
322.507	445.274
385.784	310.215
405.657	279.356
388.547	285.635
231.661	408.415
190.231	79.919
420.068	401.774
275.339	298.118
379.148	59.3309
247.572	299.345
218.817	90.9158
321.47	486.176
242.679	402.222
63.524	96.9267
105.098	297.996
414.641	118.216
246.125	401.772
400.661	136.323
393.762	277.566
101.896	295.314
160.276	113.118
414.711	118.81
379.347	419.821
417.395	274.272
417.59	87.5872
104.358	297.563
227.765	188.628
423.82	274.805
163.588	420.065
308.913	281.296
217.671	79.8695
249.827	303.724
153.027	201.952
198.827	73.6273
117.63	306.105
204.424	441.77
203.541	392.139
300.229	268.218
119.298	106.585
251.245	281.697
80.456	108.101
106.138	308.152
80.4413	198.311
93.4067	272.388
325.17	315.529
95.4336	448.695
258.982	413.589
324.509	443.232
312.873	229.924
388.716	247.161
427.43	277.479
73.3427	191.267
44.2497	109.763
106.026	308.098
328.789	213.488
168.251	85.04
302.224	383.851
328.122	207.398
279.97	163.742
437.873	418.83
308.703	282.245
194.208	413.052
202.144	440.114
202.139	195.682
380.997	114.719
405.738	466.407
92.7108	307.206
139.466	206.795
107.879	210.082
213	63.3301
175.513	257.962
120.412	300.111
75.1532	92.2156
168.463	423.32
116.722	196.585
93.4004	268.361
398.577	127.731
423.914	488.6
94.3315	115.887
298.299	426.432
279.896	435.987
393.689	142.419
264.006	124.231
454.595	424.097
214.854	62.8653
71.8481	199.787
423.292	95.8023
175.839	403.215
119.473	234.446
377.492	79.8556
314.305	373.942
328.605	208.721
310.091	399.47
99.454	110.867
335.854	89.887
143.974	214.291
457.87	291.506
108.239	217.424
213.216	63.2562
318.49	322.451
320.905	446.272
99.8967	216.956
101.03	218.15
293.863	243.531
97.5115	323.95
232.976	290.797
424.86	275.332
304.527	154.041
295.912	213.909
418.366	481.828
329.343	91.8255
165.748	121.488
93.6117	42.6166
34.3855	111.405
493.78	432.2
399.043	63.2878
224.352	66.7607
197.203	114.539
91.35	321.698
287.082	224.756
189.891	129.765
280.17	122.257
224.891	67.5565
399.121	276.379
299.659	153.606
335.925	98.1593
396.169	276.642
363.444	277.639
117.379	196.387
223.987	66.3015
393.879	277.504
123.894	51.951
415.082	274.917
93.2183	228.19
96.8495	323.918
406.839	152.881
294.167	366.097
318.997	84.1729
82.774	225.387
117.737	86.2994
296.857	283.307
186.469	104.209
194.948	245.981
412.577	316.381
289.77	213.547
85.7119	37.0482
421.477	274.109
320.505	446.461
297.298	304.327
126.557	310.998
182.46	421.678
458.94	283.705
83.3724	216.664
84.4846	228.186
90.0093	320.374
163.776	421.469
181.743	265.784
152.72	213.523
431.534	292.204
463.075	281.416
400.281	62.6982
234.312	177.924
380.782	325.474
254.008	124.052
228.65	412.748
435.49	283.325
432.423	277.314
414.974	486.63
429.428	413.479
224.42	66.8526
85.135	193.932
196.333	41.1218
219.551	63.2804
90.7016	231.551
91.0183	231.588
372.537	407.461
163.57	419.6
361.454	287.439
122.015	235.374
87.5944	106.598
96.0046	125.746
90.2927	231.486
247.365	298.082
214.106	63.0076
414.096	127.031
181.959	275.781
420.308	273.984
400.223	62.7213
427.867	376.013
426.036	90.9029
83.2672	226.43
85.5518	198.326
421.529	274.118
91.2347	439.62
445.79	384.659
237.883	379.014
430.515	311.528
352.619	97.5045
413.684	159.903
87.3179	230.453
477.712	329.196
319.761	459.913
119.636	49.0355
28.4619	103.349
301.281	153.482
176.124	229.153
94.2345	323.341
291.625	112.025
390.678	341.542
365.602	421.758
396.571	276.553
91.6717	231.634
462.025	390.512
169.329	219.599
270.863	195.793
27.7517	93.374
187.002	467.719
122.965	51.0036
188.437	236.454
349.314	122.992
321.058	458.49
389.464	64.7875
428.391	275.003
419.541	166.149
314.939	318.392
313.428	392.594
193.629	41.0758
132.178	116.479
176.218	227.672
98.5249	229.258
276.606	434.733
60.1017	84.3406
87.4372	230.516
199.782	48.9525
296.03	123.841
395.661	276.779
280.792	436.115
84.0825	36.1512
98.8364	34.5563
85.0801	228.816
262.948	211.885
209.951	380.366
198.382	79.5822
92.0904	231.165
322.931	224.825
110.813	204.485
91.183	321.559
290.78	187.593
288.677	159.883
311.227	163.274
380.025	326.784
146.749	179.878
369.368	88.4949
398.92	459.776
379.23	329.162
87.7184	230.656
278.234	322.049
404.615	171.237
435.318	124.431
322.195	467.506
97.4327	202.875
396.467	110.878
206.761	444.247
282.178	247.931
224.964	67.6786
195.501	66.0396
383.739	238.488
75.2296	31.5009
215.391	62.7991
90.8187	231.566
462.129	380.513
257.667	324.17
186.601	428.742
277.328	435.127
31.6721	84.524
84.8959	228.633
315.774	153.995
184.652	372.291
323.34	202.473
226.582	415.343
83.4273	226.713
280.658	436.101
221.57	168.819
95.8263	323.779
189.549	367.884
342.88	398.324
256.981	321.999
287.918	191.325
339.648	278.6
121.66	235.29
172.908	280.034
317.499	138.947
408.815	392.458
380.387	375.292
394.407	401.561
391.694	279.054
459.247	496.383
332.299	310.716
389.033	289.521
230.27	281.17
289.948	246.81
304.45	353.316
307.488	441.867
75.3255	232.575
324.125	133.64
303.153	138.121
216.922	436.776
60.064	189.514
496.87	416.232
480.788	433.982
101.313	39.453
270.658	405.587
201.391	383.975
96.6925	233.438
321.063	447.142
63.6831	177.657
384.442	304.037
173.998	407.083
290.816	410.469
324.492	340.042
99.4888	433.974
99.5058	323.782
210.982	64.314
415.126	323.423
18.814	105.979
86.4038	229.898
327.234	205.814
434.913	288.165
91.2237	321.593
85.3889	229.104
414.487	489.285
94.0312	323.265
102.315	429.235
250.064	207.329
302.55	205.557
80.8231	35.3485
152.512	113.625
164.856	414.534
298.683	302.337
195.638	461.531
86.2498	229.79
215.113	196.053
59.6319	188.111
90.7606	321.177
220.352	86.0195
264.119	400.344
182.719	337.763
25.0152	77.0617
294.876	138.188
321.827	123.262
124.03	313.473
182.055	332.146
186.565	235.304
418.266	424.749
110.786	205.573
322.157	123.225
394.67	290.544
184.839	385.662
258.957	424.927
82.4014	434.932
181.236	322.18
299.235	398.194
413.575	178.071
305.882	445.594
419.417	186.187
124.393	197.102
115.982	319.408
165.168	200.002
314.153	447.058
418.987	309.302
50.4955	81.562
129.017	322.141
326.64	114.673
328.314	115.906
97.277	185.458
193.945	233.976
87.9773	230.776
383.996	304.832
223.194	285.098
224.988	77.7864
322.502	113.34
88.1943	230.87
110.203	68.6528
184.657	222.307
180.898	435.294
164.355	415.554
210.71	64.4935
296.89	300.264
310.121	264.608
327.324	104.876
124.061	196.944
315.633	156.354
83.823	227.332
225.524	290.38
330.842	108.746
330.554	108.222
61.5517	192.1
331.889	112.284
411.965	460.682
180.101	156.404
184.952	371.782
224.798	78.0999
90.8871	231.574
91.0507	231.592
328.558	208.562
195.677	461.433
190.493	466.855
324.013	103.521
87.1581	230.365
162.739	117.967
258.094	400.549
286.52	356.212
128.293	196.344
83.1295	35.7934
169.29	103.143
267.444	322.231
117.597	329.277
219.035	211.374
124.855	197.347
91.0675	231.593
123.533	51.5527
480.392	437.599
60.8079	180.725
329.729	107.03
331.842	111.896
331.813	111.706
243.331	214.723
95.3835	323.686
79.2257	35.3599
327.529	206.27
461.577	494.948
315	106.106
82.7023	225.205
317.237	104.48
220.201	211.522
189.577	325.785
59.4777	91.2653
304.066	445.28
339.461	103.663
300.362	127.931
414.552	490.969
59.3815	186.1
88.3025	230.914
122.544	85.4563
164.098	416.231
206.404	405.698
218.199	52.9706
151.728	481.408
330.68	98.3415
328.992	211.525
324.545	151.106
248.165	293.069
262.457	221.873
327.742	206.637
62.2309	178.883
197.131	9.2132
317.46	104.365
49.3815	186.066
261.172	417.532
282.755	391.377
162.969	281.133
193.331	464.932
383.12	228.507
337.49	101.072
302.913	137.895
336.205	100.044
24.4613	67.077
333.728	98.8355
117.921	331.413
124.726	53.0687
22.0052	57.3833
486.621	441.875
19.5492	47.6896
17.0932	37.9959
326.994	99.023
40.1215	189.841
93.9122	31.501
205.979	28.6545
299.312	367.551
102.232	434.006
112.049	113.933
331.443	98.375
201.966	218.589
216.568	398.093
446.526	403.034
85.3838	229.099
340.345	105.998
14.6371	28.3022
187.653	104.385
332.359	98.4931
367.741	396.029
395.271	276.904
119.812	57.5697
30.1833	188.73
338.563	102.262
340.344	110.688
331.342	414.213
396.049	320.242
168.046	406.044
447.814	490.21
388.089	219.829
176.843	365.929
12.1811	18.6085
103.646	228.384
339.943	104.716
373.258	404.394
429.957	314.784
91.8633	231.64
156.451	222.648
93.6716	185.304
22.9319	64.5264
414.039	433.811
10	10
326.465	204.833
439.184	485.158
10	10
331.787	383.691
327.435	98.8631
122.357	29.5352
332.176	98.4627
10	10
10	10
326.909	419.825
395.702	226.313
184.504	330.966
190.474	367.549
242.603	224.696
168.399	404.366
339.412	103.571
100.09	126.872
259.872	211.094
95.0198	79.8998
10	10
430.036	291.757
274.013	486.76
87.0931	230.329
200.261	428.431
340.48	106.657
10	10
338.845	102.65
132.564	212.605
197.368	227.297
462.98	293.049
300.117	408.474
400.233	276.509
339.704	112.528
383.562	428.43
324.372	238.078
42.239	197.866
189.242	368.019
122.712	235.5
313.701	387.93
276.424	289.936
417.811	321.949
332.84	98.5901
38.6916	91.6462
406.781	390.616
21.6413	15.3675
339.855	104.497
178.524	67.1781
116.722	20.1184
182.099	78.2248
124.871	235.576
216.872	436.803
127.432	199.434
266.297	480.4
332.594	98.5375
340.623	108.42
190.739	146.344
243.992	275.467
296.902	130.752
293.497	295.933
196.308	149.5
316.255	351.185
174.444	111.712
10	10
223.426	220.988
169.832	401.45
339.867	311.03
414.559	488.464
178.603	441.448
41.8418	211.265
333.595	98.7931
80.3628	23.9769
329.222	98.44
7.09993	38.364
187.213	7.93984
124.332	235.601
340.615	108.754
87.6768	230.636
340.6	109.028
169.319	402.247
289.443	147.927
10	10
10	10
168.578	403.829
312.085	432.706
491.544	339.025
122.873	235.522
177.213	7.97227
210.956	412.443
337.457	101.041
29.9825	20.8834
85.8038	229.454
10	10
153.253	278.766
10	10
297.341	130.226
110.826	436.805
338.481	102.156
190.71	357.914
179.827	334.166
242.576	381.877
75.3162	245.539
273.305	199.891
10	10
198.324	457.004
430.034	308.424
33.0952	11.3802
328.23	207.649
121.85	196.239
177.636	248.265
82.736	172.967
10	10
328.49	208.348
338.177	101.789
316.875	320.659
93.713	323.134
340.015	104.906
89.8094	231.388
340.569	109.378
262.972	311.059
208.419	414.892
187.177	102.023
10	10
229.379	285.787
128.016	291.903
90.7716	231.56
111.418	24.1072
330.74	217.282
203.5	149.006
222.415	164.603
395.239	457.861
95.6875	421.747
396.558	184.822
324.318	151.236
420.417	345.3
402.205	369.47
10	10
383.046	310.836
90.839	422.357
297.574	129.974
116.173	341.259
186.126	361.706
484.79	337.439
418.393	442.814
189.902	455.303
105.543	64.3026
168.019	406.289
283.846	476.737
366.818	422.246
116.671	54.0039
277.18	198.293
414.564	488.43
466.486	420.122
332.199	98.4663
315.123	105.989
250.8	402.492
189.707	358.391
90.1784	320.571
213.45	53.7501
208.374	34.9614
214.95	308.864
195.937	481.701
408.742	293.277
327.888	206.909
375.115	406.021
62.4943	96.1273
149.887	85.9336
212.024	28.2762
197.82	226.832
176.511	282.261
305.119	362.48
340.007	104.886
16.4693	82.2547
288.602	159.918
340.248	111.056
78.0364	251.552
337.389	100.978
408.897	445.949
160.676	109.472
326.987	205.471
297.765	391.912
92.5585	322.544
330.58	281.251
423.673	387.515
280.299	203.801
389.135	178.121
328.076	98.6713
78.5782	251.963
384.573	303.833
87.4052	230.499
186.259	480.799
429.468	377.323
324.073	202.301
186.305	96.6109
315.269	318.691
334	98.9289
337.725	101.302
82.7738	416.445
214.011	87.0491
328.843	209.757
336.202	100.042
249.148	288.013
279.781	465.886
111.273	303.785
190.929	357.827
88.808	18.6218
99.15	239.946
464.583	499.874
494.795	469.415
79.6367	38.0887
220.659	446.058
224.285	292.013
432.757	494.551
199.881	223.355
204.504	367.228
186.493	330.54
118.344	51.579
442.748	475.814
311.951	113.733
202.815	441.458
494.292	357.541
388.771	284.136
339.369	113.189
399.579	384.889
188.355	61.8395
402.929	336.353
437.162	420.229
121.343	102.647
340.415	106.313
391.168	279.584
247.467	298.827
85.1625	406.734
180.715	257.876
77.1286	35.7723
168.096	405.688
56.4892	214.798
347.316	419.538
324.297	131.28
410.278	294.172
372.901	377.87
118.622	283.804
266.746	293.504
340.623	108.278
91.7007	217.012
306.098	389.755
115.851	278.299
256.616	319.946
285.83	325.504
200.015	163.253
147.322	179.631
389.045	289.556
321.224	163.258
211.63	143.462
289.521	355.601
183.431	377.636
340.577	109.296
291.001	483.722
99.979	323.682
91.1115	290.075
479.645	446.179
230.665	379.752
38.1599	182.978
250.962	276.361
42.2243	7.29846
199.657	172.961
339.051	102.958
335.081	99.3899
75.5054	404.138
435.18	423.571
340.248	111.056
71.766	98.2903
480.054	385.921
324.635	202.83
86.863	301.078
300.967	482.892
459.964	390.32
127.701	279.612
335.491	99.6062
194.213	485.372
394.023	351.159
237.964	184.336
407.07	183.762
295.223	318.763
209.829	213.09
114.931	462.924
407.353	414.998
335.273	99.488
362.007	405.579
177.151	481.116
197.95	437.857
227.489	20.1344
7.97654	36.538
197.814	59.6019
293.516	489.438
104.331	307.888
212.415	158.3
316.313	201.743
122.479	56.2629
487.078	472.384
136.631	24.6014
259.817	222.796
322.767	257.271
488.088	337.578
213.149	290.798
414.238	494.272
144.151	190.959
298.461	259.781
334.018	185.519
198.748	225.644
46.4465	183.493
430.164	314.116
273.153	407.579
105.791	135.088
125.104	312.576
56.9023	210.891
334.89	99.2974
265.641	322.265
182.876	259.046
111.432	469.078
193.698	394.834
469.796	481.308
277.671	481.347
198.776	225.602
317.483	447.269
60.307	314.902
129.291	305.437
175.264	248.253
97.7326	12.8121
236.557	24.3509
126.452	311.143
244.485	415.961
163.381	480.746
141.559	202.467
94.7526	189.446
327.656	206.484
154.856	119.401
237.669	300.823
248.175	301.152
60.6958	315.377
114.76	418.327
222.39	15.2964
224.818	165.022
328.882	212.958
115.741	406.904
333.482	98.7586
420.196	380.174
65.7264	406.228
313.586	321.815
408.011	187.657
226.715	287.76
355.265	409.899
227.867	318.515
98.2779	301.341
122.679	64.12
391.118	348.616
491.023	338.703
282.368	458.959
336.107	198.053
218.751	62.8917
205.905	429.147
73.0811	176.587
277.731	360.982
340.359	110.624
337.466	101.049
208.316	35.9464
142.834	379.781
426.421	319.559
339.655	104.049
53.3357	307.683
408.954	355.825
340.418	106.327
377.249	476.019
341.623	381.89
246.337	22.2657
204.018	184.048
380.616	323.253
427.039	398.723
93.6895	3.66592
16.4789	88.3052
300.717	325.445
126.43	198.448
207.184	11.3391
143.808	481.009
330.196	98.3505
51.9366	320.373
342.257	320.741
151.536	86.7567
222.835	455.819
240.406	305.019
78.1038	296.021
405.067	372.693
205.523	18.1358
338.609	102.323
243.036	311.088
398.181	42.1987
338.362	102.008
91.487	185.865
330.192	418.032
479.835	126.629
417.337	440.698
289.431	129.575
223.13	410.053
296.714	131.001
132.185	15.6442
242.871	297.697
184.286	203.83
335.855	99.8192
339.834	112.234
68.7187	318.798
434.981	287.982
37.1093	183.452
285.342	160.959
229.88	99.4214
142.418	475.845
376.879	400.609
374.322	479.212
142.613	477.891
313.189	343.567
193.458	186.862
183.691	84.527
323.482	426.578
130.102	21.2144
193.943	254.967
215.987	211.703
330.505	198.232
236.408	185.884
116.412	162.186
339.625	103.986
115.143	407.696
339.192	103.186
289.725	271.502
478.953	109.354
390.516	35.7757
276.112	400.165
280.488	231.374
73.5004	176.765
305.002	339.676
392.241	278.579
286.849	206.752
369.093	316.032
84.5065	228.211
410.709	182.707
173.804	177.963
144.016	112.377
142.985	377.582
55.7819	405.177
152.911	118.399
340.035	104.963
124.143	223.59
478.081	127.537
224.774	13.3359
391.962	179.707
314.707	106.4
417.177	414.39
205.352	420.622
241.201	300.333
34.2826	185.652
25.7114	221.04
115.338	313.537
142.536	477.456
313.881	107.385
479.97	126.54
313.66	107.699
240.981	307.716
438.945	276.097
64.0021	177.444
405.961	35.9156
154.304	115.003
406.569	316.711
165.906	402.106
139.235	306.493
430.271	298.89
88.7772	267.234
273.743	378.2
106.693	8.37208
186.509	357.093
277.89	288.495
315.273	375.605
278.412	288.8
49.6702	413.092
256.565	196.946
140.817	17.5558
296.375	450.007
400.864	299.718
111.74	74.7217
188.794	390.361
94.4271	226.226
335.308	396.079
481.439	338.475
168.054	283.324
241.275	308.438
68.1313	314.117
51.4775	303.558
237.675	200.88
380.022	380.956
255.73	18.8354
487.395	103.994
101.071	187.221
316.195	398.001
349.673	320.633
40.7367	408.598
143.885	303.954
434.531	491.21
127.045	7.06622
67.5654	199.772
208.323	35.6522
206.53	21.4737
200.049	363.7
93.0373	89.0782
339.975	111.882
415.795	34.1024
178.807	231.218
265.729	18.6491
149.37	207.944
494.775	415.597
99.1768	135.022
187.42	426.163
340.099	105.147
202.599	259.976
98.3008	185.75
240.383	304.065
31.5221	404.713
404.237	26.0652
368.508	487.348
285.272	344.422
395.158	299.247
173.007	489.316
170.919	97.5473
61.7921	101.276
356.512	208.405
208.376	34.9471
324.388	446.55
76.2892	265.713
390.948	279.831
340.138	111.418
206.465	12.5792
50.1468	293.647
219.416	459.14
250.029	213.179
116.078	48.4676
60.2177	99.0306
468.668	285.347
40.2228	292.417
111.106	170.662
106.287	34.4729
302.861	203.878
183.945	260.485
205.499	17.9028
294.934	408.279
59.9837	189.301
89.3274	136.751
61.5032	179.714
318.785	358.634
60.0989	90.143
257.725	411.46
275.583	20.3465
277.887	481.977
167.41	115.746
80.6221	141.672
155.471	412.633
409.653	201.571
280.747	312.773
146.369	206.763
52.7372	395.651
275.779	341.277
197.027	74.2709
186.613	260.404
245.333	177.576
383.235	388.155
417.734	206.204
412.457	338.974
286.177	422.542
277.576	481.018
263.758	16.987
206.691	21.7787
240.717	301.725
60.1062	388.891
146.473	180.013
399.296	420.92
22.487	408.999
476.384	120.05
17.7159	400.21
197.576	236.684
94.0735	43.0013
459.556	383.439
387.928	269.402
305.358	445.539
367.423	478.027
18.5189	390.243
285.583	20.3607
69.1322	201.419
121.135	49.7079
104.011	227.315
471.028	292.787
96.4014	56.3674
243.097	311.155
481.936	471.287
221.192	186.795
250.774	10.1499
340.036	104.965
420.355	25.2028
429.735	21.7372
100.679	216.221
242.965	395.819
461.887	295.549
365.358	82.3222
417.078	15.7551
315.522	447.281
186.558	134.24
307.322	303.72
340.402	110.433
224.55	107.883
95.8946	230.871
125.623	197.828
200.29	184.453
416.01	412.087
298.287	158.109
117.009	178.734
95.7665	230.923
467.033	382.643
241.46	299.781
283.497	13.7327
198.87	145.684
122.205	235.414
118.364	115.193
155.003	412.899
115.772	163.149
95.269	89.1973
385.659	337.321
413.554	77.7618
478.704	127.265
46.6912	111.539
370.948	403.195
404.701	263.102
145.275	410.939
241.155	308.163
278.986	429.178
49.8883	120.383
297.099	245.986
173.95	200.866
170.265	181.264
421.429	42.3641
394.931	34.766
401.444	262.763
350.611	391.981
188.535	425.495
454.788	277.311
217.037	460.3
223.288	159.994
222.337	230.845
330.783	213.711
293.225	11.4166
389.527	484.887
211.457	421.846
85.9681	206.618
274.479	420.251
174.163	101.261
185.324	260.533
87.2919	60.4927
413.618	71.0501
283.09	169.845
404.266	495.017
17.9451	387.807
47.4099	289.858
339.479	103.697
192.055	79.4571
197.423	485.256
177.415	420.258
87.9687	230.772
215.616	409.649
185.295	363.269
208.052	10.2377
445.474	411.695
60.8234	180.699
370.327	320.04
446.918	499.725
297.537	260.461
78.6692	35.4243
173.732	494.063
59.4238	294.483
419.763	49.9941
126.626	311.256
121.19	235.157
340.967	319.656
125.238	77.9597
122.754	479.236
19.6505	213.086
476.265	364.91
222.031	9.42766
183.096	481.915
88.6491	231.047
179.357	432.058
417.708	97.5033
419.237	50.149
384.107	410.397
432.274	410.985
370.707	483.925
122.537	478.142
324.302	78.428
243.497	311.555
304.51	445.389
106.373	160.471
432.589	315.039
299.58	265.788
13.3744	378.913
46.8366	110.582
226.057	89.9639
339.552	103.838
57.6154	109.202
136.396	412.927
316.365	319.917
63.8608	90.6464
281.831	451.021
299.991	443.068
296.087	131.973
302.384	235.035
255.804	186.975
275.254	338.626
310.565	431.826
481.099	415.007
63.6582	299.987
150.653	86.269
311.685	121.84
155.7	193.828
243.481	297.062
60.0148	189.385
219.94	458.768
113.201	164.121
108.59	155.441
93.4	227.81
127.166	101.084
59.7254	188.485
38.1976	302.21
49.2741	86.5841
87.6383	230.618
240.409	303.536
223.323	230.718
134.311	418.693
226.79	218.461
314.403	106.733
339.059	113.711
80.9544	90.1254
434.33	324.499
347.314	102.893
423.849	95.3861
96.2459	46.3845
112.588	476.224
205.454	16.9849
242.627	310.617
303.479	253.739
90.4843	146.417
340.492	106.725
237.959	89.5527
203.152	182.725
7.96061	370.505
396.777	478
223.863	72.4639
70.3051	179.159
121.942	235.358
400.431	262.876
340.554	107.169
103.429	478.218
87.4771	230.537
216.505	414.979
340.49	109.968
205.565	18.4476
417.693	482.397
108.258	472.192
304.943	410.942
413.412	292.152
280.33	395.84
28.8224	305.689
145.413	85.2909
486.651	393.437
437.611	409.61
202.659	472.597
131.561	376.436
106.212	318.152
432.545	79.0147
290.743	285.073
303.653	414.493
103.453	478.137
288.672	314.125
101.543	154.521
92.5666	231.628
385.52	302.609
112.651	398.022
242.145	276.967
48.3366	118.89
318.7	262.203
129.831	76.6481
90.983	231.585
104.232	476.242
416.364	43.8963
331.046	216.949
153.843	304.869
132.035	375.507
144.556	314.96
27.9547	395.95
473.073	377.522
340.452	110.183
399.972	262.963
338.396	102.05
299.601	400.768
283.224	442.008
183.964	245.208
295.843	17.2501
244.909	312.672
427.243	86.9127
449.343	283.036
338.775	111.316
198.912	135.321
447.583	277.961
317.504	447.267
275.497	396.344
448.083	278.76
300.714	398.838
481.917	366.295
302.875	444.877
313.268	446.807
96.9101	217.763
450.36	420.42
110.1	200.34
113.441	207.621
283.287	392.19
307.773	304.656
340.423	110.333
78.5572	35.4411
20.3561	300.367
415.055	336.02
381.375	319.643
121.22	254.414
359.84	100.949
454.504	495.413
115.015	254.007
483.875	476.105
446.48	276.63
261.237	114.622
192.636	172.579
11.9406	219.455
217.441	62.8134
359.85	196.755
187.733	195.523
146.168	407.578
127.889	407.787
40.2087	118.91
111.7	251.83
297.572	129.977
93.3862	64.4342
127.126	408.826
22.211	313.192
128.728	406.903
445.928	276.111
294.792	136.931
189.304	467.302
324.738	150.989
340.304	105.835
362.26	101.687
95.3766	460.976
316.375	104.996
408.227	45.7428
118.001	489.658
398.939	254.045
302.384	7.40106
325.963	413.53
282.051	217.662
32.5962	121.244
237.621	83.2224
397.079	366.928
79.2073	231.398
211.905	411.082
297.389	244.041
196.659	141.659
199.466	139.301
297.313	13.4463
184.491	428.583
123.513	253.513
120.743	49.5025
140.46	78.2684
78.499	68.2847
199.981	170.933
495.943	397.131
315.657	73.401
316.239	279.629
89.0291	474.64
76.2318	36.0986
366.067	375.142
112.382	252.446
177.044	181.889
143.492	111.942
321.661	67.223
188.222	450.739
60.0577	189.497
276.278	109.65
404.704	50.8925
79.2133	476.551
407.776	158.718
226.096	394.53
205.591	15.3154
171.439	100.359
205.454	16.9527
451.118	106.577
111.94	232.852
405.513	120.813
240.4	304.937
273.883	378.547
493.097	435.427
240.748	306.989
216.497	357.846
108.077	29.2781
346.233	96.5583
293.567	251.739
241.575	309.043
241.772	309.391
356.192	209.284
74.661	202.532
376.99	466.601
348.174	109.408
251.783	180.316
247.242	276.771
82.5757	461.637
362.351	206.77
105.954	118.466
305.693	72.5521
284.316	194.223
133.935	404.347
319.517	489.38
292.757	191.958
157.066	396.35
292.105	13.7244
262.257	281.065
158.528	186.919
150.022	124.584
302.046	181.604
278.315	353.989
318.612	103.874
251.894	399.507
245.028	289.807
128.082	420.868
111.967	252.084
402.294	262.747
413.501	358.164
473.249	408.813
222.656	230.815
363.231	380.954
283.896	29.0722
115.31	254.12
89.8886	452.664
290.872	422.002
119.526	254.696
214.124	348.132
60.0175	79.8788
135.899	88.3697
401.719	262.75
195.747	74.9908
321.951	152.177
189.347	388.651
228.967	22.966
323.703	406.484
202.297	246.148
77.2798	204.755
408.002	456.667
368.279	205.122
297.385	172.756
251.095	114.485
169.506	124.055
279.263	298.63
95.0302	162.11
394.043	290.489
136.485	312.193
486.006	398.867
310.33	447.553
209.23	383.915
307.555	207.618
72.2108	223.611
277.326	467.034
83.1429	458.92
400.678	375.497
410.486	278.252
100.971	205.518
84.3737	456.55
373.458	78.3626
120.174	49.2428
84.7403	456.061
243.998	201.871
222.693	65.025
382.555	89.0455
187.577	100.552
77.9616	30.7289
367.923	181.685
212.393	113.531
381.871	84.6224
89.6529	332.23
78.8373	231.281
198.693	148.265
451.818	277.217
439.21	382.846
79.2142	475.19
416.63	474.607
120.994	254.469
60.3462	181.585
344.721	102.239
369.315	78.8725
77.7032	230.817
84.624	456.21
182.181	113.395
308.637	284.627
97.6261	98.9156
78.5722	231.187
150.582	397.754
71.5174	208.836
206.669	489.065
181.081	285.743
184.072	38.1338
424.854	333
125.612	415.339
84.1694	456.852
276.341	118.677
78.5107	231.164
374.534	279.587
391.664	94.1628
314.967	447.214
178.703	217.495
406.944	476.233
79.5422	477.576
455.703	276.963
177.043	160.459
114.637	490.846
388.082	99.7565
197.681	405.536
358.63	105.565
385.377	82.485
244.239	295.3
162.89	190.705
391.696	89.7205
196.226	200.803
152.574	210.792
401.289	262.773
241.811	309.456
381.162	350.999
152.398	484.639
176.788	248.35
126.375	410.708
275.913	349.214
91.6206	50.9904
358.941	396.502
77.3871	230.658
453.854	281.827
167.864	488.368
77.8327	230.879
492.501	460.717
357.713	209.004
80.4374	440.012
302.224	81.9311
182.543	418.989
125.451	123.877
84.2796	206.796
255.149	275.794
113.613	242.587
178.777	183.412
301.311	426.066
202.928	71.9534
193.844	234.128
331.108	115.463
392.786	108.278
82.7713	209.947
312.805	102.143
183.701	245.476
184.109	412.859
206.612	401.696
229.256	81.8616
187.177	409.599
199.686	49.6091
388.699	430.247
121.457	254.35
275.509	411.407
107.433	68.5718
421.47	377.221
183.129	423.372
323.189	394.766
144.517	477.332
221.021	63.9129
286.912	126.521
356.603	398.854
291.852	424.872
77.5242	230.729
117.744	52.3311
136.195	313.666
401.943	262.745
173.089	414.198
398.442	179.104
361.401	396.231
440.445	290.601
395.582	98.7551
198.866	202.932
57.506	185.188
89.4058	439.735
174.181	411.109
349.061	390.463
395.635	103.152
379.948	73.0006
264.329	181.748
189.361	454.152
173.339	410.874
20.375	106.595
395.681	99.2195
307.921	258.457
285.943	328.419
135.468	480.78
208.706	189.613
256.513	219.539
127.962	198.185
316.952	391.171
479.33	496.206
229.145	84.2663
165.57	100.753
322.202	275.324
52.1611	195.641
85.0461	36.6335
152.969	103.624
476.529	400.42
397.385	480.108
341.381	79.8073
353.917	209.263
380.033	73.1372
260.746	203.734
104.293	464.897
114.679	253.865
244.094	381.115
77.5737	230.754
255.921	219
53.8518	175.827
76.4888	230.123
390.752	87.1629
317.946	454.116
486.813	374.978
101.226	321.146
172.985	414.956
343.277	78.4394
75.3757	83.5582
222.771	65.0897
355.026	210.133
52.4769	196.028
377.416	348.426
402.09	270.54
222.514	159.564
66.4151	185.449
120.311	254.602
383.283	386.635
256.616	296.276
328.976	283.034
322.2	223.38
178.054	440.864
293.161	138.521
145.359	124.364
296.134	159.559
183.161	471.264
438.779	485.838
340.719	80.4747
379.731	72.6745
122.273	254.081
74.1972	81.384
228.785	85.725
223.824	11.4891
358.077	183.432
389.906	85.8395
116.395	254.448
118.802	254.726
359.897	389.394
397.735	430.358
131.618	200.291
345.755	112.068
184.042	484.254
310.907	316.495
180.207	176.119
249.643	311.493
58.8922	195.12
403.519	262.853
76.7348	230.282
377.676	330.537
76.2594	229.965
402.502	304.181
158.401	86.9194
240.386	303.959
173.424	419.025
50.7346	183.546
103.665	475.123
117.899	409.9
421.984	183.482
255.997	398.736
79.8691	478.593
91.4653	134.657
92.8091	55.2366
378.971	71.7124
394.866	96.737
17.2314	70.7837
75.5629	427.636
50.3558	184.376
213.823	63.077
377.199	391.765
287.804	102.783
182.385	246.567
241.361	308.622
481.941	366.31
424.615	194.73
31.5969	121.009
241.408	308.718
97.7075	218.543
352.531	101.575
114.585	253.823
396.996	475.333
394.744	105.649
88.1792	54.3824
383.36	228.495
183.629	41.1157
267.387	281.223
353.8	220.057
177.737	44.3675
118.228	254.714
173.479	412.691
304.404	300.961
227.67	88.0545
59.1455	195.431
390.565	86.8281
218.43	444.972
395.301	104.349
434.208	191.905
441.262	302.39
395.705	99.3512
212.673	63.4526
111.975	252.092
394.628	243.766
389.548	85.3943
213.649	400.796
161.972	213.706
395.818	101.916
182.599	405.947
298.839	367.12
114.247	253.661
394.87	105.394
190.413	103.023
359.139	105.451
240.388	303.904
345.182	77.6249
324.491	463.108
109.235	247.836
222.197	64.6433
112.838	252.8
163.901	494.967
57.3244	185.67
152.191	100.522
395.599	103.314
113.591	253.3
83.6085	92.4929
200.633	217.087
56.7682	188.907
181.41	444.445
75.9624	229.746
70.889	482.993
178.704	406.881
308.589	148.408
395.324	97.8604
186.596	239.681
177.767	258.238
173.089	414.2
175.952	408.784
341.911	388.594
454.67	280.49
211.39	400.521
210.512	400.553
209.937	62.9554
413.772	462.93
314.535	450.196
401.377	468.574
395.852	100.876
91.4779	90.119
395.191	97.4924
120.31	254.602
476.134	364.918
279.517	192.874
383.91	274.631
294.541	424.997
229.272	83.0937
222.843	65.1506
310.596	146.522
115.44	254.167
376.885	202.237
112.568	252.596
380.902	61.98
195.866	318.011
223.593	217.574
312.484	462.513
76.9105	230.39
431.575	309.607
223.5	453.558
255.627	321.384
379.926	72.966
202.408	494.814
298.445	281.123
205.253	118.478
114.354	338.736
394.988	105.14
350.927	77.5736
125.944	222.131
453.362	282.452
190.17	79.3515
391.246	88.2375
173.083	414.236
276.666	286.02
120.234	49.2684
186.23	233.084
186.918	489.33
61.6001	479.29
181.186	257.666
188.455	140.799
462.245	489.082
412.737	458.641
192.808	31.1096
221.061	91.9083
173.197	413.671
98.0089	108.149
209.922	400.618
461.139	392.333
76.4364	84.8102
324.312	321.902
341.974	79.3044
112.083	252.19
22.0052	57.3833
240.695	224.369
390.906	87.4635
97.8777	31.487
39.4245	186.992
404.86	263.147
16.6912	48.9122
210.433	400.56
14.6371	28.3022
278.663	267.002
210.526	218.357
397.207	479.519
126.94	212.859
280.521	408.885
331.097	219.243
78.1203	231.007
14.6371	28.3022
263.026	322.919
229.275	82.1889
14.6371	28.3022
471.928	494.153
16.915	27.9975
39.1415	199.792
398.056	342.534
74.9558	82.9207
14.6371	28.3022
14.6371	28.3022
352.99	397.172
221.377	64.1102
112.854	252.812
12.1811	18.6085
173.955	488.833
213.007	181.592
289.08	408.383
232.494	212.422
173.536	412.53
12.1811	18.6085
354.689	402.54
77.7873	230.857
260.307	286.617
215.879	222.815
115.658	254.24
441.588	392.559
175.223	409.577
279.314	367.323
12.1811	18.6085
129.181	110.835
175.062	409.777
228.92	79.9333
189.033	251.154
297.33	283.415
182.097	405.976
269.337	192.445
395.367	104.151
395.407	104.025
308.454	435.19
365.452	216.245
122.448	254.013
247.538	322.547
10	10
139.139	475.592
175.685	409.054
309.465	97.7941
268.107	391.174
439.839	475.179
332.019	91.9866
10	10
83.1494	35.7998
387.2	65.971
383.798	280.545
412.453	256.639
419.03	196.179
320.835	203.058
195.055	74.7656
10	10
384.13	281.508
402.459	262.753
475.786	387.584
257.499	222.775
136.545	110.208
10	10
306.549	103.608
10	10
10	10
312.003	180.68
278.337	358.929
158.677	278.186
382.974	308.399
10	10
257.422	175.325
323.455	229.042
427.786	318.355
180.658	407.093
395.488	410.343
164.604	275.005
10	10
387.585	219.656
90.4536	175.836
215.029	62.8405
10	10
455.594	277.742
93.2497	99.0699
344.147	78.0092
425.764	478.111
308.209	127.498
171.41	324.038
