Saved a vector of rrt <nodes> points.
X	Y
475	475
466.856	469.196
459.801	462.11
457.059	452.493
455.21	442.666
456.085	432.704
450.573	424.361
451.673	414.421
447.335	454.828
451.282	404.429
437.433	453.436
452.155	435.58
427.445	452.936
417.511	454.078
407.558	455.05
397.691	453.424
388.845	448.76
383.2	440.506
374.745	435.165
367.235	428.563
361.389	420.45
355.234	412.568
350.119	403.975
452.408	394.493
450.435	384.689
445.945	375.754
447.545	365.883
445.566	356.08
389.287	432.573
357.764	397.528
354.922	387.941
347.323	381.441
339.35	375.405
329.996	371.869
320.886	367.745
312.609	362.133
311.661	352.178
340.593	384.115
301.663	352.001
291.846	350.094
283.479	344.618
273.756	342.28
269.835	333.081
260.638	329.154
305.873	369.524
299.989	377.61
255.165	320.785
294.644	386.062
255.363	310.786
321.589	350.975
250.312	302.156
250.195	292.156
331.368	353.062
241.505	287.207
239.506	277.409
245.665	269.531
245.744	259.531
229.775	275.106
241.769	250.355
252.781	335.34
455.381	354.166
480.29	469.547
220.424	271.561
454.348	344.219
395.341	424.613
210.47	272.515
322.455	368.174
455.541	334.291
201.509	268.076
455.043	324.303
192.262	264.268
184.427	258.055
366.626	402.163
452.73	314.574
180.912	248.693
450.634	304.796
286.172	391.375
171.421	245.545
167.687	254.822
163.749	264.013
279.28	398.62
462.282	392.908
164.813	238.039
450.641	294.796
159.401	229.63
274.386	407.341
450.376	284.8
282.353	413.385
154.406	220.967
265.309	411.536
287.688	421.843
153.847	265.411
152.812	211.095
257.23	417.43
291.915	430.906
160.015	204.158
169.202	200.21
448.663	274.948
450.599	265.137
144.042	267.38
453.784	255.658
260.013	290.256
170.584	190.305
174.058	180.928
291.506	440.897
182.879	185.639
453.083	245.682
172.747	171.014
167.189	162.701
191.53	180.622
137.95	275.309
159.039	156.906
150.35	151.957
152.578	142.208
159.86	135.355
129.071	279.91
121.636	286.598
167.653	129.088
484.86	460.701
164.603	119.565
201.506	181.307
483.263	450.83
173.671	115.349
156.503	113.7
151.663	104.95
118.163	295.976
454.169	235.741
149.248	95.2457
183.319	112.722
180.189	164.335
252.75	426.37
140.35	152.04
192.81	109.571
455.863	225.886
472.048	395.059
457.876	216.091
455.249	206.442
142.637	87.7422
157.613	212.358
442.411	394.258
290.648	450.86
182.821	194.673
463.92	426.49
366.09	440.174
132.753	89.256
108.263	297.387
457.218	388.043
462.545	312.656
205.356	172.078
126.327	81.5938
215.352	172.358
458.083	196.852
269.815	288.277
451.491	189.332
449.961	179.45
118.519	75.3455
399.189	425.638
465.381	354.269
254.091	345.254
486.725	441.448
443.879	171.512
109.779	70.4863
416.713	464.046
465.661	227.888
283.513	392.652
435.363	166.27
285.786	459.599
278.337	283.045
131.942	157.453
128.472	98.2935
114.752	279.346
174.696	136.187
428.975	173.964
105.418	275.757
430.764	157.39
288.27	284.206
426.015	172.971
121.946	157.153
111.946	157.187
145.297	78.1024
103.081	161.813
288.956	422.893
223.731	166.899
451.375	164.893
422.119	472.459
100.186	73.31
454.353	155.347
193.097	170.746
421.819	152.918
95.4445	276.487
168.523	233.694
467.18	216.972
96.6992	169.512
459.086	146.537
366.272	450.173
393.609	439.361
298.042	282.086
417.71	178.541
412.106	150.541
149.375	68.9715
463.617	159.112
410.82	185.79
475.544	226.361
92.7144	66.6635
85.9174	279.525
402.047	180.99
233.493	164.729
240.797	157.899
285.09	357.467
103.585	265.926
151.405	235.636
465.233	189.861
157.809	63.6
454.652	331.852
86.7105	169.988
410.384	195.78
326.272	381.15
216.58	176.022
99.7479	83.3004
390.067	429.739
210.228	165.852
303.454	273.677
376.029	398.761
297.797	265.431
289.432	259.951
361.373	458.891
462.963	247.229
460.61	136.654
311.619	279.451
91.9943	89.6155
440.716	293.577
286.304	258.826
462.496	478.196
78.4338	286.158
461.602	126.704
273.802	405.699
456.988	117.832
90.038	268.074
354.29	451.832
460.785	108.58
452.639	182.236
307.675	357.706
392.701	184.546
250.508	160.287
95.5325	98.9686
184.377	204.551
195.932	100.071
165.773	57.5511
473.142	162.159
190.652	266.874
77.2227	296.085
79.0474	176.412
402.345	152.712
114.364	61.5993
275.233	359.149
247.731	352.971
456.906	400.946
447.61	281.094
205.479	97.096
70.3443	280.279
459.483	98.6653
374.614	388.861
204.954	87.1098
257.239	152.891
73.4209	305.334
67.1193	313.098
85.1265	60.1502
215.258	95.0056
355.117	466.692
65.4884	322.964
148.666	89.464
116.984	150.774
459.241	88.6682
459.037	434.986
70.3835	181.406
62.3912	187.416
154.49	232.582
58.901	330.488
63.8272	197.313
59.6316	340.461
199.82	78.5287
266.289	148.638
222.42	88.0265
99.6191	108.096
456.908	183.723
169.073	48.1113
249.587	276.676
296.447	416.268
451.472	82.3716
394.852	146.088
250.962	362.434
441.838	79.6922
231.577	84.0072
82.0304	90.4643
241.292	364.982
192.309	71.9265
66.5085	347.721
217.336	273.23
143.312	283.75
122.533	167.135
68.5619	357.508
65.2295	366.937
388.769	193.74
444.772	70.1325
474.057	359.241
74.7941	369.855
388.343	138.497
409.313	470.772
385.017	203.01
62.6992	376.611
88.8402	258.146
254.031	169.645
233.733	93.7719
383.431	129.786
277.572	453.894
259.115	178.257
431.927	288.807
448.169	179.768
55.7396	203.194
444.751	60.1325
455.98	435.921
163.51	71.8158
60.1077	386.27
379.248	120.703
53.6967	182.476
51.693	323.557
380.619	380.865
84.2744	255.215
253.138	436.363
379.601	211.416
383.367	111.591
162.944	40.2092
217.831	175.638
72.2033	88.6129
468.583	304.685
62.5281	210.537
190.842	247.509
422.985	284.33
446.134	50.2286
146.998	293.045
305.28	258.797
273.496	141.706
78.0741	53.0605
464.129	79.9446
62.2808	396.031
236.823	75.4938
449.73	377.019
127.489	175.821
189.843	106.771
192.996	209.622
50.1142	385.908
246.453	72.798
210.191	158.978
433.896	173.789
480.542	389.781
75.3315	352.539
420.025	474.706
159.38	60.9644
379.515	221.416
360.456	379.611
70.9282	215.962
260.853	188.104
417.626	275.888
426.339	466.637
371.422	205.663
62.3038	406.031
67.8647	414.342
464.237	354.372
142.199	257.551
477.003	349.685
52.6909	398.865
68.1888	54.5704
77.7955	413.168
472.846	169.412
280.211	467.9
54.6902	216.747
445.79	391.084
435.95	375.449
373.758	215.854
435.174	87.1484
368.658	448.659
428.124	369.223
395.79	131.823
379.323	142.815
86.0035	418.88
482.848	341.571
163.52	174.87
61.8449	275.01
163.813	75.3349
172.552	234.118
289.929	249.506
460.08	268.317
471.936	312.165
393.706	455.446
250.018	63.455
80.198	162.399
381.186	101.832
42.7223	399.656
58.5205	52.016
249.013	289.784
372.145	228.175
144.2	82.7257
283.882	471.956
276.922	132.311
189.699	276.828
95.8419	417.09
80.595	100.361
319.933	285.007
371.834	98.2897
85.125	354.561
118.522	55.259
230.168	68.0298
83.2996	428.507
469.449	99.4872
387.362	208.064
56.7106	42.1812
154.695	43.9925
82.1236	293.363
169.184	128.382
89.4503	106.906
79.408	437.719
287.884	462.616
479.864	352.404
254.214	79.103
255.353	89.038
218.727	179.723
428.038	297.194
220.186	161.457
348.56	474.242
291.317	393.087
94.9794	356.261
361.364	412.581
408.862	280.703
380.117	434.821
435.559	297.555
459.693	290.545
229.193	58.0774
429.366	382.976
289.264	294.157
43.9561	180.213
470.057	267.634
479.094	434.985
195.13	238.475
233.632	371.41
269.537	132.805
397.203	420.046
46.7584	41.2045
223.725	372.771
383.521	371.295
258.844	58.7539
464.39	466.962
360.278	453.711
437.716	51.6347
130.65	173.922
243.371	81.1787
390.204	464.812
179.044	48.8675
219.788	381.964
234.843	357.339
185.921	216.689
478.704	153.849
60.6975	33.0103
85.2339	115.974
103.082	298.536
226.82	74.5491
36.8717	42.7052
218.229	70.153
47.0446	35.8984
420.654	266.357
193.455	73.9331
327.994	359.796
88.0241	442.795
152.732	202.292
455.68	416.093
411.147	271.653
264.198	78.5331
179.924	130.407
357.038	388.146
430.795	58.8533
68.1683	307.931
428.677	79.5464
473.365	399.113
94.6517	450.283
227.656	388.136
49.0808	377.006
361.015	439.01
261.31	79.8948
361.521	204.257
176.325	258.349
266.245	52.0295
485.829	454.748
67.9762	26.1532
161.265	232.475
66.8818	172.039
104.075	453.631
261.179	442.307
222.112	51.8736
182.162	242.647
163.678	30.2361
467.024	157.291
423.296	52.238
294.758	469.878
235.421	295.143
196.228	255.294
169.917	22.8343
309.11	381.71
352.753	199.449
271.48	43.509
383.148	230.463
375.306	88.9117
99.0707	347.136
295.595	479.843
173.079	68.9109
208.924	187.411
361.846	97.8144
52.0002	273.255
363.941	447.229
271.467	85.4001
351.315	436.577
110.24	168.795
41.0835	27.8693
372.619	79.2793
356.745	479.987
300.198	357.517
238.11	87.4879
34.4462	52.4066
100.217	156.349
160.883	62.4609
45.0325	170.271
70.6578	338.623
328.402	377.322
472.293	170.062
270.852	187.986
166.527	162.067
430.352	363.032
304.117	467.429
460.276	80.3806
221.135	395.717
47.312	176.134
159.967	171.573
326.986	277.918
260.489	297.607
294.097	415.91
475.225	189.474
343.944	194.717
174.342	132.172
481.369	313.503
369.405	141.534
370.818	116.238
33.768	395.204
408.442	480.335
266.387	88.9482
323.906	294.184
485.959	427.713
112.091	267.108
254.211	164.166
463.91	415.843
113.62	456.612
400.1	285.524
71.6258	443.999
374.749	89.1364
212.578	196.719
376.87	122.199
54.3268	334.759
378.801	192.944
119.442	262.251
471.537	125.568
184.25	280.072
385.519	100.007
74.352	183.756
63.7442	329.083
122.768	252.82
475.176	144.492
61.6265	443.882
313.15	382.477
479.082	102.172
123.619	456.72
390.345	383.188
464.084	97.5678
393.04	292.606
211.143	395.307
438.436	165.754
460.587	420.991
284.049	465.82
76.8744	273.696
408.574	466.752
373.895	389.587
485.47	225.149
484.081	184.829
426.654	289.966
421.486	362.74
350.462	371.946
284.71	126.038
185.786	285.966
164.956	271.271
151.182	302.128
393.165	113.198
204.721	69.8123
279.627	37.7099
314.174	263.37
335.307	189.676
336.161	364.66
164.949	223.369
467.255	95.2562
96.505	82.2817
34.2122	177.965
178.673	108.32
129.101	465.084
270.236	468.618
366.575	387.233
336.438	281.186
51.6948	442.715
70.2564	16.4166
366.496	136.312
257.094	270.07
195.631	287.721
83.3737	254.985
397.477	376.178
392.917	374.661
183.458	295.691
204.854	155.798
227.342	350.726
154.147	27.2102
390.544	91.3607
438.695	274.146
192.48	79.8552
447.558	378.749
444.757	390.27
333.567	296.766
75.3691	223.124
137.369	96.3612
325.841	186.453
396.728	211.568
175.566	14.5828
467.233	431.159
27.8438	38.4042
155.805	108.716
206.825	98.4737
474.129	79.851
81.6662	55.1449
68.2678	267.346
407.398	374.925
203.005	294.475
201.884	399.084
82.7112	216.335
267.745	398.977
43.7146	160.359
376.798	426.229
296.41	241.89
281.787	287.237
66.891	29.5612
271.186	72.3004
91.2863	459.7
42.0926	274.611
372.295	441.398
148.288	254.871
367.446	445.775
306.651	350.73
429.691	472.926
308.325	458.357
107.897	72.7429
264.53	476.831
232.646	272.674
64.7082	95.2329
50.0369	152.611
373.145	393.64
188.199	283.2
257.601	153.875
76.5598	120.95
478.479	273.025
345.895	363.244
356.619	134.751
21.6459	30.5566
461.654	475.031
72.5109	453.96
274.345	53.9986
182.26	7.15306
39.2964	379.071
166.171	59.6276
450.705	290.555
176.352	98.5933
413.299	52.4723
481.4	127.218
251.585	191.86
392.246	470.016
151.922	17.4608
153.728	46.2365
244.083	357.967
121.233	471.255
271.607	392.535
444.161	74.0801
422.016	389.756
216.256	391.266
70.2823	6.41664
89.516	264.892
232.349	58.6599
250.519	97.7923
193.524	204.641
486.666	441.993
25.2323	173.564
88.9546	469.424
462.97	426.918
492.71	452.787
388.761	154.019
300.289	397.504
349.367	461.315
347.024	383.919
435.494	466.651
435.64	379.174
350.88	126.561
387.179	125.087
357.427	123
381.266	463.064
478.881	401.932
31.4571	372.863
93.0551	103.93
151.764	208.172
470.355	353.597
39.3297	61.1331
153.681	178.88
404.235	365.439
468.885	296.454
94.0049	154.42
110.399	178.793
386.017	285.488
470.015	107.685
273.199	30.0495
258.124	396.248
183.571	305.691
354.852	90.6665
438.151	151.708
255.515	481.157
232.303	253.579
416.068	267.896
176.963	313.196
435.26	459.547
455.577	355.581
130.253	162.637
264.207	163.885
489.841	351.717
11.744	29.1592
389.026	292.565
406.015	490.036
289.586	36.811
183.467	226.383
457.421	167.25
170.932	154.116
28.5559	363.293
472.758	369.156
69.3549	231.114
62.96	105.079
412.704	357.957
379.29	157.229
251.525	355.117
15.5836	170.937
292.399	46.4072
402.411	170.996
465.965	114.751
74.3711	250.631
154.727	310.438
367.671	70.5894
130.633	157.179
288.792	274.22
384.55	441.894
272.141	282.265
45.9249	368.704
91.9896	281.22
279.368	140.047
136.05	281.805
115.142	187.597
30.3122	49.4345
281.4	86.5608
489.856	121.879
386.403	239.918
377.012	67.0201
35.78	154.272
107.026	193.439
364.476	486.33
262.827	268.975
458.236	451.746
295.892	231.904
447.453	382.646
52.9619	104.887
260.989	127.614
483.923	272.497
485.16	132.299
313.744	256.59
490.035	280.412
370.2	187.841
357.58	106.859
234.401	265.402
69.868	19.8087
200.776	199.208
192.252	7.54575
77.7939	28.0541
377.393	288.798
384.293	361.325
30.6128	66.0337
127.736	298.869
480.62	331.822
468.815	295.304
390.73	448.191
280.145	184.293
259.875	140.967
139.583	66.9405
347.014	84.4567
358.463	201.933
389.898	444.305
244.834	362.918
175.927	285.016
209.705	262.346
478.543	151.233
425.074	163.18
320.964	374.634
156.02	320.354
207.233	83.8871
237.489	171.369
432.308	50.7657
181.032	322.331
443.714	92.3503
122.357	181.631
425.871	83.0946
272.354	324.74
174.875	167.755
370.172	430.983
274.985	315.092
60.7585	301.216
189.556	327.559
377.664	57.0414
479.69	71.5401
424.496	376.179
404.399	264.273
195.166	81.6298
385.336	99.0999
457.294	103.552
377.907	47.0443
333.45	191.454
472.682	247.888
297.223	355.545
246.242	484.9
369.531	41.5811
359.981	195.176
226.612	185.874
296.454	55.5484
365.61	235.745
278.227	295.377
282.222	87.1934
280.649	126.407
31.2827	161.585
101.385	262.093
108.37	198.343
63.7881	39.9235
367.462	31.7974
340.998	455.841
452.156	203.153
65.2573	64.1311
77.1721	431.019
293.395	233.982
274.619	473.314
343.302	75.1713
378.834	284.729
406.907	292.85
464.148	307.273
266.46	331.3
127.497	190.209
64.3783	250.252
477.687	290.69
453.088	315.023
433.478	363.808
259.14	490.477
472.406	326.119
218.42	283.172
157.406	277.829
51.4712	279.71
109.302	258.06
79.7186	13.1812
255.505	283.161
153.942	181.155
461.695	106.61
453.719	236.27
346.627	65.7403
178.324	97.2252
443.46	186.444
469.847	95.562
81.1428	403.744
382.798	448.756
476.132	296.803
266.901	414.608
248.278	182.423
465.056	76.1889
453.898	195.176
198.149	211.739
469.487	151.596
457.165	297.512
172.908	209.498
464.391	471.437
241.539	262.798
390.861	447.018
267.123	22.1066
45.587	22.5531
22.5578	377.424
154.956	7.93227
363.244	411.652
488.158	306.16
365.841	21.9297
292.813	345.386
357.605	33.4845
159.209	316.364
113.305	83.8786
194.315	243.446
260.464	14.6469
474.018	74.756
194.738	392.088
291.689	372.034
492.742	420.365
228.656	193.777
290.091	185.331
264.794	78.2543
139.092	464.648
61.1029	34.0914
184.246	57.4081
312.877	454.318
270.058	197.955
284.997	385.022
210.971	151.02
456.232	105.361
290.125	449.962
167.612	133.349
409.467	282.419
284.265	476.824
89.2906	172.788
125.873	480.114
442.902	376.512
391.494	278.562
78.6952	162.486
384.657	422.184
138.523	162.3
123.935	88.0245
343.148	299.633
279.147	54.6134
184.438	155.282
470.778	129.717
383.175	418.739
480.995	242.329
81.7575	243.89
157.936	42.6765
185.448	336.676
67.9794	104.286
66.8102	445.086
179.683	38.888
96.5969	93.8089
55.035	143.949
285.699	147.787
49.3713	391.759
296.965	299.549
274.423	306.844
68.3276	187.693
213.819	288.421
178.104	158.752
267.284	322.09
200.358	192.941
353.37	436.988
274.14	162.722
243.428	85.5771
92.9388	53.9078
147.543	469.995
204.749	250.059
76.6823	37.9921
145.826	474.53
286.992	181.767
345.931	278.042
191.356	344.745
60.3582	7.64642
487.121	96.2237
313.534	286.105
188.361	399.79
459.582	87.026
74.8741	59.0641
475.433	388.57
33.1137	279.013
348.74	185.943
76.8788	177.765
89.6373	14.4538
110.279	280.277
440.466	152.716
462.875	475.209
375.945	275.155
86.4374	399.625
27.1395	52.3202
429.474	353.071
212.324	375.309
349.665	485.869
251.382	490.841
374.129	19.614
210.484	389.205
290.331	417.675
476.281	219.928
90.2723	479.337
259.6	28.6943
72.7429	414.344
370.615	82.3281
65.1452	219.198
257.814	428.193
90.8007	341.514
54.3864	250.654
490.064	176.816
419.147	291.287
393.719	410.672
385.686	374.043
361.161	24.0012
392.794	204.707
12.286	161.496
473.144	462.974
475.832	143.386
75.7826	290.712
337.334	62.0466
240.303	91.7408
175.494	236.911
298.614	190.562
400.379	93.1667
410.119	95.4349
69.7774	336.596
282.119	437.449
183.288	408.408
279.275	432.667
143.47	455.658
261.589	70.0332
385.677	198.284
221.604	376.123
383.993	107.867
28.7377	33.8823
74.239	63.0648
188.281	33.7823
271.405	337.492
432.66	482.475
213.778	74.162
492.943	176.545
489.996	471.953
13.9231	372.38
483.534	186.464
272.783	328.038
68.4277	194.855
486.137	215.171
86.5796	46.1902
95.0405	454.529
498.286	455.185
276.304	323.421
489.93	393.224
99.6959	46.5361
85.6582	84.5178
38.483	60.0605
399.081	455.321
203.501	281.552
347.594	392.788
360.298	445.63
459.124	373.592
472.928	71.36
258.225	38.5994
81.6217	347.902
99.135	483.969
224.321	386.602
154.455	479.584
66.221	2.62316
102.495	56.8546
267.946	120.431
387.165	53.9225
217.312	378.1
252.405	61.0622
288.591	402.21
383.726	16.8023
165.918	245.324
98.2293	145.356
464.809	400.609
294.422	123.654
154.769	177.795
80.7197	482.295
90.4904	24.4174
350.063	109.917
249.295	391.553
85.7546	40.907
393.646	15.5407
363.86	370.208
341.475	491.607
342.043	469.482
467.038	229.487
6.94065	153.045
36.209	389.754
89.8668	364.855
423.299	379.081
180.329	112.97
180.168	53.3951
97.9234	289.269
407.715	254.839
287.267	261.521
182.504	184.693
71.8921	320.719
255.886	371.138
375.066	273.05
201.923	270.903
96.3884	398.636
431.602	455.341
70.7638	341.366
186.509	237.921
240.957	63.8951
54.1887	19.8826
399.373	7.34323
289.792	358.13
457.522	318.051
429.014	74.6944
362.421	45.0179
258.213	439.702
255.643	106.38
237.801	251.2
187.274	179.054
278.992	78.7061
364.68	188.03
344.8	176.752
16.3928	174.019
333.279	454.605
196.962	186.02
268.992	74.1858
343.086	59.391
176.396	17.9952
162.593	473.773
491.08	341.101
143.773	253.057
282.749	77.8018
92.5706	281.294
489.486	69.5289
95.6671	490.259
492.698	283.902
149.777	273.543
309.625	361.412
256.106	109.401
32.4931	75.8554
479.08	266.994
375.423	388.092
172.562	474.562
186.971	279.882
289.772	301.356
144.572	479.426
105.677	394.933
296.984	413.326
116.469	177.132
63.6336	311.749
267.168	57.7027
289.861	138.695
324.798	270.612
225.896	398.294
181.023	469.233
491.606	481.823
58.7026	304.498
374.237	44.8922
376.201	419.733
158.673	488.651
163.07	489.597
268.152	274.277
432.734	66.1144
112.093	270.983
113.187	388.329
351.23	22.8284
10.1816	174.584
400.08	374.657
170.376	31.7329
83.3007	235.762
360.155	30.8433
490.654	296.477
391.06	150.133
118.841	380.081
290.792	461.43
159.517	217.403
197.97	98.049
187.973	462.043
384.722	182.735
494.883	336.48
42.3588	26.3867
257.896	71.2034
134.286	85.6941
476.599	374.178
58.5308	256.477
269.282	485.63
292.901	142.685
351.409	143.286
107.196	266.628
436.345	491.771
99.6278	14.8887
271.728	432.156
81.336	295.144
25.8588	285.895
58.9974	453.53
386.749	302.303
126.573	162.526
60.0742	291.453
429.233	280.168
387.075	384.034
197.007	457.754
207.666	70.039
171.228	180.477
149.721	179.841
250.042	490.759
26.4538	83.8257
269.078	207.907
435.414	192.383
129.149	454.197
260.549	213.126
352.977	361.935
355.665	236.786
333.573	77.4836
80.235	316.524
34.1223	178.371
198.856	467.581
370.553	394.685
297.909	392.428
53.899	281.252
16.5786	85.4003
61.4608	234.585
391.347	479.493
398.559	282.076
259.732	147.159
253.68	220.394
178.177	13.3598
188.089	463.124
90.9279	161.101
100.576	292.936
348.973	384.108
262.305	369.395
468.215	392.31
230.403	68.1464
71.8579	220.323
245.978	57.3853
428.24	292.836
454.376	150.172
478.98	411.163
432.875	364.904
466.685	368.32
385.034	115.065
94.6658	260.347
106.26	55.7652
272.479	310.645
305.729	59.2848
80.1375	152.399
365.085	476.164
272.852	60.6976
268.957	111.012
352.041	200.969
392.347	363.182
409.808	99.9116
36.9726	67.7872
220.068	190.257
26.2927	271.701
328.696	86.214
180.803	34.0585
475.429	456.938
424.501	69.9103
354.804	352.103
425.57	194.142
271.283	345.918
235.53	392.833
256.778	443.464
487.982	183.302
472.976	61.3601
294.641	225.342
37.174	176.213
286.275	414.537
397.923	118.217
294.012	310.413
254.145	294.097
375.535	196.194
252.551	308.208
64.5423	301.822
70.1173	205.493
399.695	404.501
256.052	431.478
237.965	93.6482
245.818	56.1567
93.9209	295.523
479.547	468.91
155.021	301.547
235.702	284.454
212.551	396.095
395.685	299.765
70.7344	482.837
494.419	129.733
199.445	85.349
382.79	351.439
265.255	288.587
2.8039	155.66
151.663	274.464
378.707	270.034
87.2635	80.3497
146.677	76.401
388.339	25.6747
216.791	59.2228
345.823	386.022
419.709	96.7274
28.786	361.228
152.25	450.871
300.043	488.799
465.358	233.441
278.31	469.359
274.044	494.423
382.16	461.697
394.972	260.935
283.189	68.4286
394.787	172.684
87.2135	207.406
20.1287	263.826
105.582	287.59
289.097	294.161
162.455	286.461
274.019	452.759
362.84	133.098
44.9468	372.014
105.324	489.801
291.82	84.3887
149.312	491.779
370.404	135.673
68.5762	473.073
386.23	265.431
20.5652	253.836
435.616	195.917
216.318	86.0086
366.562	267.788
380.851	44.0983
192.225	292.665
281.389	24.3126
82.4418	305.48
199.523	326.742
57.3699	34.4369
344.829	166.752
104.742	184.818
175.449	460.93
206.66	455.142
62.0558	184.328
387.865	306.744
356.382	420.548
51.5473	44.9216
118.705	452.292
23.6387	20.7572
167.428	246.224
278.241	107.295
390.28	480.074
388.378	290.816
299.898	149.83
238.091	298.058
247.319	151.85
57.8828	439.74
3.37648	177.296
199.51	343.475
20.1279	43.0153
259.877	411.561
38.0255	77.5431
59.4482	185.64
367.614	134.598
349.364	383.153
296.487	113.87
198.556	477.577
391.429	99.1407
338.212	285.344
449.673	184.356
465.304	391.852
368.164	261.515
292.002	215.696
425.688	385.549
215.064	456.7
380.595	215.32
462.243	111.596
155.543	445.031
52.9189	114.827
197.987	323.393
98.6371	445.03
184.672	452.603
361.436	91.5438
399.238	151.645
320.257	355.621
489.473	447.003
22.7302	386.278
364.458	360.226
463.489	249.348
159.988	188.924
252.066	495.221
393.559	314.964
339.662	274.842
165.821	227.595
319.338	352.632
208.32	376.353
15.7415	393.43
389.732	406.257
189.243	23.8286
320.914	458.152
157.619	111.83
51.6207	160.883
68.5344	382.962
392.645	450.047
252.207	218.054
416.053	350.422
180.022	34.5557
199.191	173.757
104.635	165.626
195.131	476.442
78.198	210.812
385.247	234.877
489.868	358.184
85.1158	280.623
474.322	175.193
156.03	230.532
155.514	444.171
356.609	268.757
376.611	343.576
92.4703	360.919
283.939	397.725
3.94051	372.97
369.599	159.696
356.219	427.323
264.762	131.056
440.942	161.38
398.938	356.717
57.1466	155.938
126.795	386.142
173.168	40.8764
266.648	385.365
32.003	162.87
117.342	295.737
266.644	259.732
91.909	123.42
116.928	90.12
369.892	336.17
5.90502	391.63
322.227	93.8396
256.342	371.969
73.6956	475.261
482.641	175.721
73.8989	483.219
170.449	153.975
181.581	194.786
312.347	95.3834
182.67	459.322
165.748	149.517
283.541	232.283
10.8305	251.548
467.528	107.037
369.955	439.195
237.789	398.077
195.496	215.16
487.366	487.027
347.479	191.261
121.836	168.757
266.867	54.8296
297.384	267.493
183.152	74.6349
183.319	350.696
250.391	61.5032
91.6749	417.003
264.531	30.2465
456.277	276.465
462.05	116.127
35.14	289.618
362.249	116.752
11.0995	93.7657
170.732	161.561
398.479	111.901
50.4189	95.2154
485.392	288.156
68.8	475.246
292.41	173.361
315.809	357.791
253.191	7.78379
117.75	65.4452
337.894	56.8599
0.247965	152.06
372.321	9.77888
283.64	313.703
3.52698	185.228
170.795	472.914
286.373	288.023
404.28	460.51
3.03895	195.216
291.374	23.9407
7.60146	163.497
173.33	409.332
215.909	82.7567
364.584	375.406
292.139	455.988
297.203	153.418
23.7943	41.8614
302.839	95.7945
425.402	169.238
355.29	179.455
201.979	151.323
257.663	396.172
188.521	167.353
468.083	110.222
87.4566	163.708
356.226	473.724
2.50176	98.8724
467.065	375.268
399.497	165.686
129.072	488.249
422.756	183.215
290.593	281.749
299.369	337.835
211.756	384.274
117.74	169.25
251.474	398.877
465.293	210.436
85.2395	32.4473
289.737	113.749
429.952	179.113
67.4763	488.143
210.857	365.418
296.61	396.701
72.794	442.008
185.747	322.955
204.773	485.41
209.983	462.624
476.292	411.726
54.2852	405.316
302.048	96.1137
416.013	81.4192
453.316	446.629
163.071	444.279
283.769	425.28
70.3447	9.14773
214.751	486.072
467.562	461.299
111.18	67.5929
431.004	69.2246
397.651	290.478
470.304	51.7238
28.8118	281.558
142.257	482.153
367.515	118.145
54.3826	458.619
137.149	181.522
158.241	471.658
30.7587	181.757
369.568	295.025
58.7687	433.303
101.359	73.7281
316.854	263.011
180.836	477.151
366.147	434.466
468.042	291.024
173.396	351.93
130.604	272.243
183.325	409.489
408.463	270.627
179.622	110.754
129.018	395.892
213.323	50.9219
203.425	80.614
450.849	81.5156
104.342	162.324
74.4435	311.999
90.8889	202.131
362.135	382.598
398.09	194.688
151.582	290.409
58.6048	4.8699
287.661	38.8056
293.59	77.2849
172.714	291.334
426.954	290.778
359.296	477.272
478.302	126.205
95.1559	123.599
111.849	474.709
23.7246	21.0259
64.1442	166.902
192.302	7.60439
220.037	367.839
173.68	460.546
51.0252	207.444
370.977	277.857
450.906	138.865
256.873	330.262
290.719	13.9621
380.158	192.53
87.2223	485.688
466.8	221.409
250.029	63.1417
160.061	473.306
342.256	288.531
221.644	478.828
386.667	51.9667
366.671	496.086
493.122	457.256
110.928	71.5009
421.851	257.172
197.226	313.422
44.3838	458.466
186.872	442.848
218.621	181.894
90.4536	48.8652
48.3045	172.623
239.625	89.0561
69.2962	325.075
369.232	55.8197
383.02	211.009
53.7458	318.18
479.897	247.331
286.508	92.8878
96.11	413.166
352.111	259.825
258.291	40.0257
466.709	42.3922
55.5099	124.486
285.188	274.543
192.075	161.6
21.9305	353.948
166.245	192.687
264.776	250.874
95.9645	175.822
467.182	64.9426
464.919	195.017
91.354	138.094
390.757	266.622
324.509	467.484
458.664	330.545
469.881	334.761
479.1	194.622
136.794	386.268
283.624	10.0648
386.351	406.434
308.267	283.625
306.35	274.812
177.331	252.969
313.546	355.252
60.3933	382.881
414.028	372.912
228.659	264.927
14.2853	38.4409
425.65	355.603
349.396	497.711
163.439	350.998
248.637	171.758
365.223	242.156
71.8769	463.073
131.66	456.06
383.068	132.849
251.36	124.917
315.387	299.367
157.184	295.108
382.675	162.886
74.491	384.002
158.458	480.943
388.344	362.701
198.811	26.7339
353.796	31.6431
107.535	187.98
337.686	483.418
470.066	410.015
205.878	361.223
115.679	370.594
490.988	242.709
310.697	452.056
463.003	486.34
102.509	265.512
66.6375	220.843
245.22	258.073
257.118	453.459
190.227	291.997
383.188	90.4611
41.969	13.2306
233.275	250.289
480.174	139.091
70.6301	236.388
267.495	471.145
198.991	262.459
11.9669	354.801
261.676	477.853
252.627	348.471
419.562	274.597
123.897	61.8985
301.923	369.717
261.618	100.549
125.672	71.3171
75.0192	82.0862
281.652	169.286
207.851	271.896
284.226	210.629
354.953	282.355
133.858	285.099
341.61	89.2908
139.146	56.95
206.573	70.9606
361.789	72.2171
465.935	32.4222
415.831	396.076
151.34	273.77
464.23	235.905
318.163	272.394
183.838	279.008
223.484	451.306
67.71	378.532
68.3687	324.076
328.369	286.022
322.058	251.033
361.159	123.064
100.593	490.096
81.6896	66.8975
70.8105	233.922
480.951	69.0222
124.171	459.211
354.634	109.245
273.409	314.231
187.151	385.574
292.249	139.946
293.175	470.679
168.877	187.899
393.775	148.846
250.41	201.791
230.755	288.987
474.99	379.329
21.4698	364.606
167.944	211.453
303.395	97.46
162.216	360.923
488.724	415.749
360.845	400.296
56.0666	165.474
473.336	25.6962
248.083	396.996
42.6184	13.213
452.343	273.4
76.8199	421.227
345.336	82.1307
371.589	363.312
251.102	496.59
240.356	299.446
129.079	178.707
85.4371	142.356
75.9343	204.371
220.726	468.87
275.703	228.148
12.9334	193.767
99.5376	291.079
298.872	8.17099
151.488	122.352
439.385	174.692
494.209	89.8975
149.512	269.034
83.1244	184.951
459.527	328.849
175.367	163.301
251.677	442.654
462.197	307.944
232.49	264.761
163.376	218.128
476.819	116.634
168.079	406.412
389.837	95.3479
184.19	117.705
474.893	252.757
397.973	277.214
34.7345	461.092
251.592	157.094
13.9538	271.692
235.402	168.039
476.151	279.941
87.964	249.017
195.548	240.552
311.329	50.9998
114.655	177.681
395.191	356.756
101.19	474.182
476.388	287.041
358.362	381.32
293.304	141.324
100.834	51.8512
355.204	288.291
216.143	486.329
255.904	54.1567
0.556559	94.5189
157.784	226.387
218.51	169.037
116.64	275.132
395.92	164.261
182.211	123.69
186.525	375.594
91.0279	229.415
216.538	259.008
128.735	487.252
479.542	391.038
97.1391	370.247
121.381	80.4842
294.339	445.074
62.4231	68.2219
216.747	55.0609
475.479	386.331
470.579	217.209
25.7123	456.779
209.899	396.792
83.8376	337.847
484.181	318.395
98.5043	5.38206
256.73	367.666
226.66	91.6041
215.477	287.453
35.8093	66.0763
408.221	290.506
7.75073	19.9912
375.52	409.757
434.686	497.562
124.607	199.782
481.076	321.79
131.639	61.3374
397.078	376.558
59.9591	138.69
64.9348	338.645
425.868	277.805
243.106	475.405
69.2647	189.169
5.04485	275.147
277.786	38.7576
458.52	67.8462
122.765	389.174
473.645	377.006
96.2181	130.548
71.3537	321.071
226.088	197.614
487.887	291.589
194.236	56.9709
272.1	208.19
10.2721	262.138
265.241	8.65773
33.7211	275.542
6.06476	285.094
332.411	476.472
331.698	493.709
357.565	46.0604
454.122	162.826
282.269	436.843
342.423	373.24
461.512	318.066
293.894	262.833
483.011	132.915
326.845	198.962
283.627	389.364
50.6614	220.921
217.86	294.33
22.2635	256.556
429.251	258.164
140.43	162.231
352.81	176.088
190.098	346.687
121.206	482.238
90.0239	467.373
289.374	244.953
106.186	286.147
66.5083	79.4447
280.188	134.924
216.541	375.724
158.642	409.721
351.634	342.619
200.358	385.604
376.798	192.469
4.01197	381.036
390.652	372.299
488.571	489.366
472.648	314.552
460.941	158.847
182.928	208.674
118.905	361.129
362.203	463.646
62.6419	15.9882
225.474	258.585
358.206	70.5293
440.234	94.3187
298.867	11.2675
39.6857	383.634
385.988	242.195
61.4133	303.918
448.872	375.873
20.6162	465.383
208.889	286.453
304.188	456.761
57.2717	114.504
112.001	491.659
455.24	226.285
283.311	350.475
450.968	124.062
301.941	72.1461
143.101	384.325
461.732	297.483
199.019	191.962
91.4412	415.176
474.424	83.2169
232.104	389.12
120.811	396.055
155.653	92.9328
487.669	154.508
368.786	2.08759
182.94	486.927
77.6911	234.257
112.206	473.246
268.231	467.612
498.026	460.85
268.179	260.9
34.8507	181.688
227.087	160.68
94.9067	35.0055
13.2847	190.208
110.578	488.959
362.972	458.76
20.0789	46.4384
24.1492	469.827
479.999	49.2735
152.019	147.291
474.187	404.819
88.5947	189.231
111.362	96.6371
498.576	388.199
21.8732	479.565
145.587	474.971
75.8998	5.38969
168.922	42.3515
17.0998	451.697
162.241	419.051
220.259	495.443
467.338	17.6944
229.042	381.493
254.668	83.7943
248.232	265.231
476.921	340.553
356.495	380.812
379.614	373.219
410.073	351.972
260.613	286.015
494.348	103.136
16.2621	90.2203
284.59	5.37392
90.8787	182.615
149.611	391.916
307.863	495.031
65.3744	270.804
481.959	20.6334
80.9649	210.479
470.514	454.852
283.405	466.751
255.127	154.346
270.762	41.6353
464.921	7.99081
300.067	85.3169
74.8828	335.926
191.351	386.549
381.474	388.09
25.3016	282.913
457.523	404.67
120.693	159.315
59.0479	294.26
41.3637	264.637
410.924	181.293
214.847	395.212
386.402	36.8398
21.9068	173.717
356.347	21.3981
67.1971	453.216
471.57	381.217
479.728	240.656
391.145	300.745
421.781	282.583
365.252	304.045
71.8588	429.134
470.277	493.202
300.716	396.771
29.5699	368.244
340.182	458.317
118.798	63.4163
373.007	270.495
88.5462	264.978
244.172	382.964
182.387	308.921
257.427	258.31
165.02	104.834
474.928	266.88
487.38	116.371
53.0054	103.604
337.511	159.936
270.427	287.955
365.138	250.017
66.0199	407.299
397.388	441.218
177.345	383.615
256.032	156.348
177.046	485.407
171.808	269.547
384.877	386.338
174.575	476.146
145.061	374.518
477.239	340.97
99.6808	71.1449
62.7672	50.1665
321.866	383.26
472.754	450.132
187.306	452.692
324.033	481.93
162.743	92.3478
347.255	367.135
84.9927	224.206
87.4424	263.278
379.021	15.1747
397.878	186.862
49.2902	10.9242
336.114	455.25
157.522	46.6561
86.9466	339.23
491.397	206.666
121.329	380.511
317.565	452.197
375.932	461.373
67.6027	112.727
363.314	497.458
373.905	64.585
179.126	495.187
429.17	388.176
307.899	264.211
157.083	393.147
80.0858	124.109
262.536	405.932
472.944	330.423
194.714	27.5172
385.017	309.546
307.813	258.218
463.905	96.8728
364.483	219.592
463.893	44.0488
22.0057	86.5677
442.446	387.216
98.6604	346.757
371.972	359.169
123.478	352.235
487.472	111.909
125.799	279.396
379.387	237.801
154.321	359.856
15.1416	370.303
141.744	453.767
72.2286	159.254
320.803	277.073
30.1584	485.165
364.461	42.2426
194.668	100.315
229.922	62.5479
345.33	258.427
84.8002	444.808
91.9208	111.111
215.76	186.485
370.93	413.674
221.031	384.351
60.6728	206.718
156.378	386.959
151.367	62.0493
481.836	121.759
21.5943	394.634
389.785	178.188
243.473	383.48
410.856	365.416
383.302	337.831
277.843	240.501
151.667	358.289
56.7358	336.688
61.177	19.316
81.2803	21.1246
351.978	172.203
398.195	467.355
398.303	116.504
385.904	387.571
102.91	51.0095
136.767	174.936
299.169	471.085
166.268	62.2129
173.806	93.151
415.028	198.97
374.732	379.872
92.63	445.849
424.686	279.667
22.5571	395.247
13.4411	154.648
3.19772	294.675
208.613	371.174
228.02	153.023
54.722	118.274
465.931	39.5166
415.243	283.887
452.845	480.812
223.979	268.644
462.347	202.477
82.0758	303.053
429.836	190.326
497.667	441.271
487.559	203.469
461.866	284.214
458.921	303.322
91.503	356.468
257.389	102.908
363.745	20.3485
30.3151	65.9524
189.181	187.478
30.6234	298.54
39.2804	65.359
250.915	483.135
298.671	396.056
386.665	69.6317
438.693	90.2306
77.9694	65.1242
480.127	122.225
54.4706	205.18
64.1642	301.935
126.249	84.8972
393.686	2.51818
97.7323	80.6145
368.503	344.035
172.346	68.7124
283.558	475.931
496.133	62.0581
373.329	217.149
179.024	292.54
126.173	458.405
242.65	392.859
218.339	387.942
409.334	279.691
424.482	269.706
63.3579	132.047
54.6495	219.225
427.712	276.775
268.89	487.711
173.53	13.8966
410.331	95.7089
358.449	82.045
430.873	188.448
2.03219	355.941
478.661	433.585
138.992	487.383
136.163	270.892
190.841	380.518
370.896	111.02
65.6677	48.1601
159.381	181.919
422.256	93.115
102.424	489.567
114.819	154.707
196.744	341.945
480.646	381.963
389.727	83.0623
109.657	284.436
382.806	265.878
302.572	287.195
359.346	312.115
345.547	365.739
77.7061	267.673
233.639	51.8863
455.158	10.1559
75.1335	382.69
470.62	454.274
20.7269	79.423
449.665	286.373
81.0929	63.1005
36.6881	477.591
477.666	165.274
150.249	272.104
470.634	141.639
407.441	181.491
98.5594	235.993
330.814	459.066
61.3633	192.283
231.467	285.499
313.786	271.478
318.923	93.8729
120.647	194.583
460.886	5.70545
91.7499	330.46
443.77	158.08
160.853	92.5879
442.406	451.108
75.7346	314.135
465.481	318.296
492.03	456.916
53.3031	106.878
375.691	349.874
19.2551	72.862
32.3449	276.649
315.562	485.066
50.7293	162.031
306.843	94.5684
97.4227	28.6895
321.405	453.509
160.625	214.28
277.642	293.179
393.089	319.548
183.176	248.537
280.603	294.774
191.702	389.984
181.247	418.99
2.30795	162.671
305.672	394.236
193.794	222.628
169.829	459.989
321.173	177.61
35.8261	66.8779
359.1	364.826
499.941	296.27
486.963	286.535
121.776	179.648
344.716	73.2898
32.9167	17.5209
380.894	152.223
293.46	178.209
191.996	305.079
276.117	9.53029
293.482	409.25
226.613	77.2683
232.811	364.776
411.442	393.729
64.6242	68.6043
110.231	89.0203
341.584	286.776
95.4089	377.821
276.865	356.373
178.654	428.649
262.325	244.517
215.76	82.6255
393.931	475.926
479.651	21.0932
300.615	173.207
156.789	447.519
112.515	269.729
92.2163	268.462
395.874	314.718
167.448	410.811
499.69	101.336
142.995	490.804
463.194	387.629
162.733	358.041
249.886	182.586
78.664	153.315
356.455	414.392
394.036	113.304
122.953	388.358
72.8384	236.605
164.865	428.701
390.63	230.063
497.227	410.485
191.572	392.914
398.76	231.86
72.8557	488.279
312.319	286.512
329.287	460.986
499.589	349.489
139.651	282.962
233.424	259.997
248.564	55.3086
152.244	302.318
172.615	257.49
9.30077	83.1132
265.797	397.085
481.389	42.3018
356.998	127.567
15.6333	262.361
201.5	198.62
439.983	458.833
470.854	317.007
299.463	114.554
243.677	498.534
151.348	351.703
277.904	82.2052
394.247	471.606
251.344	469.737
98.4576	78.2264
174.984	80.4052
176.84	243.889
255.827	372.154
413.522	62.4698
62.9789	203.827
257.936	434.794
491.294	329.653
206.983	382.858
293.444	338.444
476.049	161.577
151.818	375.195
242.985	150.662
393.49	60.0214
269.046	84.8268
110.496	87.4667
130.844	461.368
192.278	292.535
72.1409	189.35
130.03	292.148
154.987	42.3162
191.294	37.4861
68.673	35.1785
131.207	258.185
287.053	353.093
257.225	429.189
274.659	393.282
483.619	22.1683
242.855	186.532
105.102	251.437
361.175	102.164
87.516	323.469
328.358	498.437
263.453	415.487
144.74	278.728
415.92	91.8355
394.877	27.3118
470.074	482.741
364.883	268.224
395.243	434.839
455.313	52.1124
403.929	479.172
272.041	266.14
164.849	104.944
192.573	405.129
36.6956	60.0204
483.142	338.08
218.871	96.874
297.098	423.092
174.347	378.672
281.802	242.681
165.573	217.275
209.254	372.735
470.955	332.782
69.0702	407.067
217.746	59.9723
245.507	190.732
353.423	333.638
187.012	71.9954
61.8572	191.155
227.849	476.92
247.516	491.544
247.915	187.787
463.38	142.431
215.179	79.0149
234.202	495.338
251.649	230.186
376.951	214.777
359.618	269.038
168.055	34.5497
357.01	48.6051
18.0221	156.593
231.756	352.737
357.039	184.071
57.7415	340.448
468.515	235.403
365.554	9.99834
63.0231	262.107
38.7822	48.1331
187.893	263.504
192.59	157.126
51.7701	468.271
341.386	462.416
13.2187	64.8895
150.064	309.889
98.4331	141.758
255.934	293.203
204.595	157.155
466.863	322.841
98.2579	414.044
406.238	253.9
115.877	476.544
177.976	56.4446
257.852	359.401
165.181	341.151
370.741	220.613
201.843	192.809
423.35	60.7188
62.5877	368.704
346.249	380.312
133.933	280.045
242.342	391.312
371.855	288.775
443.45	493.73
463.427	38.3115
423.302	474.86
351.437	98.9572
183.965	320.177
274.273	207.656
203.453	489.058
444.738	485.261
357.427	383.724
260.689	231.441
253.738	371.569
25.4938	62.4318
248.354	52.5488
280.156	31.7328
350.325	379.674
61.5411	191.757
347.155	360.833
30.4379	191.752
168.902	451.486
226.579	90.6421
387.56	401.273
284.172	132.84
228.283	459.603
191.193	112.72
297.507	33.2676
293.436	132.054
189.178	248.48
491.491	285.594
469.662	237.288
319.214	259.734
247.508	253.74
278.12	146.961
165.842	27.3904
44.5518	44.6275
467.313	232.625
380.256	5.49095
462.165	243.975
225.368	158.747
279.3	488.52
253.022	156.178
117.263	262.751
265.804	266.067
96.3879	220.973
261.908	456.371
485.031	272.315
473.036	129.482
39.164	489.512
364.549	230.289
5.95797	58.0133
471.986	211.922
283.904	285.528
105.028	286.72
186.207	258.391
395.237	329.314
157.362	478.874
4.83553	275.35
199.272	118.614
243.668	178.06
467.063	351.633
351.173	317.877
375.89	279.112
92.3368	456.674
351.786	480.326
369.66	310.604
423.462	181.032
18.5254	361.959
126.544	86.7357
158.497	295.548
262.679	17.8133
83.5054	3.15832
128.44	492.626
97.6054	70.3872
270.257	223.873
365.279	101.028
202.677	399.386
462.88	375.06
43.2116	392.526
435.294	74.7072
280.146	450.674
252.94	359.919
272.055	329.95
468.523	91.5052
276.775	418.379
193.232	319.442
336.467	363.042
305.754	450.636
375.781	204.464
78.946	169.094
342.238	458.023
79.5045	81.7252
472.706	266.875
151.792	434.889
317.033	184.457
199.943	456.121
38.7397	41.2552
54.2188	407.809
470.618	446.402
371.442	392.188
59.1039	387.271
272.025	482.984
478.912	89.7761
176.155	240.73
185.762	415.174
303.09	56.6335
52.0725	156.704
212.434	273.18
43.0523	359.126
168.912	213.603
459.456	259.27
460.216	154.875
392.283	235.65
451.999	480.347
367.427	326.478
453.036	178.059
283.784	136.889
485.904	420.631
397.509	297.033
296.314	311.453
477.125	106.441
276.247	226.903
94.7051	112.631
431.186	199.048
193.974	196.568
97.2157	424.609
410.435	475.468
436.983	471.134
233.572	176.797
48.3243	491.148
14.8144	76.5681
459.66	15.43
439.111	154.742
286.139	336.175
89.588	35.6388
302.829	199.631
494.973	166.753
244.062	475.709
451.632	467.289
160.38	313.901
284.256	127.531
313.007	259.073
454.621	349.046
122.563	256.677
78.9283	377.792
133.167	456.422
55.8575	204.792
69.3903	266.31
271.643	261.435
53.1954	159.199
18.6546	185.863
381.296	66.397
447.022	83.3308
450.358	118.511
73.3113	400.046
163.012	425.858
298.104	227.493
482.173	277.083
141.935	491.249
395.12	300.504
279.573	368.158
347.775	159.591
46.3304	353.706
359.706	230.623
457.1	373.744
19.157	87.7573
260.111	487.594
327.969	251.317
281.593	167.282
294.114	480.352
11.0967	44.8359
389.245	23.0613
98.839	92.7091
372.217	266.89
1.70021	174.954
345.402	481.572
108.829	181.2
478.516	398.107
428.765	389.965
487.621	249.775
182.077	350.595
83.7664	250.058
48.122	56.3691
403.788	181.371
133.923	196.599
388.031	374.617
240.368	398.947
35.2215	389.935
371.671	120.746
353.497	43.5784
181.374	432.301
468.638	457.652
281.118	300.441
459.2	257.578
171.927	432.996
361.588	463.147
253.057	330.213
97.3647	409.531
67.4463	195.505
81.4817	211.274
94.5447	71.4908
473.037	61.4251
190.01	108.101
66.7799	417.524
458.342	165.161
307.147	367.164
44.3553	451.24
457.17	383.816
80.5808	295.555
229.973	78.2063
5.01058	68.6301
475.02	267.512
108.839	280.822
458.028	288.78
493.699	295.796
124.406	68.1974
127.821	152.915
287.833	293.406
185.155	494.342
99.2597	163.942
12.332	268.333
246.816	92.4953
497.949	451.741
490.962	427.078
344.214	56.826
63.4425	90.3339
417.27	392.023
325.077	287.952
219.996	499.178
452.544	330.059
233.794	264.24
40.4582	474.954
164.602	325.487
277.924	338.938
178.845	114.154
439.411	375.089
192.743	10.7656
260.93	138.579
464.703	452.783
374.778	291.281
366.8	331.513
197.399	396.567
236.826	82.2716
163.621	331.493
490.934	133.697
257.208	466.567
400.475	493.503
284.032	142.05
494.752	75.6613
151.35	182.619
279.933	9.18424
237.746	276.76
289.988	321.43
134.391	456.925
111.803	473.279
16.8061	354.333
12.4549	35.624
351.832	414.119
58.5397	172.201
253.638	218.867
255.147	131.314
271.966	11.0822
17.6332	386.408
64.5536	149.22
460.292	420.066
369.955	52.579
381.371	91.248
278.445	354.816
275.629	225.997
39.5444	76.4136
167.717	112.477
251.767	114.578
249.68	89.6743
471.051	422.093
191.916	446.789
281.948	270.776
364.792	296.889
34.4912	74.7386
55.8126	93.0292
378.758	166.661
169.499	59.4773
407.786	54.2485
280.993	56.8459
350.046	70.1837
132.19	183.51
25.8399	271.819
308.293	62.4495
40.2536	463.478
257.375	396.282
253.728	151.029
172.018	496.823
383.572	484.953
497.356	152.024
97.9835	90.9772
87.6591	9.91963
95.8838	188.635
358.776	36.7492
481.641	86.3254
380.267	22.7847
202.945	376.923
345.303	261.239
268.337	174.389
374.55	353.463
481.016	339.976
292.295	140.875
39.8579	175.26
371.933	59.6694
476.752	386.706
175.819	266.45
335.997	495.521
244.625	482.682
181.477	359.171
268.441	50.8853
456.166	180.917
384.175	248.241
57.3491	464.102
123.31	384.521
378.687	179.628
146.248	487.947
73.1943	476.303
473.684	303.375
254.825	210.794
462.71	207.027
161.982	393.149
169.058	436.453
192.166	422.289
76.4764	280.481
397.182	284.696
330.205	359.989
161.361	235.974
163.371	10.3541
17.2339	97.2775
194.371	265.072
197.833	473.998
489.816	266.944
283.325	431.045
287.056	337.553
269.616	416.408
267.092	140.396
23.5444	492.665
361.102	57.9392
255.315	185.647
416.463	462.372
89.1415	187.222
185.334	67.7212
263.599	446.128
184.692	422.423
114.566	390.055
137.759	480.304
478.36	15.9972
162.893	247.013
469.533	374.897
252.8	367.944
364.009	284
362.312	132.542
429.099	54.1269
70.4897	110.341
60.5162	452.616
70.7852	38.1621
28.9212	175.906
422.25	170.886
395.023	255.9
201.589	259.822
352.166	164.198
153.681	215.17
472.104	252.954
383.267	250.516
108.512	464.623
493.658	329.933
238.939	92.0866
357.564	459.659
157.74	391.743
274.448	395.521
160.571	260.782
408.009	471.303
449.175	257.72
248.786	71.245
297.069	130.321
275.173	295.198
263.09	187.229
425.111	296.16
97.9698	339.39
391.017	361.069
459.085	470.872
128.897	64.0385
259.377	66.5048
196.533	415.458
62.5819	229.546
290.324	43.3257
61.8722	182.677
10.8427	159.296
322.287	354.976
291.599	408.1
54.8863	365.474
7.51535	366.843
338.503	372.644
31.5359	172.603
387.487	232.406
89.9618	260.251
492.941	409.282
355.653	401.249
492.37	141.52
373.627	252.748
40.9954	17.4283
449.586	268.145
281.055	446.272
325.5	482.745
233.819	286.033
107.971	151.636
3.75115	29.9771
114	369.362
3.01996	198.447
493.213	316.565
387.276	263.234
205.847	261.726
414.551	377.452
488.231	240.949
182.534	247.273
41.2227	150.796
290.696	340.683
282.336	14.7263
378.235	426.938
174.532	316.202
474.31	314.247
261.491	152.233
485.066	133.686
154.549	15.8145
125.729	290.088
80.9088	472.876
386.486	35.6706
401.938	278.865
398.198	323.199
81.4798	113.932
22.1889	268.422
238.605	373.621
270.72	348.189
204.802	74.3596
165.427	374.152
107.274	263.081
63.1034	336.035
292.548	75.9522
473.502	19.2921
454.87	198.684
488.406	375.655
456.493	63.7435
178.582	60.7255
265.846	490.643
155.036	421.726
285.224	94.363
296.552	495.127
111.275	383.808
398.182	370.536
486.913	123.297
160.446	8.81753
220.752	71.3475
498.004	470.801
244.011	466.383
488.793	206.184
360.42	64.0451
58.3126	66.2176
407.556	157.023
18.5605	168.125
211.853	482.73
64.561	172.033
301.875	276.855
434.122	279.727
61.5124	52.8042
323.535	369.573
465.25	197.361
155.304	495.353
162.966	183.126
373.141	469.071
175.718	258.671
265.835	377.227
307.103	183.272
265.009	128.034
66.8405	168.283
291.282	408.976
50.0289	434.629
366.832	290.192
271.007	8.45506
92.689	380.322
151.947	386.702
227.003	198.83
49.1865	169.55
484.21	271.061
96.1105	303.331
265.577	124.196
395.604	196.546
44.5677	43.1239
83.6231	315.878
76.8321	301.322
492.057	276.276
351.54	36.4288
70.076	331.832
251.299	190.37
349.108	481.883
499.9	388.306
364.184	177.228
283.812	210.962
34.0784	395.351
187.445	216.606
492.17	158.723
484.128	72.8099
127.294	90.1266
288.376	183.458
401.556	385.5
230.323	167.029
129.87	172.581
397.627	215.665
288.993	24.8976
224.729	492.869
61.9172	346.602
86.3232	257.773
337.127	350.198
370.598	378.795
265.807	314.317
400.614	163.587
154.558	492.704
361.894	237.577
499.723	97.2484
160.892	75.2342
378.049	435.187
116.27	385.84
76.5259	400.18
67.1701	164.911
448.132	368.416
182.368	160.371
287.422	154.173
57.1607	32.8888
283.172	310.658
158.191	437.659
180.164	86.6014
72.7575	228.815
56.7716	172.607
339.184	482.602
409.334	150.809
465.625	414.578
477.125	166.282
227.234	461.738
363.215	316.2
318.185	189.107
453.905	136.484
358.861	416.32
32.2631	272.92
296.875	367.523
80.1484	11.0055
422.96	396.994
477.776	202.643
148.446	175.287
178.934	440.007
488.218	337.658
403.502	264.034
364.459	378.212
63.2455	23.7537
266.14	380.983
68.1502	375.686
418.493	477.852
27.9152	457.746
153.674	416.596
286.629	450.006
154.204	135.655
77.5245	145.726
150.169	442.472
426.552	265.478
359.629	343.906
89.5489	478.984
183.383	426.541
85.2509	251.489
476.066	234.837
67.9892	172.241
117.548	50.0968
336.589	84.1409
247.711	493.806
450.096	208.693
336.496	172.743
306.912	190.077
248.531	389.85
216.526	290.372
191.192	244.926
154.139	65.5371
54.8586	334.216
413.946	70.778
355.809	352.087
216.888	73.2782
53.1862	15.7665
17.2935	197.38
191.35	118.043
300.638	79.7083
376.672	286.808
491.122	345.761
79.1579	363.733
356.801	326.189
220.838	190.334
99.0359	171.059
321.277	265.875
278.481	58.5225
23.0558	28.4307
91.8933	399.133
97.9934	352.36
151.515	70.366
456.718	53.9411
282.474	143.742
64.9957	483.132
80.4587	10.6668
392.034	195.449
273.33	497.18
481.173	30.7442
47.9697	155.316
178.556	208.229
196.282	179.842
200.265	388.787
491.079	15.5091
354.777	173.553
91.8031	136.417
217.411	162.781
461.978	376.766
242.047	370.486
152.186	477.408
159.93	152.341
99.9829	189.663
290.046	217.845
285.587	48.917
267.467	469.972
222.854	392.704
266.333	406.386
112.868	274.268
53.5155	136.88
150.214	129.442
376.177	403.044
225.129	66.4925
293.871	242.392
168	205.638
278.246	313.239
180.599	353.617
174.038	161.591
99.4304	176.573
407.5	187.972
257.151	494.107
87.439	64.6667
182.08	471.474
92.4784	367.606
381.646	259.789
357.786	231.23
450.325	374.569
143.392	357.346
142.605	361.729
281.466	10.7151
298.949	269.135
152.855	387.576
69.7219	165.146
255.896	460.239
82.6134	84.3178
358.624	118.19
372.401	45.4309
497.97	98.0419
374.065	471.622
61.9682	163.742
63.692	300.017
24.4126	19.2293
288.871	306.52
99.8363	368.587
15.356	150.452
357.915	31.5574
212.857	385.622
413.695	371.29
200.936	399.331
165.474	261.928
173.832	232.719
190.607	99.2183
222.152	395.051
465.105	71.9836
488.324	432.15
458.424	11.1098
12.4619	61.6174
487.606	148.345
368.217	141.302
165.856	17.7776
124.455	362.444
383.206	7.45028
133.351	457.807
109.117	280.062
495.444	225.869
87.4342	344.799
367.112	96.4624
351.298	64.8776
280.479	33.1074
162.78	396.287
95.9793	126
61.768	434.202
165.192	397.637
443.857	361.728
136.8	72.7272
390.402	384.508
403.645	90.0011
263.018	181.866
44.5966	267.329
9.08515	196.576
176.035	493.564
153.127	322.678
374.939	96.3157
451.929	133.951
206.897	457.356
275.06	358.593
79.7757	102.668
94.2594	379.883
359.8	81.4567
262.7	88.8195
86.1405	254.618
47.0561	8.59375
498.752	245.861
21.211	483.4
375.685	304.057
316.136	291.529
268.063	62.1316
257.377	51.4425
175.976	367.475
393.724	284.713
493.962	177.511
409.51	380.549
304.817	283.107
61.7829	431.88
69.3132	186.386
340.799	263.041
493.246	247.616
389.523	89.8195
253.109	49.8484
284.507	467.214
22.9657	379.749
380.416	250.555
227.54	57.4972
326.359	284.637
83.3551	217.191
354.461	354.312
454.882	38.1175
173.284	330.512
176.53	379.227
334.858	288.487
62.2286	180.818
75.2517	296.425
370.135	315.674
324.871	93.2005
407.359	465.883
87.6217	434.02
379.37	77.7209
319.679	173.843
74.2936	443.214
150.877	489.648
197.642	366.895
309.095	393.056
16.4176	254.79
142.762	266.883
62.1337	361.579
485.353	363.915
496.432	448.83
398.659	289.918
85.4412	192.126
125.413	494.349
166.193	401.485
390.668	459.165
108.934	457.047
296.965	68.6387
428.09	298.193
145.423	465.238
271.933	89.5716
280.037	482.01
443.877	294.88
175.309	194.562
226.607	460.969
366.83	99.2961
80.9136	145.529
253.328	266.846
295.379	325.408
415.818	63.12
486.092	296.34
12.5409	153.131
362.191	232.822
373.398	139.559
262.535	347.088
491.131	381.01
195.176	205.715
433.371	78.0613
475.897	301.004
231.998	363.804
267.027	429.868
497.237	205.561
284.538	32.6894
209.772	482.976
353.574	413.206
403.024	367.242
311.298	262.266
77.5584	170.911
481.624	114.799
94.0748	70.3148
265.543	489.821
64.9087	279.273
54.9998	387.782
357.596	148.291
161.299	445.816
73.6507	146.829
391.698	489.042
496.129	109.314
272.756	88.9805
269.682	126.418
463.197	269.408
156.975	103.161
389.173	122.926
407.221	484.181
11.6975	461.039
149.29	174.8
351.902	44.5669
399.83	450.765
304.719	297.811
484.251	54.831
191.649	441.909
269.939	335.833
171.896	83.6635
462.747	79.1984
252.163	259.188
258.102	298.588
386.756	230.941
89.4551	191.469
296.154	74.77
445.523	64.6972
466.681	154.87
294.32	24.1564
129.42	487.868
392.741	27.8956
356.987	346.773
203.46	466.391
93.304	442.164
254.763	475.014
87.4311	303.111
28.8222	366.114
450.508	256.974
41.9802	179.715
181.258	33.9207
408.326	165.393
264.631	322.915
335.377	496.372
355.561	254.63
482.086	334.914
65.5434	492.938
320.761	382.894
179.652	102.402
137.605	155.4
188.857	411.799
75.6301	13.3222
157.162	345.02
258.55	16.3737
227.415	76.6386
454.753	443.245
355.917	434.787
450.074	249.917
432.812	479.939
170.008	67.8325
134.432	184.65
478.676	476.813
484.344	356.723
207.992	184.065
401.773	258.335
148.924	266.98
51.604	427.993
56.1577	458.969
134.828	280.817
200.252	366.214
240.707	289.685
222.959	473.482
496.42	242.104
270.337	460.231
162.903	145.67
215.431	359.768
413.859	184.502
176.19	303.242
482.014	449.978
34.3175	82.9037
102.01	264.029
131.454	496.624
322.496	469.457
298.465	488.632
256.14	14.7106
169.612	397.006
459.935	24.0163
341.539	98.0574
203.351	64.3425
83.2517	398.39
475.098	158.623
281.906	390.941
123.522	472.961
444.296	87.5804
355.597	499.028
375.416	491.613
202.687	170.308
452.587	26.177
303.594	91.1113
111.396	92.1737
175.994	282.863
303.418	466.791
146.008	364.398
288.34	185.269
257.1	47.2606
361.161	466.316
233.081	393.21
200.145	82.0439
309.247	251.057
374.109	200.445
110.778	85.4615
274.129	309.086
153.761	136.12
454.056	205.018
164.82	177.664
228.216	373.555
484.845	461.426
174.351	161.492
296.073	347.491
464.757	38.1384
262.837	27.5385
47.5853	354.721
357.906	461.191
216.703	174.692
370.284	374.823
101.513	281.786
264.089	52.1293
269.835	159.482
457.163	291.952
455.758	291.526
472.304	94.5485
496.918	276.484
261.399	377.815
373.8	478.288
465.56	56.2801
39.8338	58.586
396.531	175.432
82.0068	202.102
463.802	399.058
85.6091	472.522
399.134	19.5835
27.1262	39.3506
17.4713	473.321
213.228	383.139
151.688	46.771
406.498	259.071
385.814	297.122
293.355	157.661
88.3231	397.402
117.475	472.3
499.693	287.321
85.0255	134.921
338.772	95.338
281.735	446.894
193.57	334.976
200.109	189.43
434.261	297.455
217.496	360.188
463.851	326.291
402.354	167.621
165.412	204.332
376.35	202.874
27.0569	75.1305
384.206	424.554
294.359	491.055
117.08	472.718
189.474	105.593
99.4102	302.24
372.409	223.323
298.134	157.024
434.389	95.1017
428.563	199.303
482.248	45.1109
62.4261	183.334
489.828	8.98625
183.925	251.78
8.74684	88.8902
291.823	311.578
378.244	353.734
258.222	253.728
253.986	219.926
314.5	462.523
467.917	253.448
396.542	15.4855
16.2223	351.915
168.848	483.485
386.931	75.0061
60.9572	93.2488
81.755	338.768
357.501	373.063
232.909	468.397
90.7254	18.9071
362.683	493.322
400.057	155.096
219.096	292.191
243.721	496.813
152.811	285.068
477.856	172.99
236.937	93.4374
356.72	433.897
112.367	64.6488
70.8978	195.026
497.362	260.381
323.923	381.49
460.669	36.3601
497.586	98.8725
139.652	387.389
246.2	195.99
299.013	398.327
160.039	132.303
167.589	434.628
298.533	67.0818
443.737	264.016
325.086	261.527
57.828	301.452
359.884	311.722
471.026	41.2179
399.408	232.146
170.936	29.9464
205.294	370.376
54.4229	398.341
106.109	163.348
439.501	477.939
316.702	450.714
18.6087	151.211
5.69985	355.871
276.988	371.602
491.126	114.981
431.75	382.189
270.979	14.7005
247.458	375.076
67.4119	498.833
287.362	257.602
299.658	1.50288
373.717	324.022
369.299	41.1557
348.652	161.86
47.2021	270.731
420.807	282.414
465.512	213.644
334.537	94.7234
183.844	446.913
56.8225	486.547
97.1982	413.598
377.727	201.822
383.13	450.213
57.4467	97.9977
98.8579	360.35
361.996	168.233
280.794	218.827
373.118	456.928
4.94864	48.8359
497.316	58.0014
190.218	262.385
236.784	264.675
406.733	360.334
386.323	277.763
490.206	288.239
252.695	312.934
224.586	394.511
324.374	258.289
460.935	85.3566
174.03	215.215
224.723	150.582
482.777	66.8514
394.66	191.748
472.7	160.314
472.755	428.75
85.3818	74.7328
278.332	210.834
327.527	159.371
154.92	96.668
400.104	277.755
11.9431	80.4275
458.25	372.992
330.011	350.416
226.229	176.16
150.188	487.661
219.399	87.9629
460.163	1.07702
176.326	420.877
95.7113	10.1557
77.5575	48.0252
178.916	122.335
226.551	194.531
440.452	372.172
191.708	428.104
85.4177	58.7471
148.305	277.186
455.902	425.285
217.802	77.3766
352.575	183.642
5.27453	380.763
68.5679	19.9683
345.748	97.5221
426.438	287.059
154.067	442.572
458.684	251.895
303.466	164.349
112.715	391.752
431.699	362.809
103.187	266.038
207.506	483.057
156.528	384.008
296.503	406.737
210.699	179.612
226.494	87.5917
130.443	193.928
360.333	245.644
267.699	352.156
487.68	375.508
373.467	248.489
315.806	474.103
128.074	376.717
380.521	63.9513
210.897	180.213
480.724	111.902
494.228	253.559
62.8716	236.359
137.836	158.34
266.456	173.151
102.659	197.493
232.647	359.896
457.497	454.733
280.526	243.112
105.137	186.956
451.627	399.544
43.842	475.723
266.259	367.386
193.448	399.626
154.69	342.381
176.338	169.563
498.568	396.811
193.913	261.266
169.854	44.6246
39.3213	385.748
82.723	164.767
285.695	415.308
77.3604	35.3608
96.5172	309.525
465.025	404.527
72.0608	134.35
131.853	274.811
119.897	463.396
46.2754	250.166
140.867	472.001
280.303	481.635
496.649	207.04
36.9812	471.626
172.121	252.214
208.969	292.374
383.794	344.454
142.832	93.9128
215.771	292.074
389.282	331.811
287.176	467.182
22.3693	199.234
124.325	374.596
449.362	251.163
179.941	450.825
269.851	413.384
271.137	188.607
143.87	387.062
498.695	476.229
149.982	67.8811
203.376	370.829
122.723	294.714
393.248	221.723
108.893	153.281
497.623	261.108
49.7737	475.685
357.184	41.9566
63.3855	274.021
42.2523	25.3986
289.787	387.95
174.249	69.3319
126.765	94.661
16.2948	471.859
102.757	494.795
153.153	276.617
28.0537	8.783
176.362	228.075
261.625	331.214
220.617	172.133
121.837	473.727
152.956	121.789
159.548	58.1066
462.499	162.828
476.77	460.395
128.749	259.125
367.701	296.869
35.3925	29.6231
92.3321	369.745
285.282	15.6625
454.271	86.7509
67.5216	211.59
155.329	256.064
232.34	51.047
9.64058	63.9031
250.381	93.8389
174.057	125.213
492.165	132.089
12.5948	488.476
267.64	234.211
341.876	159.104
487.031	43.2301
190.339	391.447
213.849	52.8631
375.891	64.3046
239.778	471.466
214.123	93.1428
297.411	469.492
235.195	389.207
396.447	434.212
189.11	374.842
30.648	277.28
479.645	383.104
65.4412	291.114
480.883	183.967
298.029	420.165
336.127	462.581
54.4676	292.456
194.709	74.0516
50.5497	299.556
280.112	26.3973
77.4594	391.003
61.5458	161.097
372.748	489.618
433.734	190.098
350.771	251.246
142.361	77.0554
395.528	423.881
360.876	471.974
261.503	130.478
95.5056	293.509
174.115	1.35088
343.186	187.107
371.445	121.45
186.908	486.429
292.798	14.1731
480.993	43.8076
455.101	285.724
252.419	449.116
150.318	173.432
35.0418	31.8925
499.477	425.044
391.924	46.0593
228.532	466.462
107.274	85.5771
93.0311	194.769
397.752	235.388
68.475	302.816
481.099	227.229
373.799	15.6999
265.922	415.098
104.586	92.0357
217.955	384.137
378.173	295.907
470.789	65.7173
173.526	69.5704
24.1391	360.265
474.822	273.081
15.5526	268.619
272.369	157.891
184.244	244.691
376.034	370.214
361.37	276.113
133.241	285.156
200.731	257.432
92.1956	145.472
397.259	426.14
129.501	75.6175
81.4689	310.5
22.8426	166.601
451.743	389.645
488.897	343.021
466.558	173.222
192.24	454.96
65.7397	422.599
190.771	360.743
461.062	7.84624
318.277	253.37
274.161	41.7869
7.24704	258.542
493.542	386.277
151.662	89.7482
360.993	89.9723
270.781	437.661
336.21	357.489
174.289	303.544
459.708	91.8182
351.563	306.823
281.616	118.993
491.72	366.378
79.1098	496.082
181.616	104.193
432.307	376.439
55.3016	313.132
482.409	280.407
379.969	201.111
259.108	434.803
16.957	42.8335
387.706	201.096
98.613	367.196
151.176	450.929
67.411	26.6077
206.369	184.153
56.644	458.617
457.997	282.886
335.2	289.884
240.616	176.464
53.4827	490.605
353.154	46.7986
227.553	50.8343
288.888	153.051
64.8328	187.154
132.693	72.9948
303.01	291.4
376.061	112.625
293.132	318.955
246.433	171.611
307.965	50.7174
496.06	189.196
354.442	322.972
494.876	406.569
449.35	496.791
56.1908	460.287
394.982	282.273
384.082	314.695
63.4165	137.472
240.214	457.459
392.144	291.899
379.786	213.198
369.413	359.877
377.153	379.488
399.3	468.952
388.308	316.295
398.131	248.683
140.692	70.2529
64.1983	435.424
97.3577	22.5008
38.9626	363.508
467.497	285.44
75.38	51.2188
254.086	354.132
186.253	96.5456
489.111	205.023
168.173	483.771
499.582	59.6332
367.583	64.0136
488.928	1.75472
298.133	382.187
488.53	319.291
296.18	271.838
124.322	360.919
242.345	481.834
471.437	388.53
275.581	272.739
370.806	341.505
10.4093	189.568
327.52	257.815
115.543	355.595
66.4971	207.874
344.622	192.692
259.163	376.69
22.6558	80.9193
476.092	347.658
385.713	169.062
479.857	299.347
484.445	36.2435
142.58	276.973
165.088	272.857
293.755	15.9032
268.532	369.989
474.505	192.673
87.5362	234.674
444.678	95.7359
319.001	154.145
410.408	192.518
366.049	167.563
367.838	25.2638
222.686	474.808
60.5905	287.154
320.217	82.6498
84.7398	279.223
380.555	204.876
158.727	416.245
76.173	326.26
263.77	234.402
440.663	169.816
179.05	337.777
256.796	480.139
205.33	497.276
425.645	52.089
292.865	19.3949
295.213	269.211
484.236	331.189
296.831	230.745
453.277	211.834
355.715	70.6648
350.4	289.266
455.799	52.47
394.605	439.657
49.3454	452.336
356.321	14.527
470.216	386.029
74.244	148.272
296.63	83.7067
477.686	245.992
376.07	71.1251
368.523	144.736
255.205	335.65
290.761	232.523
360.265	192.737
113.604	364.91
81.7075	75.9264
65.3822	123.235
373.56	125.721
190.631	338.886
359.569	11.9651
64.3291	397.194
282.011	39.5997
400.363	260.952
52.6435	128.848
247.053	353.807
341.125	251.516
272.805	63.4658
222.33	391.682
482.989	396.319
70.7688	128.805
110.724	299.16
173.502	476.388
299.596	198.582
5.16271	69.184
370.005	478.745
155.613	243.108
460.084	39.0604
90.1717	289.294
371.824	30.6327
48.9137	170.243
254.865	343.104
184.756	298.053
149.708	369.098
93.898	196.375
186.755	96.0223
384.99	78.3372
438.119	455.424
373.249	263.52
176.134	183.372
91.8806	256.043
218.498	352.541
341.96	269.402
360.302	202.712
422.246	198.288
273.178	360.894
197.964	476.764
379.787	128.945
429.426	157.225
371.011	432.319
165.858	15.5404
295.736	50.0981
146.832	94.7465
360.439	83.6038
418.667	280.557
387.833	439.998
263.503	408.328
74.6143	58.0202
268.809	472.765
470.34	286.108
168.303	18.1445
360.771	333.598
387.315	150.591
283.198	351.362
471.164	484.539
76.6657	144.494
236.705	478.561
135.691	91.9189
397.407	289.03
384.987	409.764
362.305	111.457
341.522	464.873
280.574	344.98
408.055	251.757
478.065	167.524
79.6202	257.211
365.392	285.494
84.86	134.103
82.6442	222.298
189.836	411.404
20.6321	298.958
422.559	97.7252
276.619	340.221
218.654	390.387
291.631	369.927
261.659	7.7882
470.184	18.9574
193.437	394.488
99.2383	422.682
150.777	196.474
58.3502	66.9313
393.562	182.913
98.0103	303.152
314.567	470.583
377.607	317.132
461.298	120.032
466.969	408.861
341.58	167.395
386.779	166.767
292.269	429.49
310.045	58.9428
139.141	189.593
393.381	4.31835
463.306	191.284
50.0121	230.9
126.423	79.4412
271.753	127.545
279.577	268.719
39.9508	389.811
256.331	119.416
86.9829	380.529
52.3641	190.932
464.622	268.274
6.54784	188.923
400.611	197.508
142.727	51.0231
499.155	134.276
322.557	493.7
193.793	65.6124
485.309	111.691
230.17	467.562
67.7819	123.595
366.299	56.3032
428.13	157.665
380.038	406.406
132.799	386.303
250.335	441.59
360.956	200.378
12.7161	173.885
346.65	364.394
417.113	85.2467
128.946	262.699
257.824	58.4521
363.708	182.254
417.754	154.345
388.302	399.739
340.955	376.257
186.144	497.574
396.558	104.384
374.106	15.4469
459.026	236.548
428.526	469.948
128.439	255.622
271.704	388.877
376.738	358.391
188.995	162.319
109.19	264.076
359.699	220.886
209.613	273.554
485.637	491.043
366.93	162.283
165.005	450.648
148.044	94.3009
379.144	280.183
284.717	273.645
247.506	296.3
488.316	427.481
167.87	66.3176
56.9829	30.2047
280.098	33.5202
27.8057	465.031
398.316	96.0032
476.311	267.959
315.076	474.546
280.357	494.462
233.482	492.359
365.652	64.3584
216.027	486.719
127.204	82.9108
263.946	268.835
451.191	457.29
356.583	407.751
156.68	152.338
250.606	23.0399
93.524	240.998
199.216	200.108
260.713	152.068
317.703	452.528
151.006	98.2438
58.7731	306.584
314.297	474.902
484.067	113.806
481.669	80.39
314.625	369.371
397.761	159.112
372.454	489.198
293.635	244.733
71.3286	466.195
415.441	455.327
479.986	244.878
25.4822	163.621
299.32	419.592
330.004	153.551
372.653	128.238
153.838	24.4517
456.231	166.432
79.1136	462.635
478.227	302.461
232.205	255.077
390.877	182.934
96.1094	436.41
172.727	489.072
157.753	489.15
374.648	274.035
240.187	378.475
54.3178	466.401
352.004	241.618
308.305	53.0864
199.491	289.522
75.9021	18.7804
286.646	277.124
225.689	50.4747
112.935	375.535
267.084	308.565
184.84	460.21
36.0378	265.776
205.023	297.004
63.0957	134.039
105.53	76.1674
290.746	342.378
156.113	272.116
485.107	418.328
102.251	167.88
266.069	466.851
375.739	249.27
471.929	118.993
173.457	379.525
97.1439	326.112
78.0029	161.231
80.5917	286.533
270.613	445.076
408.725	287.046
290.31	403.668
452.574	55.6034
238.905	279.517
4.67672	196.173
34.5729	289.136
153.842	179.576
407.42	299.824
454.586	233.573
8.44898	58.0733
454.197	84.7713
194.428	34.2256
303.027	254.83
105.022	388.994
461.696	415.143
151.746	50.7405
405.542	83.8856
246.456	268.476
253.232	359.322
321.738	164.973
446.872	169.555
72.4583	126.874
140.475	165.339
40.3028	270.742
52.6506	118.902
446.909	291.026
251.135	426.325
254.517	225.884
385.921	93.6285
287.31	468.796
76.4095	109.4
166.483	363.494
301.808	384.192
354.525	325.461
386.026	338.387
479.394	133.563
261.628	313.857
248.595	176.37
198.896	54.4946
380.362	34.6868
180.058	30.3709
157.128	199.467
62.8793	144.263
351.393	194.645
204.827	72.4267
493.508	159.566
398.635	23.1682
91.4116	30.9368
407.303	76.5141
93.9178	228.126
465.511	317.318
253.539	139.953
42.1221	495.298
185.01	145.299
290.862	95.3663
377.728	315.713
18.1777	375.945
358.249	248.595
350.141	233.706
458.271	370.505
447.311	65.3267
350.892	387.232
173.307	425.67
265.79	332.334
26.6118	150.195
454.556	494.902
178.691	80.8577
22.3057	4.50903
477.602	301.25
278.64	261.234
274.3	102.578
371.363	312.979
384.352	399.901
71.3174	336.993
60.3934	117.033
161.7	276.536
254.869	349.667
132.889	455.343
87.8901	224.158
50.2077	460.254
93.4866	152.587
371.66	9.22131
454.001	77.9133
308.546	81.7187
84.2452	1.06253
478.571	48.1709
244.544	275.217
392.516	52.4024
180.749	165.262
79.7649	379.992
376.189	435.649
462.464	250.437
442.724	485.224
165.16	146.199
464.436	295.595
252.169	440.005
51.4317	438.34
365.429	405.468
199.426	442.533
269.762	7.77291
30.7133	155.683
260.42	367.13
167.835	282.125
381.053	420.924
277.429	458.475
355.85	420.072
326.577	378.55
78.9547	302.63
76.0181	27.16
32.6493	168.164
161.323	364.049
281.734	92.2447
30.9665	39.8001
277.481	286.874
13.5032	276.617
482.797	483.403
98.5704	254.903
152.997	11.2072
277.718	243.708
357.85	251.58
454.857	277.284
367.921	316.405
363.979	268.659
115.559	363.459
491.68	87.7644
152.73	17.7962
349.31	158.537
127.861	188.473
99.786	28.3819
459.621	240.618
475.448	350.787
284.824	32.2989
201.855	182.35
454.973	363.874
236.14	85.6115
137.977	72.3754
194.788	149.796
463.652	295.733
318.396	56.3445
164.928	274.792
452.821	99.7682
425.886	398.818
298.665	19.8602
88.651	114.464
63.1558	274.71
111.406	156.984
260.14	394.572
154.115	191.649
273.986	281.167
49.0867	474.147
304.644	291.268
288.902	398.2
332.078	155.999
248.77	98.9228
499.297	103.299
215.42	87.9731
192.124	169.118
415.19	283.4
460.117	10.1058
360.823	18.1219
75.5062	226.732
270.9	287.628
199.106	471.775
284.521	201.013
425.628	469.913
474.381	114.494
273.35	205.284
289.95	497.549
381.699	69.335
426.797	265.808
47.6792	164.828
185.092	267.958
39.8041	352.68
96.5488	175.766
99.4135	499.742
435.066	287.704
17.9705	373.366
236.187	387.649
80.2208	430.399
180.719	344.852
173.639	70.0487
463.412	370.498
10.7484	96.0338
358.759	389.297
116.299	91.2162
166.696	29.4553
175.22	321.473
141.037	170.25
18.1064	454.464
452.828	198.255
448.356	195.713
453.331	334.708
457.554	212.607
211.125	378.116
241.263	62.7804
97.3852	187.755
129.082	385.4
61.8941	416.361
175.671	242.94
215.554	381.314
6.94126	494.206
479.158	410.797
272.55	475.857
387.937	124.085
252.285	131.98
336.8	489.242
70.5706	414.319
35.7067	355.125
276.931	424.195
198.916	232.731
210.117	384.757
481.966	118.581
185.499	62.2051
88.8885	346.134
1.95409	69.6937
140.919	182.911
457.236	466.215
32.3177	181.032
126.04	483.146
288.272	175.672
97.6019	454.781
467.484	395.883
434.14	277.696
134.194	57.2211
350.62	437.375
376.244	69.621
345.267	72.6968
188.086	236.195
124.512	71.7444
474.672	192.257
379.78	408.38
114.452	251.689
498.886	215.553
468.805	282.271
359.115	162.071
59.1219	434.026
391.005	329.399
461.059	221.092
240.336	150.601
432.153	51.6935
242.784	155.526
428.693	386.371
83.0318	66.6689
186.677	376.572
376.325	329.651
403.088	199.399
266.141	277.321
171.912	367.038
170.72	439.757
55.3367	199.851
381.314	176.842
287.439	302.123
77.7058	245.896
388.023	451.286
154.621	201.504
351.588	102.087
404.784	53.6894
301.431	397.584
385.981	402.193
206.796	170.688
477.838	284.988
306.273	178.917
52.849	72.6977
242.237	77.0593
285.278	163.253
118.518	388.659
266.223	291.186
337.509	170.04
374.596	70.2342
351.396	97.0772
55.7563	457.248
291.5	337.727
318.431	368.764
371.512	132.981
189.371	191.82
271.171	477.558
331.36	285.292
401.403	376.348
445.914	286.153
276.538	483.225
279.38	150.848
173.847	197.859
354.518	220.525
20.1242	85.6196
64.2627	281.229
275.338	217.065
282.954	59.0601
171.13	490.613
292.266	382.759
42.9292	16.6196
155.066	247.856
235.208	361.978
478.311	34.4083
384.83	394.96
177.122	92.8766
306.358	462.412
338.592	397.142
425.316	252.771
78.6345	255.04
266.189	409.634
27.9022	83.3056
360.956	485.046
30.6032	359.721
299.185	274.046
237.42	160.819
492.372	11.8876
391.482	490.411
239.162	154.013
4.39375	10.5715
160.973	153.996
399.176	272.646
185.513	267.785
26.6339	282.068
85.7362	484.065
367.58	252.201
472.307	418.898
397.866	431.842
160.858	498.065
17.611	263.337
418.143	371.91
333.428	458.205
293.624	167.482
260.265	389.465
44.855	287.562
115.258	384.984
153.547	134.962
441.806	198.249
81.4157	197.51
312.513	283.763
271.03	37.8472
274.906	263.172
361.943	395.13
293.161	404.136
130.705	199.867
256.985	427.732
214.981	374.503
141.065	464.644
182.843	327.296
433.253	195.104
153.384	403.184
273.584	213.22
83.5946	384.214
60.5324	382.344
164.086	425.146
8.28407	252.234
50.327	130.793
171.185	1.58865
198.108	218.422
339.657	359.071
137.617	192.136
295.648	107.407
310.612	152.752
259.146	429.51
19.6526	369.692
45.8609	27.1058
102.391	379.972
152.241	499.543
157.92	431.987
244.987	465.931
201.017	196.13
62.3188	474.56
65.1247	103.773
403.133	60.2353
275.154	61.0644
158.812	421.268
170.956	194.019
354.735	253.547
158.546	303.593
185.296	335.147
217.374	173.831
478.474	56.9743
285.463	117.959
189.346	271.989
386.149	273.3
68.1097	381.856
189.268	92.0393
239.007	194.962
455.686	267.002
19.4984	189.98
42.5251	454.424
392.785	331.156
414.848	274.705
85.7091	455.399
193.883	470.563
38.0501	84.025
177.068	118.709
60.1116	432.997
169.889	300.657
362.758	336.572
6.35443	30.5088
320.045	497.597
228.649	88.6297
257.231	102.284
450.478	193.624
377.123	134.565
91.4041	355.734
191.215	383.596
436.913	469.961
482.192	195.79
484.124	241.435
397.116	252.239
5.46691	263.509
352.423	395.955
76.479	290.887
197.736	316.899
199.566	444.308
50.3235	418.076
472.914	254.623
371.401	50.358
263.357	263.465
259.224	243.206
262.719	424.564
57.5699	459.199
436.732	61.9238
196.193	270.18
275.111	87.6569
399.277	475.631
300.989	173.774
494.577	326.934
52.6807	470.971
486.127	74.4766
386.108	254.257
308.81	351.401
269.291	189.72
461.176	400.877
389.764	376.011
476.326	246.116
384.749	405.497
364.006	315.504
328.763	480.149
160.438	259.063
157.333	44.2272
183.315	389.893
445.711	86.914
153.491	69.0389
476.838	153.4
95.2957	274.181
351.779	339.198
142.132	388.753
303.364	360.666
107.681	368.399
124.185	384.214
53.8579	81.5387
11.3987	43.7626
291.322	39.2513
67.6428	310.702
380.353	268.825
250.761	318.338
386.194	136.307
58.2969	108.685
281.656	78.0811
475.128	195.381
229.153	474.704
366.85	201.025
373.7	426.49
382.921	486.59
390.767	147.159
129.37	91.2796
137.617	194.129
200.465	459.427
44.1708	8.22837
68.0214	395.346
79.3916	464.503
465.619	375.38
461.276	56.3789
299.937	120.06
214.687	187.913
331.139	287.72
73.3873	489.022
276.851	156.538
395.322	416.431
478.605	485.877
299.685	338.009
367.492	168.953
459.091	138.08
466.904	133.259
348.814	84.3027
383.418	309.136
470.503	499.939
398.024	208.661
162.723	397.802
41.6404	15.1366
116.284	457.513
332.14	258.316
71.5409	303.343
52.8722	240.978
92.7456	428.046
276.564	473.384
143.383	366.006
70.8419	144.637
474.094	295.639
359.477	411.884
262.901	49.3044
266.594	230.781
428.36	475.175
171.014	351.099
486.048	444.506
239.67	73.5281
196.749	354.21
456.137	346.949
390.392	293.419
72.5942	6.1559
179.599	119.52
185.899	463.922
67.9167	390.173
173.938	42.2862
307.331	484.891
20.9456	273.776
264.603	384.842
143.724	491.723
40.6916	278.677
9.25317	153.667
390.728	91.4461
308.111	362.418
160.96	46.9139
67.836	436.479
74.0577	362.8
320.691	362.782
453.004	366.161
491.403	431.748
455.79	401.137
467.494	32.7926
219.089	460.566
384.968	236.522
374.463	40.3617
273.477	158.354
36.4906	463.61
361.147	330.048
490.431	66.7097
58.3849	90.7899
455.362	7.25561
121.522	295.69
262.179	39.9245
148.554	256.65
190.119	37.5745
177.102	110.668
165.492	118.936
460.297	352.29
206.3	193.427
351.622	336.405
485.498	133.04
