Saved a vector of rrt <nodes> points.
X	Y
490	490
485.47	481.085
480.125	472.633
477.278	463.047
479.488	453.295
478.969	443.308
479.206	433.311
478.909	423.315
471.134	417.026
475.07	407.833
471.501	398.491
461.842	395.902
454.198	389.455
444.22	388.779
434.315	390.152
426.867	383.479
418.677	377.741
417.161	367.857
408.637	362.628
399.835	357.881
392.173	351.455
385.106	344.381
375.565	341.383
388.451	334.957
418.005	366.125
388.111	324.962
390.7	315.303
394.338	305.989
386.415	299.887
378.493	293.785
368.896	290.974
381.27	284.179
378.394	274.601
359.792	295.113
385.365	267.431
350.744	290.856
380.85	258.508
380.144	248.533
341.71	286.566
334.145	293.106
326.613	286.528
319.082	279.95
310.582	274.681
388.455	242.972
303.913	267.229
391.385	233.411
299.393	258.309
290.784	253.222
389.906	223.521
391.473	213.644
397.783	246.574
328.015	301.007
283.225	246.674
275.667	240.127
323.445	309.901
401.47	213.397
390.505	203.691
393.314	194.094
318.704	318.706
390.946	253.871
407.764	245.943
417.577	247.868
421.732	256.963
397.649	185.082
396.627	175.135
387.963	170.142
406.234	172.357
386.575	160.239
383.806	246.869
379.553	153.12
422.981	266.885
308.803	320.108
305.85	329.663
299.856	315.641
310.797	338.353
289.983	314.054
290.757	304.084
319.424	343.411
281.608	319.519
278.986	329.169
282.877	297.928
275.185	291.537
267.81	284.784
260.968	277.491
376.36	240.194
386.946	146.386
391.386	240.544
395.362	140.985
252.472	282.765
245.381	275.713
236.041	279.284
323.96	352.323
395.464	130.986
378.266	141.42
227.607	284.659
219.393	278.956
210.381	283.291
204.468	275.227
401.315	239.354
194.469	275.107
411.279	238.5
295.966	295.548
321.277	361.956
315.416	370.058
206.246	292.396
188.757	266.898
313.819	379.93
183.045	258.69
221.804	269.251
186.229	280.773
405.076	128.229
177.334	250.481
303.837	380.527
421.202	237.263
229.311	294.512
391.321	239.695
223.278	259.361
302.422	390.426
178.165	240.516
408.05	118.681
230.112	304.48
317.652	366.615
407.781	137.856
234.79	308.471
199.503	299.781
292.655	392.571
309.874	360.33
294.237	285.698
192.088	306.49
178.983	230.55
322.025	385.645
398.306	141.054
331.315	389.348
173.237	222.365
170.96	212.628
176.504	283.103
399.753	113.1
284.135	387.336
337.005	397.57
237.039	318.215
188.483	227.427
391.19	107.935
421.991	247.232
412.299	249.695
410.995	259.61
418.038	118.188
343.835	404.875
170.048	202.669
163.109	195.468
344.497	414.853
156.743	187.757
164.557	181.516
188.695	315.897
146.851	186.288
274.493	389.99
183.701	324.561
423.398	109.745
140.719	178.389
181.105	334.218
233.741	295.162
131.014	180.797
424.197	99.7774
415.682	268.443
273.011	399.88
350.94	422.5
429.445	117.71
224.022	297.515
402.86	265.424
123.507	187.404
351.9	398.962
138.423	191.67
188.649	340.781
184.335	349.803
394.027	260.736
438.331	122.297
416.249	114.687
174.039	178.34
175.796	355.008
115.774	193.744
274.204	409.808
197.757	231.167
382.828	113.42
243.731	294.722
107.538	188.072
351.751	388.963
101.656	179.985
96.6863	171.307
114.151	203.611
277.217	419.344
175.868	365.008
361.447	386.515
89.5683	164.284
84.9847	155.396
422.902	89.8616
80.4011	146.508
75.8175	137.621
372.828	113.38
447.108	117.505
363.048	111.294
83.2463	130.926
90.1917	123.732
366.032	377.628
84.4292	115.559
78.6666	107.386
358.078	102.616
386.468	254.189
81.9016	97.9241
176.946	168.772
75.5712	90.1829
69.2407	82.4418
377.095	250.704
59.8132	85.7768
207.415	228.575
253.095	291.211
181.741	159.997
456.02	122.041
187.278	151.67
350.889	95.6654
189.93	237.392
82.8352	83.3102
286.938	416.997
70.0687	112.493
293.471	409.426
340.892	95.4186
142.793	200.665
54.5205	82.1186
47.4068	89.1467
346.864	397.687
375.179	381.669
184.825	141.975
188.197	132.561
382.792	388.153
112.823	192.077
396.452	253.634
389.198	395.831
238.821	303.097
100.032	194.264
427.256	80.8592
331.305	92.5728
405.399	249.167
379.189	372.508
347.705	379.818
277.286	429.343
263.064	291.992
181.891	243.34
110.719	213.004
415.387	249.659
92.672	109.897
388.127	368.024
195.425	125.65
383.801	404.25
261.675	282.089
418.989	75.232
398.1	368.75
276.52	439.314
229.974	307.758
406.934	364.063
90.2125	76.5593
186.323	152.768
292.057	399.526
397.674	401.138
200.858	117.255
99.4281	72.6768
40.0862	82.3343
103.38	74.2981
321.65	95.1768
333.629	82.8465
108.362	222.722
413.659	356.662
196.109	108.454
409.558	370.414
105.168	232.198
90.8974	198.334
115.168	232.252
101.898	241.649
104.138	251.395
301.112	415.877
337.284	400.553
100.367	260.657
113.53	254.829
202.168	100.498
399.805	400.074
321.609	105.177
405.194	408.497
224.05	315.815
354.514	104.985
304.812	425.167
210.718	118.923
98.8092	270.534
423.497	90.1258
436.821	77.9416
418.459	259.175
413.02	414.723
98.965	280.533
102.665	109.527
218.213	125.543
107.731	285.346
194.219	158.904
417.849	65.2972
415.209	346.783
386.047	358.243
89.0221	279.466
107.826	295.346
401.839	367.903
189.271	167.594
416.911	80.0813
81.0973	285.565
445.736	82.4702
99.9646	62.6912
72.0779	281.247
424.336	267.267
396.208	245.225
122.259	259.708
342.619	409.011
117.402	298.229
320.299	115.091
251.689	282.632
62.0813	281.506
311.888	97.343
58.9841	291.015
274.123	419.857
50.795	296.754
178.03	147.18
424.967	348.97
127.31	299.579
399.84	235.908
271.277	284.882
304.663	90.4284
120.878	296.854
36.3737	91.6196
264.257	421.489
315.123	98.0216
40.8741	298.009
115.923	308.119
417.983	423.405
363.952	106.843
298.393	98.2184
112.401	107.245
83.3198	204.859
101.615	52.8284
104.459	290.76
203.585	162.41
322.536	114.429
415.713	433.143
31.0306	78.1576
390.541	232.23
254.481	419.384
376.851	362.171
424.817	437.28
314.213	428.577
109.505	224.635
114.268	317.981
111.901	327.697
424.985	251.598
327.239	123.254
231.424	322.57
107.224	336.536
244.551	420.569
213.543	161.498
38.1092	307.62
109.038	346.37
223.539	161.767
394.538	223.063
303.299	406.119
119.02	345.772
214.139	109.526
423.292	259.74
313.553	438.555
410.434	58.5875
454.746	78.1316
291.189	105.154
104.207	355.125
298.96	397.109
418.57	337.365
98.8929	363.596
91.45	67.9354
120.878	101.94
308.65	447.27
94.4011	372.531
391.478	254.036
421.145	276.744
407.971	230.088
319.906	120.867
195.485	175.428
197.942	185.122
427.649	99.2233
406.551	49.3723
44.2525	97.7779
189.147	189.881
134.002	307.01
53.6143	94.2626
194.776	198.146
22.3458	78.2731
244.862	410.574
20.5663	68.4327
144.002	306.973
307.213	455.481
423.6	425.678
73.4585	203.199
39.1993	106.407
385.876	218.066
94.8306	382.522
18.7869	58.5922
103.972	280.772
377.015	213.431
32.6975	292.252
268.946	275.157
17.0075	48.7518
15.228	38.9114
23.97	34.0558
298.418	82.6185
364.604	96.8647
303.469	388.183
367.03	213.961
18.9481	25.4083
104.055	386.384
85.4943	386.104
13.9262	16.7607
84.3039	396.033
66.8466	195.697
57.171	103.609
10	10
10	10
109.95	394.461
102.416	107.794
408.58	420.002
33.1458	105.807
110.568	48.3732
86.5962	366.279
283.764	111.852
10	10
361.73	87.2865
76.5964	366.333
130.837	101.034
58.1712	200.671
116.312	40.1876
278.65	277.57
359.896	206.953
109.722	404.459
78.198	403.952
351.168	211.834
206.763	180.413
291.832	75.0938
34.9061	317.093
407.391	39.4076
355.171	108.297
10	10
115.829	412.377
362.586	197.321
68.2263	404.704
10	10
80.6629	196.264
459.527	86.9146
179.147	189.975
427.884	416.643
10	10
11.8224	73.2849
416.67	225.155
344.161	204.7
383.092	259.484
125.257	409.044
67.6188	414.686
419.695	105.284
10	10
412.674	282.058
427.512	284.456
104.406	117.594
10	10
53.793	209.661
210.033	100.408
31.7546	115.71
191.595	207.627
320.775	443.1
298.787	445.619
28.5584	22.6439
68.6765	424.629
10	10
137.998	94.0539
423.553	435.678
308.692	379.655
362.604	77.3247
315.654	386.834
10	10
132.702	415.72
9.45456	28.5503
172.109	182.871
145.715	297.121
175.589	175.281
366.375	194.772
10	10
445.476	81.8807
275.202	117.019
113.58	358.611
109.781	272.632
415.596	215.213
27.1631	124.593
10	10
410.871	343.747
411.34	110.78
137.12	108.813
238.679	402.714
105.359	127.549
191.747	178.869
402.124	348.593
340.499	195.394
54.4737	84.2996
24.6181	43.2005
284.863	285.405
300.041	435.698
420.375	346.858
10	10
45.9402	215.853
259.996	279.618
136.311	316.74
111.674	135.302
411.684	233.823
216.377	177.659
89.5394	191.659
437.506	284.112
57.6411	415.353
390.548	226.908
52.4263	223.464
10	10
246.21	420.483
10	10
351.961	117.768
144.557	113.01
297.74	67.0262
446.027	278.878
266.388	121.742
425.583	214.711
152.412	119.199
10	10
437.603	418.996
49.788	195.219
10	10
295.797	57.2169
240.11	392.817
118.496	267.728
143.495	323.697
416.123	44.2806
402.684	282.51
14.6193	71.7238
25.004	104.605
112.344	421.75
298.444	47.5736
289.814	450.033
130.693	400.651
216.504	92.7848
308.131	45.0919
397.705	291.182
319.04	446.73
225.53	88.4796
135.087	84.487
239.964	382.818
320.57	378.127
400.213	43.605
398.803	417.9
27.0507	310.905
289.763	119.853
294.721	287.089
408.28	334.263
11.4181	8.80354
10	10
324.949	454.797
118.074	367.544
249.928	383.668
468.8	90.6577
155.714	297.088
27.0765	302.808
232.676	375.971
465.467	100.086
444.149	291.586
396.271	301.079
50.9236	407.946
10	10
152.871	107.453
63.623	80.2636
139.267	423.264
405.769	29.54
359.492	86.8282
10	10
130.842	75.433
394.22	426.788
165.593	295.535
395.788	411.243
17.1663	124.845
81.2467	206.247
303.717	282.723
10	10
398.686	310.783
297.832	444.09
10	10
398.178	23.0303
471.745	107.87
45.3443	214.859
229.912	79.4905
392.165	347.692
43.4637	187.473
10	10
10	10
434.894	211.063
397.084	401.327
260.566	277.834
283.703	295.338
411.553	206.066
182.038	210.572
455.324	275.194
301.915	274.275
152.958	300.129
135.059	313.843
38.4996	23.7273
52.7116	424.054
463.304	281.221
284.523	305.304
10	10
423.821	37.8975
20.1213	318.115
289.805	42.5361
96.3033	111.733
175.139	217.81
225.984	180.434
384.115	353.625
175.213	227.81
182.341	234.823
360.285	84.707
286.753	57.4651
343.378	122.899
99.9723	270.687
281.56	109.3
423.672	356.299
10	10
395.927	52.6398
250.09	280.987
385.973	432.443
110.522	431.583
10	10
174.305	290.625
445.09	412.366
281.99	456.261
111.954	260.165
312.888	371.724
56.7415	94.039
477.563	116.003
224.56	381.813
10	10
236.273	421.604
378.46	345.378
379.457	362.474
178.93	172.961
71.8645	85.9274
406.468	404.781
65.2774	421.81
10	10
86.5452	182.118
220.459	76.2274
400.344	13.2676
279.145	63.9554
48.2708	21.6007
456.5	95.6595
477.615	126.003
311.993	288.338
398.299	62.3546
392.173	318.371
411.177	120.779
149.052	421.205
106.611	440.786
105.317	107.403
285.003	60.0777
282.673	289.461
41.0838	406.163
214.713	380.073
33.4635	399.687
10	10
434.35	412.702
212.3	70.4452
10	10
220.082	172.506
15.0187	104.062
414.361	196.469
234.019	186.387
15.131	134.636
410.077	10.972
134.87	115.492
360.591	122.82
274.233	102.495
153.366	324.166
353.399	77.4552
415.696	186.558
111.606	359.917
192.26	233.549
107.296	260.377
171.355	281.07
83.734	211.521
369.848	87.6313
205.741	384.49
206.994	61.9692
424.157	181.229
134.308	303.872
137.76	421.972
57.6558	400.551
412.173	110.828
10	10
294.416	111.002
382.215	337.026
94.2014	101.957
195.938	386.464
166.691	212.46
377.974	372.363
300.12	102.788
36.8871	312.706
294.521	33.7178
233.022	196.337
466.79	290.594
403.659	212.204
10	10
404.296	54.3122
391.762	439.485
103.842	450.395
95.9379	185.549
438.203	201.626
241.462	286.042
10	10
216.846	102.779
241.296	201.952
226.631	418.952
10	10
405.314	284.693
485.619	112.346
433.123	183.834
281.094	124.839
401.852	222.04
207.398	51.9774
390.662	284.083
285.286	29.8812
214.848	45.3062
335.99	116.16
88.0348	117.358
101.652	360.879
16.9215	131.94
395.758	448.653
390.352	12.8541
382.364	18.8699
215.35	77.7182
392.987	31.5771
65.9642	406.116
283.008	466.209
98.0505	275.394
76.6614	87.6221
172.983	302.272
376.06	433.76
10	10
27.2497	391.852
47.8847	398.646
311.492	298.325
239.635	211.813
473.214	279.882
135.407	297.235
432.72	422.569
306.261	449.471
275.754	306.025
27.3239	381.853
275.874	26.5045
10	10
94.2897	453.354
78.0371	117.142
217.6	370.499
14.6185	94.0705
441.294	178.069
103.399	192.207
39.942	223.274
216.906	421.279
10	10
10	10
113.339	193.298
372.487	20.435
88.6088	445.124
388.378	63.612
74.2201	76.2088
197.612	49.9223
382.575	315.563
16.6307	308.744
448.185	201.023
189.949	43.4976
302.996	39.0259
207.161	105.271
57.8918	18.8737
69.4706	122.301
451.287	177.703
293.588	55.9082
30.142	221.284
220.845	361.04
10	10
270.511	93.2135
302.922	264.326
10	10
10	10
10	10
158.639	218.389
344.778	82.5229
10	10
10	10
62.1013	391.594
398.423	310.565
10	10
119.71	354.059
314.266	307.933
320.878	377.738
481.366	135.272
291.194	471.953
315.354	453.631
237.999	221.678
20.7514	325.493
279.605	446.55
461.218	86.8424
233.476	380.273
421.774	108.033
401.197	120.139
10	10
299.62	102.348
414.871	281.749
411.664	20.8453
10	10
45.2121	12.08
10	10
89.4294	462.093
411.72	61.0115
483.781	121.372
50.2075	86.4689
357.371	89.049
185.231	165.196
177.358	182.837
187.721	380.765
394.843	207.484
119.852	185.71
173.924	218.284
401.484	456.85
43.9296	319.806
91.5565	123.109
10	10
300.983	254.516
92.1289	357.829
320.192	282.613
397.894	301.43
80.2786	466.126
315.318	305.209
223.581	98.3124
120.125	254.4
312.438	35.7331
300.326	119.068
10	10
83.1523	353.422
10	10
411.592	105.527
102.439	370.848
187.292	241.254
315.223	458.137
10	10
195.476	247.001
285.747	133.691
96.7145	285.304
86.7407	286.028
76.3434	97.6171
22.3628	110.85
12.0115	4.71365
180.855	39.3389
120.088	344.066
402.665	466.78
372.717	317.243
380.132	382.128
416.317	96.7141
389.256	378.036
91.0735	268.23
101.276	380.78
313.061	25.7526
394.131	113.062
126.88	187.968
96.293	259.7
421.506	19.0778
12.589	313.911
223.994	41.2618
385.968	212.092
37.9328	415.653
156.629	414.679
404.56	318.46
405.725	185.793
302.772	244.677
180.598	156.334
458.137	200.044
45.0177	20.2296
280.432	65.8256
26.9552	401.019
423.247	276.287
177.963	378.577
47.4454	388.655
202.408	254.208
121.18	244.726
110.594	457.772
123.226	249.334
10	10
228.023	99.2175
95.5919	249.725
311.072	379.696
30.2679	116.974
383.539	391.529
100.746	94.3956
66.4237	13.6577
298.207	113.943
10	10
72.0057	21.9548
10	10
442.352	419.879
168.108	380.275
163.199	300.204
210.495	114.698
430.927	22.4326
61.9752	413.452
10	10
412.61	465.727
106.836	86.9547
397.244	465.542
82.9133	464.549
176.752	147.103
10	10
18.6056	15.0936
181.707	138.417
311.013	459.212
390.803	103.633
171.208	312.114
117.394	465.104
36.1527	123.523
421.497	58.9116
197.697	102.04
429.617	416.64
383.112	55.1107
10	10
451.404	88.7625
182.687	304.687
160.303	405.378
316.488	369.789
385.345	365.605
450.57	414.182
472.037	299.106
401.365	436.694
384.461	369.353
10	10
40.0246	303.211
79.8282	69.2082
307.973	364.546
291.016	255.333
232.191	197.818
54.268	402.72
103.791	179.358
142.42	294.824
101.648	202.053
382.466	433.227
110.884	77.8108
422.233	25.2138
90.3899	435.284
190.115	104.131
232.433	90.2426
10	10
10	10
286.275	246.528
10	10
451.195	404.202
463.263	303.904
32.5432	211.577
408.371	127.105
210.834	36.1472
453.298	303.064
44.2553	78.4332
320.396	307.833
78.7878	443.24
18.6086	335.261
27.3468	102.787
490.816	138.543
323.536	298.339
38.3266	293.356
410.783	10.8841
186.577	390.699
181.309	211.541
79.3853	28.7032
10	10
453.066	313.061
18.3378	25.09
174.3	382.84
97.868	115.352
272.073	17.2549
207.607	262.75
383.796	221.853
445.352	396.087
10	10
160.066	386.219
420.568	412.383
414.661	120.834
235.719	203.81
76.5579	32.1168
102.578	124.174
17.1354	298.756
400.943	133.8
384.888	442.929
423.646	266.295
422.529	466.994
215.735	27.4306
304.196	382.962
29.4007	93.0004
290.077	142.705
242.617	384.33
208.214	367.048
10	10
197.659	381.873
235.088	188.247
10	10
95.661	469.914
147.692	419.165
390.655	218.116
459.279	419.098
376.249	228.414
15.1256	84.0833
75.0789	433.954
144.904	285.138
10	10
81.4221	265.613
454.161	323.001
441.479	179.65
24.0236	343.668
298.059	465.076
262.801	99.5828
487.751	141.388
405.466	53.2088
464.625	207.654
41.2549	206.667
67.0115	101.211
430.362	281.89
163.28	422.147
305.946	127.34
53.211	323.528
101.951	293.824
452.154	388.756
10	10
99.9609	351.611
79.2425	15.0534
466.135	194.043
185.485	52.4461
180.196	102.862
155.048	305.998
298.243	148.478
494.873	129.403
205.103	357.545
305.503	312.75
393.21	140.14
391.118	473.445
216.18	21.2381
191.44	140.712
311.984	240.786
230.737	389.891
322.255	21.8179
45.0711	197.424
10	10
280.689	125.064
65.7571	111.132
297.532	479.687
170.254	322.068
114.967	68.6825
10	10
444.102	306.991
377.577	206.652
271.719	95.0574
247.196	383.612
440.682	24.6346
93.6463	425.829
401.785	437.789
236.691	397.925
375.961	447.435
83.0863	5.82164
168.973	188.287
418.188	422.096
396.297	182.46
283.29	236.984
388.162	303.728
463.829	217.622
398.706	479.959
384.214	144.506
282.217	260.085
10	10
375.509	149.429
176.841	202.595
124.913	69.7242
441.411	88.3987
211.121	120.515
10	10
184.124	188.971
42.9576	187.65
10	10
102.964	174.651
82.3579	461.194
320.841	381.831
150.099	387.032
148.392	275.766
401	180.905
326.822	275.127
491.305	132.994
425.492	9.9066
10	10
10	10
307.482	110.205
227.479	181.758
331.976	24.1615
389.546	293.825
323.512	462.268
484.68	125.504
175.235	31.0674
215.729	256.917
241.963	200.758
92.9457	240.081
10	10
400.784	10.742
235.948	407.898
472.633	222.365
10	10
417.378	131.45
10	10
497.087	119.651
220.31	41.2729
282.479	240.761
362.887	315.408
215.394	361.367
32.6938	114.901
9.88477	92.518
72.5387	92.281
390.756	61.5587
298.002	390.813
53.8722	202.171
138.07	416.439
83.0307	238.78
285.646	126.558
251.951	200.26
305.503	463.356
370.931	378.21
147.56	417.949
110.744	345.02
206.768	251.54
423.115	115.493
418.735	257.584
10	10
391.536	486.93
10	10
89.8071	68.5589
195.108	357.232
463.178	310.882
381.362	106.929
460.172	93.5711
109.396	179.816
68.3436	120.792
229.516	415.554
309.605	321.869
241.992	181.013
317.36	278.363
476.686	219.939
388.585	59.0208
10	10
314.906	103.505
371.446	320.579
227.749	81.4078
218.575	102.493
165.156	412.679
10	10
184.635	165.483
35.502	180.985
460.962	310.599
439.517	420.274
117.735	352.17
170.302	101.414
16.1661	349.853
10	10
181.315	61.5351
494.516	118.584
449.727	20.3705
308.345	231.472
54.1293	381.217
209.534	261.591
383.954	474.981
192.463	302.583
447.844	306.854
10	10
421.13	48.9183
273.189	85.166
129.672	421.867
10	10
10	10
287.859	482.222
222.495	264.28
439.015	189.342
140.327	389.153
332.914	21.8383
32.9249	284.941
11.5552	89.7892
180.169	295.009
467.651	187.746
10	10
47.3766	87.9336
54.9403	380.364
97.5736	231.217
10	10
179.609	325.601
118.365	338.546
301.297	400.254
194.115	372.617
181.443	327.384
432.651	112.482
421.834	68.9059
164.577	194.908
190.224	54.8721
162.314	197.89
277.939	483.486
288.003	390.725
421.635	402.441
313.175	17.6284
218.814	11.5914
322.838	293.631
424.096	476.87
10	10
444.829	381.949
436.387	180.081
90.068	270.638
124.354	472.284
89.4401	466.711
24.9437	278.916
322.573	103.642
8.10222	76.9649
10	10
10	10
364.491	305.538
456.211	192.818
302.456	157.547
25.5919	179.648
278.594	18.2221
10	10
137.648	389.457
409.346	417.426
381.634	134.845
471.143	178.375
10	10
297.976	364.286
455.652	184.107
206.649	272.704
254.689	376.989
76.0138	274.024
175.512	161.387
108.594	301.299
302.81	305.673
262.13	18.3192
312.159	155.13
432.77	481.846
379.157	55.6879
10	10
437.283	314.306
473.116	309.774
322.808	472.243
10	10
80.1225	32.3312
442.707	482.972
10	10
386.278	452.832
10	10
283.152	226.985
451.065	477.482
82.1518	469.288
193.533	298.742
219.81	352.395
94.774	65.4318
496.775	146.574
10	10
367.593	207.223
383.052	97.0733
10	10
160.538	99.2517
179.903	215.858
10	10
359.682	201.107
459.609	21.8981
478.882	117.357
320.823	316.273
179.736	397.993
302.163	167.543
299.633	489.464
57.5842	390.601
11.7042	67.6361
307.908	246.383
10	10
10	10
122.888	414.52
331.632	99.4082
461.264	300.603
427.706	317.182
158.812	109.102
468.114	16.6384
10	10
318.075	229.165
100.692	361.584
10	10
424.432	457.176
459.161	381.622
10	10
88.4898	57.6531
69.5473	82.7389
90.0841	31.4555
445.937	79.4818
328.836	387.838
325.216	19.5712
75.8886	471.502
75.6791	275.787
10	10
384.856	284.993
481.476	315.262
10	10
466.832	86.1111
407.162	188.781
24.8071	121.049
154.587	204.238
333.82	282.271
10	10
259.319	375.478
391.48	176.999
338.424	106.748
87.1566	13.8713
379.09	327.027
97.5707	276.049
316.29	29.8438
310.127	374.91
490.253	125.868
315.922	128.023
272.22	75.213
117.36	58.9729
405.439	43.2088
317.129	372.655
72.1048	122.793
261.56	203.028
482.229	312.71
10	10
360.228	213.744
10	10
124.412	330.581
10	10
10	10
187.277	391.425
117.94	479.956
414.472	458.068
368.976	388.017
318.145	316.671
117.145	406.333
336.866	393.798
242.012	210.758
94.5298	180.024
3.24472	16.9198
179.605	221.578
115.699	345.192
10	10
413.24	36.952
399.076	290.795
10	10
333.897	89.6679
171.955	108.472
395.702	429.852
292.817	305.306
358.457	223.586
16.1478	126.051
319.159	219.224
376.314	481.433
10	10
373.725	113.386
263.49	100.739
340.663	15.5172
224.808	424.376
378.879	125.869
227.342	107.304
300.319	390.363
330.765	317.349
311.451	331.698
40.5898	80.5893
219.67	413.806
17.6623	185.74
489.926	320.499
348.852	220.804
343.402	212.419
420.713	10.2049
404.287	171.461
302.069	318.281
287.372	492.21
218.854	126.856
450.341	198.309
10	10
482.615	137.942
224.153	114.663
14.5015	63.2008
405.44	459.841
474.43	184.666
434.5	308.966
340.686	116.489
299.989	296.079
90.7586	435.403
103.646	425.896
98.839	299.097
237.653	393.251
182.434	394.139
301.296	354.853
218.293	78.1525
100.867	426.079
436.45	376.49
17.8879	173.272
100.749	345.348
431.182	299.532
10	10
32.1403	294.91
387.55	474.905
236.805	110.536
203.527	276.531
467.603	376.262
369.092	383.471
283.498	308.933
279.828	396.485
10	10
223.145	257.911
82.0379	283.505
49.3111	396.219
10	10
186.828	203.095
391.886	138.093
413.59	112.449
147.839	211.619
197.926	310.959
156.97	215.698
232.039	210.032
222.005	42.1371
454.855	181.823
90.388	26.4815
434.793	418.428
362.271	395.436
464.278	386.381
254.025	97.5095
18.3809	352.491
18.1818	195.727
415.473	76.6218
217.254	348.668
96.8184	75.6892
218.546	350.215
23.5102	132.818
10	10
10	10
372.884	385.941
10	10
263.245	86.2256
57.6871	211.415
391.491	420.782
104.694	81.8514
10	10
338.121	203.927
10	10
30.1591	288.061
8.53776	198.371
181	112.737
332.896	195.401
94.0407	79.6615
210.199	283.979
281.39	135.607
408.778	256.65
244.502	191.305
10	10
184.755	28.0073
99.3187	272.646
114.837	345.355
228.871	388.468
84.7408	244.077
205.301	264.64
305.111	318.503
411.029	164.076
267.961	484.148
34.7365	88.6973
10	10
79.069	293.054
410.968	448.702
387.725	411.518
10	10
390.088	186.902
58.578	377.936
252.166	17.4694
303.628	222.654
113.57	80.2796
292.781	160.077
436.058	121.883
289.383	167.861
81.3546	118.993
423.44	399.925
103.458	78.1405
379.096	416.573
119.481	52.9966
6.40077	128.286
316.9	127.847
146.674	381.426
10	10
179.487	167.217
272.006	484.005
281.235	117.583
293.593	320.316
104.479	171.109
496.59	143.842
10	10
416.312	161.999
298.065	409.718
10	10
473.563	383.385
315.75	145.797
347.063	117.648
276.273	80.2598
187.22	303.053
490.243	306.728
92.0964	427.241
45.689	392.185
35.6672	190.984
93.7831	49.169
328.993	80.9527
458.145	92.907
56.8625	388.625
80.7667	435.806
476.469	229.937
276.509	405.918
287.125	217.809
351.112	195.954
460.27	481.389
10	10
177.65	26.8409
10	10
133.468	398.541
415.367	37.4775
273.907	306.103
10	10
222.382	207.435
24.6205	268.921
286.437	480.822
10	10
381.033	380.144
103.933	161.124
10	10
427.591	381.128
482.063	107.876
477.505	13.2013
34.804	120.802
10	10
423.359	452.065
376.1	46.1665
354.67	303.655
35.9852	389.77
190.769	193.904
347.452	22.8596
398.778	256.725
155.444	104.614
308.11	9.00597
225.918	198.081
378.219	336.988
322.343	130.569
437.6	324.301
285.065	75.4961
291.343	134.643
289.302	471.242
273.469	415.445
414.56	18.0881
171.143	403.109
155.201	90.7953
119.282	489.866
135.354	379.723
298.029	493.101
302.195	418.825
17.2202	285.268
216.665	291.608
160.928	201.024
188.019	47.368
145.962	199.178
381.685	116.032
161.072	89.0596
380.917	144.819
481.782	238.409
382.498	275.275
308.588	486.515
0.62522	130.688
479.712	104.319
395.275	253.021
449.305	178.892
10	10
81.927	445.738
31.5131	398.714
116.719	465.826
386.35	142.115
18.008	15.9894
377.461	448.114
151.475	390.198
223.568	284.372
28.6278	277.432
323.655	396.391
465.199	291.41
105.507	91.8183
322.267	300.218
492.124	302.378
7.36859	193.353
415.045	109.333
91.2244	417.517
218.993	432.512
282.48	65.836
10	10
61.7481	84.0925
267.31	401.998
57.1434	402.436
268.979	208.166
88.5454	172.012
214.222	441.301
10.0611	167.048
412.181	399.181
341.477	103.832
265.553	210.875
10	10
196.861	388.574
411.27	28.7193
10	10
10	10
451.497	298.457
354.571	224.87
105.06	435.796
21.6195	400.169
180.779	231.509
98.9822	188.978
212.768	38.3069
218.615	109.867
208.437	79.8392
251.051	103.085
343.76	281.181
10	10
187.167	26.452
10	10
481.241	147.847
206.618	315.903
392.469	405.186
12.1952	403.513
94.7404	244.175
217.709	99.9081
336.193	219.063
10	10
235.65	189.364
217.518	192.654
47.9236	213.577
91.6111	298.258
422.988	70.0243
261.279	110.491
353.342	278.32
326.676	309.07
122.865	398.131
216.594	411.748
211.984	451.047
360.618	378.745
195.31	265.077
314.353	210.454
234.388	100.209
485.485	329.459
228.859	381.133
190.315	190.262
258.185	482.044
268.609	10.7024
220.9	375.079
9.21006	208.348
214.741	295.815
10	10
408.355	246.659
281.992	88.463
482.768	179.146
10.9938	289.268
291.428	91.7758
10	10
23.1673	142.812
400.607	170.23
386.889	409.176
478.953	391.808
369.502	110.275
178.816	298.542
482.808	298.743
25.9868	22.0175
98.255	98.7034
424.926	416.798
10	10
189.186	164.786
201.621	264.938
209.665	460.774
307.302	176.121
139.291	400.298
282.454	386.836
223.359	135.783
219.841	263.566
200.836	460.291
243.243	12.9556
192.859	466.322
291.569	73.2458
289.094	85.9785
349.214	216.697
390.729	244.114
218.719	442.888
185.545	27.1563
477.077	401.63
242.722	118.598
8.26074	55.3871
342.667	401.944
266.931	298.938
139.297	207.865
360.015	107.113
32.8564	14.7505
10	10
422.137	313.265
76.2825	302.658
212.758	291.779
10	10
10	10
95.3166	84.9336
177.56	385.407
460.627	23.2674
33.7649	393.465
376.452	345.598
86.7114	127.437
154.628	399.688
61.2243	399.558
80.1289	442.978
56.4835	212.736
355.336	16.7079
96.7092	127.646
325.069	223.191
415.649	420.53
183.071	56.0576
177.935	410.449
356.189	6.74439
382.558	353.517
132.358	408.479
219.769	42.944
296.687	286.64
216.372	182.72
232.073	375.791
445.908	378.446
108.798	190.889
283.395	227.087
108.81	298.33
108.443	308.324
394.176	234.727
407.882	83.1317
155.637	104.295
304.439	379.214
93.629	338.327
256.217	214.458
379.565	419.287
387.716	259.568
10	10
342.05	83.8779
10	10
371.761	490.336
10	10
3.06397	174.192
351.865	85.7921
458.717	82.9234
5.73006	118.308
155.95	114.601
419.612	85.7251
409.073	290.561
69.5036	290.138
270.236	315.405
286.745	285.566
464.249	93.3294
10	10
294.126	82.5795
357.925	87.5335
127.574	477.275
314.543	392.271
401.157	141.842
164.174	110.331
379.491	136.334
95.9147	137.614
428.973	15.8409
138.474	193.898
10	10
17.9533	261.468
211.806	105.528
417.348	459.696
109.298	272.01
21.2257	252.018
276.648	108.697
349.919	408.829
185.361	266.087
400.278	244.557
285.632	236.834
465.603	377.039
357.543	407.343
309.191	143.26
232.938	194.845
451.399	486.004
38.4105	216.659
10	10
10	10
446.048	122.323
251.031	475.057
45.2015	187.968
362.92	90.2848
116.29	390.597
10	10
412.888	317.068
329.34	189.158
175.443	62.5245
218.507	52.864
416.984	155.846
381.146	493.788
104.736	244.458
224.708	145.692
121.667	394.305
85.5372	74.3993
89.5957	47.5273
37.5375	220.923
314.561	16.6472
71.3736	119.609
129.313	207.297
242.531	480.323
391.932	196.731
332.102	318.482
200.312	450.337
14.8944	401.722
224.857	192.029
468.344	406.501
10	10
10	10
307.931	399.773
6.40028	281.733
410.302	294.79
12.6033	413.505
91.5404	308.258
182.169	119.853
318.251	483.942
481.902	184.237
330.116	294.022
10	10
332.066	179.537
99.2719	123.941
223.328	175.536
167.093	119.895
308.962	426.188
489.3	130.505
133.407	185.277
98.4964	178.524
469.831	416.39
191.751	116.994
108.616	69.573
489.29	190.976
299.283	313.368
122.32	58.4503
257.603	302.541
207.318	347.536
305.353	494.789
475.338	424.737
136.917	480.839
145.96	115.059
213.957	28.3778
276.634	240.511
10	10
259.811	408.614
10	10
85.4841	443.121
345.651	299.336
477.375	231.277
10	10
18.527	342.492
477.089	334.891
216.972	174.403
80.2903	299.984
480.857	433.076
240.734	22.6358
384.128	178.873
122.731	43.5393
391.135	493.322
163.091	111.946
123.986	458.957
120.147	460.366
162.44	80.5626
362.11	492.958
494.225	192.332
299.938	430.497
310.268	25.6791
28.4313	383.217
234.8	90.2172
420.167	86.3462
12.4866	423.504
309.023	185.972
468.354	102.448
209.517	266.86
359.519	222.185
310.833	379.733
69.9515	310.398
10	10
319.225	473.99
267.639	288.963
122.949	33.5417
10	10
10	10
219.363	164.693
300.876	219.206
412.682	29.3151
112.77	156.442
337.698	394.575
288.202	207.867
274.491	308.514
10	10
214.691	213.827
93.2541	147.254
145.811	94.2356
153.565	75.9544
483.165	380.592
10	10
10	10
342.678	219.898
106.219	425.863
37.9741	294.3
6.43658	215.238
483.004	339.014
10	10
428.123	5.87711
10	10
10	10
123.223	482.69
229.986	388.43
255.93	491.787
386.676	371.888
302.898	77.7781
10	10
483.69	382.871
388.912	226.715
459.966	414.753
407.839	462.79
45.0771	396.031
375.323	106.103
118.199	345.714
10	10
80.6409	246.71
27.5429	221.253
188.306	105.909
10	10
317.809	372.568
315.178	169.959
152.785	98.0841
324.723	150.21
481.8	443.032
467.182	391.085
288.161	177.786
122.103	23.5775
336.683	85.2249
355.623	485.347
182.866	466.697
283.998	311.616
206.981	173.976
15.0179	433.179
64.5756	407.954
287.087	82.5335
10	10
180.773	70.9858
68.0805	381.051
294.525	133.312
110.929	273.886
487.411	11.8336
131.803	21.1471
144.148	86.9141
459.316	13.3537
70.5729	396.008
119.59	268.888
10	10
279.385	168.059
97.6421	127.016
376.157	283.008
415.272	164.164
378.014	144.375
14.3025	63.3556
386.511	426.481
230.798	385.024
343.848	212.892
224.771	365.858
210.594	455.991
10	10
398.275	460.082
10	10
10	10
206.669	219.797
216.362	118.487
10	10
81.5764	455.732
10	10
286.572	141.625
169.979	303.223
130.685	11.2098
10	10
10	10
194.194	476.232
258.587	108.34
187.15	164.684
402.521	23.8775
10	10
13.1436	63.7786
107.047	463.287
321.988	88.0891
122.277	405.805
217.641	97.6366
343.587	213.894
130.299	418.265
459.303	283.333
122.239	65.5658
11.603	349.707
262.157	321.298
455.245	102.146
24.7264	435.576
129.686	217.29
254.555	93.7187
389.309	464.51
1.023	273.302
35.4219	384.78
396.651	372.605
22.8062	445.39
10	10
348.792	13.599
413.374	238.01
86.5106	144.313
84.121	341.424
392.423	274.052
380.681	401.336
392.69	22.0434
492.768	179.114
45.9888	177.999
85.1654	334.623
402.67	74.5976
3.96486	399.734
184.696	154.99
4.31391	8.16726
108.275	84.242
281.672	55.8687
4.70269	279.066
414.308	447.813
10	10
368.535	480.871
410.168	326.691
480.958	221.941
10	10
400.133	280.419
10	10
316.559	33.452
189.684	390.295
487.296	198.11
124.092	415.954
294.647	241.161
472.716	217.11
359.465	4.37094
52.2166	87.1175
451.019	282.048
114.129	20.5536
10	10
368.592	95.9264
283.196	186.466
309.649	492.658
207.164	434.217
323.713	189.745
442.584	182.367
279.818	115.924
20.0351	6.19698
479.488	392.732
408.871	9.86419
35.8398	184.452
10	10
10	10
107.12	473.286
144.163	487.731
10	10
409.189	276.923
201.829	84.2204
427.227	6.28834
28.4841	0.847661
258.42	285.09
333.241	75.8359
189.462	30.4543
417.097	307.581
400.395	324.573
368.255	478.021
292.32	461.708
259.541	85.0502
234.287	110.208
159.991	303.718
362.104	381.695
268.874	279.039
121.302	458.182
485.732	289.18
121.191	383.154
157.836	202.017
240.373	201.532
475.048	155.699
405.728	442.678
268.736	207.912
10	10
20.6282	71.1006
489.035	395.707
445.229	276.129
6.6099	45.5491
487.775	98.4034
384.065	174.294
392.428	318.53
347.407	418.508
108.281	384.791
426.858	82.8222
340.673	10.7971
10	10
420.095	396.138
40.3519	300.537
277.766	14.7221
13.7817	392.043
10	10
227.353	83.5434
490.417	285.601
463.098	12.781
441.519	487.551
412.865	110.341
442.775	497.472
300.934	29.2664
483.011	101.512
181.98	406.408
80.1785	292.338
76.4917	347.889
10	10
155.232	312.512
106.639	374.926
273.233	185.614
316.407	6.8191
137.923	202.43
189.506	269.053
100.987	141.345
189.778	474.67
10	10
10	10
425.11	90.2625
262.564	7.26434
263.276	184.683
106.267	380.839
33.667	381.779
356.875	421.726
97.8879	290.474
117.669	312.181
298.122	97.4534
198.551	342.725
412.829	21.3344
124.431	406.766
202.181	228.733
10	10
10	10
391.912	483.353
18.9457	454.614
252.926	298.481
89.3798	338.028
389.639	31.5666
435.354	277.705
386.097	436.142
89.1817	57.5187
350.815	300.466
394.724	463.064
90.6351	56.2763
488.61	21.7615
20.5948	286.472
10	10
423.344	237.234
5.20579	410.389
292.334	214.861
160.221	192.305
142.873	390.962
280.264	224.574
192.076	193.031
324.531	465.513
283.692	16.4091
61.9079	116.384
17.6169	347.315
10	10
9.75047	450.684
195.417	164.762
73.5688	109.853
214.166	186.242
80.3127	398.274
10	10
490.855	275.611
302.723	169.571
321.439	154.957
382.931	218.701
40.7436	20.8981
213.595	464.718
121.99	205.508
4.13954	35.859
281.042	319.103
19.6751	464.588
10	10
10	10
252.619	324.302
308.019	79.8429
104.091	92.6452
301.988	459.15
462.5	280.062
264.615	415.377
207.882	236.71
9.07641	299.083
164.909	209.086
251.536	223.295
10	10
305.184	72.7831
7.76447	384.056
284.436	455.557
411.22	429.227
352.965	403.141
436.851	83.1866
394.464	476.829
381.935	98.6007
293.518	89.2195
96.3762	317.011
304.097	279.924
10	10
142.974	380.962
10	10
10	10
10	10
7.32236	128.181
13.381	455.377
10	10
187.593	293.75
272.934	109.525
426.102	276.244
73.2598	284.615
305.242	146.333
254.668	275.821
10	10
12.9757	175.518
454.53	110.868
417.267	386.546
355.015	76.3011
10	10
327.289	84.1611
50.3079	23.8176
82.046	153.261
435.648	287.7
379.767	230.76
30.2339	402.82
143.138	409.529
390.853	257.598
392.445	418.432
302.836	127.75
174.364	212.342
490.162	31.6404
3.72275	303.284
117.479	266.727
436.195	124.026
10	10
487.975	450.897
35.2414	15.2814
159.765	293.72
375.558	417.592
308.256	308.954
159.011	85.87
353.983	207.907
308.007	281.898
10	10
201.636	482.911
315.289	275.044
291.925	232.454
369.805	100.42
494.933	40.4287
269.237	295.241
268.609	197.945
225.347	122.389
16.0103	294.072
161.385	218.444
54.9692	14.9704
481.632	106.393
209.802	207.009
412.763	39.3148
10	10
410.337	318.281
5.16073	431.495
103.987	299.93
383.153	38.261
319.391	223.813
93.2712	308.522
476.218	147.492
368.856	276.174
499.574	36.6371
28.5568	191.305
258.838	118.336
152.976	491.205
10	10
115.968	335.966
186.052	303.631
236.807	475.283
413.17	173.941
289.282	76.2053
382.535	356.672
480.09	457.048
443.907	293.338
262.53	16.7733
11.6238	402.232
10	10
217.185	240.38
183.381	22.5159
367.042	287.12
10	10
10	10
238.688	19.3993
99.9905	195.624
10	10
361.103	200.885
410.665	291.283
129.493	399.177
99.7654	74.2286
401.423	475.56
55.1786	188.644
454.525	291.618
369.33	220.252
77.8131	154.42
78.074	380.692
451.981	420.773
373.97	116.011
276.608	58.4913
197.856	384.531
275.854	203.722
388.502	349.658
338.819	423.631
485.34	43.2528
438.782	120.931
306.624	62.8874
295.374	494.149
10	10
310.64	53.7292
429.413	392.51
172.787	402.473
10	10
494.493	135.749
387.136	310.044
352.204	398.913
124.492	335.673
364.524	119.291
10	10
210.199	110.757
78.278	436.188
19.1491	437.542
99.1727	117.517
10	10
395.011	78.158
493.159	265.88
156.903	322.372
265.374	495.074
10	10
58.0869	380.692
301.25	376.875
173.459	23.7661
77.209	275.428
220.909	21.1893
10	10
113.794	211.238
347.46	491.123
399.628	257.577
16.1348	60.9385
321.571	233.572
10	10
123.299	334.18
391.793	178.15
422.752	39.7788
10	10
435.619	122.696
366.97	415.233
77.1518	119.046
444.909	108.144
322.785	322.114
309.191	267.118
277.931	191.157
77.2476	68.8062
389.635	488.154
18.3967	342.664
152.275	287.094
408.255	25.8798
205.041	335.117
398.426	350.887
267.132	190.967
20.0611	81.0846
449.038	190.006
398.656	426.269
10	10
39.1604	310.466
275.522	67.2696
10	10
318.265	272.583
75.4161	455.909
435.524	288.056
173.207	202.409
162.303	294.523
486.157	232.11
304.633	167.933
141.427	179.303
63.9015	111.392
450.751	483.708
485.913	377.411
125.304	221.059
79.5882	236.766
10	10
298.912	106.333
10.7538	165.768
135.729	222.584
267.057	320.159
487.11	135.202
106.664	124.823
201.015	243.98
214.773	366.088
68.267	115.936
354.792	82.5302
345.512	307.198
21.3559	474.445
399.828	5.5946
118.902	32.5656
10	10
364.743	214.082
92.2218	46.403
423.605	378.811
10	10
444.639	76.9136
356.27	487.999
137.989	424.657
264.102	82.5297
421.855	91.6131
370.001	481.683
10	10
194.243	172.212
313.556	363.517
267.99	91.7429
10	10
63.8947	193.546
31.4094	316.784
122.193	423.559
289.656	249.827
84.0193	252.492
122.037	478.032
458.729	23.3364
187.071	13.2216
484.029	299.034
210.805	30.2604
211.346	217.053
251.876	103.43
85.2803	325.437
463.191	220.157
30.2778	197.425
355.462	115.063
409.587	100.894
307.064	164.946
42.5241	13.2605
52.3898	113.317
10	10
454.923	406.118
87.3432	402.137
21.5525	401.967
189.025	484.793
136.438	404.827
145.117	404.095
239.43	191.576
101.211	391.862
497.657	96.8705
10	10
311.972	123.685
34.8188	308.691
348.645	82.0439
420.802	298.882
10	10
387.708	212.19
63.7741	417.922
154.329	187.545
38.6836	310.529
178.936	19.4944
95.4219	78.7214
293.496	383.19
311.805	474.837
299.266	382.687
454.168	215.847
413.564	280.587
106.953	19.5744
75.6349	257.942
113.595	95.7559
228.144	115.603
10	10
141.156	497.268
494.432	372.174
259.965	212.715
214.019	426.936
416.898	458.555
259.125	423.735
10	10
10	10
37.0236	183.131
25.725	277.888
183.227	261.27
291.279	71.2262
296.292	180.582
10	10
76.4131	244.134
243.732	294.549
0.113127	438.197
461.663	117.877
284.722	387.989
9.28266	44.2342
353.927	424.772
116.368	127.239
19.7433	161.387
10	10
10	10
10	10
10	10
10	10
291.215	26.9127
10	10
10	10
10	10
206.592	39.3297
263.451	222.088
37.5198	220.572
191.773	462.151
460.411	486.296
113.398	257.598
278.501	463.604
379.147	30.1773
480.539	190.738
393.022	431.241
163.578	22.2316
207.063	325.323
62.5381	376.455
449.85	224.866
393.233	331.551
64.964	14.6473
487.975	463.198
198.346	264.378
386.43	477.646
299.739	243.588
86.7768	48.689
177.709	164.933
167.597	201.962
297.857	173.683
10	10
345.598	113.417
221.224	420.002
45.7638	317.975
124.975	132.33
380.231	468.704
403.619	266.037
155.259	297.727
362.407	389.175
396.924	73.7087
213.447	205.118
72.7918	20.8703
30.5085	478.474
79.178	339.159
321.523	120.72
276.289	63.3834
420.239	424.907
458.073	94.8282
10	10
356.513	6.33245
486.34	41.1427
24.8332	479.777
480.832	52.1789
10	10
10	10
317.087	214.081
317.683	111.487
104.582	215.128
105.564	116.484
320.67	356.489
48.5142	122.535
440.692	483.88
389.428	46.0471
38.5248	122.996
56.3922	424.668
115.791	123.528
122.806	195.542
10	10
407.233	440.488
96.568	221.11
255.445	496.26
8.99374	268.358
344.706	103.457
137.433	213.234
170.448	394.398
376.477	100.498
276.032	113.845
419.473	330.356
310.075	306.067
10	10
10	10
318.54	92.0199
406.244	481.347
424.431	244.713
482.193	270.614
376.188	402.504
393.996	429.267
488.53	372.177
207.583	485.633
476.324	291.895
494.976	271.954
275.099	385.271
475.145	392.105
5.84334	422.543
89.4704	119.939
202.302	116.893
233.732	294.658
269.192	420.498
10	10
10	10
263.616	497.078
423.447	443.754
355.01	21.4312
232.176	81.9437
145.602	477.835
382.109	479.452
10	10
99.0473	479.188
409.296	101.752
180.914	24.1856
104.097	317.325
96.5905	74.2073
223.96	292.536
363.399	278.575
496.763	201.331
278.882	73.4101
101.969	385.375
358.225	490.717
428.35	5.29563
139.735	6.95579
274.68	391.728
155.657	22.9147
326.478	78.133
10	10
25.2706	188.643
381.396	342.622
184.418	455.376
476.967	372.942
39.9215	481.85
10	10
205.21	181.791
142.99	189.18
214.09	412.993
490.761	219.969
294.824	369.213
107.586	9.59444
46.3941	489.473
90.1631	197.474
218.032	29.5809
481.246	160.818
387.132	302.353
289.156	259.814
251.912	215.057
265.318	285.341
187.295	493.05
40.3329	323.763
192.797	375.905
255.416	75.9403
375.458	169.203
10	10
102.456	151.236
324.324	208.844
26.1459	19.4373
487.358	59.7558
107.065	160.111
482.445	458.717
410.117	396.808
85.5208	248.454
5.95112	11.0397
7.90627	120.601
37.1253	493.226
146.827	377.864
428.244	6.63392
492.719	169.808
113.189	427.909
76.2327	277.652
220.882	198.43
476.658	223.99
418.45	165.448
197.877	75.0344
388.528	454.54
196.493	289.19
90.5708	478.995
216.063	193.726
48.8402	477.327
323.376	130.547
354.535	101.618
12.7855	130.985
313.438	471.341
204.929	126.541
310.01	360.183
369.593	281.867
134.125	389.82
6.01047	302.839
46.3763	215.929
402.205	258.787
385.401	107.981
10	10
0.407693	10.9907
10	10
318.678	38.9287
103.481	463.972
195.037	398.742
10	10
498.71	143.068
208.758	49.0925
63.3938	282.983
212.635	403.1
121.887	253.193
70.635	383.066
193.582	89.8765
10	10
10	10
331.779	6.22606
411.11	32.2808
496.544	367.328
338.601	495.762
494.049	22.2197
267.554	485.315
101.676	286.917
5.36203	13.8134
384.498	89.7436
160.105	319.152
449.252	424.93
362.045	381.256
10	10
199.858	169.761
10	10
203.911	425.586
10	10
3.15204	309.431
415.005	444.784
84.0818	189.536
111.069	478.178
10	10
489.161	125.415
57.1572	481.437
10	10
238.091	100.96
371.646	394.223
210.192	175.218
222.802	408.083
87.8159	225.947
10	10
358.461	287.279
7.81878	271.722
10	10
278.504	299.001
414.169	233.258
365.933	9.6894
77.2744	51.8044
10	10
113.368	484.303
10	10
69.5678	375.126
199.902	467.976
122.708	91.6379
262.627	6.03401
10	10
10	10
314.599	171.52
300.409	367.125
473.909	379.376
27.6877	222.397
44.4682	309.155
119.111	276.593
51.0328	224.778
490.492	189.765
219.446	171.428
298.079	107.507
278.6	58.2891
366.097	119.783
10	10
0.277383	448.071
10	10
216.392	375.956
10	10
160.822	281.902
10	10
349.294	199.075
10	10
464.059	213.679
85.9617	156.09
86.4603	325.861
10	10
10.6725	72.0407
333.792	414.987
212.737	361.329
418.788	163.687
42.3178	381.541
377.432	304.787
190.163	337.281
256.669	123.725
10.5715	15.8052
262.361	417.174
16.1058	378.541
72.4357	99.9171
491.032	52.5937
81.599	257.49
487.489	211.563
10	10
220.857	302.042
10	10
2.25839	26.88
10	10
353.078	478.522
87.205	275.713
106	490.878
224.092	242.676
207.553	72.5113
50.6352	206.881
211.037	300.154
288.122	97.5507
80.8646	201.154
15.3329	54.9683
446.279	110.029
71.2783	296.897
395.723	208.935
173.727	10.9582
356.572	275.456
198.328	284.336
4.49958	448.773
270.694	192.348
320.453	29.0876
295.242	146.234
10	10
205.984	79.8833
182.851	333.674
454.164	107.28
341.264	408.341
10	10
429.938	399.323
407.986	402.346
203.364	103.457
197.732	433.449
352.963	377.068
112.755	109.536
148.91	185.244
18.4243	195.932
346.441	481.242
10	10
10	10
134.362	375.879
426.301	285.103
431.028	123.345
36.9056	124.43
120.619	485.143
222.243	252.503
50.7555	15.2233
145.248	281.885
263.519	294.16
187.496	493.983
260.153	218.895
116.392	163.718
87.3799	332.652
120.981	302.746
241.934	214.394
21.6555	181.361
279.57	256.965
475.182	142.186
346.884	317.104
259.441	488.86
151.061	79.8042
136.521	286.767
115.307	245.664
299.801	392.673
346.949	401.948
267.328	121.985
194.379	273.557
324.97	419.697
285.066	311.966
451.528	485.011
164.656	77.6155
397.677	483.058
439.114	390.084
152.313	480.1
272.939	391.395
86.0957	129.352
10	10
7.35516	454.282
325.448	313.335
375.39	44.5645
10	10
10	10
21.6863	411.966
377.661	54.3031
122.609	158.666
211.471	17.8838
285.823	364.857
193.37	22.9912
417.512	338.905
290.94	22.5691
216.829	436.533
10	10
72.3621	107.81
323.516	90.3124
20.0667	294.042
169.208	2.9208
494.65	357.509
485.717	16.6899
145.315	293.538
10	10
10	10
199.329	385.696
416.417	250.695
71.3551	418.249
60.5563	221.728
106.317	400.461
479.006	9.27623
364.569	21.9139
224.156	32.0691
456.462	13.5968
319.009	424.785
80.6506	332.69
345.189	23.3162
447.374	302.718
10	10
177.8	252.87
351.278	301.313
100.592	15.657
129.871	92.1655
107.187	243.343
83.4872	68.2019
412.647	291.301
218.412	214.895
166.612	198.147
99.7667	224.006
126.932	310.782
393.066	294.994
324.081	220.614
341.255	3.0306
16.7732	262.075
137.918	86.4399
364.175	280.253
60.8026	408.374
421.082	180.056
326.607	303.402
17.3391	21.2096
351.806	209.538
309.369	390.25
476.102	196.158
91.8264	137.547
181.26	155.585
10	10
478.694	387.77
10	10
440.934	486.847
344.425	190.34
201.347	217.176
275.467	482.65
389.853	363.487
10	10
10	10
423.422	283.818
475.788	60.8133
219.391	209.809
490.349	306.783
354.647	78.5729
357.464	217.744
121.246	404.832
285.287	311.092
298.275	15.7727
261.506	187.469
197.8	212.863
255.37	493.538
287.792	54.3499
10	10
242.583	107.34
184.37	85.9846
133.62	389.402
179.29	324.329
108.21	68.8718
286.159	354.863
334.231	296.931
285.636	245.249
493.481	358.368
9.72646	316.966
192.303	117.002
179.081	483.732
321.188	465.022
463.163	86.2204
105.33	421.725
244.582	284.585
415.714	372.67
10	10
204.26	246.211
10	10
126.951	396.183
486.244	394.328
165.067	386.216
488.568	92.7004
414.262	97.4543
10	10
222.055	415.181
315.889	62.5772
10	10
290.291	237.173
10	10
275.5	210.474
10	10
293.242	259.631
206.645	194.754
10	10
176.186	243.002
341.395	394.476
201.449	289.353
351.227	494.233
402.656	272.252
10	10
424.873	115.463
475.143	133.38
204.979	161.172
19.5656	252.473
205.609	460.817
479.896	185.906
77.6296	250.526
104.332	474.202
405.417	238.096
277.068	417.052
216.741	324.252
77.3802	164.411
103.709	97.2568
487.438	22.1065
155.155	482.332
192.652	79.8743
136.313	76.5695
406.995	409.206
81.2067	295.702
258.667	277.874
147.433	213.138
180.016	22.5158
400.591	64.4054
34.9945	380.175
10	10
292.096	99.0569
81.9042	268.578
245.52	295.619
391.631	448.016
326.735	407.901
235.546	280.302
339.914	404.463
138.504	75.192
10	10
395.024	171.681
271.996	90.9906
321.568	369.501
19.6435	416.838
433.295	384.516
406.898	458.458
347.338	279.294
10	10
285.028	245.229
151.587	411.72
308.516	393.954
268.887	201.653
450.908	82.0725
364.319	191.416
352.782	215.291
421.685	190.038
479.899	87.7157
484.923	101.061
476.484	199.499
213.872	395.071
78.4124	222.545
343.186	218.104
462.786	288.145
10	10
109.263	382.749
277.49	220.274
189.225	77.5827
10	10
268.779	377.521
191.789	460.446
10	10
489.537	85.9923
10	10
75.5466	21.0629
379.176	400.125
136.465	488.437
10	10
55.1333	178.645
305.209	127.635
10	10
14.1873	89.1777
399.349	87.1682
494.946	262.509
117.508	436.928
400.011	335.004
224.727	442.668
10	10
212.139	484.464
256.328	498.539
119.023	42.5649
475.652	226.511
213.92	156.693
10	10
350.675	391.989
183.472	112.31
181.752	117.855
278.472	386.006
364.091	290.946
10	10
10	10
304.59	490.267
59.4217	6.32365
491.69	58.9245
32.7244	114.85
322.781	434.046
157.523	202.315
10	10
340.285	214.774
120.587	148.873
166.396	208.617
44.7914	189.289
134.099	278.973
72.3001	290.454
396.536	473.123
17.7251	221.534
320.245	60.3185
408.458	165.844
204.039	345.066
402.213	357.489
89.8983	66.5893
19.8818	393.467
97.9459	455.644
499.309	106.733
180.209	202.356
403.675	228.248
455.803	408.398
395.969	181.003
93.1262	9.00436
307.118	463.591
252.358	481.802
197.42	129.565
7.16595	126.843
370.542	114.956
400.983	274.885
235.084	122.803
344.393	307.424
178.894	495.146
119.253	250.459
391.015	275.689
496.621	48.539
78.9234	241.511
205.178	98.8736
17.0443	486.048
171.788	118.695
10	10
414.575	172.95
190.16	201.367
18.4708	469.909
311.869	497.124
10	10
315.089	208.684
120.239	264.892
489.981	280.617
407.318	389.21
11.1299	349.533
121.239	199.579
10	10
126.745	320.781
149.221	381.295
492.458	172.892
431.134	2.62548
180.868	320.286
409.1	1.84769
292.424	347.069
458.866	286.176
14.1811	25.1036
294.589	231.613
10	10
15.3162	25.4222
161.751	309.376
278.359	117.937
93.1327	220.286
235.531	183.296
10	10
402.65	461.374
131.998	13.2911
10	10
381.054	340.578
186.541	110.093
207.589	158.157
32.4029	203.91
284.254	480.511
10	10
408.391	329.548
399.417	46.5312
128.312	198.247
312.788	434.434
494.472	310.049
181.026	445.969
127.343	19.3989
315.811	83.5847
400.815	189.75
10	10
275.163	283.585
127.317	418.345
309.675	242.46
74.0252	97.5292
339.983	324.341
221.792	256.944
464.908	412.534
180.378	328.969
439.504	397.958
339.604	288.497
10	10
281.215	26.9937
110.931	290.706
196.684	40.6851
475.457	465.869
289.49	386.121
411.343	280.77
38.9446	179.929
10	10
300.888	467.863
280.668	222.98
322.644	140.52
200.144	243.273
433.992	408.464
192.34	49.6918
30.2851	398.951
396.532	203.403
85.1127	7.95176
269.612	183.994
332.584	487.775
176.746	148.629
75.9187	285.988
165.328	218.559
378.083	159.553
257.672	485.447
453.076	310.933
341.712	182.49
490.226	348.54
346.23	89.7119
97.7257	425.438
50.5132	301.189
178.978	389.749
207.664	324.943
10	10
85.1414	6.72774
154.935	421.143
100.541	17.6013
384.661	61.4449
447.796	119.913
177.009	80.2819
297.975	474.132
323.168	455.22
167.81	289.055
199.518	416.603
79.6733	398.22
218.21	441.547
231.265	282.942
311.646	252.264
215.62	197.807
371.635	18.9873
126.808	5.27203
384.709	329.024
11.3083	200.839
397.38	474.39
409.369	430.718
365.432	300.617
297.817	492.525
208.099	120.827
390.762	302.853
299.796	154.281
96.9184	190.101
10	10
27.3329	9.508
102.208	397.259
232.639	406.287
383.451	483.983
318.596	310.337
205.15	10.1344
323.407	11.6939
184.55	209.044
345.993	423.264
10	10
474.679	414.663
106.726	307.677
195.586	366.301
126.372	391.261
221.858	486.821
259.925	382.169
201.268	50.0013
348.145	293.206
459.994	412.854
457.363	119.463
197.866	390.066
10.4289	319.771
10	10
16.7652	406.088
277.366	226.464
401.861	258.759
184.027	480.483
303.749	298.322
10	10
55.1004	288.571
187.729	84.4708
63.6366	407.46
35.4976	199.142
445.147	211.532
19.7583	138.153
258.624	496.6
225.73	300.722
62.4361	99.8289
209.298	103.492
114.723	14.8583
20.6645	426.786
364.041	224.464
301.769	288.52
10	10
213.404	105.726
376.319	119.048
45.5193	285.707
399.934	5.8462
104.381	261.92
480.077	474.738
410.654	234.19
181.307	139.729
345.56	222.994
10	10
220.909	288.509
216.635	358.95
98.6244	187.066
175.348	403.115
441.831	202.098
415.662	463.274
125.405	297.208
8.5708	281.694
32.2042	379.985
10	10
10	10
10	10
326.882	423.849
118.94	446.825
170.081	9.3646
9.55293	484.72
221.705	282.454
220.256	398.765
94.8504	387.26
462.458	16.293
294.525	259.308
85.9606	382.68
137.949	18.7267
187.041	273.683
470.752	217.141
308.458	477.561
147.82	199.894
14.3987	1.01941
382.082	454.814
119.979	128.673
318.536	452.21
394.291	52.2848
478.659	233.064
188.856	461.538
386.416	108.528
243.614	204.536
131.804	392.336
181.905	436.008
412.867	480.857
466.779	407.097
320.29	442.745
168.924	396.892
25.651	289.675
87.6454	339.047
30.4029	324.944
205.714	384.966
397.852	470.348
228.163	479.059
196.278	212.559
322.354	224.301
117.683	325.009
133.786	16.5298
314.693	348.472
305.198	162.696
108.867	167.131
315.691	58.7204
73.0566	20.4372
10	10
381.347	273.134
343.57	324.443
110.768	100.937
121.17	100.794
483.09	313.661
454.849	23.4657
243.758	288.647
49.259	223.077
410.484	62.9421
14.5862	174.288
482.035	68.6213
290.106	228.249
460.357	116.609
284.393	44.9451
294.163	42.811
10	10
10	10
102.006	494.085
163.465	322.63
183.179	7.69347
399.161	249.13
5.34556	464.078
10	10
324.993	211.929
450.511	320.598
10	10
97.356	339.21
113.729	18.3025
243.023	485.387
397.779	359.97
226.921	202.987
479.487	203.286
62.7774	103.018
296.762	128.868
78.8103	88.7484
140.175	298.004
418.283	56.684
10	10
357.562	100.362
114.67	162.724
213.193	75.7935
165.096	376.216
307.339	257.411
388.923	168.585
481.098	166.1
80.6021	293.038
408.917	89.1422
160.202	490.244
10	10
10	10
173.897	478.719
75.9569	220.867
10	10
256.518	378.612
103.774	497.686
214.426	57.0895
160.198	302.821
10	10
492.422	458.026
350.108	380.768
482.09	468.738
390.266	247.74
479.48	423.435
10	10
309.556	312.964
405.786	428.778
459.206	89.5568
464.402	376.274
10	10
319.583	241.106
489.244	12.7795
104.945	286.671
203.878	450.968
405.405	85.4544
10	10
445.528	308.994
454.663	285.381
375.889	56.543
5.81604	438.86
319.258	99.3602
10	10
98.1357	240.406
67.9853	304.719
381.753	54.9647
10	10
217.155	38.2981
6.09019	0.099372
380.116	388.906
371.346	184.302
142.043	301.702
410.481	402.687
2.22668	269.282
10	10
493.508	32.2051
10.0032	224.205
486.627	205.223
114.715	471.861
183.275	499.17
118.941	334.93
389.038	196.781
367.292	494.935
181.796	135.524
10	10
192.486	66.9505
5.46168	20.1577
409.62	407.387
10	10
235.881	91.2072
142.709	221.952
178.567	192.56
381.029	170.834
484.436	395.062
350.449	214.932
388.611	320.2
189.866	85.1431
383.862	394.103
380.406	249.404
410.146	470.426
146.477	410.963
126.408	9.82968
276.586	247.418
183.716	320.194
78.0744	425.655
402.098	492.028
423.221	450.486
10	10
346.477	312.918
28.3253	496.589
10.3352	481.327
409.416	336.614
50.9904	179.014
419.437	37.8178
10	10
10	10
311.052	236.072
235.857	86.1266
20.8976	347.39
1.89743	32.7941
10	10
297.973	256.187
405.659	433.576
15.5499	381.231
150.734	403.676
414.45	321.592
196.07	81.5023
436.088	283.048
80.0734	127.477
101.661	248.648
2.25709	259.282
485.903	482.866
486.678	474.707
104.66	104.216
186.692	50.5312
72.438	101.422
131.512	188.773
311.674	86.3279
184.013	215.882
293.342	37.555
10	10
486.807	321.813
115.148	308.484
27.7846	106.155
194.235	333.525
20.0321	46.1412
483.454	109.867
10	10
86.7295	488.228
242.385	111.504
370.083	375.307
236.033	177.161
120.884	410.55
318.983	387.498
254.914	8.43943
375.198	153.297
341.112	193.129
420.852	436.672
324.75	314.781
379.862	399.975
242.618	221.98
356.334	401.363
270.128	391.577
248.128	99.0179
10	10
30.7517	408.682
495.687	136.141
281.503	127.011
395.963	15.0239
53.7636	301.084
31.39	289.068
10	10
154.377	185.756
203.579	305.43
99.529	435.274
399.037	74.2839
10	10
10	10
97.4138	311.322
238.252	76.4177
75.7753	221.919
1.50581	480.937
10	10
483.29	396.223
248.958	305.009
10	10
10	10
76.5274	404.024
98.4563	180.781
182.837	145.073
204.832	392.846
11.233	246.944
200.917	81.0509
43.8388	275.849
146.583	177.615
308.371	395.134
10	10
355.959	422.443
323.657	344.04
309.387	422.06
262.761	299.748
10	10
420.121	320.743
392.055	373.242
216.205	114.872
393.208	8.86019
15.7039	51.1802
364.768	93.4283
386.671	348.535
13.7847	416.889
264.321	309.333
10	10
10	10
10	10
172.05	191.373
146.402	91.7338
254.378	99.8977
31.2966	199.367
359.513	416.706
80.9317	389.441
197.161	6.1043
121.731	199.823
85.6456	396.497
459.491	88.9435
62.2217	4.12506
84.3669	478.511
10	10
437.074	116.787
10	10
485.208	260.235
293.905	17.6338
91.9599	160.901
203.525	296.456
322.348	434.409
10	10
387.2	238.222
64.0453	397.468
413.967	85.6563
294.26	58.7891
10	10
10	10
148.982	488.495
197.709	420.924
382.832	178.245
160.123	177.572
24.2211	461.727
75.8981	16.8469
290.301	125.628
90.4092	397.448
473.565	316.705
10	10
482.271	483.776
152.867	487.846
104.123	386.075
10	10
282.908	343.994
10	10
199.537	158.474
217.23	115.239
75.3386	285.748
10	10
458.323	422.713
114.251	38.1161
348.622	181.348
77.0148	203.197
462.267	105.534
82.3025	43.2748
445.46	192.779
91.2163	47.8073
418.255	227.691
178.696	14.0289
233.93	104.973
10	10
63.8993	424.913
488.366	51.9157
104.006	281.329
142.58	79.6818
305.447	211.335
141.041	175.321
421.866	476.496
10	10
496.278	303.791
411.118	32.2676
140.61	99.886
76.4064	64.8828
5.03458	261.337
10	10
277.753	335.426
5.6396	116.96
74.9683	117.347
260.62	203.581
10	10
212.101	178.214
415.875	163.102
262.431	375.911
391.421	92.0042
53.1122	14.1901
291.061	54.2658
377.911	143.672
472.001	206.233
377.2	238.229
228.435	78.3179
479.618	10.3244
390.973	358.433
25.0809	324.099
441.18	116.326
401.521	326.139
425.915	414.36
293.221	221.322
10	10
112.517	39.3354
113.266	197.107
32.1912	18.2486
101.019	103.316
406.43	268.231
360.499	12.7795
10	10
390.173	305.749
460.328	122.624
104.218	66.8861
388.958	465.776
204.67	213.593
180.961	220.057
377.381	445.988
50.9097	185.614
250.649	9.44545
147.417	107.212
279.683	214.098
297.722	62.8687
395.139	323.25
283.232	101.302
83.1413	373.086
375.313	325.601
385.596	83.8756
10	10
490.912	177.265
10	10
347.02	490.907
106.577	239.754
179.113	411.55
22.5923	492.597
202.527	95.4399
311.983	366.65
401.405	376.788
65.7279	100.827
98.9019	88.7318
362.349	120.691
23.7398	86.2196
224.172	246.217
41.0072	205.959
10	10
10	10
248.447	384.516
397.379	83.1368
161.788	118.725
230.535	309.492
303.412	396.449
384.665	169.892
89.8217	229.722
281.438	266.789
363.326	81.8271
10	10
76.0778	472.917
276.257	427.019
195.567	345.642
79.576	368.927
10	10
168.421	385.951
140.059	178.397
109.33	330.507
48.6406	204.126
492.836	482.221
10	10
183.952	428.785
286.292	247.701
457.022	300.09
403.286	417.286
381.821	307.033
475.829	66.2587
167.488	279.06
10	10
487.983	428.698
134.585	103.29
93.1915	306.77
10	10
10	10
209.173	309.889
477.977	179.988
186.433	394.769
306.796	404.358
56.3626	91.8846
125.561	120.376
389.26	118.115
410.081	331.744
10	10
84.894	82.1774
299.676	42.5564
69.8906	93.6182
295.727	130.673
10	10
203.038	182.441
423.483	328.226
171.09	88.3418
79.7731	492.789
468.318	177.398
76.6692	93.5368
10	10
397.003	178.695
96.8122	381.119
110.886	400.701
343.852	490.324
4.66653	344.891
138.295	19.7969
194.126	263.56
159.35	4.60207
372.593	9.0333
475.876	432.763
189.86	212.204
305.812	250.791
303.595	278.689
370.539	21.6782
134.425	93.1532
90.6491	45.8201
103.78	179.263
482.153	346.487
84.2053	89.109
107.635	397.18
232.821	219.974
315.717	261.797
10	10
277.819	436.896
143.629	296.14
473.831	489.139
255.403	103.138
495.014	65.184
73.7615	287.694
274.032	185.764
472.695	286.796
96.7889	186.992
306.497	117.718
383.284	292.914
26.8387	218.943
436.807	405.446
102.067	231.323
378.683	410.112
419.86	426.721
277.032	267.1
194.525	249.995
119.148	0.673578
314.52	166.316
98.4186	482.266
10	10
306.133	257.605
305.249	241.316
10	10
90.9413	55.4133
471.114	385.554
234.364	409.791
294.964	37.2202
411.259	464.242
307.943	173.849
10	10
188.707	226.381
185.611	366.379
89.5314	132.662
182.339	29.009
191.084	29.3169
479.73	194.576
27.0842	24.2946
395.601	200.105
453.892	291.49
94.5726	348.815
112.432	207.072
240.664	9.99597
104.856	230.383
278.034	355.005
396.088	239.156
440.822	5.10061
171.055	78.5865
403.829	228.028
24.0281	292.738
124.421	11.9662
12.6971	113.778
10	10
78.5768	80.4212
331.936	180.384
400.947	72.3033
268.372	117.416
412.688	311.749
10	10
73.2265	387.336
282.599	131.341
451.564	193.046
178.839	470.026
478.352	392.433
493.01	62.4274
70.9116	281.835
410.637	434.755
86.525	59.4062
391.677	40.199
10	10
470.532	418.577
8.52112	267.647
205.479	135.485
407.026	218.553
206.15	458.682
478.103	341.328
265.814	400.599
357.351	183.378
160.148	124.909
423.533	236.185
386.642	364.754
211.685	29.927
424.308	220.114
293.016	461.696
377.546	352.625
225.039	197.61
313.553	338.538
292.817	473.972
488.975	159.939
115.153	342.806
107.944	430.02
320.155	386.776
177.889	367.375
264.347	112.929
288.286	16.4013
95.1983	443.458
102.055	284.08
114.786	216.791
484.787	476.493
334.034	478.544
418.518	489.107
332.075	323.759
78.8493	257.515
415.387	305.872
192.812	165.875
227.125	404.361
144.454	380.387
11.8293	144.246
485.608	364.533
352.919	487.586
481.443	98.8388
454.597	214.557
186.465	442.382
118.689	352.16
400.64	453.364
309.774	397.496
324.117	51.0985
95.6821	111.772
466.534	104.199
52.2997	21.775
35.1192	3.23314
192.192	136.984
10	10
10	10
64.0891	410.314
198.358	257.292
264.073	84.8893
10	10
489.457	260.468
314.952	17.0345
423.093	65.4516
44.9814	380.686
179.061	151.222
346.146	79.7123
388.745	209.677
363.555	20.8956
379.59	474.817
286.645	235.665
453.144	275.497
83.3755	330.004
148.649	378.6
282.364	8.34332
15.9541	419.079
35.4691	21.5387
135.76	88.7871
478.753	4.51703
48.988	214.825
248.902	17.184
259.006	0.871897
482.404	98.086
23.3571	147.483
10	10
477.451	347.016
10	10
312.51	244.91
430.666	481.246
478.532	50.1051
122.805	183.854
324.399	181.184
384.137	268.049
463.51	421.417
10	10
282.922	416.714
188.417	434.185
405.802	496.119
38.2914	495.766
10	10
298.948	48.9168
78.7097	343.536
65.307	291.179
20.6985	405.806
429.303	183.56
267.165	315.127
220.787	159.561
455.104	185.759
10	10
39.5061	489.765
28.1511	77.2451
353.166	285.463
429.471	213.178
232.263	319.342
124.208	4.91978
492.635	457.062
78.2823	199.005
10	10
448.122	16.81
52.1791	82.8017
356.95	484.366
35.5784	319.51
6.13011	95.1006
303.832	362.536
68.4125	197.397
194.403	96.885
206.044	199.127
418.949	488.804
10	10
87.4776	0.806014
76.8237	495.003
455.926	285.248
120.976	204.923
26.9965	213.462
204.623	381.195
82.0093	478.992
90.0653	120.046
309.351	42.447
10	10
450.058	321.539
304.065	57.4137
319.376	265.884
10	10
346.729	175.478
121.1	244.316
273.156	320.225
83.7987	78.6459
57.4904	417.562
314.734	136.892
112.041	334.75
10	10
163.79	287.19
10	10
342.535	280.949
281.159	86.9861
10	10
377.39	410.429
290.873	116.009
84.5628	422.323
301.492	412.836
150.511	2.51857
22.9587	292.7
209.395	124.668
302.941	295.058
10	10
476.478	341.091
178.343	465.454
214.972	463.39
235.802	401.379
486.238	9.9953
73.9855	12.7137
48.2607	484.932
486.241	289.891
10	10
361.511	3.1255
10	10
212.654	375.236
162.776	314.113
203.507	481.184
302.495	90.2957
10	10
184.035	235.222
475.692	176.514
270.437	111.153
204.003	212.612
10	10
10	10
224.185	150.156
175.352	420.816
106.296	450.141
180.03	484.341
100.333	319.344
393.346	68.7651
278.063	484.075
107.722	275.436
85.4338	222.011
10	10
454.43	88.406
72.902	200.986
111.9	423.186
251.283	223.752
120.106	179.094
104.202	226.079
134.874	288.162
394.932	71.5789
293.631	398.529
31.2256	87.051
90.0279	77.5195
380.87	22.8233
104.183	228.154
488.3	230.408
10	10
154.914	181.075
402.096	430.086
10	10
77.7582	245.845
109.095	156.017
269.51	92.4855
123.007	46.2148
10	10
182.381	206.705
91.7418	3.19045
475.141	91.0746
10	10
112.441	291.468
481.718	458.072
306.337	465.481
90.1663	476.278
10	10
483.119	114.263
159.817	111.321
50.8149	22.1241
193.438	1.9302
463.528	302.493
368.734	193.955
139.265	486.131
307.365	431.212
169.73	306.043
377.747	282.463
186.136	149.662
396.373	125.144
10	10
198.217	457.834
311.924	319.28
383.731	43.579
412.986	81.6931
89.7793	103.968
414.534	97.4156
103.1	61.7482
219.687	455.212
296.829	43.2441
10	10
22.9002	459.617
294.684	242.771
489.455	342.954
168.118	209.458
387.866	144.617
85.1083	469.822
272.001	393.858
10	10
97.7248	353.797
283.02	461.977
313.004	282.077
237.589	317.675
10	10
487.586	491.283
100.199	401.972
293.9	114.875
452.614	216.617
257.913	84.5245
183.8	10.22
6.09108	13.8418
326.927	105.777
194.534	407.934
10	10
100.36	442.334
217.201	327.95
279.712	178.633
428.79	419.389
231.436	489.692
384.103	318.313
388.548	370.048
195.219	348.121
145.883	76.5654
25.9915	107.786
478.073	225.88
10	10
97.2055	11.8842
186.07	465.914
438.947	180.914
184.254	20.775
10	10
407.4	276.353
94.1841	465.623
353.114	406.888
424.527	97.0321
494.088	328.668
385.932	329.552
273.138	477.24
473.149	289.597
18.3093	92.0292
10	10
196.185	289.665
416.539	277.814
329.724	383.873
10	10
146.411	92.5313
10	10
480.983	404.379
10	10
458.391	376.03
173.664	206.593
299.549	423.852
421.034	430.789
122.627	156.667
275.028	455.966
80.2501	6.86322
136.704	85.9611
10	10
10	10
31.1984	390.961
445.106	222.305
5.79508	383.432
283.155	320.366
452.208	210.087
10	10
235.171	6.21996
191.733	16.9206
109.147	6.55694
284.882	310.517
10	10
153.788	205.409
164.919	208.245
370.033	92.0594
394.117	476.699
10	10
137.348	278.473
297.325	8.23687
10	10
346.511	287.828
389.353	359.961
332.431	7.38543
260.571	15.4832
86.1067	240.34
356.806	496.8
323.652	170.237
238.65	216.031
10	10
10	10
10	10
117.423	166.697
224.418	253.551
10	10
87.2627	245.219
496.586	131.627
52.5629	209.003
10	10
276.438	435.343
98.3974	23.9331
12.6253	59.4422
399.289	384.561
73.7959	103.418
376.266	379.73
43.8776	313.931
10	10
36.4561	416.895
10	10
286.277	416.775
228.328	198.86
71.5877	101.244
319.601	257.43
113.788	63.9846
320.929	371.12
430.403	393.816
10	10
293.839	362.922
82.688	492.435
291.11	3.47769
123.027	381.837
383.133	487.058
318.5	245.568
196.747	226.229
115.249	461.875
10	10
217.372	378.684
316.54	415.071
429.355	316.905
367.319	299.051
108.563	377.115
192.89	165.465
396.186	150.165
183.893	220.546
23.4716	488.079
10	10
20.4012	62.3374
10	10
14.1762	70.1636
156.687	196.994
488.176	196.339
122.807	355.708
33.0776	298.924
99.2141	294.865
317.865	26.6008
10	10
317.837	283.987
10	10
58.3106	9.44162
10	10
379.738	324.857
57.0062	282.311
319.94	173.687
306.376	62.4024
169.573	16.4693
317.236	482.352
378.445	278.115
277.406	168.902
94.9333	219.862
26.3667	296.917
187.491	87.0756
481.469	173.444
104.027	212.491
101.204	438.25
380.555	278.474
318.091	139.253
10	10
10	10
104.067	246.151
153.004	199.748
388.227	277.26
396.546	250.461
283.833	55.3233
273.958	104.19
433.124	208.641
207.656	411.797
220.881	69.3984
200.57	57.3771
10	10
54.1481	376.69
7.36035	446.898
407.303	323.297
488.221	89.9515
221.33	142.1
471.386	195.631
200.961	67.3641
210.519	116.697
335.922	391.72
343.36	398.404
455.246	101.812
263.837	24.9347
258.181	24.9767
10	10
186.229	471.731
166.594	415.99
323.973	394.078
190.256	488.306
124.819	345.905
110.525	367.31
296.628	127.617
183.873	218.085
16.8756	273.143
52.1862	319.496
291.651	339.141
492.327	346.644
393.493	434.484
270.97	314.556
320.179	411.756
420.734	491.874
10	10
10	10
301.23	34.986
77.5247	28.5204
462.332	178.768
102.336	243.589
222.067	43.0093
10	10
10	10
492.729	117.029
475.715	42.9754
229.337	11.9398
144.857	298.336
197.975	357.734
10	10
192.412	324.453
359.597	382.42
15.4371	88.2772
404.413	172.93
462.859	197.5
95.4002	389.137
420.691	445.213
479.509	406.15
138.534	109.409
33.5448	380.781
189.713	16.8156
10	10
80.6099	228.654
316.127	345.548
482.053	283.578
455.145	93.1915
262.455	323.948
494.72	186.511
187.799	372.802
397.667	82.6702
347.749	379.87
10	10
10	10
10	10
491.716	372.451
44.963	303.992
10	10
48.338	484.171
10	10
24.8257	279.709
10	10
394.76	53.8164
169.817	111.197
3.24992	393.103
10	10
375.273	3.61891
36.3393	1.07008
10	10
3.86443	373.62
216.795	105.558
90.9235	358.323
10	10
185.914	467.926
497.914	67.8976
85.2244	131.39
411	345.64
179.718	444.917
92.6027	321.104
119.761	449.03
112.332	65.4022
419.823	180.379
250.907	378.979
112.166	122.432
485.239	461.628
281.041	192.898
385.647	211.328
214.62	66.1567
471.02	411.472
299.826	136.519
166.692	399.798
21.1954	247.811
483.297	48.8619
415.032	59.6121
182.958	318.935
493.49	226.161
88.433	407.251
67.0702	209.041
20.2063	87.8094
220.954	292.425
403.118	272.385
10	10
45.5109	301.62
24.338	0.358067
372.887	200.758
481.254	354.076
110.035	176.077
10	10
218.188	149.051
219.35	337.717
376.416	40.4287
10	10
476.028	189.669
488.188	252.888
107.28	404.302
10	10
253.521	286.484
109.331	364.677
442.309	106.979
463.742	83.2117
45.2886	90.0488
56.2533	110.596
10	10
350.069	307.37
406.94	346.334
351.371	389.887
13.9981	295.911
378.604	218.426
385.632	221.388
302.383	259.939
83.0635	20.43
385.797	108.733
192.961	461.872
112.593	288.625
10	10
121.673	174.617
322.89	55.2916
85.7118	446.621
377.858	436
489.544	451.065
151.628	415.486
141.605	214.17
45.5135	75.3472
497.078	34.127
171.735	410.946
115.949	203.173
430.948	103.105
427.336	496.724
78.0824	453.086
382.229	334.581
10	10
16.0072	119.129
259.719	3.83728
24.427	316.512
50.6178	491.558
201.222	77.8117
152.675	222.776
10	10
102.69	218.081
7.56483	288.255
405.675	303.486
10	10
45.3255	80.0235
199.588	233.632
161.927	185.346
10	10
288.975	399.812
435.154	281.664
145.021	6.80511
65.8193	222.856
178.441	243.511
10	10
491.715	270.21
402.577	225.942
302.126	321.282
268.277	75.816
341.514	219.424
10	10
13.2902	277.351
246.76	384.042
333.321	9.26705
175.594	284.915
373.014	478.29
179.294	303.12
158.424	288.825
326.85	484
374.082	483.342
10	10
375.719	248.51
10	10
203.016	336.624
406.755	176.521
10	10
10	10
8.32192	214.347
10	10
477.533	73.695
10	10
60.9203	314.626
126.77	391.11
129.445	388.595
385.715	267.446
276.084	337.111
305.54	317.545
278.004	416.71
461.746	98.4672
174.322	10.9879
396.193	15.4406
10	10
10	10
177.553	54.5905
344.37	319.564
200.509	471.645
10	10
462.961	412.722
270.547	14.7968
25.9921	118.581
368.66	492.711
159.856	18.8288
275.969	488.77
10	10
124.161	473.126
253.479	75.5612
223.137	187.792
214.458	71.8703
398.895	175.712
386.706	100.155
175.734	36.5166
91.3374	495.146
109.477	274.74
80.5885	189.275
314.969	164.507
158.34	323.076
69.2116	15.5537
78.5787	330.941
116.041	252.941
377.174	283.166
321.016	34.9218
277.595	231.411
158.097	206.718
10	10
244.774	297.337
300.928	202.414
396.617	55.8083
89.6595	458.836
218.717	247.466
495.407	457.053
10	10
21.9009	107.739
374.814	397.408
336.745	103.877
333.32	281.332
49.9792	175.928
83.0165	132.766
218.162	445.329
78.8663	184.41
485.98	81.5281
312.299	396.247
10	10
338.025	18.0913
105.646	5.73531
73.1681	92.604
108.889	89.2474
110.854	100.459
195.487	98.6164
386.928	490.453
499.262	229.739
223	135.08
120.266	380.924
497.68	239.613
317.581	311.468
304.502	131.44
50.0612	424.256
320.218	383.316
322.441	104.134
14.4079	112.44
214.643	435.969
346.261	384.183
10	10
55.2745	2.98782
450.6	382.299
10	10
336.868	314.952
312.267	376.646
499.382	368.694
1.04398	448.921
272.582	297.864
396.837	269.035
383.329	236.249
87.6977	28.5986
140.205	488.216
492.717	216.191
127.706	275.823
482.163	220.599
419.605	350.733
317.902	395.67
10	10
301.165	397.122
68.4442	94.1463
396.82	8.34952
255.026	94.7528
313.237	181.593
135.807	9.14392
89.1279	348.72
417.383	279.3
111.593	146.334
16.0571	3.9088
287.441	439.619
443.393	281.571
174.168	8.59124
10	10
313.641	252.136
245.415	323.899
82.4192	226.825
188.236	206.378
88.8165	240.485
454.344	391.572
93.1728	246.854
70.7742	316.33
116.605	49.3383
234.881	480.304
403.641	73.5823
10	10
184.336	451.245
19.7337	350.986
212.989	74.7573
10	10
10	10
384.99	207.767
10	10
373.516	386.309
109.399	299.343
86.106	121.168
221.302	102.03
75.0622	341.98
433.675	384.366
120.332	167.761
385.71	337.264
468.155	412.445
211.771	57.7001
261.325	208.804
118.506	439.109
478.336	296.819
490.42	382.367
12.1038	397.751
207.336	134.529
382.946	14.3597
100.187	216.878
87.5896	220.669
146.458	217.285
6.66758	423.914
155.812	294.23
64.5144	97.4938
416.67	304.61
390.515	125.247
303.349	70.6556
184.591	260.548
395.769	259.165
90.9457	18.9317
10	10
419.02	106.353
268.756	315.647
383.895	477.149
209.728	119.553
186.469	327.697
84.3427	311.428
72.5716	485.85
217.186	68.0261
496.943	179.18
147.318	208.123
75.5833	106.312
54.1897	187.74
10	10
430.229	407.468
473.894	478.316
248.731	286.09
494.176	3.91304
117.952	189.749
122.042	161.571
428.296	375.937
240.126	376.56
7.85738	239.305
228.018	417.52
16.0873	455.098
425.452	479.659
469.297	308.48
18.0932	117.923
203.135	183.446
10	10
87.5354	453.936
68.684	78.9613
497.166	343.146
10	10
10	10
112.892	3.539
288.123	79.8096
227.088	116.921
302.258	65.7682
62.0605	89.7154
472.244	378.149
300.376	470.695
432.309	212.42
109.229	386.31
306.803	392.488
391.164	124.691
376.287	229.713
380.729	400.775
379.317	172.303
10	10
234.854	191.283
453.044	222.2
192.743	77.4382
178.63	275.387
30.0506	100.039
242.598	278.192
77.3316	45.6948
487.947	234.015
296.667	260.433
468.48	321.488
435.337	380.561
257.922	311.324
294.588	289.56
321.839	293.151
281.513	187.233
10	10
53.4797	314.881
480.574	279.802
411.499	227.397
108.947	126.786
381.578	225.263
188.004	426.189
88.7966	465.372
439.925	176.617
10	10
20.3624	286.855
150.969	188.217
10	10
489.905	172.972
2.55501	335.117
444.57	8.78578
432.686	291.355
10	10
10	10
307.688	61.5201
132.828	494.969
382.179	395.574
82.0993	125.005
162.074	414.713
87.9012	212.381
88.4599	98.3166
391.092	166.324
383.183	276.326
10	10
204.364	85.2803
79.4528	386.921
448.359	17.8496
215.308	295.615
224.272	159.068
10	10
118.819	186.568
313.698	269.548
275.819	138.692
46.7159	224.563
308.044	486.289
424.203	97.1982
416.352	328.508
32.4237	208.477
306.167	44.811
423.932	84.8181
137.174	187.972
418.112	86.3259
115.407	220.607
47.1148	75.5385
290.048	423.852
31.7734	493.579
53.6128	9.33913
321.87	147.332
326.921	177.532
7.71404	303.69
107.809	20.554
401.822	443.434
157.233	379.402
365.174	207.123
255.82	400.243
110.075	343.91
376.374	291.14
86.6333	227.314
282.615	180.184
382.414	397.619
18.5197	428.745
12.1144	205.094
217.034	142.558
258.252	379.518
388.359	391.546
54.0506	397.144
79.5088	267.494
103.79	419.278
399.572	331.49
10	10
143.963	16.4382
406.125	102.827
481.008	153.895
156.113	375.265
162.081	491.733
419.631	315.984
496.157	459.377
38.9515	300.486
208.332	315.646
243.849	475.88
243.091	477.73
326.376	190.987
236.098	192.128
499.521	272.475
17.5925	482.106
10	10
10	10
131.674	392.909
397.019	245.493
152.362	414.379
209.446	23.961
400.007	496.876
370.195	477.904
416.028	40.9796
15.5539	348.792
40.0841	177.372
10	10
304.975	28.7908
10	10
124.76	216.067
411.339	81.8816
147.967	8.87556
161.307	404.438
265.11	317.695
110.169	317.537
470.658	216.063
10.5307	49.8123
111.579	192.903
370.761	189.858
133.739	495.478
10	10
345.26	18.7132
181.422	438.941
313.294	71.7054
181.785	196.723
322.183	399.335
485.542	265.6
10	10
26.7871	312.452
304.726	64.609
395.364	426.707
114.257	91.2179
218.686	387.117
25.683	9.92308
313.943	36.0006
27.454	382.39
10	10
427.915	390.293
414.524	214.747
493.718	16.6326
304.134	389.597
111.306	329.292
406.79	106.577
294.24	401.501
192.482	252.584
261.195	222.423
163.971	421.984
13.3814	3.30004
391.304	283.38
10	10
215.924	114.726
187.312	255.115
305.88	441.101
305.326	455.532
123.783	238.884
297.759	433.993
212.146	164.595
153.115	398.703
265.349	115.176
87.2346	331.737
39.2709	496.46
375.439	175.757
26.9496	14.5012
491.405	369.608
474.125	85.3564
10	10
493.575	211.143
56.8365	321.665
173.082	319.747
16.5804	135.447
157.818	101.523
10	10
153.831	491.469
258.635	307.664
484.045	108.723
355.57	275.756
144.704	78.5605
285.875	163.585
60.6154	84.5813
2.98253	116.151
200.971	8.50732
188.582	295.103
244.983	187.54
10	10
182.268	481.96
398.246	435.045
10	10
99.7455	179.094
142.062	9.0739
223.456	62.1617
148.431	321.732
159.676	122.502
176.74	289.156
223.204	495.369
10	10
107.086	467.652
10	10
278.105	210.97
238.575	217.008
495.506	390.977
24.2855	270.861
210.503	220.211
317.264	109.286
492.641	122.452
317.338	431.938
60.9559	180.377
212.415	455.865
483.343	37.0273
365.209	4.10949
438.034	299.618
218.462	224.252
405.991	148.199
55.6095	281.285
271.384	304.135
315.111	181.21
370.218	394.913
474.29	277.38
391.726	354.845
442.932	96.9981
296.408	127.479
123.781	63.6077
435.237	476.088
82.0123	103.167
143.548	113.227
181.123	29.7279
265.376	180.757
144.406	422.403
87.5101	219.016
46.6112	108.915
273.831	487.874
492.977	274.841
468.042	376.645
288.254	22.4521
224.596	92.5878
7.22721	153.124
110.998	179.179
263.152	477.766
117.239	248.527
299.515	209.623
10	10
457.845	18.3998
10	10
212.222	365.245
337.248	486.892
381.506	129.589
154.009	481.47
492.015	3.16889
329.369	299.731
14.9276	59.9662
10	10
492.388	219.052
100.449	283.407
477.119	154.006
48.0255	496.584
499.676	383.244
278.796	386.521
412.558	48.6348
315	466.388
288.936	356.936
434.959	324.226
384.228	346.237
10	10
383.913	237.392
10	10
10	10
10	10
124.1	73.6026
44.5115	423.899
123.579	441.566
144.226	298.042
212.631	298.499
10	10
485.15	344.895
140.067	420.719
378.542	428.843
188.295	462.03
284.033	494.684
494.593	244.995
213.488	14.8143
415.254	443.131
380.839	94.7807
391.1	389.145
10	10
10.5035	162.572
318.597	374.814
372.415	82.5091
165.256	15.8721
213.506	108.241
293.459	161.972
161.828	178.889
433.693	216.975
399.878	295.338
355.417	399.728
10	10
10	10
493.703	481.022
10	10
16.8522	202.866
407.841	85.0932
462.332	287.576
80.141	188.621
114.391	448.682
10	10
389.325	234.733
10	10
210.468	380.203
9.15699	39.9072
168.435	23.123
265.943	384.426
324.551	350.938
161.157	6.57535
313.916	258.43
82.7687	462.814
10	10
482.669	202.246
481.298	114.328
80.1003	376.942
482.909	216.985
285.493	112.71
255.492	17.0201
455.872	421.367
231.88	419.172
20.3729	18.2003
39.8219	424.423
340.305	22.769
102.346	119.024
23.2648	108.201
394.662	193.427
398.963	335.292
482.706	151.257
10	10
390.64	453.474
44.926	300.052
183.177	287.363
390.572	417.929
158.18	4.32715
178.684	106.574
486.689	131.233
10	10
419.236	282.979
259.315	379.42
10	10
384.921	63.379
87.9412	404.925
17.7763	192.909
245.887	314.535
240.754	493.323
296.23	1.71333
273.882	287.949
397.442	445.303
261.253	378.594
486.627	449.976
234.286	109.98
437.314	496.066
445.226	313.286
10	10
315.811	341.668
253.935	102.969
486.052	322.716
224.441	466.606
322.898	179.635
494.015	268.77
10	10
246.865	213.883
264.198	117.119
148.564	407.079
378.047	336.501
310.638	430.659
193.24	181.995
477.116	194.255
59.3493	312.869
265.348	190.757
10	10
120.722	142.252
286.98	418.094
159.088	177.591
324.109	145.622
92.9149	90.9703
170.197	295.011
351.305	180.311
186.891	288.057
84.3482	425.305
4.19874	275.842
197.376	322.409
454.665	217.595
53.1116	187.814
319.429	330.446
8.08914	152.628
387.139	151.576
294.464	454.043
281.206	430.075
10	10
10	10
124.735	280.146
10	10
195.103	322.863
10	10
313.532	494.649
403.67	209.133
191.993	228.622
292.717	441.123
406.19	148.99
10	10
252.842	210.688
313.148	234.93
6.49026	371.406
420.647	283.039
88.6058	225.48
329.902	489.462
10	10
76.1469	106.504
392.133	40.7157
285.885	329.716
341.692	112.568
312.91	133.675
249.981	408.361
233.896	391.563
484.737	440.156
420.708	116.209
335.79	194.36
10	10
90.4494	283.321
115.178	275.769
49.8283	386.117
425.475	277.396
84.0803	344.516
486.579	430.327
10	10
493.679	89.1349
486.504	106.6
29.6021	101.351
10	10
390.764	131.662
48.1149	320.992
383.881	244.798
419.623	415.394
493.966	135.819
344.665	376.22
316.29	427.187
280.997	461.717
237.089	376.21
75.8305	139.72
390.651	173.711
10	10
99.7974	489.815
435.495	4.58536
349.648	106.508
10	10
143.357	123.225
70.9754	321.229
485.474	105.3
283.196	454.909
334.244	119.24
41.5062	97.1736
486.05	94.1005
491.604	481.149
99.0619	246.741
357.98	487.565
20.729	469.307
191.534	469.062
10	10
450.66	79.1439
202.091	73.321
412.451	156.788
177.03	209.504
405.879	317.934
224.53	145.441
307.82	198.91
45.1532	499.879
203.445	477.786
372.568	410.731
147.01	386.539
58.0007	218.771
109.016	473.311
477.61	396.258
431.238	181.238
86.5114	122.412
79.4818	456.826
383.58	33.4523
410.52	39.4428
436.126	383.282
10	10
192.37	128.637
495.955	13.1015
403.396	393.678
69.5325	323.831
127.204	290.534
10	10
7.19168	354.275
181.76	260.329
47.6984	104.527
305.215	228.843
151.426	105.717
382.505	239.305
106.69	151.798
10	10
10	10
30.6726	481.14
222.466	282.54
10	10
10	10
177.255	298.704
196.834	24.4525
195.425	149.786
109.188	457.992
10	10
195.594	148.83
39.0736	397.124
150.234	494.969
218.848	474.897
236.473	183.011
228.634	310.023
146.534	384.749
0.419647	338.813
435.041	496.057
116.864	70.2488
463.209	390.852
10	10
244.975	185.963
62.67	484.451
10	10
148.36	297.473
423.134	374.509
375.778	304.384
78.8215	55.5832
402.522	403.64
304.023	80.5351
8.35322	197.465
434.874	477.989
4.51745	343.594
12.926	482.174
478.157	432.677
305.732	377.09
206.123	486.033
404.256	436.909
464.38	211.869
10	10
342.926	383.469
402.781	177.754
269.168	184.955
226.309	321.051
170.835	390.696
492.429	148.92
405.785	356.267
181.725	380.745
10	10
32.0126	478.231
109.55	241.331
10	10
10	10
269.232	411.908
5.06876	23.7894
178.966	19.6476
488.421	103.663
246.95	22.22
332.029	120.914
397.966	254.884
413.499	484.541
33.427	2.66501
10	10
56.8272	278.911
47.5885	118.868
316.841	118.817
444.875	112.114
313.018	422.413
276.891	391.413
97.3949	345.748
397.502	39.8227
484.205	399.096
19.2777	307.68
18.6727	324.691
325.991	408.157
390.612	231.532
403.6	307.673
15.3035	157.343
249.465	85.8617
361.43	13.368
387.667	82.6485
479.716	17.5753
410.99	29.4538
153.568	312.481
425.502	4.21714
99.0987	272.33
100.885	366.377
109.589	42.2391
252.911	203.44
10	10
457.754	275.416
476	186.04
312.652	361.297
493.164	191.278
392.865	397.535
87.7781	141.559
421.281	190.272
492.277	264.598
10	10
265.856	223.944
161.793	92.3464
411.355	139.759
234.593	92.3273
101.373	33.4801
204.832	180.745
26.7964	221.32
183.318	208.644
10	10
8.04	414.008
185.203	369.18
103.902	283.846
375.369	209.39
311.417	180.903
396.354	332.394
12.344	223.503
125.216	483.049
444.373	189.314
370.33	476.963
183.775	441.235
121.232	328.083
324.858	383.962
258.799	92.1991
201.737	216.983
400.652	4.00512
198.657	47.5617
207.271	421.314
7.162	272.139
320.791	355.211
222.134	439.44
10	10
311.96	148.674
60.9249	88.1147
451.655	119.465
175.225	270.637
131.757	84.3441
10	10
160.418	402.792
471.773	183.537
436.669	303.206
442.77	102.378
10	10
320.504	99.6422
137.35	305.303
293.897	159.993
294.434	452.52
478.179	148.004
205.247	72.7466
412.711	287.642
195.259	419.307
130.857	223.993
10	10
387.687	468.298
171.177	314.703
76.8991	418.633
281.7	287.139
103.337	342.592
195.613	424.246
12.8081	158.978
72.8796	3.44423
129.191	276.631
195.009	127.289
225.051	179.157
335.816	211.206
112.602	119.526
317.476	278.31
10	10
177.592	362.693
301.911	260.256
10	10
383.205	112.733
189.513	486.154
38.0395	410.806
10	10
78.3894	316.574
10	10
37.4657	89.6239
397.149	103.636
10	10
196.107	41.1745
133.862	115.113
10	10
13.6798	266.856
285.9	407.099
218.505	161.689
462.333	16.9759
411.055	31.9937
56.8997	406.729
306.368	353.519
306.83	412.68
10	10
206.959	19.0695
10	10
493.297	48.8096
143.587	15.2169
384.363	212.522
465.109	415.606
77.7765	111.591
429.118	193.838
177.907	332.693
318.474	441.873
410.705	283.953
375.023	419.045
473.474	319.907
412.177	474.628
378.962	298.436
28.4063	377.697
240.664	23.5214
95.4782	224.792
419.856	432.427
109.54	489.627
177.455	154.625
10	10
298.761	431.576
159.451	421.667
78.4481	11.3195
141.25	376.259
99.4306	52.4456
438.81	290.773
286.308	278.264
10	10
10	10
435.542	114.796
344.516	206.275
396.99	76.7805
10	10
376.538	214.535
423.275	487.4
285.081	55.3664
95.5905	247.289
204.587	89.8481
10	10
10	10
203.681	331.929
146.919	387.992
400.581	31.1963
10	10
78.0912	312.896
19.4319	108.266
329.351	321.547
39.429	186.478
444.857	181.772
233.651	212.873
11.27	438.159
467.8	13.7805
302.124	378.458
421.899	153.511
135.763	415.134
31.3093	23.5008
61.9207	118.113
197.795	205.304
158.882	285.814
254.555	303.187
472.626	479.926
188.592	342.413
485.607	478.218
10	10
419.878	230.773
403.923	78.6654
133.132	111.456
291.325	72.1682
21.4562	156.426
83.1295	136.642
10	10
122.201	287.814
89.2102	252.369
3.2424	479.679
10	10
316.752	436.471
161.898	410.759
340.357	6.70116
409.545	464.981
247.893	206.947
482.913	341.217
437.499	297.536
159.256	107.347
10	10
195.613	106.176
61.364	291.312
301.642	405.987
407.384	218.459
284.075	4.52638
195.789	9.7936
239.943	386.779
375.231	483.669
201.987	341.247
160.201	420.598
403.391	413.602
107.07	222.224
162.131	220.544
272.758	104.138
82.0973	303.489
10	10
420.538	493.877
113.772	419.886
406.879	64.3988
432.636	379.729
10	10
105.8	324.074
123.135	45.4855
177.809	490.91
5.53655	211.905
10	10
40.3861	89.3698
91.2394	81.1117
453.225	413.642
383.805	324.411
182.148	302.223
10	10
191.548	194.56
277.455	238.013
89.0157	220.049
345.073	376.797
10	10
283.578	415.255
10	10
98.4999	7.23946
299.835	469.079
464.655	309.849
52.6067	279.853
229.123	13.5469
85.7294	10.8409
10	10
296.98	203.202
231.934	393.62
452.273	320.381
121.279	447.831
348.595	298.044
319.827	483.117
304.166	498.155
10	10
218.597	298.401
57.7769	218.395
78.9575	404.257
348.462	490.633
308.017	151.799
346.789	23.1192
398.465	166.911
105.833	14.0103
119.155	75.6131
286.426	16.8172
264.029	175.318
362.671	412.159
423.193	110.51
208.958	121.458
422.28	50.9742
10	10
428.107	401.119
252.216	376.629
186.771	167.01
392.547	474.602
355.875	177.814
480.376	288.057
205.787	96.3692
85.1584	128.118
243.526	113.805
56.0744	480.953
10	10
132.609	278.853
15.4838	105.772
422.354	429.548
419.191	476.806
308.983	340.224
266.685	478.718
10	10
119.818	140.507
464.589	21.833
393.768	305.844
290.88	123.297
47.5433	200.354
10	10
498.179	240.923
490.028	290.671
393.604	191.571
157.005	83.8521
202.994	402.95
291.628	104.814
24.1939	205.07
274.321	492.746
10	10
439.52	397.924
179.86	374.928
487.026	17.8112
89.4525	84.7133
223.85	243.322
214.472	278.969
395.447	463.824
100.487	469.681
221.778	484.177
222.215	278.469
108.815	86.6619
10	10
116.801	164.494
70.0898	315.239
222.098	487.888
131.816	16.2302
351.529	180.362
499.931	397.978
316.107	496.625
378.688	6.48723
156.124	97.3294
495.301	118.5
343.868	406.465
63.7801	190.573
407.939	391.191
36.2854	218.165
322.769	362.022
10	10
10	10
488.756	336.599
26.7468	314.613
185.141	267.961
322.015	230.306
311.798	38.9586
10	10
301.051	351.86
352.001	479.55
14.7063	273.646
477.01	488.914
302.129	249.942
325.746	477.926
205.708	448.448
203.458	298.948
52.1636	313.431
140.083	312.385
122.716	140.782
309.288	289.173
176.761	457.773
377.177	150.699
450.433	100.688
181.401	290.802
477.547	209.435
179.74	43.9843
7.78231	172.195
81.1067	215.167
494.27	68.3294
170.473	87.3809
10	10
10	10
83.622	385.606
10	10
286.065	192.442
492.971	445.162
89.0251	230.376
208.222	273.656
232.227	6.50752
88.2357	296.255
243.94	120.537
74.4143	494.329
309.724	248.133
10	10
123.953	486.09
496.372	432.35
408.999	415.861
10	10
234.141	420.274
52.4227	118.432
269.908	480.701
23.3808	135.048
10	10
277.009	55.3712
10	10
278.692	135.795
419.735	499.584
191.782	474.169
288.135	27.8294
10	10
393.852	203.499
107.91	293.795
335.48	278.442
328.391	124.462
71.7814	382.108
61.9873	22.4681
257.86	187.173
108.576	114.154
27.2278	105.688
88.9717	112.89
374.612	107.619
10	10
380.918	229.341
10	10
10	10
420.964	28.7316
10	10
212.346	210.382
492.471	270.346
10	10
378.219	319.665
134.369	214.78
10	10
320.358	457.945
194.795	51.8243
128.381	123.477
421.501	94.9545
33.7782	204.135
391.549	1.19913
421.348	240.665
339.877	194.525
444.309	93.8772
481.551	254.242
10	10
10	10
10	10
3.78326	14.3649
162.487	112.653
439.243	313.636
44.4943	392.949
376.526	105.194
10	10
262.62	211.515
283.03	167.901
277.969	272.745
403.419	48.4963
10	10
10	10
294.454	52.2885
411.266	493.513
82.0882	421.692
10	10
65.5763	323.971
477.363	498.908
419.935	285.555
10	10
317.781	450.254
78.2231	8.07853
388.084	121.818
278.432	394.365
90.6143	443.123
140.652	284.795
176.574	238.246
314.088	448.847
197.488	189.995
376.802	186.788
209.79	207.2
97.0065	80.7891
265.662	200.339
194.583	286.921
381.631	450.589
398.008	225.08
10	10
392.971	456.468
390.721	97.248
4.32958	263.744
495.524	238.79
449.795	313.309
276.061	447.901
497.088	181.199
205.447	302.985
368.227	319.281
268.924	375.101
99.0167	222.984
388.973	253.151
306.583	366.895
141.29	13.0572
108.58	58.1478
124.61	471.977
295.131	457.804
143.049	21.7048
224.74	400.567
108.371	211.971
343.195	12.2799
187.32	84.9426
119.118	346.286
473.048	191.517
37.8114	404.55
113.942	453.622
198.255	204.224
10	10
12.7324	479.992
424.674	307.156
489.832	107.733
10	10
480.125	11.8091
213.113	111.546
261.1	417.229
399.875	399.311
10	10
10	10
320.57	381.908
76.3972	174.719
436.47	94.8398
282.334	290.519
493.374	325.12
305.041	238.872
220.468	424.076
95.2353	297.047
87.3789	277.13
290.43	55.0555
421.546	412.08
277.532	290.559
208.942	484.844
10	10
406.401	145.777
427.774	9.85164
79.0457	242.613
426.25	410.197
340.554	493.802
175.827	64.4405
175.019	229.992
418.441	77.5594
313.128	480.308
215.838	417.42
375.749	266.629
27.7432	116.196
195.654	305.087
10	10
279.48	281.221
292.331	253.457
103.669	326.985
286.47	491.927
466.238	23.8568
99.3384	339.535
10	10
218.53	21.7647
108.627	242.288
480.775	104.658
397.177	211.383
299.276	256.452
468.091	493.437
10	10
480.979	193.872
483.089	123.587
14.9016	452.155
499.424	322.58
221.967	314.521
394.004	360.308
333.049	179.348
104.876	339.211
223.228	346.934
13.0797	124.512
10	10
10	10
42.3565	6.1931
118.442	89.5674
10	10
118.111	317.073
41.565	105.857
56.0521	205.608
299.394	126.333
22.8893	221.712
1.56011	125.296
492.122	327.349
495.885	290.018
341.898	7.23732
200.124	222.087
181.612	24.7615
211.797	411.507
278.176	28.7269
454.301	124.061
194.587	89.3022
18.2679	84.337
10	10
320.462	148.913
402.118	268.656
485.088	332.946
263.254	23.324
281.243	284.213
433.935	181.07
411.876	384.865
91.8924	388.295
198.182	461.26
445.525	494.658
10	10
499.493	45.6831
37.2217	88.3228
191.54	216.956
202.485	63.9797
10	10
286.14	481.933
285.434	241.484
204.079	456.771
133.174	417.158
33.2673	398.076
28.497	383.246
484.217	409.096
419.461	20.8478
10	10
72.7591	103.635
420.04	126.187
282.847	414.632
10	10
92.3723	378.665
394.018	19.8425
415.621	367.91
292.657	239.048
10	10
235.258	2.08716
449.563	110.778
205.366	146.706
222.535	193.404
206.012	335.725
492.184	318.182
15.7438	162.65
46.2077	111.317
46.7341	423.221
191.349	94.2956
455.48	100.23
382.759	359.27
372.301	286.277
224.782	449.224
312.601	131.64
303.496	447.751
110.813	365.179
334.818	208.59
351.854	100.558
152.888	283.452
398.665	145.691
416.587	174.7
162.023	20.3196
201.405	181.267
80.3627	479.582
485.875	491.766
186.044	29.8393
473.33	407.43
243.938	496.619
277.767	17.825
10	10
54.2248	22.3991
48.5552	210.158
10.1275	190.751
289.131	438.428
93.6123	354.845
493.269	247.061
406.728	422.582
53.778	121.886
317.303	221.485
10	10
335.913	93.9119
395.347	78.5221
394.863	498.494
10	10
446.514	323.49
65.0789	209.911
422.005	16.198
100.574	29.7549
492.765	137.354
10	10
112.964	207.005
81.3108	136.449
104.235	365.193
10	10
112.218	387.765
133.397	123.113
54.7343	477.811
206.382	160.511
10	10
79.0419	116.168
233.745	416.934
423.996	422.232
406.435	245.717
115.956	386.429
194.038	263.849
196.698	316.547
212.295	435.898
306.596	454.288
10	10
292.356	230.41
214.914	444.563
362.42	82.1907
250.784	124.421
212.637	77.8454
132.468	318.411
54.9927	377.554
21.1281	157.854
17.5171	91.9241
4.31705	434.048
162.138	95.3309
218.006	77.4004
115.386	136.134
10	10
80.4384	51.7226
443.748	301.786
202.071	129.987
10	10
48.4921	17.3093
440.643	217.672
416.561	496.018
180.711	426.846
371.853	285.036
409.763	179.022
44.6264	214.219
321.738	90.3486
463.424	105.39
338.046	403.625
134.732	384.74
38.6558	209
302.039	333.029
114.716	68.4901
368.019	492.322
318.1	293.164
199.292	210.84
425.573	97.1348
102.194	3.90843
348.782	391.724
10	10
328.657	14.5916
323.842	257.215
217.399	230.313
206.743	357.453
265.701	282.592
212.737	248.173
138.906	15.9884
422.416	16.6648
288.302	361.091
227.568	386.599
419.135	462.15
99.9623	367.947
437.333	294.552
196.47	200.201
317.19	444.174
122.904	48.757
214.505	87.2085
492.477	485.691
56.2259	375.518
21.9986	419.369
396.57	304.694
94.7747	54.6948
312.521	260.731
499.476	9.02367
8.40491	206.333
268.393	288.436
162.77	13.2201
10	10
430.392	206.037
17.8363	113.753
92.2273	440.787
413.821	220.399
389.078	419.917
336.975	99.1109
109.373	219.672
140.609	78.0296
491.927	64.5869
87.3739	352.32
492.058	71.7852
23.7826	92.1736
10	10
368.854	101.288
318.47	46.4069
491.292	179.493
10	10
388.552	77.8719
297.332	383.743
410.727	431.411
147.433	196.117
10	10
10	10
10	10
291.767	151.737
319.528	18.6714
385.269	203.901
10	10
287.881	334.68
104.842	39.2922
10	10
367.173	394.793
175.558	442.972
101.253	169.208
419.654	436.473
185.232	491.409
322.938	31.6395
480.417	152.442
57.3086	94.137
160.074	378.965
257.641	119.207
286.788	299.472
199.622	56.2177
101.941	195.569
10	10
224.3	109.244
10	10
187.309	413.241
9.92418	410.256
35.5405	106.024
186.888	461.481
212.932	226.442
346.962	98.7437
215.724	158.621
10	10
212.067	91.5794
277.3	422.464
103.37	342.565
10	10
191.057	384.339
10	10
255.355	413.416
2.40459	55.6404
314.293	137.902
45.9487	83.9665
40.4498	401.731
45.0614	0.889046
435.279	114.499
334.371	20.7889
281.63	407.688
321.477	65.9575
423.339	17.2782
10	10
102.73	239.989
248.768	306.926
303.938	138.092
137.014	117.483
269.696	423.626
10	10
10	10
10	10
16.1716	266.215
483.045	207.246
110.879	8.80768
86.6685	42.1139
158.977	481.136
244.878	186.489
491.503	300.561
72.22	210.405
209.504	425.09
226.288	5.50359
207.907	479.844
10	10
165.668	279.02
308.349	229.988
117.196	239.086
262.037	100.645
75.7237	342.138
7.86205	456.546
10	10
391.345	149.865
389.191	258.583
10	10
391.976	294.616
94.2762	420.793
126.987	94.2484
104.6	249.601
119.549	138.77
361.741	421.138
0.590269	205.16
58.7837	285.635
89.6956	136.914
111.055	153.284
278.563	358.822
190.297	485.514
291.065	33.004
219.148	112.344
28.0353	97.9999
152.503	394.652
440.729	291.669
242.923	280.49
481.73	354.293
310.261	200.618
384.921	403.914
108.851	487.502
13.574	26.568
80.6762	87.3449
98.8879	316.847
384.473	151.067
10	10
380.232	292.839
414.534	237.239
179.78	202.209
191.804	442.33
251.568	422.436
10	10
440.408	280.902
378.259	388.154
131.889	478.227
203.918	122.504
28.6764	202.706
15.9439	23.7212
22.6642	258.61
43.5131	14.4645
54.175	321.165
353.879	115.569
243.919	324.34
190.366	461.415
95.6704	476.656
265.351	117.401
119.942	220.322
10	10
332.502	211.003
109.215	57.6456
485.346	11.4002
443.966	184.537
343.05	475.09
141.092	22.1634
10	10
294.54	194.556
297.803	116.113
20.4129	401.954
403.007	494.793
481.242	350.187
77.5958	74.4249
133.968	204.788
210.932	408.059
191.934	76.6115
476.968	323.157
491.529	14.6363
283.63	486.372
268.486	195.457
10	10
310.572	355.96
183.15	221.016
277.354	190.755
10	10
400.91	46.7654
444.931	377.739
153.415	102.973
157.154	396.432
179.431	343.899
69.8483	400.131
10	10
282.23	461.512
10	10
316.116	108.966
180.626	324.37
10	10
486.19	129.084
175.255	442.243
485.581	220.058
279.807	466.497
34.4107	291.576
349.777	407.527
10	10
414.418	119.852
366.292	406.221
66.1858	24.7926
264.974	176.43
179.604	406.866
424.774	385.548
110.286	220.829
280.146	294.955
103.267	185.581
90.6678	28.3887
415.026	331.366
181.209	286.429
10	10
227.259	19.7862
403.946	27.2962
84.3249	427.105
163.112	393.956
303.199	323.096
267.977	219.357
127.704	281.918
135.803	96.9046
147.743	485.986
51.8754	18.3524
292.412	178.18
448.683	77.1311
318.674	280.553
6.06769	231.288
10	10
478.968	412.806
207.997	335.729
169.326	85.1638
86.2474	285.468
10	10
424.504	363.317
186.498	144.673
121.56	279.869
48.0312	120.565
8.76228	81.2315
10	10
234.955	493.574
117.105	421.962
188.41	125.681
95.3914	112.549
286.828	370.981
10	10
111.542	494.885
10	10
10	10
380.181	356.105
208.458	207.345
176.205	218.896
423.645	440.798
243.361	7.39331
10	10
221.473	447.937
453.732	301.216
196.721	403.994
346.115	487.446
273.702	94.1827
10	10
48.239	290.616
203.299	295.17
10	10
89.281	453.034
21.5008	445.938
421.914	375.937
143.57	414.591
330.54	193.037
