Saved a vector of rrt <nodes> points.
X	Y
0	975
0.992171	965.049
9.69896	960.131
19.684	959.584
27.6713	953.567
37.5731	954.965
46.828	958.753
54.758	952.661
59.3619	943.784
52.5985	966.92
66.1236	936.416
75.7685	939.057
82.1793	931.383
90.6715	936.663
98.0562	929.92
59.0538	974.558
69.0198	973.733
46.942	960.285
76.786	980.033
99.4691	920.021
78.2426	989.926
82.3889	999.026
97.0173	910.326
92.13	1001.29
99.7817	900.716
99.527	890.719
106.358	883.415
116.177	881.524
121.323	872.949
129.915	867.833
139.764	866.103
149.761	865.853
159.325	862.934
168.98	860.327
178.516	857.317
188.237	854.97
198.191	855.929
207.15	851.488
217.115	850.646
225.254	856.455
235.16	857.825
245.109	856.814
254.092	852.421
261.104	859.551
266.696	867.841
276.22	864.793
284.946	859.909
292.574	866.376
301.098	871.604
309.039	877.683
315.698	885.142
325.238	882.143
333.248	876.157
256.267	842.66
342.663	872.785
350.856	867.051
353.945	857.541
359.901	871.315
359.81	849.441
369.828	872.528
377.068	879.425
98.8487	1008.69
386.922	877.721
362.992	839.961
396.758	879.526
368.045	831.331
368.094	821.331
405.984	875.67
373.96	813.232
414.801	880.389
318.623	894.705
380.988	806.118
382.879	796.299
391.635	791.469
416.04	890.312
399.869	785.794
425.383	893.877
397.36	776.114
434.597	897.763
126.677	858.372
397.761	766.122
404.996	759.219
390.581	759.162
156.532	853.332
253.826	832.963
410.951	751.185
386.996	749.826
380.519	742.208
444.592	898.094
454.463	896.497
376.343	733.121
464.075	899.255
474.073	899.064
484.073	899.001
493.89	900.905
498.524	892.044
508.004	895.227
155.665	843.37
517.487	892.054
524.881	885.321
374.553	723.283
373.53	713.335
365.235	707.75
380.401	706.069
190.198	855.118
155.776	833.37
86.4834	977.591
358.111	700.733
532.392	891.922
542.261	890.306
550.69	895.686
560.678	895.202
387.724	699.26
567.524	902.492
397.079	695.727
577.479	901.542
586.681	897.628
594.976	892.043
602.192	885.12
611.297	889.255
398.365	685.81
615.515	898.322
616.806	880.909
403.33	677.13
411.329	671.128
621.704	872.191
353.692	691.762
99.3938	1018.68
411.041	661.133
124.911	886.394
568.164	912.471
412.193	651.199
463.687	909.248
631.557	870.487
346.296	685.032
640.121	865.323
650.086	864.479
657.309	871.394
666.118	866.662
674.368	861.01
683.247	856.408
341.42	676.301
338.454	666.751
689.616	864.117
688.807	848.097
699.609	864.482
706.507	871.723
462.951	919.221
714.484	877.753
621.812	883.602
332.426	658.772
327.013	650.365
721.633	884.745
691.044	838.35
156.511	823.397
720.997	894.725
730.964	881.15
421.259	669.944
739.383	875.754
749.268	877.268
567.721	922.461
420.374	754.532
755.017	885.45
87.412	913.108
762.553	892.024
254.899	823.02
91.2309	885.135
768.889	899.76
765.047	908.993
430.37	754.247
777.329	894.398
787.114	896.461
761.661	891.313
695.954	829.639
120.218	850.737
796.914	898.45
569.711	932.261
431.237	669.29
802.681	890.28
811.22	895.483
569.124	942.244
756.203	870.064
438.534	662.451
818.026	888.157
699.7	820.367
764.894	918.992
447.687	658.425
765.723	928.957
770.305	937.846
827.43	891.557
337.398	689.595
452.33	649.568
438.891	759.481
833.936	883.963
837.78	874.731
847.215	878.042
854.415	871.102
774.46	946.942
858.977	862.203
866.691	855.84
561.691	948.933
578.457	945.834
876.254	852.919
458.676	641.839
853.857	885.519
464.391	633.633
860.783	892.731
886.155	854.327
562.692	958.883
99.1888	1028.68
875.229	842.971
879.22	833.802
309.79	899.393
96.8772	1038.41
780.551	954.873
781.868	964.786
527.959	875.806
885.345	825.897
781.344	974.772
868.577	898.997
884.972	815.904
464.203	623.635
896.153	854.128
152.323	814.316
877.092	904.24
880.512	913.637
894.601	813.203
471.253	616.542
905.685	857.151
781.578	984.769
886.972	921.27
876.949	809.936
787.789	992.606
876.084	799.973
880.868	791.192
915.585	858.562
783.094	1001.44
468.726	606.867
560.053	968.529
262.331	876.839
893.85	928.53
925.513	857.367
93.7367	1047.9
933.873	851.879
470.361	597.002
560.761	978.504
888.979	785.343
480.36	596.839
786.676	1010.77
943.697	853.746
483.929	587.498
568.961	984.228
898.907	937.157
295.65	879.989
895.357	777.641
10.0661	950.138
485.163	577.574
894.646	767.666
899.915	759.167
568.357	994.209
567.53	1004.18
953.694	853.518
520.311	872.538
489.451	568.54
785.143	1020.65
484.241	560.005
578.935	983.5
963.591	854.954
479.426	551.24
907.78	752.991
695.988	811.082
861.067	905.601
366.745	735.927
487.871	545.885
782.847	1030.39
791.687	1035.06
61.8995	927.352
561.336	1012.03
482.91	537.203
973.007	851.588
323.438	896.656
470.047	554.71
798.643	1042.25
448.583	757.016
982.798	853.62
562.604	1021.95
989.343	846.06
998.704	849.578
96.8512	1057.4
562.969	1031.94
481.888	527.255
1001.38	859.213
482.557	517.277
481.036	507.394
1011.1	861.563
497.796	544.665
102.324	1065.77
487.89	500.112
797.91	1052.22
460.218	556.55
803.066	1060.79
486.936	490.158
450.416	554.568
257.84	885.774
494.936	484.157
457.685	752.873
111.027	1070.7
686.768	807.21
471.768	503.637
1020.29	857.607
801.331	1070.64
563.137	1041.94
1027.76	864.253
502.535	477.657
117.246	1078.53
116.052	1088.46
503.148	467.676
572.014	1046.54
2.85711	984.583
1035.55	857.981
627.857	861.197
106.563	1091.61
1042.88	864.777
512.108	463.237
1048.69	872.92
808.367	1077.74
1010.05	871.507
816.51	1083.55
816.998	1093.54
358.376	818.973
570.719	1056.46
826.116	1097.64
1057.67	877.309
1065.49	871.075
356.973	738.051
462.284	500.467
680.434	799.472
509.483	453.587
929.982	866.313
256.432	895.674
562.536	1062.2
1072.14	863.609
1080.47	869.15
461.522	929.118
121.327	1096.95
1085.06	878.035
1085.66	888.016
1086.17	860.932
1094.72	892.25
285.613	849.931
1095.59	857.581
522.026	461.955
529.175	454.963
1101.47	899.635
329.379	695.571
675.427	790.815
538.582	451.57
558.943	1071.54
453.412	495.852
1099.75	848.491
553.889	1080.16
835.971	1095.94
100.818	1099.8
559.846	1088.2
555.213	1097.06
562.867	1030.25
445.357	489.927
150.851	804.425
437.675	483.525
872.468	785.766
456.258	937.62
682.705	783.958
548.574	451.958
1111.42	898.716
680.469	774.211
432.438	475.006
550.128	1105.67
557.258	446.999
1055.64	887.1
463.098	944.915
91.5385	1096.07
319.48	694.157
551.375	1115.59
561.181	1117.55
561.067	437.753
423.394	470.738
87.4707	1105.21
834.493	865.287
88.2662	1115.18
461.385	546.619
678.685	764.371
560.164	427.794
459.84	954.37
92.2782	1124.34
414.445	466.276
845.402	1099.27
404.691	464.073
395.022	461.521
1121.13	896.302
388.627	453.833
561.069	417.835
53.086	922.628
561.324	407.838
485.004	499.184
863.06	782.378
94.3391	1134.12
568.162	1124.71
682.11	754.976
379.302	450.22
569.327	1134.65
465.495	759.119
564.762	1143.54
764.398	864.332
1130.68	893.352
369.937	453.724
1140.63	894.339
378.678	440.239
564.948	1153.54
1149.27	899.38
471.961	528.455
571.06	438.129
565.97	1163.49
567.573	400.031
562.332	1172.8
359.937	453.713
567.261	1181.5
669.404	760.647
98.5246	1143.2
573.849	392.246
99.0138	1153.19
350.953	449.321
577.673	445.63
81.4478	883.064
573.587	382.25
680.883	745.051
773.107	1028.12
378.303	430.246
131.308	1096.34
582.058	376.936
581.831	1048.45
591.454	373.513
373.42	421.52
853.08	781.747
103.916	1161.91
140.962	1098.95
369.687	412.242
685.568	736.217
600.622	369.519
843.228	783.465
552.767	1175.72
606.275	361.271
108.693	1170.69
569.418	1191.27
552.709	944.538
102.161	1178.26
117.736	1174.96
576.281	1198.54
567.402	374.391
341.905	662.577
577.006	1208.52
142.787	875.514
572.129	1217.25
1159.09	897.474
99.3982	1187.87
1162.06	907.022
116.544	1062.36
362.217	405.594
160.297	801.144
544.071	1078.27
1164.91	889.344
613.398	354.252
622.058	359.253
732.271	868.724
359.358	396.011
309.907	691.265
1164.46	916.729
483.163	564.374
93.7217	1196.11
771.586	984.351
1166.6	926.497
1173.23	933.987
1180.29	941.065
631.453	355.828
640.418	351.397
534.071	1078.29
773.391	1003.85
543.129	1178.39
692.929	729.448
1173.53	884.283
407.853	791.816
645.782	359.836
92.9506	1206.08
90.0929	1215.66
417.801	790.799
577.458	1225.71
352.561	388.676
122.146	1075.6
499.711	451.466
690.765	812.84
770.506	889.539
346.173	380.983
983.163	856.407
839.183	792.61
148.245	1092.1
90.9102	1225.63
1179.29	951.014
654.689	355.29
1188.74	954.286
340.733	372.592
1186.59	964.053
470.493	629.371
1195.26	969.034
561.408	366.387
332.133	367.488
664.399	352.899
669.013	344.028
1201.59	976.779
678.106	339.865
839.994	774.002
419.536	457.669
683.705	331.58
1173.68	874.284
279.636	841.915
302.49	684.558
693.601	330.141
367.978	390.942
698.329	321.329
1198.82	986.389
584.49	1232.82
1180.95	867.42
761.752	986.163
1188.76	861.171
584.988	1242.81
122.503	880.255
694.523	312.081
1195.42	853.707
1197.39	996.286
694.002	302.095
594.567	1245.68
560.763	1108.22
854.652	1095.47
678.407	729.238
452.748	961.42
586.072	451.059
1197.84	1006.28
