Saved a vector of rrt <nodes> points.
X	Y
490	490
483.019	482.84
473.585	479.522
463.792	477.499
455.244	482.689
448.614	475.202
438.614	475.166
428.615	475.026
418.701	476.33
411.981	468.924
401.986	468.62
392.744	464.801
386.305	457.15
381.435	448.416
377.349	439.289
384.897	432.729
391.198	424.965
379.075	458.133
384.433	417.6
377.668	410.236
391.097	414.417
368.284	406.781
368.981	396.805
373.919	388.109
377.536	378.786
375.957	368.911
359.743	392.976
351.595	387.18
382.315	361.192
342.012	390.038
335.565	382.393
328.17	375.661
318.183	375.145
311.733	367.503
304.894	360.208
300.463	351.243
290.742	348.9
384.461	351.425
284.362	341.199
277.983	333.498
337.937	392.108
279.951	323.694
270.261	321.226
260.36	319.82
258.397	310.014
286.199	315.886
256.315	300.233
394.314	353.134
385.099	341.446
249.796	292.65
248.193	282.78
241.616	275.247
232.591	279.554
339.879	401.917
223.046	282.537
213.559	285.699
331.265	406.998
206.782	278.345
199.041	272.014
400.115	361.279
207.209	293.424
200.256	262.089
389.142	332.299
194.232	254.107
185.206	249.802
177.017	255.542
380.548	337.412
189.986	241.019
200.569	300.901
324.946	414.748
183.84	233.13
192.136	306.276
189.049	315.788
389.718	322.316
177.694	225.242
168.614	221.053
172.164	211.704
314.947	414.872
397.101	370.814
330.193	423.262
166.77	203.283
395.654	314.268
179.506	312.799
387.029	309.206
388.245	299.281
160.471	195.517
390.812	289.616
151.69	190.731
147.968	181.449
405.244	317.101
170.583	317.313
388.454	279.898
406.634	367.791
188.933	300.83
411.766	324.682
196.133	322.847
383.843	271.024
181.492	208.102
138.017	180.461
387.385	368.448
162.886	323.697
308.34	422.378
191.217	205.772
201.16	204.703
203.292	194.933
210.162	209.057
308.825	412.39
303.089	430.889
201.069	185.183
295.994	437.936
286.148	436.19
209.208	179.374
278.033	430.346
216.059	172.089
220.738	163.251
390.126	263.244
129.547	175.144
393.472	253.821
403.406	254.967
386.842	246.334
220.426	153.256
391.342	237.404
389.232	227.629
152.923	322.845
220.162	209.025
222.584	143.492
391.077	217.801
221.935	133.513
391.516	359.341
393.337	376.484
402.971	379.163
188.871	215.493
145.324	316.344
136.183	320.399
221.639	123.517
228.704	116.441
413.076	252.42
238.687	117.021
245.741	109.933
421.882	257.159
311.119	436.848
126.584	323.2
389.86	207.876
253.341	116.432
261.314	110.397
119.952	177.96
118.509	329.1
114.475	169.593
111.059	182.534
109.932	160.684
227.757	215.531
271.212	108.97
104.405	152.35
98.8785	144.016
393.528	198.573
109.833	334.071
407.86	387.887
417.461	385.091
101.262	134.305
397.015	350.988
95.3439	126.244
89.4258	118.183
90.307	108.222
382.629	354.757
112.208	343.785
129.125	181.941
220.586	110.601
83.9773	100.48
77.6476	92.7384
426.472	380.753
403.322	200.594
403.63	343.489
233.346	223.823
409.718	192.907
389.54	189.402
106.673	352.114
381.91	213.942
385.377	180.31
384.172	170.383
116.285	152.961
111.413	360.92
216.81	101.342
417.902	187.16
279.2	102.954
286.899	96.5719
318.829	443.217
398.061	341.29
138.54	178.571
415.876	375.217
313.674	434.648
294.662	90.268
412.441	338.76
420.787	333.251
103.588	189.18
71.3179	84.9967
64.9882	77.2549
375.844	183.331
394.573	331.918
89.4191	147.26
92.2286	94.8307
93.672	190.476
379.525	161.529
110.314	370.859
100.083	331.848
90.0837	331.719
112.301	380.66
420.006	323.281
401.133	324.371
83.9591	192.855
100.528	89.2517
82.8817	154.827
303.83	436.407
103.683	385.732
208.752	107.264
423.836	179.111
436.198	383.079
108.026	394.74
317.545	453.134
81.0801	141.741
100.468	401.288
294.069	434.236
296.244	80.394
107.832	82.4224
95.4292	409.926
429.694	320.801
122.239	379.545
116.891	86.6578
305.393	76.3586
383.735	152.458
200.482	112.886
107.96	325.688
302.705	96.2099
97.1396	413.663
304.26	106.088
99.3971	147.922
278.275	112.911
309.217	67.1186
85.5204	408.578
287.39	75.7449
384.82	329.709
442.361	390.954
433.833	179.323
389.404	144.22
397.988	139.091
314.713	424.702
117.944	326.256
442.743	183.863
201.507	122.834
375.14	332.222
132	381.715
102.958	421.796
310.303	460.03
87.1272	322.166
417.531	171.349
109.642	429.235
404.827	131.795
118.809	425.239
312.57	94.575
141.995	382.046
87.547	202.189
278.404	71.3575
367.46	188.781
305.917	115.95
452.501	186.051
93.472	424.961
298.829	94.3173
90.2194	434.417
283.787	62.9299
93.0035	82.6648
124.262	433.621
285.816	428.588
96.503	206.638
79.1614	207.637
278.713	421.549
279.318	411.568
276.012	402.13
407.982	122.306
290.542	422.01
319.718	101.568
83.6879	79.029
363.135	197.798
208.546	129.937
437.826	399.866
419.5	188.122
375.853	146.304
77.3219	71.3171
209.007	139.926
70.9642	213.365
414.414	114.649
445.545	406.223
104.536	316.292
420.614	106.803
433.137	387.091
77.5561	414.625
320.062	462.216
126.97	321.951
459.953	192.72
83.7988	442.084
206.269	149.544
99.974	216.016
67.5653	414.197
82.939	452.047
361.036	207.575
191.166	109.251
455.389	407.983
267.828	396.383
464.98	410.813
102.741	80.3867
218.164	127.2
423.812	390.701
366.86	215.704
276.645	70.0217
60.9847	214.006
453.149	408.173
391.721	131.299
99.3978	226
430.612	106.606
416.047	97.9071
182.94	114.937
108.064	426.272
377.451	189.206
212.292	157.527
405.466	110.185
96.1794	90.1413
468.271	420.257
467.335	185.974
363.681	179.523
296.106	117.882
278.038	434.873
384.804	334.793
290.381	55.4121
397.018	104.833
104.941	306.3
468.847	418.55
300.237	424.463
109.788	214.094
197.994	155.158
110.839	422.922
475.83	180.699
133.057	314.018
106.351	228.21
132.082	380.731
217.6	117.216
61.0636	204.006
63.1	405.249
392.966	121.377
416.907	87.9442
194.457	99.8081
425.093	82.2004
463.194	202.18
299.29	50.8693
425.078	196.421
265.293	386.71
351.36	205.048
211.734	167.511
86.3034	419.471
189.422	121.79
418.167	203.649
89.332	97.4291
342.246	209.162
471.778	403.479
210.44	177.427
339.255	218.705
141.478	384.152
109.44	204.1
414.058	212.766
190.184	161.403
206.39	186.57
114.69	233.73
110.877	74.5733
141.588	308.8
148.983	302.068
158.86	300.505
180.446	159.13
472.048	393.483
384.343	181.96
453.072	192.25
383.449	118.307
375.929	219.917
382.374	227.563
412.257	222.602
435.51	97.887
199.222	123.78
439.339	414.064
221.55	169.424
430.507	418.755
262.878	377.006
375.22	331.939
94.775	74.3411
289.314	125.221
443.932	92.4959
283.042	48.6202
56.6106	222.998
331.08	224.464
105.269	195.012
86.8094	68.2955
119.399	69.3406
289.988	135.199
374.835	123.386
78.8438	62.2499
422.16	72.6403
135.073	319.793
282.073	444.023
173.593	118.492
436.701	114.539
100.967	315.476
467.283	211.306
162.073	291.035
80.0663	101.19
122.607	59.8691
171.951	292.591
200.108	128.36
57.7316	194.577
454.666	205.285
481.635	405.161
226.505	112.665
120.043	64.0842
473.787	383.635
479.832	171.534
304.063	42.082
313.597	45.0998
106.228	78.165
291.659	108.924
473.023	219.494
143.142	394.013
392.734	131.374
305.423	415.914
297.598	51.905
420.858	421.381
450.476	84.934
91.5874	318.944
110.222	297.808
152.045	398.566
277.01	40.6442
201.273	173.431
321.674	39.204
367.67	223.908
298.789	139.946
269.213	382.185
214.876	191.859
447.554	78.2999
180.197	298.248
437.851	112.257
223.717	196.532
177.02	283.971
292.116	418.628
407.992	91.9715
384.118	327.375
482.048	403.793
288.396	420.692
412.036	232.6
186.058	279.693
124.323	236.414
379.754	318.377
386.776	191.66
257.72	393.24
66.5915	222.38
450.292	214.278
60.7479	395.53
306.568	146.23
463.369	408.891
107.725	240.906
295.277	417.506
277.069	375.997
226.641	102.666
278.346	30.7339
483.955	180.645
377.222	110.483
288.098	409.471
420.847	431.381
195.006	275.228
420.621	62.7595
286.768	100.203
197.125	154.205
147.409	407.426
485.41	399.771
141.812	415.713
172.845	108.52
131.953	417.389
315.325	151.057
391.714	178.418
410.914	60.354
423.946	426.543
51.1692	392.658
188.918	303.141
470.976	221.659
97.8914	239.09
284.5	369.305
411.174	433.917
491.91	397.36
289.47	450.753
442.996	122.308
87.58	328.106
392.436	321.825
175.11	306.858
401.638	325.742
229.25	204.862
173.42	316.714
405.351	52.0445
120.067	50.1972
150.184	421.181
41.1852	393.224
206.505	157.672
178.337	325.422
286.284	90.2143
293.987	406.854
198.374	306.394
296.425	457.938
447.903	197.919
442.288	109.995
410.143	70.3242
277.766	84.9746
317.818	148.684
52.3319	202.994
398.853	87.9115
208.32	305.351
375.231	341.939
404.278	426.675
39.8947	403.141
374.759	309.714
113.214	42.9144
475.544	373.791
227.447	92.6985
421.702	235.163
309.94	155.593
115.022	33.0793
294.262	86.0209
164.101	103.668
32.6498	388.014
77.6682	326.781
63.3806	405.177
225.298	82.932
314.946	412.86
105.255	30.933
164.578	319.749
410.67	43.5768
416.114	91.9066
95.4884	28.7866
86.6351	24.137
312.552	165.245
53.0201	185.757
280.366	454.891
481.623	386.928
458.208	220.388
85.0646	109.851
360.743	216.696
76.8011	22.3229
154.313	105.715
232.71	120.507
66.967	20.5088
324.866	414.117
278.85	405.664
75.487	106.976
84.3165	320.272
43.7846	208.185
422.625	441.222
57.1329	18.6947
373.476	322.06
482.984	218.608
47.2988	16.8806
219.128	75.063
395.241	430.956
470.456	412.546
223.175	123.519
191.414	175.101
396.852	57.3141
419.872	450.835
388.519	438.36
485.615	228.256
387.566	61.0247
402.831	37.3679
217.816	65.1495
274.303	21.5879
313.912	154.546
76.3264	97.011
37.4648	15.0665
350.923	218.588
34.2859	211.311
75.9362	32.2855
24.3727	209.997
272.594	93.5328
93.9905	330.59
77.5264	312.931
153.399	399.419
277.674	37.431
78.434	87.2356
183.512	181.23
300.505	158.908
187.336	313.015
110.481	250.518
482.953	237.895
27.6307	13.2524
294.47	370.076
36.7979	412.649
368.877	108.419
236.26	211.994
17.7966	11.4383
182.461	105.775
80.0473	41.4013
484.927	178.966
56.7772	384.378
217.967	302.721
327.577	404.492
278.072	47.4231
38.7201	422.462
417.099	460.443
10	10
101.101	245.678
162.95	396.456
291.315	162.85
69.6295	10.8698
185.577	332.319
323.245	399.263
244.572	217.554
486.156	247.368
10	10
411.12	322.566
225.387	296.017
174.722	176.461
169.955	118.093
445.807	188.141
172.426	399.65
291.336	418.932
284.193	419.807
221.243	198.872
367.258	118.287
287.673	37.2785
377.971	351.557
451.069	105.209
418.732	244.712
343.871	211.498
121.445	25.4146
336.706	218.475
297.57	35.8484
45.4587	179.213
89.9633	118.569
408.6	417.658
400.987	182.161
478.79	418.074
21.5189	219.581
10	10
333.034	396.931
393.678	33.3413
10	10
178.208	407.809
161.336	97.3432
420.429	41.3943
27.7663	379.287
476.412	363.829
410.453	185.384
396.035	177.83
483.271	256.943
489.264	210.826
45.8775	400.3
383.246	446.857
219.031	55.2236
63.728	377.189
368.216	223.34
380.479	301.511
194.891	328.68
390.331	299.795
149.514	114.489
413.9	450.061
398.778	62.6963
477.985	428.041
386.634	181.238
322.488	164.11
31.0049	400.824
209.572	51.9799
101.045	337.678
178.189	189.695
434.366	116.098
364.765	310.056
303.093	402.721
94.4079	127.527
293.652	27.6869
393.045	421.2
10	10
303.04	35.7396
471.312	407.552
114.501	241.362
207.369	305.748
199.593	51.3331
283.27	464.46
67.735	310.899
412.428	252.475
219.236	288.133
487.895	426.703
199.867	299.136
254.467	216.108
406.385	244.507
197.304	41.5985
58.4418	314.592
161.909	113.817
10	10
213.874	127.192
397.902	191.674
60.7277	192.128
411.005	445.903
10	10
345.075	201.571
155.17	114.064
489.521	436.57
10	10
320.426	146.959
151.433	389.614
300.465	362.072
356.428	304.535
153.282	379.786
203.161	334.302
324.853	424.117
261.114	223.579
416.484	466.362
