Saved a vector of rrt <nodes> points.
X	Y
25	475
24.7634	465.003
32.6877	458.903
36.0871	449.499
37.4936	439.598
37.1924	429.603
43.5743	421.904
53.3873	419.979
62.1979	415.249
68.9155	407.841
74.9681	399.881
71.6095	390.462
78.3378	383.064
84.6758	402.281
94.2574	405.143
76.8645	373.173
75.3911	363.282
77.0246	353.417
96.7485	414.828
78.6269	343.546
86.931	337.974
94.5637	331.514
95.1875	424.706
105.078	426.184
104.065	328.395
115.077	426.289
110.262	320.546
121.826	418.91
114.411	311.448
111.431	301.902
111.359	291.902
118.373	284.774
131.793	418.092
141.53	415.814
112.277	415.943
128.077	282.36
132.012	273.167
141.29	276.896
128.052	263.984
150.49	272.977
151.245	413.442
161.245	413.393
156.913	265.312
171.186	414.471
123.577	255.041
156.792	255.313
120.268	288.607
111.688	293.744
119.638	245.85
110.234	242.448
106.585	233.137
166.402	252.547
175.592	248.605
112.169	303.732
96.6957	231.654
159.982	274.83
180.645	411.227
183.957	243.125
193.668	245.515
170.866	409.139
203.336	242.961
211.635	237.382
93.418	222.206
90.1403	212.759
208.354	251.61
189.31	406.234
208.39	243.349
220.904	233.629
88.6302	237.566
217.383	224.269
221.233	215.04
198.242	410.732
229.306	209.138
208.24	410.578
86.8626	203.311
178.473	251.488
225.043	200.092
234.037	195.72
242.003	189.676
81.715	244.789
237.273	180.865
180.464	410.897
77.1055	205.502
170.474	410.456
237.787	170.879
167.821	400.815
229.862	238.074
215.361	417.599
78.1932	254.148
218.329	427.148
228.293	426.301
210.639	400.87
238.171	427.859
69.986	259.862
247.441	424.109
256.551	419.985
216.432	436.967
65.4634	268.78
226.201	247.38
162.115	392.602
70.0517	277.666
77.1783	284.681
216.259	246.307
266.496	421.034
275.915	424.392
165.717	419.253
285.314	427.806
233.38	161.902
161.217	382.642
247.738	171.869
240.427	154.808
156.969	424.098
72.5784	293.56
75.932	244.407
73.6708	234.666
75.2763	298.947
248.353	148.71
247.139	138.784
148.151	428.813
162.356	372.707
138.152	428.971
294.047	422.934
60.6376	256.311
230.437	256.439
129.016	433.038
233.692	265.894
209.966	444.596
171.981	369.996
232.227	275.786
304.04	422.574
71.4096	224.925
243.439	263.659
202.902	437.518
120.099	437.563
146.09	419.028
252.978	260.658
69.1484	215.184
313.058	426.897
67.5197	205.318
220.442	256.752
320.3	420.002
262.892	259.352
306.77	412.953
329.597	416.318
256.308	134.791
181.314	373.588
230.568	153.134
264.174	128.617
286.82	416.022
272.336	256.065
241.602	130.457
295.394	415.021
234.629	123.289
149.624	438.704
282.278	257.14
330.088	406.33
159.617	438.321
111.577	442.795
272.938	123.8
281.085	118.002
291.085	118.076
297.58	110.473
339.782	403.873
57.9671	208.276
306.098	105.235
292.246	256.339
207.831	454.365
211.294	252.712
155.394	415.364
347.629	410.071
308.814	435.952
296.914	126.201
313.395	98.397
357.481	408.358
52.4682	216.628
322.088	103.34
137.773	413.475
190.797	376.763
197.843	454.864
305.912	445.522
280.743	423.964
171.408	374.952
263.205	269.347
345.415	395.611
49.4311	219.879
101.861	440.428
302.02	254.224
367.014	405.337
373.355	413.07
281.133	433.956
311.945	253.004
304.375	132.86
332.014	104.551
172.815	376.115
283.697	406.523
341.268	108.343
237.862	113.826
92.3346	443.468
52.0614	200.206
300.318	102.408
224.631	123.51
66.6137	203.252
206.247	461.422
379.827	420.693
115.246	433.493
267.283	278.478
387.816	426.708
274.45	110.521
397.798	427.292
300.119	437.498
274.456	441.401
119.169	442.691
321.897	252.017
348.798	114.922
331.257	255.536
215.831	118.76
265.104	437.859
238.763	103.867
161.454	373.987
205.927	117.381
335.962	95.3638
197.812	111.537
242.332	122.771
276.151	451.256
357.591	110.159
293.694	406.289
367.566	109.45
374.784	399.042
271.463	460.089
255.223	439.399
262.576	259.367
381.071	391.265
375.223	103.018
234.485	94.8285
188.103	113.931
151.51	372.938
382.101	95.7597
263.109	465.586
380.711	85.8568
262.824	287.428
178.27	115.751
141.618	371.47
347.377	403.181
307.29	126.76
260.2	297.078
82.3348	443.529
382.558	109.815
162.645	364.058
220.202	132.476
390.099	386.963
407.619	429.179
196.189	101.67
246.12	435.26
255.317	252.489
189.688	94.0708
312.655	255.837
269.281	251.948
180.588	89.9244
415.892	434.797
341.255	121.488
72.3654	444.311
398.307	381.252
392.083	95.1554
388.525	79.6162
76.3364	200.913
84.1899	207.104
312.393	135.36
171.359	86.0734
162.131	82.2224
92.9403	202.263
305.442	445.964
402.711	372.274
283.828	407.92
242.762	132.762
394.679	71.7336
303.488	408.309
132.276	367.903
411.443	367.4
245.401	251.195
352.483	124.219
123.721	362.725
374.284	383.922
246.561	142.012
415.261	358.157
64.1618	450.03
250.204	297.356
401.69	92.3793
310.219	264.467
253.509	462.864
407.048	352.451
424.23	353.735
89.6955	450.298
205.933	99.4227
412.612	444.243
389.383	117.124
98.1465	455.644
263.97	475.549
166.462	73.2091
248.373	287.525
258.188	286.893
410.306	453.974
234.522	84.8285
166.774	354.95
97.9915	210.894
268.445	302.736
69.8718	208.543
314.147	450.886
375.326	77.4309
368.249	375.948
63.3498	216.123
397.209	123.349
116.103	356.246
270.812	466.765
400.799	132.682
255.974	138.637
406.115	141.152
401.002	457.641
402.682	65.7377
106.617	359.411
244.202	82.3178
119.395	366.874
235.441	250.295
94.7931	465.065
283.744	397.92
314.653	273.43
412.404	68.0777
322.264	253.069
244.105	72.3183
101.37	220.306
422.391	67.5623
54.2061	220.172
322.358	456.593
107.908	453.473
414.777	136.155
102.139	368.352
92.2375	366.949
431.105	72.4673
433.211	358.133
435.61	63.5397
318.947	142.913
176.744	355.729
425.506	432.044
58.4316	441.834
82.3348	368.341
367.394	71.341
58.3559	458.172
424.341	79.8327
439.145	350.083
416.366	461.928
103.126	470.593
102.521	480.574
275.646	295.797
425.539	465.909
445.608	63.3275
225.625	248.385
419.369	145.039
226.334	79.0872
82.2416	358.342
435.43	467.385
183.194	348.088
371.014	62.0191
48.0896	228.083
451.982	71.0327
48.6892	460.732
105.829	204.683
370.896	366.305
236.98	144.875
142.272	368.183
84.1052	348.517
72.3677	369.151
369.71	392.814
238.411	286.653
231.441	153.201
117.671	451.307
125.579	457.427
193.106	349.414
263.497	278.419
457.768	79.1888
239.67	63.3555
164.053	63.5037
220.071	71.2918
332.246	252.472
328.385	146.218
52.7969	236.906
49.1348	470.722
178.341	339.345
447.046	356.213
436.097	477.362
330.161	462.847
247.412	57.026
119.34	376.874
267.348	484.961
442.048	461.839
225.981	79.7626
181.884	364.307
293.691	398.949
75.6958	343.105
378.178	359.451
421.547	475.078
429.361	144.639
122.967	348.973
168.626	54.6109
143.856	378.056
318.377	441.825
310.18	138.102
274.169	457.346
135.458	458.98
243.139	47.9848
67.1284	337.948
333.694	137.744
180.257	373.313
115.223	201.254
47.9151	245.634
277.039	390.502
45.4626	255.328
49.4644	211.368
58.5151	332.867
55.3797	256.613
239.437	296.6
377.266	72.9389
451.906	463.514
125.044	203.139
176.885	331.027
173.669	321.558
50.939	201.477
228.662	284.424
135.038	202.811
381.039	82.1996
328.623	472.728
236.143	162.027
410.194	149.017
55.0812	323.476
439.099	142.364
448.78	144.868
39.4734	211.792
234.448	243.677
153.782	379.277
80.075	334.115
429.681	367.489
256.999	59.8716
218.623	254.007
58.8117	214.922
48.9253	438.731
29.4742	211.916
339.873	465.23
257.445	486.354
243.836	168.415
456.56	353.134
49.3482	336.863
164.824	316.892
435.366	430.379
265.039	453.266
458.383	471.133
223.273	158.97
62.5803	263.552
274.887	380.736
71.8222	267.372
266.112	55.755
41.2403	432.333
24.7437	205.925
177.394	331.112
66.7539	338.315
415.125	135.984
216.684	151.448
459.11	64.0191
186.845	380.836
268.775	396.132
234.141	43.6216
40.8028	476.251
421.55	456.74
114.482	354.265
270.62	444.968
231.879	240.35
81.6925	268.977
428.088	423.521
460.244	457.993
346.408	472.8
48.1285	316.288
425.675	376.652
169.51	344.036
411.551	474.766
248.934	293.469
202.721	352.16
137.831	449.266
211.888	356.158
331.78	155.624
328.547	165.086
327.241	437.196
119.216	465.142
208.802	255.89
238.666	146.288
454.63	55.0787
197.59	358.461
271.307	371.399
273.4	277.033
241.378	178.108
368.338	357.668
248.049	185.557
178.345	312.719
455.984	59.1474
317.929	451.815
36.2401	259.194
278.353	285.721
265.627	45.7668
143.211	208.574
80.1497	352.059
444.654	54.3951
331.886	148.145
43.0734	446.84
434.097	141.836
174.957	381.793
383.171	363.138
346.828	458.045
316.659	438.894
343.14	134.459
375.797	63.0474
160.455	339.793
110.343	209.983
261.656	403.156
39.3097	215.278
275.264	362.215
163.902	63.4243
383.538	56.7177
134.065	380.09
367.841	56.989
273.959	40.2374
468.446	67.6021
303.388	145.442
266.111	283.879
457.015	45.3672
144.485	463.282
306.679	128.735
231.484	244.876
361.326	350.539
88.2703	328.385
247.902	483.367
353.838	479.492
42.6368	344.277
264.58	463.255
352.983	132.695
244.779	141.353
456.311	138.288
393.332	58.7393
49.8907	480.424
205.805	246.349
280.07	448.24
246.972	192.936
109.226	464.693
272.996	435.255
99.2661	465.587
280.59	32.7517
477.215	62.7947
224.761	40.1552
279.635	295.638
57.0167	246.748
226.126	232.171
165.365	342.352
288.839	299.549
412.891	451.737
42.0849	422.368
396.934	49.4106
47.2252	306.329
282.755	457.221
220.576	361.109
393.347	40.0762
253.716	409.235
481.85	71.6558
363.927	62.6847
401.046	33.6953
183.104	303.923
311.527	459.497
133.473	210.847
216.237	166.076
366.367	367.472
38.4312	225.239
149.634	471.855
297.312	294.238
34.7289	452.351
83.6028	278.793
237.946	484.3
314.107	429.226
111.952	350.609
470.178	456.847
33.3948	233.878
155.801	312.581
460.021	35.8298
219.452	48.6294
51.2884	328.524
307.104	292.208
473.479	447.408
315.258	297.997
275.472	356.435
435.654	416.983
239.922	234.408
455.047	128.368
462.747	360.99
241.187	239.299
419.759	480.478
231.642	175.825
206.842	153.219
420.782	416.693
308.356	282.287
30.9737	474.41
275.559	48.7385
479.066	81.2604
459.419	351.56
396.389	68.2606
449.488	350.382
469.906	367.972
488.115	85.5173
43.1906	350.725
248.341	132.009
156.858	349.123
351.723	449.325
160.878	358.28
159.537	473.247
420.623	385.282
94.9921	320.981
153.518	302.845
211.474	54.6584
271.761	57.9891
443.953	352.792
287.48	25.5043
209.556	64.4726
181.963	388.929
310.245	147.262
388.441	371.637
458.815	25.9028
41.1644	205.452
268.152	268.521
460.434	38.7044
119.777	206.666
438.86	62.546
46.8493	413.576
429.067	133.193
166.949	479.96
58.837	321.965
196.482	249.966
195.999	249.035
229.745	478.577
90.5069	470.412
279.161	427.381
359.899	139.917
246.099	196.894
42.5569	266.947
98.0308	457.2
344.483	483.028
339.444	125.167
314.107	307.931
418.049	444.54
332.666	129.188
279.554	305.638
357.012	371.005
296.554	21.3022
58.8898	484.785
80.3651	362.057
324.036	309.127
157.413	334.965
199.087	159.532
181.919	374.613
176.571	394.181
61.4915	237.805
126.242	386.319
458.806	23.5115
353.994	61.536
186.599	313.293
361.156	446.005
246.344	415.992
317.612	142.608
115.33	472.613
390.341	356.167
134.699	220.772
362.168	149.657
470.134	377.969
50.7552	202.62
461.088	382.232
37.3679	308.012
42.7539	404.453
262.728	293.289
345.785	67.2469
32.7714	403.861
39.6163	276.505
306.248	118.744
447.288	43.0465
165.231	73.3356
237.026	191.897
275.988	67.0516
317.279	277.772
274.344	24.9419
313.984	469.191
236.358	416.511
455.691	148.269
228.037	196.277
53.8072	471.223
188.089	366.744
190.071	163.858
187.965	295.184
29.0974	221.651
79.4267	364.592
231.573	472.175
262.641	275.646
275.779	356.405
226.66	488.089
126.884	211.073
411.608	420.673
258.274	130.849
467.829	19.1997
284.81	419.129
32.2322	424.079
249.821	149.989
183.269	156.527
228.148	410.801
266.937	71.3041
205.436	143.319
481.043	440.866
281.194	449.227
274.539	260.826
118.938	343.453
266.113	352.914
177.917	148.08
283.272	286.323
150.136	461.867
90.0028	364.724
141.196	477.222
205.243	73.4952
174.204	337.675
410.623	385.299
175.833	163.213
22.8813	422.306
168.254	150.656
185.464	305.937
143.133	208.265
50.1743	260.696
349.175	122.865
473.236	434.617
71.469	238.475
478.237	462.767
429.491	478.179
151.05	302.59
481.562	93.0712
229.194	46.373
245.522	406.69
362.788	60.3989
329.751	138.754
401.082	64.0776
464.329	22.4137
477.13	361.057
74.1482	275.535
347.072	369.905
263.222	343.341
174.034	485.864
326.516	273.94
246.456	396.733
341.247	76.1583
371.759	68.9032
282.79	315.099
487.599	459.251
201.574	53.2499
376.115	66.405
33.9992	354.664
102.334	314.192
247.944	484.146
237.425	464.066
444.993	413.406
299.538	295.594
269.417	425.135
101.295	314.796
155.522	293.048
353.482	487.389
313.739	156.632
357.391	117.165
293.013	33.834
418.335	434.544
333.055	70.4244
412.301	487.14
456.223	373.495
309.391	165.637
457.601	391.604
171.796	172.363
486.059	92.0825
27.3871	308.633
164.271	478.972
198.036	259.844
387.195	367.469
268.387	16.9101
218.541	199.412
40.7862	429.258
308.419	139.667
143.777	302.75
122.634	376.992
36.6683	364.301
399.119	54.2721
256.755	488.877
181.228	138.645
110.245	203.643
172.89	79.7643
310.309	478.491
424.801	142.237
193.079	320.909
394.493	45.4064
202.658	241.575
362.586	491.526
296.929	122.372
142.928	487.071
295.085	296.639
56.9636	312.142
476.837	101.885
485.244	431.792
450.793	17.5286
211.711	245.822
224.665	490.198
83.783	278.213
69.474	365.563
17.3952	309.033
91.267	284.846
172.278	403.212
239.838	150.575
344.308	85.6785
26.775	414.965
305.35	487.175
256.265	414.739
220.814	191.32
218.176	181.675
194.485	235.814
437.599	40.5744
216.053	179.541
33.1666	435.734
95.4714	460.691
218.695	414.062
482.387	434.222
476.003	386.066
221.659	244.798
473.365	351.793
416.9	496.02
132.194	230.453
294.754	420.188
8.69748	313.968
485.605	388.858
59.8457	263.238
316.383	155.188
112.647	206.971
401.692	421.962
42.1523	407.791
20.7588	227.17
127.865	396.186
249.543	387.222
309.065	109.149
267.284	32.0232
208.636	253.016
136.092	394.184
198.081	367.149
185.194	129.465
486.509	391.922
347.683	79.2841
35.6953	394.298
92.8074	470.33
285.872	65.5351
285.248	359.619
173.409	67.5814
173.223	57.5831
318.222	307.999
399.675	352.578
51.9237	409.917
427.518	134.516
133.944	491.464
136.281	231.282
142.788	238.875
152.776	205.615
185.088	122.438
356.265	365.214
221.574	472.025
170.349	89.4361
116.965	368.755
312.734	493.918
164.14	53.3989
352.308	51.679
340.387	94.8776
327.061	303.322
18.6332	409.159
452.285	37.5259
318.678	486.172
165.822	43.5413
106.147	304.947
323.983	311.362
119.091	400.984
461.312	139.998
304.378	133.602
400.937	74.0765
342.957	48.1356
292.338	287.667
480.083	367.69
264.88	38.2496
427.089	439.379
105.338	462.319
301.689	412.984
138.794	384.556
481.228	378.075
465.451	440.894
117.845	333.513
319.941	461.159
290.417	445.361
141.747	305.397
404.825	492.618
45.4024	369.075
183.325	301.568
220.571	423.885
162.278	208.73
65.8726	281.149
410.562	60.8941
40.4708	258.279
215.612	208.973
256.933	380.484
260.612	285.438
481.002	83.0869
133.88	242.276
293.678	354.24
41.1321	439.39
335.879	146.657
199.143	357.206
310.705	408.659
120.29	410.912
44.7276	467.032
471.166	138.298
94.9535	322.528
257.032	72.6748
473.676	147.978
171.023	413.133
324.677	264.111
495.098	465.867
26.2896	212.053
429.89	34.2047
353.076	360.018
184.032	485.673
419.925	128.009
464.836	27.1516
144.842	248.662
492.393	462.352
327.748	65.7759
283.932	325.034
101.379	302.313
227.545	431.052
409.956	128.797
295.853	490.305
345.47	379.776
171.656	212.202
475.352	82.6029
50.202	458.664
57.9949	257.924
24.0943	202.297
81.4405	239.23
168.304	422.757
189.89	265.644
318.41	415.034
365.425	481.937
291.531	367.399
14.8488	321.852
299.308	422.485
458.256	149.52
15.4948	202.11
205.749	210.625
34.7892	465.923
195.631	60.5108
24.5903	351.277
181.623	213.02
287.252	75.4394
230.32	194.426
238.977	199.431
289.522	115.653
180.306	414.774
201.419	326.426
45.5366	398.46
279.569	114.687
72.2189	228.503
166.925	488.443
450.234	398.365
328.305	55.7914
344.737	38.2953
278.081	306.278
308.568	426.26
119.987	325.749
139.549	374.585
189.495	362.022
189.235	227.302
391.822	69.9638
352.558	350.032
211.17	50.4383
104.343	462.714
326.35	300.442
455.052	363.564
485.252	429.097
91.5037	271.858
246.867	205.574
214.028	40.8554
426.018	120.079
211.522	249.003
236.47	396.207
422.708	27.2457
43.0331	376.505
315.271	260.715
162.48	34.1161
174.364	397.335
166.457	180.818
236.458	428.016
164.109	293.759
113.571	418.317
276.479	321.357
168.596	432.752
166.126	24.8047
448.519	12.1506
476.984	423.473
372.432	474.804
387.063	377.468
473.283	21.7983
158.784	430.822
302.465	434.181
82.8692	230.093
317.082	115.127
369.083	465.381
401.38	130.079
355.999	374.558
170.451	162.453
266.927	324.314
182.3	76.3804
196.859	334.973
257.89	478.942
240.606	192.457
313.19	250.934
177.483	389.469
373.396	456.36
381.577	470.756
486.931	83.4185
273.428	106.795
212.807	259.315
356.203	487.567
336.406	384.001
183.115	321.758
29.1442	359.887
195.087	122.327
305.729	263.708
32.2991	475.608
447.53	400.277
465.861	436.926
297.093	77.2183
261.747	42.7175
476.293	418.121
164.104	32.1416
57.1626	247.959
96.5757	307.913
245.614	200.85
196.339	273.286
354.534	40.3
436.428	50.5056
117.583	215.668
204.311	38.4933
319.475	293.18
118.537	426.997
12.6834	417.196
316.688	102.677
111.181	340.969
456.712	34.3733
282.032	439.912
217.742	52.228
254.929	469.39
139.914	364.591
458.336	447.921
402.633	482.861
122.823	371.454
209.329	410.557
130.575	251.714
322.536	163.071
4.48482	422.922
24.5751	319.529
399.153	139.828
55.4223	310.427
323.433	321.347
287.677	496.063
265.462	410.811
168.751	174.187
114.167	223.461
257.671	294.996
300.555	288.827
353.387	79.9281
178.023	434.41
466.346	419.148
172.701	410.757
445.359	361.107
348.079	384.851
124.785	208.73
326.262	165.681
183.373	74.4473
35.3509	391.488
355.751	362.369
421.965	17.2734
325.654	325.55
438.258	60.3367
131.161	482.466
258.911	78.3745
114.163	428.446
43.2512	417.731
300.221	372.347
159.137	425.634
245.382	183.672
20.526	350.283
418.275	67.2582
150.641	309.969
301.931	102.142
52.386	421.8
85.1409	476.75
208.03	318.922
132.603	202.495
37.6	248.7
165.657	442.311
221.435	247.682
439.588	14.4924
291.256	287.043
168.781	55.8919
447.782	351.405
175.203	129.04
171.024	72.2096
34.032	201.183
343.177	104.48
206.164	350.085
59.4187	276.075
192.624	56.5792
187.45	476.275
418.001	443.552
298.686	141.824
435.437	359.854
216.401	313.452
350.53	44.7117
269.384	29.3211
20.8014	400.192
275.608	314.699
401.288	64.2776
231.042	250.456
456.376	457.727
433.384	363.654
414.604	10.5045
116.833	349.218
183.331	426.115
279.169	31.3808
309.017	420.147
295.973	94.1107
24.4758	368.731
79.5396	485.034
425.856	429.455
363.662	454.067
271.622	120.757
247.369	215.562
484.155	382.295
393.527	60.721
345.372	149.798
56.5298	273.421
261.602	461.942
138.773	354.657
267.641	278.325
219.146	408.653
145.266	347.052
189.639	467.592
120.917	254.307
466.18	148.673
332.087	374.982
481.108	21.088
311.719	140.392
324.716	413.782
218.901	436.08
120.398	406.955
19.4913	424.521
312.747	165.117
221.795	445.652
129.433	217.584
186.468	306.188
400.583	84.0703
436.344	435.592
37.3284	251.264
251.418	372.142
245.115	471.31
228.215	440.616
29.4028	397.863
27.3432	251.808
182.35	318.622
322.95	462.762
205.888	43.1362
455.865	352.281
128.575	472.807
11.9187	317.12
426.436	110.088
54.523	373.176
192.762	337.576
215.971	352.04
320.717	305.22
140.21	478.209
465.968	86.0586
65.6481	245.318
351.176	394.36
91.3172	328.903
284.328	451.573
412.819	436.002
382.96	74.5973
288.786	28.6387
30.5892	465.068
300.737	136.172
221.77	416.072
163.327	78.5932
110.295	208.821
288.501	446.73
65.2575	248.692
320.676	124.459
201.969	201.367
384.261	70.898
481.152	73.088
183.638	427.761
429.497	65.1577
90.5777	338.876
321.778	471.347
439.857	35.0153
171.587	16.4271
93.0718	325.24
413.701	31.5891
391.463	368.488
482.713	11.2177
326.314	149.576
391.449	128.904
173.589	495.899
342.849	42.7935
169.031	397.561
9.79122	210.324
420.364	137.999
135.745	260.274
435.597	373.405
318.357	134.653
412.422	484.907
481.216	76.6945
278.762	296.301
129.555	462.855
129.55	268.124
10.8659	399.058
245.655	461.324
472.582	18.4338
33.514	485.534
47.9015	303.837
212.069	352.077
29.9145	253.243
204.303	126.211
367.265	458.511
153.827	423.754
108.36	418.906
422.514	22.95
155.04	349.166
218.061	398.712
188.142	311.183
200.979	115.079
179.982	464.995
287.627	277.994
249.785	82.4613
26.1919	326.892
268.763	122.991
243.729	377.328
419.935	15.9321
325.202	259.541
352.303	142.589
24.9462	261.922
24.2133	489.208
136.928	253.537
476.944	408.142
28.3243	497.62
287.979	454.994
262.579	472.758
331.568	251.829
214.101	239.341
308.855	372.08
178.605	175.885
156.976	434.782
202.911	254.087
48.3468	279.169
291.847	377.813
197.692	216.548
458.392	467.521
192.168	203.355
455.91	435.94
344.317	28.3041
83.7668	468.249
44.0074	200.482
129.191	402.192
445.936	404.587
303.681	412.564
234.148	259.795
297.914	453.856
328.339	288.552
287.521	301.126
43.5046	485.1
228.323	425.818
437.984	31.637
142.573	203.27
237.232	269.307
100.388	210.183
261.253	332.549
387.441	119.742
40.3208	282.421
268.911	78.4413
208.904	436.322
207.525	193.053
187.15	386.908
204.158	320.727
9.56671	307.401
486.508	372.576
320.307	316.208
306.543	145.155
166.799	123.621
190.475	82.141
136.2	354.14
438.71	365.213
182.917	494.794
272.286	437.67
141.967	304.992
29.2819	310.922
422.371	483.9
185.953	195.521
288.507	433.259
64.37	374.918
447.679	29.4899
310.753	319.16
336.448	388.067
294.911	20.734
86.8192	305.72
34.7272	398.205
203.232	28.5516
409.559	489.985
373.784	484.712
172.645	398.421
383.001	453.579
177.916	85.3682
422.06	493.895
285.107	464.573
181.657	495.125
54.8135	383.172
394.474	358.953
403.885	70.1226
97.692	200.553
400.804	372.057
459.193	361.711
422.095	147.848
352	21.9027
256.814	51.4162
163.672	411.071
176.952	14.9501
7.91451	316.406
378.253	123.689
382.975	488.652
317.976	283.659
406.395	16.2147
161.924	390.525
306.016	416.351
396.933	12.9791
446.462	456.415
293.775	67.7847
215.906	394.921
313.406	144.675
27.2539	428.974
424.996	22.183
175.992	196.403
485.49	30.0766
424.144	138.338
311.144	381.815
213.326	184.908
468.763	82.1944
235.963	475.339
409.1	426.719
465.663	353.948
186.98	269.764
288.926	423.268
319.929	477.081
205.389	18.9605
191.205	194.545
200.727	415.657
466.644	437.029
288.146	368.523
105.1	302.686
478.011	2.39216
313.783	427.156
163.138	343.3
179.729	276.651
112.069	200.025
268.799	19.3382
83.7933	346.223
230.631	276.819
436.31	39.4685
18.9679	214.297
388.416	378.013
171.056	138.14
173.098	272.001
287.489	372.842
153.824	300.489
65.1262	284.286
63.8685	387.415
430.124	487.043
441.126	379.923
446.04	353.085
196.72	480.026
178.297	382.257
302.743	26.951
308.875	19.0511
315.943	263.319
471.21	9.81611
328.004	117.655
354.626	449.783
92.4507	463.29
338.113	51.6006
180.25	175.541
332.829	377.692
217.429	350.23
349.623	354.466
365.68	363.555
127.776	453.028
192.888	461.063
461.015	94.746
332.315	392.592
120.979	472.982
64.7335	258.678
346.378	113.954
284.927	371.927
485.686	385.824
169.003	262.878
174.61	314.23
286.898	358.601
392.983	147.698
115.074	398.49
365.337	468.323
18.1878	376.506
178.079	58.2752
387.475	462.522
213.306	49.8423
150.027	209.936
212.118	132.449
277.677	354.731
189.776	452.687
310.532	9.18939
86.2199	490.476
335.041	36.5454
336.316	123.214
211.913	142.447
131.634	411.889
83.9254	298.627
162.556	270.522
189.175	75.7214
258.857	20.4096
486.943	408.094
70.9073	385.184
64.8632	263.833
175.701	424.542
209.343	109.598
329.742	400.591
352.047	40.0676
18.7502	480.832
291.653	268.841
84.6289	482.099
115.612	342.721
115.089	303.161
492.622	399.863
488.837	379.253
351.699	459.345
219.108	111.756
403.826	60.7132
474.277	65.8257
16.3287	202.757
163.786	452.134
357.956	387.913
162.448	12.3678
247.158	270.526
212.46	229.559
144.503	247.009
369.281	493.641
75.0016	282.713
272.269	363.142
471.351	24.1101
396.281	467.26
52.838	205.174
270.782	478.478
161.955	294.669
158.998	420.232
268.142	269.465
44.7351	281.294
458.866	87.399
217.655	361.897
337.085	394.097
351.299	465.543
231.946	268.982
203.742	432.237
452.136	456.545
164.333	65.1007
225.36	103.951
203.956	359.551
152.412	219.647
146.6	200.486
492.666	373.438
61.6095	200.372
67.2259	262.914
11.4825	405.448
132.107	254.818
342.469	375.031
463.188	476.296
51.5462	365.489
267.895	280.759
65.654	286.043
220.612	412.522
372.604	488.058
308.133	23.0392
187.388	396.906
297.36	149.115
229.671	253.363
196.557	266.887
42.2282	404.819
487.579	392.125
486.715	85.0468
245.568	455.499
36.4696	275.66
201.222	215.262
201.358	103.579
389.052	124.477
363.214	353.864
361.999	21.8091
66.5799	397.041
58.554	202.647
192.104	267.548
391.54	88.3392
365.161	482.264
174.951	75.8181
286.202	386.067
392.245	71.7815
307.562	456.486
281.066	448.582
300.389	140.2
280.949	394.576
399.591	69.1399
88.6628	204.851
461.238	486.104
457.494	426.066
249.963	24.9823
226.309	118.694
13.0294	298.019
15.5452	366.862
265.312	56.6877
180.991	165.569
390.77	482.388
24.1686	468.35
230.094	448.991
395.024	375.456
53.5018	485.34
344.529	351.956
192.063	347.552
89.4436	298.391
163.643	494.865
14.2618	466.988
323.37	430.001
210.717	175.254
469.282	97.0895
427.34	100.129
340.772	18.9535
377.312	453.027
421.434	431.311
79.2508	379.671
302.714	27.2169
169.932	499.42
429.541	361.222
126.833	482.493
331.352	435.859
369.476	480.559
122.003	295.936
154.944	339.395
182.739	343.938
275.871	305.874
85.87	375.606
266.39	132.705
289.264	259.13
200.821	317.293
96.034	299.73
92.1979	342.262
370.443	449.568
340.475	431.764
310.589	271.765
295.257	251.125
340.85	114.215
11.7931	325.623
161.757	415.751
273.913	401.683
331.635	368.871
313.241	484.515
359.707	453.053
184.464	77.1789
184.838	62.5052
343.098	427.716
354.936	383.94
257.884	31.0862
95.819	374.597
424.077	426.302
273.492	50.9354
26.2266	201.331
100.513	220.182
99.2895	349.313
429.221	75.1539
366.669	392.821
297.132	159.112
26.0125	438.897
34.3133	410.93
83.6086	495.457
15.4448	298.61
204.42	236.835
326.972	159.554
73.5312	373.034
54.9729	278.966
150.132	292.616
202.502	145.827
459.941	433.77
407.283	19.3481
153.328	358.724
154.391	245.516
91.3003	224.07
400.998	383.475
247.085	83.8942
204.082	486.794
15.3651	493.867
471.342	400.927
33.2687	200.602
382.25	72.0909
110.195	202.431
283.273	371.481
488.275	395.423
233.993	286.237
322.05	326.055
460.806	492.746
157.455	367.832
104.474	379.607
144.514	284.343
420.821	416.847
132.422	262.424
269.522	9.36444
223.828	94.0695
240.319	484.341
484.446	410.033
222.835	397.969
401.541	424.654
227.399	351.009
467.545	106.937
192.756	120.769
120.907	390.367
301.967	37.1889
183.756	123.916
348.665	419.408
213.33	12.8834
427.267	79.3923
128.522	245.483
495.007	400.953
99.2435	388.13
469.645	26.2721
334.464	60.9111
492.988	77.2595
51.1876	409.261
426.167	65.6317
113.068	333.05
27.3939	380.411
125.085	345.516
212.517	198.743
102.47	367.13
406.625	419.665
395.225	391.641
318.694	17.1588
400.279	4.30809
351.383	392.986
301.706	273.774
195.389	338.121
149.105	331.276
455.629	77.9372
247.363	454.728
57.7058	213.91
176.535	429.694
480.404	20.6091
1.63142	403.728
471.688	116.039
349.806	361.237
262.878	123.342
288.775	164.604
35.3491	310.128
483.899	420.018
475.091	442.382
73.8917	466.673
492.772	23.2229
262.331	51.4995
319.291	112.748
197.398	124.258
16.0585	439.855
327.386	397.733
234.18	124.862
315.861	318.771
398.382	81.0469
329.329	313.749
370.631	26.8582
320.915	254.642
265.506	113.694
239.353	448.696
333.079	380.577
467.562	125.148
26.6501	218.486
479.277	96.7836
171.768	499.898
198.304	447.465
382.013	91.3789
200.834	369.052
422.246	56.4324
318.284	141.26
222.458	229.395
228.705	341.095
385.825	382.238
163.662	241.768
341.131	423.138
153.854	265.596
264.401	398.599
499.054	399.269
276.208	391.492
24.4975	466.771
311.544	371.823
494.653	67.3991
261.665	3.17941
54.0312	283.695
68.3128	202.371
230.322	472.613
253.43	454.581
86.8195	299.103
246.788	17.0608
470.476	1.87092
428.507	100.482
480.085	121.469
70.4171	363.532
240.179	454.351
451.05	95.5801
198.318	307.611
15.9613	476.272
221.81	18.1837
470.823	134.601
372.519	74.3974
222.014	370.897
206.731	147.705
372.344	131.756
314.863	481.897
310.26	424.074
336.957	70.5951
291.447	349.696
177.63	62.1051
263.897	368.611
482.027	38.7399
246.384	492.292
134.088	341.163
473.983	55.8301
96.8442	383.257
435.026	108.065
240.988	24.6996
176.499	133.281
159.707	250.95
376.877	130.172
253.916	267.01
224.875	246.41
249.863	36.9624
177.408	389.55
258.401	133.897
131.581	235.962
168.993	281.119
486.167	113.531
195.967	111.898
130.168	443.319
333.455	132.666
184.414	11.4071
86.4084	206.365
244.502	470.134
216.073	249.193
152.814	267.341
158.325	393.574
220.072	42.479
204.859	178.555
490.774	427.279
390.378	366.172
17.553	313.741
259.817	258.937
36.5687	313.708
198.734	449.152
473.084	474.858
112.168	408.058
328.246	75.5053
272.46	488.336
316.616	265.42
485.721	390.145
338.658	80.4495
339.399	140.708
118.318	409.12
205.932	452.565
202.129	156.583
494.994	430.074
5.37355	493.456
3.80088	298.677
6.94828	494.772
29.4137	315.917
243.905	470.774
470.054	144.572
206.003	270.17
480.078	374.427
483.736	447.408
353.887	19.8891
21.9901	365.349
374.37	399.2
468.672	472.959
341.175	143.921
79.1816	373.807
198.927	409.9
233.747	443.131
429.311	360.45
105.681	359.477
458.434	129.231
82.0226	483.772
208.788	256.044
212.709	411.641
219.324	85.1412
265.257	33.4297
402.766	149.768
326.195	434.557
220.548	173.424
445.911	448.718
27.793	357.205
176.205	349.865
479.182	364.468
20.7528	499.569
344.178	420.436
225.507	119.797
314.105	308.926
63.7187	378.737
358.958	350.591
464.471	418.951
401.136	388.622
221.091	476.46
266.953	66.5522
376.68	392.396
32.4546	384.071
96.4777	205.905
375.178	120.318
184.447	21.4071
116.697	299.976
367.486	406.454
370.465	474.14
328.53	260.264
13.2447	318.661
12.8079	299.337
321.418	302.105
193.992	97.0275
231.491	225.105
182.711	320.093
162.031	55.3693
418.957	84.9556
343.382	74.04
372.62	350.469
200.23	491.325
167.859	128.245
19.9827	350.96
193.808	408.888
273.608	107.832
324.715	483.607
492.012	105.418
431.791	350.762
233.784	95.0115
400.5	461.811
460.727	148.177
495.477	363.841
299.87	462.877
374.78	382.578
170.002	271.01
294.434	280.637
329.939	118.372
314.299	362.21
493.449	407.718
66.6847	462.743
350.029	148.57
223.761	163.954
302.88	285.99
344.46	60.6601
326.915	309.53
162.38	220.446
303.413	133.791
373.134	86.7794
352.002	50.0675
462.585	396.098
448.446	129.719
446.851	137.851
6.32875	202.775
168.139	138.768
195.194	461.092
296.248	19.5891
78.1237	373.342
251.514	74.9287
335.368	106.928
226.574	275.714
347.024	435.538
280.9	100.989
306.159	161.126
248.934	92.2378
102.474	386.374
120.417	445.537
332.682	417.789
236.825	335.259
495.007	353.852
356.833	486.382
349.74	139.789
204.981	368.494
34.7795	265.804
95.7115	220.14
344.274	49.3013
476.392	16.9413
62.472	210.501
34.4328	467.907
184.079	98.3433
30.9694	369.751
387.163	99.9507
212.842	397.592
202.106	468.319
101.065	293.083
387.133	73.5272
182.18	141.51
336.489	43.0254
167.519	257.193
383.216	133.956
136.838	344.47
345.647	87.601
486.772	393.102
244.187	269.652
478.638	364.363
437.687	141.852
417.554	98.0711
232.154	235.083
191.843	277.544
250.042	65.0377
400.178	457.54
385.092	487.515
214.649	82.6231
457.506	147.946
306.896	311.464
227.06	463.16
11.5275	486.408
248.507	86.6891
127.679	405.603
17.3595	400.556
241.085	69.4844
81.3359	224.913
221.761	407.72
237.722	78.3105
232.112	65.0696
130.036	453.318
248.477	73.7759
309.83	39.6185
258.203	367.078
108.578	226.095
463.769	17.5897
61.1546	254.968
408.327	468.035
361.992	49.6261
483.659	428.967
248.554	9.47967
172.481	164.822
153.679	495.71
497.859	381.983
18.5156	446.646
477.381	26.1565
203.161	422.5
296.474	352.257
55.4338	495.152
142.799	323.515
50.8487	401.048
230.841	338.979
340.938	145.313
66.1513	368.129
491.203	376.824
427.188	424.959
182.296	78.6494
237.964	273.404
152.335	336.841
60.0805	455.751
498.446	31.4576
254.415	398.063
483.699	10.1144
303.942	125.723
188.978	159.551
174.802	267.608
351.411	451.448
175.375	359.831
176.498	327.929
56.8464	396.586
140.88	208.689
56.8805	446.277
459.549	468.945
119.792	475.392
438.728	455.676
236.046	216.202
87.7227	488.956
243.855	287.891
275.049	17.6985
246.669	333.497
334.018	362.187
273.229	113.842
479.341	482.659
143.115	341.034
218.421	21.1922
330.634	433.137
94.0414	307.531
258.55	252.992
292.928	358.522
388.514	126.718
18.5812	350.656
411.017	390.159
374.725	376.881
392.686	393.515
475.763	101.605
27.0163	228.479
191.472	272.912
200.652	360.685
300.426	319.089
194.222	96.7605
190.089	329.642
382.402	444.42
36.4719	220.366
249.44	266.602
480.484	137.18
42.6814	414.444
33.1787	300.366
367.3	484.682
481.179	101.193
231.292	374.629
30.9726	409.543
70.5325	258.44
209.471	322.311
90.8492	488.643
251.07	330.096
312.876	286.292
233.118	167.483
186.874	61.8293
187.699	351.91
470.378	91.0383
294.284	151.004
134.949	281.427
408.498	19.7191
352.535	40.0818
244.968	261.305
66.6486	398.565
293.19	370.196
477.313	420.048
184.651	83.8961
402.522	28.1419
358.857	388.088
333.398	381.935
35.5835	265.003
333.972	479.823
329.971	472.893
185.52	463.622
435.643	62.4387
214.59	448.711
398.121	396.219
25.3416	262.498
329.119	252.854
413.471	476.61
174.744	8.85803
165.742	4.50291
15.3974	288.61
40.2947	322.988
225.207	485.574
166.879	118.293
7.72566	459.42
223.742	250.626
407.344	451.16
252.578	484.441
79.6309	254.29
62.2146	471.688
26.7937	226.993
484.039	47.1783
421.627	406.88
107.753	301.053
216.19	239.194
465.551	50.4542
338.832	132.507
134.642	476.247
261.058	50.2698
461.391	386.17
50.3786	212.761
242.742	58.2033
409.789	142.65
354.49	395.36
323.047	267.835
163.1	59.2749
44.8174	225.875
163.322	45.453
331.464	35.4537
140.031	453.02
277.656	496.64
323.443	319.992
326.536	327.263
317.387	397.893
81.3603	472.006
242.104	50.444
227.764	26.2179
397.983	414.634
173.155	18.0258
334.193	431.775
153.421	224.889
102.97	391.207
282.744	350.869
142.282	482.699
296.455	166.563
185.054	14.4039
138.683	228.923
20.4516	235.143
429.256	452.472
126.224	303.016
266.781	128.749
256.762	445.371
438.043	365.324
213.211	225.589
24.146	253.861
150.943	273.335
450.997	144.826
265.115	141.308
214.228	455.476
413.545	404.473
272.934	348.928
152.908	363.835
458.545	376.583
316.12	19.8232
320.377	376.51
353.524	93.7623
115.85	436.641
241.371	207.738
188.429	102.174
4.24875	212.556
378.51	350.608
418.169	485.438
75.1884	259.576
77.093	205.03
268.51	407.715
256.574	321.746
32.5988	469.836
277.533	412.026
362.63	72.912
360.54	23.0733
158.472	403.573
3.9366	315.006
459.362	23.1493
232.7	396.33
149.917	451.515
331.296	336.058
343.659	411.055
12.045	498.266
102.18	283.145
227.94	73.4975
421.904	459.251
91.8728	317.293
203.281	426.544
180.686	472.349
179.4	162.239
259.092	320.113
476.559	19.5367
157.775	355.099
133.09	309.791
436.283	429.115
365.203	121.028
303.264	128.539
38.1861	332.763
319.995	472.207
442.462	421.252
114.675	225.746
197.278	341.119
317.764	282.48
375.742	123.414
150.151	387.813
272.227	496.106
402.938	404.982
60.178	219.691
170.05	174.522
331.054	250.653
327.751	47.8877
218.836	466.172
48.0242	207.416
187.251	286.427
268.538	57.3097
223.265	280.406
308.745	138.747
462.726	60.0469
196.28	324.668
381.731	384.116
233.664	114.011
467.14	416.703
380.585	143.604
278.741	356.772
142.913	344.802
131.36	485.693
43.8509	226.56
173.951	381.118
93.8962	222.991
310.323	326.03
446.652	88.4206
447.827	429.431
490.132	364.121
178.393	369.364
244.878	220.892
196.315	58.5339
249.039	76.4523
239.979	297.109
203.86	98.8836
157.036	229.882
169.222	332.38
494.067	119.662
225.182	273.507
304.405	285.595
381.647	388.551
203.486	182.646
275.691	410.817
264.863	378.328
111.993	443.971
212.012	28.8683
187.35	52.0894
60.2699	291.511
453.056	476.55
251.101	407.497
235.21	165.522
124.6	242.991
45.835	309.948
238.467	24.7342
200.835	172.418
309.617	42.2617
391.568	367
129.845	272.828
221.014	374.757
430.851	403.018
2.50754	393.767
225.312	88.925
202.491	473.569
35.332	390.256
51.9305	251.106
106.519	452.34
38.2756	298.569
433.157	99.5261
38.0195	342.761
80.2264	292.729
104.811	376.651
268.148	99.4545
266.744	60.4349
455.91	448.798
381.175	106.432
328.469	345.65
215.165	231.293
306.787	356.215
27.9396	264.068
390.405	486.808
186.386	296.39
461.599	42.0696
112.789	354.025
11.5085	408.666
174.342	183.554
152.198	283.256
213.26	425.887
171.748	40.0677
156.26	212.537
51.432	204.592
187.731	478.329
444.855	79.1114
25.5344	490.786
289.056	277.635
86.4184	483.812
211.41	188.746
131.145	209.723
334.659	479.314
412.462	396.613
310.105	373.839
411.152	477.789
304.958	382.412
64.7032	440.048
226.551	232.695
203.649	456.87
334.376	422.49
242.748	64.5365
221.61	286.005
451.967	389.516
238.772	242.579
239.966	156.726
253.342	267.453
378.698	474.522
167.367	358.39
166.048	217.49
460.816	91.446
293.954	357.262
248.501	439.735
475.617	111.604
52.2965	246.758
67.8773	408.489
306.558	284.03
232.476	163.371
397.079	72.4873
252.226	312.741
367.718	30.0355
476.984	487.336
322.858	392.227
290.199	156.944
67.2901	468.171
361.127	470.562
206.085	301.313
27.638	442.549
244.695	168.689
24.1636	311.372
253.171	359.883
234.243	28.5528
229.281	208.837
456.841	121.258
351.951	444.899
354.077	421.856
352.82	103.738
11.7365	418.663
78.812	367.52
298.073	151.709
458.47	118.77
284.772	147.92
43.806	328.8
198.345	191.223
53.7755	328.021
434.839	139.664
327.694	283.66
61.8671	475.785
89.0666	289.863
410.394	105.052
20.5115	220.029
183.133	49.3275
10.435	302.491
234.244	390.965
489.566	55.5124
62.9883	358.642
290.45	318.388
495.133	385.127
149.692	228.656
242.487	315.011
243.598	115.153
469.425	360.475
232.577	337.45
208.501	168.897
78.1396	287.08
316.658	431.551
288.534	267.648
309.473	37.8736
192.156	469.719
324.365	309.642
52.8233	443.119
262.239	150.886
103.628	413.262
246.326	41.3789
210.352	249.625
319.202	71.2382
163.228	49.7944
156.554	224.024
222.309	277.715
38.5213	273.166
484.937	457.336
98.9202	458.84
12.0545	366.483
173.297	465.611
317.12	462.629
350.809	66.5198
352.394	382.745
108.26	370.597
227.715	180.398
442.27	391.958
370.669	408.966
453.183	430.655
329.704	138.256
259.368	275.433
213.816	38.7042
174.411	95.788
97.5441	306.903
441.245	77.3069
271.856	90.1675
359.565	11.6577
474.635	474.947
263.195	393.275
465.011	7.66702
18.4339	268.711
427.364	56.83
146.611	200.494
460.464	101.44
465.982	351.087
461.079	86.4793
433.491	61.6607
172.898	210.204
333.204	119.701
75.1065	480.284
242.354	301.834
87.711	326.386
333.802	351.889
172.564	217.087
186.073	402.873
123.871	297.603
153.239	239.133
83.2695	378.819
364.398	49.7016
458.74	441.287
38.7015	203.798
126.817	470.939
125.47	411.03
359.681	89.0961
415.921	13.0188
28.3736	309.859
19.8547	411.829
494.936	457.166
81.3003	468.415
237.571	383.467
491.858	367.996
204.277	29.4922
250.315	364.795
448.039	485.201
290.9	100.903
260.382	121.307
468.366	492.408
58.3731	283.754
19.0707	236.561
17.9865	210.353
482.888	478.04
125.848	395.772
149.978	441.516
209.605	494.805
226.021	329.899
457.981	411.343
111.951	344.06
71.83	390.865
222.724	367.839
453.452	124.422
88.0312	381.918
120.796	396.256
417.469	75.0669
343.741	359.851
198.076	307.3
344.713	130.831
5.27906	478.6
145.186	489.625
7.327	490.707
54.8014	204.95
315.856	158.684
359.271	486.774
324.474	368.16
470.798	414.495
188.712	160.404
81.2572	388.135
415.484	73.9593
426.543	145.248
272.634	68.5161
82.8344	490.905
390.603	68.53
217.838	472.013
382.05	63.3474
176.115	226.436
381.869	369.437
492.785	479.47
324.517	62.7675
112.643	219.664
275.964	113.418
264.799	451.321
30.952	494.793
239.341	173.464
314.729	484.121
298.594	311.709
328.267	442.853
224.387	446.708
12.5259	284.478
24.4291	369.416
5.25589	324.918
177.731	32.0549
381.108	487.966
12.9251	406.476
265.304	252.723
179.088	221.547
268.114	157.895
247.26	237.292
423.619	6.63602
8.60587	266.864
396.12	60.1898
255.33	416.559
453.83	409.419
85.5027	376.939
15.0489	268.307
364.933	461.315
159.565	402.029
475.325	142.729
350.028	352.385
491.493	7.84804
65.8619	445.734
378.279	464.531
260.112	263.488
388.463	472.368
100.587	458.803
115.172	222.13
469.155	99.7145
71.575	353.517
258.039	458.689
189.498	296.267
35.0828	340.863
290.751	257.897
411.782	112.723
422.909	445.937
52.8345	461.76
72.8632	208.393
322.865	468.447
242.602	412.768
302.11	135.842
255.659	314.378
100.786	321.828
122.697	204.373
294.332	91.5101
146.039	482.099
59.7096	322.48
47.4563	448.016
128.615	313.099
310.909	72.1367
15.5488	270.875
175.964	355.818
277.346	89.7051
280.534	319.684
284.22	82.442
228.281	412.229
276.618	324.449
106.795	432.399
228.107	94.502
176.459	252.712
190.028	185.671
78.7533	211.488
468.241	4.81011
57.6326	350.197
223.947	116.376
345.014	78.09
212.155	494.241
425.111	95.652
481.737	428.08
433.199	3.76979
137.067	480.351
269.337	274.647
451.74	79.4478
229.542	27.0302
431.118	358.109
149.527	263.436
272.505	389.624
454.574	117.768
294.802	260.81
181.182	87.0968
485.905	97.0358
180.139	461.909
419.32	385.152
206.609	344.714
107.74	274.834
221.151	437.869
307.781	400.674
265.32	63.7664
314.606	149.515
221.383	454.852
249.508	306.037
312.746	383.368
332.98	266.684
6.24161	427.018
470.412	30.7654
221.315	364.879
187.05	374.37
253.824	145.484
46.1427	435.678
290.415	366.393
197.141	349.57
191.343	152.375
47.4671	330.768
256.602	350.49
247.473	179.283
242.982	364.658
254.296	426.002
349.042	44.8611
173.716	454.245
480.946	451.307
341.473	116.261
408.021	383.289
52.5157	416.257
191.595	76.3505
39.9791	428.129
325.6	251.426
42.2971	246.865
5.66806	358.788
197.665	280.764
465.365	31.272
240.755	234.804
263.587	346.324
248.348	42.0377
191.284	149.987
420.156	53.2664
233.443	149.146
492.446	424.193
271.379	443.79
248.081	322.474
250.425	374.795
206.193	275.579
452.915	58.1142
12.4037	395.204
67.2275	430.372
293.566	375.25
369.552	11.1372
239.5	239.866
24.718	470.367
174.319	480.06
187.439	329.297
343.414	426.77
270.642	362.11
16.1813	200.518
236.08	308.279
22.2608	355.827
39.3548	441.099
160.432	491.449
288.041	361.467
324.1	257.663
128.58	461.357
9.16421	235.197
292.69	328.134
332.706	393.96
349.839	9.33235
31.0179	450.625
224.309	389.828
406.114	420.455
461.303	475.421
299.059	312.48
67.0001	250.02
291.381	318.964
186.841	283.936
241.619	245.839
120.319	244.356
177.026	444.809
155.467	478.766
419.313	54.1603
264.542	90.2251
269.452	103.047
243.445	197.956
335.038	26.114
317.338	74.288
378.096	451.851
162.919	1.87187
96.0453	480.099
18.7067	375.125
244.079	306.105
499.089	116.476
293.508	126.341
457.03	379.543
176.392	83.8181
360.813	103.718
53.1929	231.339
171.398	319.327
234.358	447.467
272.046	351.784
214.449	219.531
280.785	258.72
343.707	101.988
76.437	434.269
148.449	433.036
41.9051	229.092
123.17	314.705
66.9154	417.189
327.346	49.7984
250.087	320.042
246.074	276.019
214.659	48.6686
30.6866	258.927
230.142	149.876
54.0177	292.029
331.378	377.005
285.672	490.662
180.271	484.721
419.35	407.147
441.657	0.15379
99.5095	231.267
344.507	477.577
248.508	235.633
298.855	106.962
345.543	357.951
220.122	193.654
119.058	471.831
319.691	422.022
257.624	382.282
143.537	471.678
385.496	134.893
381.266	448.063
172.909	184.309
264.93	41.0498
358.48	86.6572
394.479	61.0233
60.4552	245.501
324.388	462.092
35.5912	457.357
103.614	486.634
39.7254	476.851
204.181	19.4927
249.943	157.408
444.943	470.704
224.659	188.699
304.906	319.553
106.483	485.832
356.638	495.495
269.157	118.499
194.467	328.782
329.039	148.234
280.886	122.122
282.163	257.541
281.392	490.269
317.049	142.331
152.256	445.372
268.178	284.58
73.0673	361.001
210.439	217.718
121.807	465.591
232.766	115.391
113.334	200.862
199.094	339.15
28.7927	407.345
335.852	465.777
215.764	348.737
157.177	404.33
205.285	336.881
400.971	369.47
322.655	166.017
217.221	123.775
127.374	414.486
386.215	493.5
350.614	410.26
176.842	283.801
166.766	409.158
12.6369	471.828
251.954	314.387
165.728	97.5652
116.758	314.548
434.005	59.5305
286.701	287.354
212.112	192.28
152.431	291.857
24.4282	443.57
118.149	372.087
335.246	80.2329
460.435	25.297
431.502	437.898
351.581	400.479
284.329	419.362
483.164	356.949
497.701	8.90476
23.7152	433.35
466.203	434.631
388.701	447.832
58.5031	367.58
427.132	77.6423
422.346	43.5092
168.811	496.907
310.342	75.6152
80.5515	302.724
496.828	11.9145
370.643	356.782
104.463	494.485
118.187	346.746
172.12	309.353
167.497	287.36
467.873	370.354
269.202	43.2832
238.074	162.958
461.514	28.0032
344.868	359.032
239.209	444.468
226.18	290.776
270.646	285.415
406.469	71.6594
183.49	72.1358
109.769	218.038
463.307	455.528
388.775	125.446
413.254	112.856
243.89	174.516
55.7458	309.502
433.477	72.1015
66.3816	329.929
424.772	135.406
199.893	100.544
247.69	179.913
146.654	215.314
320.282	279.128
308.64	457.329
437.299	457.517
262.279	495.088
420.006	126.72
194.554	172.564
378.25	124.418
233.733	443.931
21.2734	253.812
17.5452	229.4
65.3769	319.347
282.97	488.345
112.437	250.51
306.716	447.516
78.9433	477.726
382.64	123.209
332.579	131.625
152.863	480.816
405.324	120.357
493.819	467.103
122.826	245.041
239.088	17.7127
211.745	441.263
225.144	263.507
73.5233	256.498
441.455	397.788
38.2698	445.209
10.9813	410.202
63.2819	240.306
221.978	155.65
279.27	386.389
288.908	372.37
377.954	108.729
307.354	42.2608
148.006	354.34
482.146	87.769
226.138	228.146
328.581	289.549
169.941	158.994
195.683	401.01
229.766	14.0942
207.427	440.933
248.572	207.576
71.7118	486.111
275.587	75.8182
228.852	208.937
199.014	48.9048
210.283	232.639
440.2	141.609
153.073	446.758
322.211	421.087
231.05	115.729
376.578	66.0962
368.213	399.272
95.3541	299.915
306.045	28.4795
56.3565	457.133
129.591	289.4
460.176	395.227
184.623	220.707
298.069	148.477
166.477	149.613
264.927	419.371
23.0127	466.821
476.496	475.565
210.029	352.142
208.872	45.0185
59.0135	475.503
427.443	12.5637
467.254	78.6142
185.468	225.516
102.797	436.258
298.009	22.5275
106.311	494.853
393.107	124.354
193.55	108.275
405.958	130.337
280.792	409.65
234.289	211.654
473.257	70.6161
237.041	56.4401
214.473	435.844
495.256	59.3788
267.479	342.175
485.058	46.5863
175.106	357.639
24.9042	424.087
12.2949	249.409
244.593	142.537
262.006	130.007
114.129	299.856
447.504	476.891
254.858	305.568
256.542	423.347
485.321	143.016
487.406	123.647
488.065	79.709
450.671	435.953
326.243	149.443
354.928	469.499
304.511	346.477
433.193	109.526
470.877	10.6712
421.161	357.182
260.867	287.184
356.797	356.328
72.0006	312.153
398.285	444.981
192.661	316.884
294.027	24.1854
171.36	7.23309
403.043	99.3997
256.26	38.8135
438.384	440.811
116.575	246.327
193.791	71.1397
127.625	375.282
162.952	35.3111
160.146	365.308
130.283	495.635
302.717	96.9571
212.608	28.6026
41.0376	332.967
230.962	26.0463
303.415	40.3895
368.805	121.134
369.911	418.937
317.269	440.668
396.294	358.188
193.673	190.933
159.99	484.437
419.646	392.189
51.7896	480.211
112.447	426.936
196.421	13.1856
106.37	466.961
170.588	296.091
168.411	168.165
113.893	278.038
336.859	381.272
44.2522	205.407
127.114	321.128
277.11	49.4035
234.663	233.127
95.8912	406.926
185.927	249.496
302.573	361.617
272.728	295.196
247.931	13.0439
334.371	382.357
37.0772	462.239
147.283	402.881
195.274	274.828
354.534	132.713
183.437	319.155
415.562	452.72
382.931	438.269
473.592	98.2557
455.143	369.722
250.597	62.7801
463.875	33.0804
113.6	412.51
3.97223	436.757
3.25343	499.839
349.32	141.246
23.1233	380.854
478.999	448.473
290.845	296.454
417.093	22.9498
168.154	139.754
397.505	91.0737
428.967	463.047
12.6416	272.562
311.513	50.9426
327.573	150.016
445.57	479.318
185.912	249.017
351.212	110.527
120.458	227.76
319.194	421.763
77.8623	409.036
186.402	161.963
374.517	60.5782
260.818	402.989
36.8695	315.133
452.988	451.44
173.8	69.6661
493.643	41.4585
311.664	79.8464
239.988	51.6996
417.455	402.407
380.307	406.3
6.18219	200.384
85.4104	438.64
233.013	421.039
176.283	230.865
234.212	302.059
15.3936	313.57
76.3468	460.835
27.8687	430.301
255.704	129.818
229.416	450.851
289.587	166.925
329.608	347.11
449.74	61.3352
288.726	348.738
226.175	17.208
223.016	53.9015
498.897	56.0947
297.501	384.252
202.104	355.649
450.373	401.957
154.579	393.361
412.466	352.244
187.757	408.919
409.174	460.414
330.891	392.628
206.832	418.227
6.01768	372.91
227.52	474.517
198.012	422.94
145.605	349.381
485.829	371.205
346.125	368.219
195.565	85.5289
215.831	375.084
342.346	442.118
186.694	461.496
212.134	452.307
454.099	365.367
480.29	471.052
375.131	495.983
342.151	50.3511
234.4	369.792
378.455	6.58484
402.751	68.1596
437.332	460.132
41.6564	316.755
288.886	21.1242
235.852	66.7282
312.004	289.198
16.1796	481.179
173.687	405.602
121.783	430.518
259.801	29.4613
283.794	12.5181
274.743	8.26483
342.614	471.612
49.0422	412.992
163.974	291.388
131.102	452.611
480.115	471.276
110.259	222.567
440.425	51.8633
245.814	353.11
112.678	474.869
389.792	143.923
467.115	76.2424
486.959	486.968
329.623	287.609
326.11	21.6076
163.419	467.172
433.056	403.077
56.9896	351.227
57.5497	328.754
477.308	418.065
7.53987	258.5
172.812	228.073
438.743	478.847
402.63	52.5995
202.986	266.107
395.664	490.227
156.007	374.411
313.56	21.8824
78.0905	445.453
123.4	392.987
164.299	26.9744
140.024	495.253
226.531	482.149
319.363	155.599
279.897	478.829
194.267	454.965
23.2126	438.598
362.394	382.727
424.639	139.74
486.366	436.944
157.18	269.872
459.524	10.0685
68.5372	444.562
360.5	86.8873
346.141	11.9037
402.318	497.691
66.667	471.969
337.746	44.0206
177.722	209.663
485.151	385.73
297.138	42.0405
206.623	418.649
261.242	253.434
109.078	253.915
193.868	292.749
462.042	493.571
443.302	77.9965
494.931	462.495
295.693	357.552
358.564	57.1339
152.781	424.023
428.911	458.483
174.037	407.159
114.513	393.911
150.675	428.695
420.922	357.503
211.371	414.514
250.051	412.863
71.0067	251.385
41.189	429.035
182.087	24.4147
304.005	260.992
369.765	366.744
321.063	23.4565
19.5122	481.091
269.455	26.8535
196.405	164.542
206.117	103.451
60.3406	274.942
431.395	73.9429
343.726	112.154
327.513	57.5162
84.4591	448.23
489.524	137.593
75.048	282.204
361.453	496.756
427.904	36.2679
162.934	94.6391
258.531	302.58
491.338	391.352
328.284	297.733
7.47673	386.502
298.425	18.5655
359.615	44.233
47.3122	353.156
343.374	78.6326
119.402	346.623
319.861	490.101
476.534	71.4419
114.552	458.709
106.459	380.434
425.401	7.65995
485.263	462.942
235.303	42.8649
161.71	321.804
162.669	422.531
247.978	252.524
345.436	130.3
185.839	493.027
100.24	424.846
202.651	257.768
471.982	39.8371
234.816	99.725
274.968	110.064
426.95	453.346
444.167	120.71
124.324	200.286
56.5337	416.807
348.3	450.153
3.57194	493.386
17.541	377.317
375.48	353.318
226.399	237.216
211.075	410.027
118.732	414.921
326.471	18.9506
299.782	461.969
356.36	444.234
185.285	493.621
81.1164	350.523
238.256	279.221
268.294	109.96
14.8587	285.18
208.998	467.339
84.7503	388.772
263.37	437.802
469.844	145.201
252.403	493.515
283.524	95.9814
305.029	251.044
163.37	461.115
272.547	397.093
308.828	447.326
467.303	109.335
326.292	19.3583
44.3542	289.457
204.491	160.912
189.327	196.044
411.439	443.61
263.624	143.494
311.889	100.941
310.442	130.314
183.833	362.523
217.748	48.9121
64.806	410.619
449.526	145.219
116.633	309.627
381.27	149.155
289.787	462.276
467.628	388.558
341.02	133.378
84.0773	384.427
378.365	132.601
289.1	373.665
164.884	497.319
256.399	437.694
62.767	394.999
362.156	478.911
380.743	411.243
357.265	16.0296
126.397	405.933
92.0375	369.369
104.31	268.049
102.88	348.268
292.038	332.372
228.309	431.997
238.395	156.964
52.135	214.588
57.1521	223.188
296.231	338.686
238.209	39.1669
311.523	136.15
27.1566	459.421
50.3032	336.091
259.519	114.084
251.208	455.191
379.741	469.82
211.609	193.892
288.228	268.346
92.4127	388.744
495.295	492.492
184.395	418.337
267.173	321.164
101.773	248.854
486.362	113.889
2.56211	241.753
24.7677	274.75
185.562	318.681
426.285	443.87
110.744	250.193
295.84	368.784
473.566	3.20561
373.928	433.917
277.148	401.159
462.132	145.917
204.012	168.396
86.9061	398.537
262.625	330.07
223.79	85.4821
178.52	333.82
5.88055	244.824
8.16295	258.263
202.66	365.524
233.272	247.105
250.103	402.863
479.531	393.349
489.13	434.884
249.604	492.265
335.387	481.679
59.8924	365.847
72.3714	217.585
310.15	108.746
52.5954	274.126
119.754	314.762
110.895	451.378
67.1043	400.435
162.533	43.4039
399.571	388.638
389.676	387.196
382.644	99.8967
168.764	315.989
6.05396	446.538
92.7385	244.737
167.977	211.907
252.64	271.449
318.506	421.021
91.0183	241.787
251.681	311.469
286.696	114.537
12.1112	478.437
454.638	445.379
9.92941	422.727
205.125	410.881
151.763	378.058
340.781	412.083
336.055	95.9885
30.0323	437.718
148.356	225.168
329.446	492.952
200.539	165.956
209.412	382.752
223.301	34.8436
450.079	356.211
321.967	293.321
254.14	467.898
75.4475	415.758
103.68	203.471
12.4647	331.849
216.18	16.8976
176.604	91.1978
89.2452	484.391
133.168	416.098
308.421	298.535
222.477	33.1835
219.357	213.429
208.805	50.0268
397.779	468.734
242.669	288.195
47.4821	224.914
401.804	454.223
178.728	320.583
244.173	137.228
105.013	387.839
460.779	364.248
126.579	462.648
65.7346	374.487
78.2749	384.615
383.95	133.142
63.8436	492.283
148.373	406.811
37.9018	290.694
121.709	438.742
144.488	476.94
370.528	19.1706
129.389	346.116
28.8462	483.899
290.765	166.482
1.97777	262.174
148.075	274.006
245.563	415.961
87.0581	387.374
427.286	366.335
76.9259	358.737
194.623	220.705
124.558	419.26
478.231	472.241
171.144	489.179
38.1325	422.742
238.779	107.739
293.631	368.774
72.6923	486.55
287.972	425.529
438.99	55.8731
56.9784	214.175
47.4825	212.027
68.6318	365.029
433.884	40.6481
229.276	431.526
174.428	367.616
125.203	306.024
62.765	233.682
180.623	186.411
224.343	165.366
393.579	492.321
272.669	471.918
177.541	136.307
361.038	391.143
95.1379	478.273
327.648	122.925
259.049	457.839
23.4082	280.414
399.376	436.392
167.048	458.78
373.276	143.381
388.445	6.12611
104.4	259.657
322.359	452.488
141.858	376.68
150.988	450.815
140.798	340.612
474.838	351.41
79.4254	201.511
81.4297	311.474
270.922	123.288
157.907	258.854
280.431	90.0051
311.206	252.608
147.765	415.656
258.847	358.622
492.435	115.601
114.131	311.519
192.857	109.275
196.64	432.034
323.254	146.988
378.757	90.6829
327.656	476.081
222.66	281.734
89.391	470.089
259.553	423.295
480.386	30.0434
54.1196	326.221
375.893	121.68
447.623	80.383
209.829	59.9742
261.673	288.019
296.447	40.7143
179.446	341.19
76.6362	224.533
202.472	24.0951
375.714	444.674
322.296	146.065
199.087	468.672
276.895	426.051
45.6315	294.801
136.914	323.114
230.326	288.697
107.694	274.145
316.08	22.9171
398.694	53.3027
446.088	70.8367
46.8267	271.745
445.202	90.0855
128.666	471.99
217.924	450.885
309.254	417.618
302.432	332.557
410.104	418.067
230.098	460.378
94.5298	405.991
374.208	111.772
74.4349	343.083
33.6291	438.547
198.339	326.178
250.572	117.877
233.948	175.589
232.773	273.158
157.373	375.173
168.758	335.987
152.696	420.042
367.973	58.9174
202.734	297.375
122.648	369.029
230.182	62.7716
386.374	431.07
193.694	493.676
156.407	454.72
52.3478	410.872
166.925	325.647
125.582	290.7
307.338	23.8984
286.212	431.235
486.138	27.1697
269.557	250.63
427.428	128.888
77.3457	446.126
71.401	442.706
6.40281	206.967
249.569	249.913
298.034	323.89
211.551	432.836
432.28	21.3162
278.776	386.643
324.015	482.421
53.4185	215.99
110.178	322.078
94.4643	269.799
95.1474	305.03
277.572	96.0845
395.737	445.989
192.665	241.642
464.903	472.221
480.429	374.72
216.705	81.5098
63.7414	358.949
74.4803	211.844
106.351	450.299
56.4865	357.128
171.478	31.7209
368.868	369.311
286.477	452.84
122.38	310.904
218.844	54.3233
28.7813	248.415
101.586	211.316
279.065	487.189
481.388	27.3833
245.334	328.84
332.726	252.604
13.1833	403.004
53.1491	331.041
29.0584	321.377
397.018	384.665
119.206	257.87
59.7862	204.578
168.792	349.885
118.758	221.964
200.09	386.371
161.248	470.414
138.078	458.324
212.797	392.162
237.803	453.702
185.582	308.681
403.579	378.237
249.319	3.14065
470.421	456.396
300.991	315.369
19.9161	338.518
373.765	64.5717
2.19751	236.76
267.615	492.129
476.987	148.73
406.696	64.0739
361.782	484.215
193.701	378.678
470.283	494.806
239.373	256.472
229.902	398.117
395.02	372.067
198.906	332.542
483.495	484.119
191.327	335.252
481.931	391.114
147.15	460.752
450.09	425.97
490.491	123.102
7.60238	202.196
121.294	499.083
483.068	76.674
192.894	367.674
206.883	394.452
2.57858	430.6
329.314	274.835
289.924	38.9698
401.809	398.384
373.49	142.917
62.6329	423.132
355.664	363.574
408.052	463.658
179.864	427.251
354.309	6.13374
487.306	417.87
416.234	145.157
139.508	356.813
132.104	248.771
87.3261	451.348
65.5992	334.718
493.66	401.079
219.388	414.667
406.961	429.875
276.679	318.057
439.766	50.5762
496.019	111.062
319.542	71.6958
125.908	375.644
283.995	32.5446
289.574	4.35769
477.286	24.0013
216.053	447.382
297.728	4.08369
13.3353	471.329
379.121	149.788
173.289	99.2802
295.798	383.586
166.261	481.374
259.383	311.411
355.853	34.9676
464.451	140.828
206.107	151.043
309.116	113.707
477.966	482.949
202.963	49.9737
172.37	314.918
476.395	384.415
165.884	340.101
262.424	278.213
28.4358	341.599
368.533	364.537
328.87	119.119
201.428	462.217
485.185	406.328
143.845	459.63
289.094	106.625
153.638	470.368
456.699	26.4494
89.7975	494.375
304.044	464.677
135.398	465.762
397.016	406.147
123.957	469.298
189.883	153.95
108.219	299.011
469.581	17.4479
155.902	251.126
250.742	431.752
146.075	249.273
125.104	408.469
285.197	14.184
275.119	81.4266
488.332	115.603
382.153	61.9328
265.441	271.59
348.149	69.8464
187.81	467.098
219.078	71.7954
342.339	458.129
83.6046	318.818
361.324	9.12742
302.001	3.86554
232.438	362.386
272.077	466.33
37.7875	214.478
215.469	187.9
370.868	362.354
466.951	132.84
410.387	393.595
126.717	481.098
7.57989	365.043
236.446	429.818
3.11475	427.37
196.077	234.588
458.757	484.126
169.397	364.371
314.989	449.072
45.8105	479.195
254.957	445.153
74.9403	206.166
40.3887	287.725
215.266	391.505
98.5977	261.398
212.699	48.698
224.739	344.326
452.534	20.5901
447.999	90.9837
483.972	16.5656
448.78	479.268
282.324	364.844
112.596	495.222
430.399	484.358
215.819	289.028
98.6847	339.191
214.221	178.987
308.116	119.829
466.029	4.27111
77.1658	220.782
23.4267	345.276
483.574	66.3632
64.0876	422.916
184.404	107.641
241.305	364.281
153.4	347.992
122.485	404.65
299.345	370.698
324.479	164.191
157.546	374.812
484.773	71.2589
203.005	497.324
88.3246	402.61
224.745	421.985
497.516	429.436
114.867	257.358
171.006	299.909
191.046	409.139
217.12	467.344
205.763	199.729
14.8788	280.22
301.911	314.824
254.217	367.485
319.81	20.4089
160.7	496.08
167.441	229.941
411.768	94.5131
498.884	126.17
138.589	287.29
59.2088	339.637
64.7861	464.261
187.535	136.652
209.727	215.686
262.421	422.327
322.308	161.22
285.316	350.616
122.791	359.031
290.657	141.765
187.126	483.11
334.873	420.151
204.367	434.938
156.567	222.825
194.9	496.677
14.005	360.468
226.799	160.297
239.744	305.264
268.626	5.52365
293.031	273.364
214.974	287.402
356.601	42.2197
319.302	162.691
32.8905	493.044
342.537	383.302
449.917	378.248
165.524	257.88
274.084	312.268
62.2021	335.721
172.397	373.988
62.1235	464.626
286.12	114.385
117.396	338.957
294.793	15.7863
185.443	334.856
477.73	440.387
77.5383	282.131
257.476	376.939
254.233	116.638
99.3925	294.481
175.085	260.811
104.536	418.851
301.92	264.766
266.323	468.517
318.138	87.4676
279.657	307.181
432.855	494.052
477.075	445.403
420.102	417.893
13.3424	253.155
494.172	22.6009
442.225	93.9776
255.839	124.125
241.923	212.453
9.29125	239.644
261.616	325.983
163.011	394.398
252.07	298.532
327.718	253.776
70.8416	291.106
153.888	415.089
200.07	430.295
248.991	148.608
177.929	289.301
313.377	346.74
200.888	231.505
209.651	272.27
449.395	47.4431
53.0782	475.077
249.404	122.164
266.69	498.615
306.621	298.982
64.2472	202.329
46.9145	231.913
484.76	465.392
146.22	455.284
311.795	99.1383
396.913	130.813
193.027	430.978
213.998	292.868
92.5642	287.175
42.0666	407.672
174.68	413.038
274.934	308.242
288.537	389.085
159.222	208.606
373.903	21.8154
394.557	104.689
470.826	410.45
345.197	483.62
353.801	390.206
158.734	295.783
169.795	356.808
302.762	75.2899
352.894	68.1587
230.119	160.679
490.906	362.59
445.573	20.4458
69.0072	325.316
483.284	476.03
268.244	69.0299
103.482	426.597
429.966	401.436
311.016	259.552
36.5397	291.15
177.954	463.191
243.41	178.823
291.468	448.552
179.144	65.1482
285.375	420.389
239.726	128.271
130.302	339.839
243.185	251.279
445.002	453.826
328.789	270.426
349.261	385.423
284.709	380.74
266.413	376.743
125.279	337.218
497.046	410.488
270.767	289.186
147.201	332.931
288.585	490.248
411.746	30.8107
36.1205	255.207
291.365	90.8878
491.736	10.2625
429.892	352.306
452.493	458.85
453.065	141.573
196.275	109.927
395.056	119.885
169.191	410.573
419.007	31.7271
431.66	353.732
282.372	92.9532
100.393	224.194
429.297	144.458
192.7	68.2558
241.34	239.136
405.179	38.3493
211.156	222.485
290.783	410.086
237.704	421.74
85.7898	208.234
217.678	83.6861
307.649	311.075
434.556	399.809
92.8965	276.923
198.363	349.696
186.088	148.107
257.889	384.002
249.827	72.7504
378.085	55.7244
36.9941	321.545
342.494	484.785
122.238	351.101
179.502	410.672
192.051	7.71463
228.801	65.366
238.228	223.784
247.963	68.2832
142.36	295.217
196.638	430.756
472.139	140.6
266.05	81.5345
330.264	267.526
263.196	103.302
193.962	228.08
262.697	459.43
283.86	342.284
309.249	336.905
257.427	254.512
260.352	93.7151
57.7594	362.069
231.79	111.257
212.875	405.979
455.434	482.47
497.694	398.328
62.4867	253.381
315.809	329.358
86.2446	460.782
200.725	177.841
151.987	376.28
297.871	341.932
201.481	312.171
194.074	499.423
223.059	451.315
163.417	95.2612
275.047	471.413
291.049	436.413
194.879	173.28
356.174	124.484
287.661	4.76038
98.9503	369.772
233.146	35.4286
368.475	350.025
234.529	185.572
269.167	337.634
273.793	487.54
28.7431	328.511
272.054	73.3774
366.105	36.6753
492.449	106.078
222.685	360.181
282.63	336.269
265.946	295.756
240.888	337.798
130.239	200.313
371.349	114.645
307.435	262.642
455.849	80.4897
267.332	51.4974
270.743	495.602
339.31	476.417
103.601	285.9
338.441	462.872
224.326	150.608
107.479	232.008
156.859	313.682
264.718	88.5422
254.128	332.559
262.889	46.5648
398.318	124.638
409.024	444.619
205.695	96.2399
482.849	103.723
197.077	298.406
493.748	146.657
184.94	399.324
495.473	469.949
109.319	455.305
248.493	419.922
299.688	125.209
296.055	379.25
192.4	242.919
162.582	209.227
332.925	137.669
370.133	372.816
157.158	455.12
243.963	133.913
216.76	6.91447
343.531	390.509
488.213	32.2102
179.158	362.472
242.493	398.616
110.395	340.953
321.666	321.253
241.824	242.55
497.516	97.4572
169.468	50.6089
18.8776	472.356
232.962	124.408
182.915	143.681
347.67	73.3506
371.001	386.466
477.675	71.344
87.371	479.738
67.1386	404.393
218.859	5.80419
319.681	45.1734
55.6922	414.673
139.314	220.897
84.4375	248.473
418.599	361.013
178.468	46.2508
255.598	91.237
346.535	21.8959
403.767	424.115
269.645	420.199
151.228	448.689
97.008	450.051
129.968	426.793
6.87671	227.922
223.068	283.468
275.066	104.745
94.934	277.615
249.984	454.759
397.268	430.394
242.069	188.554
97.091	310.979
117.434	204.288
445.388	120.153
145.195	409.552
155.833	419.914
292.782	35.8789
309.963	491.528
133.963	423.282
286.888	324.262
205.073	163.017
217.749	363.465
247.037	161.996
88.8904	496.033
52.9293	213.702
224.683	240.17
143.368	352.697
309.138	441.096
461.061	14.1995
345.28	57.0387
74.4858	257.964
140.131	372.094
478.913	387.929
59.9609	370.499
231.295	280.028
76.1939	267.817
175.665	200.882
242.558	498.681
350.276	415.222
417.854	353.24
374.628	407.254
200.721	469.396
247.877	292.088
264.222	292.334
365.497	128.102
108.772	336.583
246.375	131.371
418.012	456.46
498.672	87.5243
29.5578	217.401
175.91	365.036
486.58	12.2511
18.0607	272.377
277.997	310.862
277.253	466.87
379.758	410.368
173.3	179.601
121.765	353.356
485.445	6.11089
11.9384	321.863
89.0436	262.285
356.962	353.932
45.9551	326.366
25.9949	243.081
50.2893	303.611
349.179	375.526
167.377	319.649
309.345	370.591
238.314	57.1862
323.85	267.233
401.972	440.84
420.462	137.098
320.994	394.062
70.2187	398.307
178.565	152.625
30.3721	340.677
253.208	439.443
60.5164	240.448
148.914	296.267
119.961	400.975
401.259	414.577
161.241	413.765
96.4376	250.098
347.182	126.443
268.577	498.26
167.874	107.687
427.279	490.15
406.108	446.943
166.978	221.825
42.5191	289.801
464.002	394.633
235.982	325.3
410.304	74.7136
151.534	374.249
389.431	92.5532
309.995	97.1598
191.997	431.872
39.0955	343.192
450.202	100.738
329.655	153.212
208.285	325.138
190.288	118.94
71.8926	372.885
173.178	93.6256
221.565	205.669
331.535	322.87
263.763	491.611
305.715	118.005
487.304	135.238
9.47795	225.013
343.853	31.018
203.414	20.6268
208.153	145.371
349.671	116.561
463.81	396.779
102.95	239.074
490.028	456.648
13.5261	295.091
132.997	340.961
149.822	345.531
176.102	286.77
244.558	207.426
89.9583	461.558
158.587	255.731
167.581	137.197
170.055	88.2644
175.047	137.858
219.497	360.306
53.3224	222.33
172.846	68.7166
343.193	441.554
392.925	136.897
338.89	68.2349
401.17	76.1373
56.7273	431.202
315.346	385.81
305.986	9.0633
374.008	461.688
447.941	383.951
36.4696	430.717
3.08495	232.246
333.433	426.098
174.021	18.5043
60.0493	401.059
247.111	75.4663
304.686	13.1159
50.9282	288.067
451.523	361.397
80.2487	301.544
192.225	362.311
317.776	271.544
151.426	282.507
88.7556	372.098
327.667	138.432
312.906	51.3285
379.224	469.49
148.755	462.26
116.569	425.274
136.42	297.309
476.29	400.489
179.435	187.427
189.714	252.552
8.36836	418.992
329.173	70.5592
4.21672	407.431
131.833	486.541
26.0917	382.502
334.357	57.7937
193.514	459.739
115.831	430.966
385.487	6.40474
298.224	360.283
398.241	77.4669
478.576	140.407
219.82	153.091
363.073	386.886
195.163	3.33334
384.154	488.98
148.645	217.758
363.142	468.96
427.22	373.841
197.791	251.899
113.716	256.143
353.44	70.9375
29.3803	211.608
414.206	21.1178
169.608	269.177
206.452	217.836
421.923	355.196
324.832	10.3724
261.523	428.036
355.552	423.717
329.16	332.583
469.427	127.515
372.329	389.891
383.533	24.2695
393.038	81.1177
84.9055	229.947
255.394	319.002
391.158	494.99
1.76816	265.764
33.9971	480.297
222.201	409.408
173.68	453.305
472.619	392.241
19.2536	491.088
410.509	401.468
424.346	39.3289
154.299	322.041
39.7615	478.154
185.869	250.121
283.32	417.005
67.8802	465.544
431.59	119.795
242.388	31.1331
464.746	452.968
283.227	135.072
296.304	489.104
472.191	17.5178
262.825	276.88
223.927	386.779
246.361	456.649
470.054	487.308
184.925	138.435
403.952	373.244
216.016	167.509
365.229	376.184
316.642	313
169.615	192.92
434.479	485.506
243.745	192.6
313.373	468.278
208.788	21.3339
360.921	475.919
228.412	222.525
173.628	344.377
347.128	352.116
171.437	104.499
239.862	62.8146
23.2488	369.517
120.185	294.519
203.267	117.077
194.417	30.0211
125.364	263.882
472.925	80.1849
318.777	347.542
198.91	55.1013
328.498	400.672
159.481	223.137
39.4879	320.011
160.792	401.602
196.944	213.139
281.483	396.982
496.413	148.653
351.218	81.1023
289.25	86.2035
249.269	444.087
240.846	79.8305
5.56692	465.032
207.888	434.603
176.448	268.165
243.49	65.1683
383.576	47.3664
66.0218	261.559
378.892	402.021
186.199	12.8931
97.3486	467.492
159.702	211.661
77.8484	424.342
347.122	395.453
199.039	261.821
363.438	145.173
409.867	393.661
270.521	94.0541
128.852	347.417
256.887	469.161
308.922	59.3649
317.745	55.3741
225.183	281.498
325.521	49.9584
191.649	155.081
153.237	384.125
260.694	261.938
312.107	371.442
222.632	181.618
327.994	85.7773
419.14	101.27
259.883	150.592
358.6	60.7046
164.888	14.4305
283.351	302.551
19.308	410.909
127.332	394.217
39.7115	344.287
90.5901	398.162
89.7035	473.836
397.173	470.477
427.214	357.403
250.587	474.725
18.4345	288.798
47.5011	416.1
492.686	463.851
352.038	358.57
35.5808	222.013
124.607	315.772
141.276	422.076
235.657	330.524
337.939	39.0824
311.775	42.9496
211.132	187.104
13.5518	496.063
321.733	415.16
463.192	74.7807
129.413	428.713
316.505	308.479
457.67	375.372
126.563	215.713
38.8496	471.838
464.093	404.243
423.257	92.1575
66.221	438.763
116.966	293.797
157.061	307.833
276.895	318.631
57.7769	435.622
70.6839	462.695
115.292	272.161
166.171	209.92
281.039	364.573
88.053	489.779
349.261	79.901
56.5952	370.255
337.146	453.784
119.046	230.448
227.678	81.6182
434.344	393.178
284.709	416.584
333.428	419.328
195.845	450.014
151.652	448.103
388.079	448.517
86.9021	358.047
446.159	381.892
448.359	389.973
273.653	459.361
295.687	470.168
338.93	105.566
276.345	305.859
245.56	73.9694
294.867	31.8011
251.729	449.024
178.8	53.8835
239.157	326.359
433.684	474.913
264.165	36.6466
372.137	28.471
313.232	355.046
356.62	77.6869
303.614	329.101
277.695	392.761
13.6514	400.489
246.786	481.135
443.503	141.7
265.323	127.057
280.067	325.525
321.189	480.678
166.927	224.878
424.881	462.294
173.426	485.946
43.9882	241.475
496.307	110.809
231.173	304.094
457.929	42.2308
465.816	387.328
493.132	116.566
216.413	383.758
96.8288	309.666
32.4794	442.641
496.898	389.753
328.415	86.7763
435.819	450.344
51.0142	372.319
273.816	77.123
32.1863	318.263
311.029	482.645
403.729	478.029
306.376	41.9896
288.488	264.456
412.408	434.674
468.804	135.878
208.925	207.296
478.089	58.0012
272.283	58.4098
3.9643	292.163
346.238	494.057
264.391	460.289
202.171	475.187
9.0231	363.685
386.783	73.3919
118.979	296.33
165.046	32.7765
378.85	56.3581
257.835	123.438
495.627	77.9993
238.782	311.049
243.684	185.757
267.97	8.41626
44.1558	205.804
207.154	32.6651
179.608	256.033
143.354	300.656
202.223	362.466
304.542	494.433
178.362	401.005
425.183	123.069
448.899	399.355
44.1311	353.244
301.539	250.049
221.234	249.556
209.23	333.998
252.425	399.778
313.72	106.91
393.852	424.423
290.146	318.054
237.848	452.52
271.227	385.919
295.072	449.505
26.8967	404.396
262.982	7.41615
92.1794	288.978
461.609	381.892
359.745	362.589
243.97	296.116
388.928	476.135
496.668	9.92858
417.585	98.248
313.344	280.438
351.309	479.271
188.972	77.535
339.035	377.609
420.494	489.658
30.2815	273.151
189.364	113.28
284.038	87.8959
48.665	477.85
201.885	367.781
253.081	448.271
168.867	256.597
284.96	495.838
444.294	464.575
397.844	383.933
156.238	221.873
255.588	257.799
427.065	401.001
195.628	14.6439
156.858	422.714
433.645	449.916
441.508	85.2984
186.913	236.378
386.68	457.547
420.254	149.068
349.939	58.7992
92.2445	229.733
102.951	337.936
193.314	407.333
82.68	363.769
370.982	458.562
333.403	106.142
113.842	251.135
170.054	91.4112
84.5345	312.099
87.5542	395.548
223.834	215.491
226.231	104.933
238.358	306.676
117.403	353.152
160.243	359.765
160.587	211.337
471.404	34.4401
337.846	455.48
294.836	150.85
102.361	229.959
239.093	148.737
472.225	393.166
174.632	33.6068
372.508	115.377
287.197	344.829
332.398	436.045
171.254	277.399
456.052	3.59647
75.0454	221.462
438.53	391.02
307.934	7.24372
205.523	86.2413
246.286	151.342
105.138	466.325
316.615	4.44295
488.801	360.254
76.5679	233.502
202.407	27.073
221.22	460.744
32.1609	308.607
193.669	336.698
429.386	353.846
252.025	30.0905
34.2569	399.195
345.849	110.018
274.362	139.699
74.5118	368.969
215.8	441.192
132.306	210.687
285.898	438.271
301.688	95.024
222.645	208.422
235.451	54.8719
108.451	245.219
67.119	241.291
84.6021	357.065
20.188	397.086
436.37	23.4095
447.11	489.128
88.1425	210.819
159.163	303.623
236.685	411.792
494.503	352.039
468.37	133.753
197.076	396.407
206.496	137.9
207.115	275.081
238.201	22.0515
441.112	421.565
388.294	115.358
174.111	103.372
206.337	19.5529
110.876	301.178
197.18	493.133
417.013	118.796
475.974	418.604
413.518	447.527
241.519	17.2962
286.988	84.8848
212.242	91.2172
216.553	29.2498
357.615	465.914
118.667	322.827
309.307	447.448
353.092	87.5363
450.978	431.577
437.52	427.367
192.067	115.094
283.341	275.834
135.926	245.674
274.835	98.6685
44.9767	380.291
180.893	229.846
235.105	189.124
57.9684	265.513
206.508	28.2769
224.73	296.956
330.422	92.5631
326.693	92.7901
340.685	441.989
428.546	451.332
269.535	87.4577
282.969	328.723
241.103	226.282
455.408	352.183
471.099	404.462
55.6983	311.102
385.253	123.848
125.689	437.107
54.9505	457.659
468.835	80.0716
246.754	311.463
135.311	327.05
332.524	47.0934
16.2409	353.187
0.601692	288.182
88.2861	327.655
291.878	86.4252
103.605	261.31
460.177	413.444
302.721	131.022
91.8066	342.195
294.691	6.11783
124.67	473.16
218.768	259.247
107.59	461.091
58.4268	483.527
303.404	256.563
359.661	89.2897
191.469	137.269
395.613	443.078
295.714	35.9372
472.515	90.1766
256.079	357.66
458.804	140.67
322.517	464.229
18.929	466.382
202.501	230.708
285.247	328.783
451.238	431.405
71.949	342.381
480.742	1.62078
212.272	220.006
287.378	412.415
207.05	476.444
233.867	415.641
231.043	125.975
185.596	59.3119
391.054	456.358
490.491	59.142
155.845	232.799
66.8072	217.35
332.499	472.627
407.459	85.4892
388.521	32.1084
178.812	25.6132
242.726	1.69159
181.251	301.739
333.96	488.103
253.726	367.486
124.18	390.29
171.073	483.549
198.28	414.072
264.313	461.265
150.104	259.407
113.268	372.498
434.704	59.2004
232.413	403.41
344.378	97.1811
228.486	279.753
365.538	63.7779
376.99	405.759
314.068	305.22
184.299	132.108
409.491	354.104
284.592	130.099
442.229	449.05
36.5533	269.756
469.137	53.5461
167.214	19.0775
98.0931	316.827
456.451	410.811
60.5698	487.924
450.7	472.811
231.934	461.066
204.691	188.232
208.217	351.098
172.159	433.625
286.37	365.075
73.5697	279.092
244.709	179.373
315.123	161.239
310.855	358.871
298.304	78.3022
275.591	471.434
414.719	429.738
57.2264	269.898
341.971	401.723
466.078	9.69738
337.541	398.843
196.66	145.792
221.052	125.557
489.344	37.9984
52.8024	340.918
38.9572	388.276
238.755	197.946
292.889	71.8748
166.927	344.762
161.178	380.401
188.778	226.074
40.2176	334.51
194.477	370.592
237.523	403.869
392.666	146.894
3.68844	374.255
296.516	330.37
178.613	199.801
424.928	61.3068
178.335	206.226
331.888	424.377
491.201	46.1407
47.3236	451.191
422.617	427.74
482.196	480.497
330.413	47.3913
235.279	45.3955
204.977	287.652
324.988	324.888
196.173	59.0149
192.586	434.86
208.912	201.848
166.905	419.908
10.2942	407.954
193.649	13.4918
23.1003	225.037
186.143	207.735
253.254	127.582
256.839	163.976
385.431	85.8986
168.665	154.037
314.786	375.729
41.7803	210.435
199.038	178.596
478.535	100.561
325.174	410.47
222.534	24.5963
183.153	416.231
38.7927	214.453
36.6161	420.718
410.267	11.9263
165.031	63.016
297.113	306.05
280.513	325.557
424.675	443.03
295.114	131.725
169.609	373.312
251.936	309.438
79.0659	497.898
127.342	210.082
116.021	459.934
253.632	81.5019
331.431	372.282
318.979	339.865
399.099	372.823
288.233	98.212
261.546	41.0168
24.4941	492.516
367.318	449.257
187.9	494.296
198.537	36.1108
136.064	228.85
295.879	456.034
331.748	445.978
446.088	2.74104
13.9181	466.851
80.0573	351.699
296.523	281.444
203.929	215.415
42.4957	486.327
15.4443	206.857
264.848	443.683
216.446	335.913
258.153	460.235
282.956	135.971
21.2597	354.506
468.41	440.306
176.389	286.668
295.26	128.557
89.3264	264.252
19.7023	336.398
88.7554	464.904
329.4	123.768
23.0772	420.171
279.762	376.665
184.051	118.607
304.097	291.001
208.906	97.483
49.3266	231.509
235.395	100.929
440.528	11.8981
181.884	350.02
424.46	422.233
420.656	360.016
58.1591	373.328
429.212	110.532
391.045	451.738
255.769	135.909
68.3498	299.503
46.9085	308.373
203.283	330.901
326.129	308.701
333.298	5.05008
488.568	144.668
111.326	438.685
163.675	290.948
270.337	444.091
382.506	149.088
260.252	136.395
50.156	222.348
441.127	66.8649
402.786	463.055
114.31	281.649
287.874	301.039
443.236	9.50078
380.097	371.963
29.7697	278.626
358.1	17.9752
327.446	140.97
362.453	129.623
196.295	282.689
280.289	420.309
399.18	34.9616
303.542	4.36968
229.193	340.842
227.724	321.275
265.707	93.2239
28.4195	463.231
484.915	16.9868
472.836	382.561
306.341	278.914
392.996	21.0371
436.39	492.515
139.364	306.653
5.36603	295.541
172.279	249.167
155.228	487.71
19.9183	385.84
495.308	52.3037
463.337	84.83
273.971	55.3815
179.156	60.2759
400.144	145.396
176.804	219.97
217.614	405.808
19.4369	232.25
150.743	466.222
341.814	142.251
260.59	429.601
240.532	239.277
314.128	251.687
145.75	473.231
493.531	472.874
286.712	365.654
231.686	336.916
285.12	266.505
43.1397	289.747
279.315	8.08671
439.419	55.3369
240.768	421.54
220.47	412.678
13.8789	219.111
352.172	37.2857
97.4933	311.402
142.413	265.799
416.275	11.3597
37.3044	402.46
293.575	299.963
194.28	351.551
72.7708	425.313
250.539	436.883
153.43	339.091
156.495	278.833
498.168	385.649
183.119	107.634
277.794	284.013
199.022	92.6611
169.085	311.71
457.121	404.032
105.859	379.214
265.826	87.8652
355.163	401.397
253.263	331.002
490.143	380.473
171.656	21.0783
107.052	309.218
274.669	106.804
160.363	285.782
294.901	415.103
130.927	383.36
216.471	141.529
288.823	337.673
310.412	78.7374
54.0774	327.022
336.116	12.957
412.737	112.752
205.187	334.613
106.884	216.587
188.478	191.695
455.133	138.294
249.281	133.932
498.116	350.374
337.211	141.314
322.246	343.89
296.079	160.772
294.669	402.832
0.711974	420.642
200.245	350.963
481.85	0.171278
300.304	258.544
281.106	446.484
11.0731	496.647
370.168	416.205
224.055	79.1732
325.188	306.264
178.571	397.482
372.957	358.964
52.9893	493.183
400.294	477.822
193.71	221.122
242.291	325.863
350.094	33.7725
233.1	27.3716
5.47605	206.06
275.074	336.638
146.466	348.585
74.0891	226.645
238.148	206.069
464.513	94.5925
193.043	116.989
258.463	135.364
2.59819	256.454
441.85	148.309
487.283	489.107
271.339	289.694
185.285	222.639
302.216	466.694
221.579	350.242
432.243	455.935
375.547	23.4904
76.9908	352.194
110.261	430.483
426.968	429.047
9.99445	346.077
185.849	450.302
475.127	417.726
200.063	407.434
60.3036	382.871
222.891	436.998
120.907	419.779
377.63	141.619
495.38	494.975
15.7114	346.853
226.75	323.963
80.4572	495.217
177.459	135.368
177.751	262.143
183.474	398.384
236.846	178.62
218.141	468.227
109.965	400.707
460.908	405.848
408.718	117.681
97.9746	488.53
341.412	459.085
53.505	416.343
441.659	472.649
234.762	217.943
497.175	479.745
71.1495	213.816
41.6618	293.205
208.873	381.588
249.986	397.98
318.698	60.444
187.283	479.559
95.3883	462.23
316.907	390.375
350.114	448.773
118.201	422.428
227.2	243.68
305.328	476.695
251.595	159.02
446.14	488.378
200.852	129.645
228.157	262.688
79.546	250.001
171.471	128.189
27.3006	382.388
380.44	420.344
128.297	254.517
344.151	422.547
228.164	58.6795
156.777	217.749
492.681	147.932
87.4751	203.99
468.006	12.3078
145.306	313.035
192.348	146.905
283.447	492.17
395.578	363.464
30.9475	384.073
343.047	442.269
222.062	308.214
330.898	85.8946
169.11	487.416
302.572	419.157
98.9727	278.36
201.754	11.6309
3.85455	430.136
332.382	414.613
249.885	349.81
401.045	354.269
3.64217	358.002
491.289	356.457
327.044	39.1238
73.8517	264.761
80.2817	460.711
247.334	190.71
439.265	119.918
123.516	465.524
197.421	215.924
211.687	265.571
402.224	458.452
206.117	19.5364
93.6355	297.207
209.214	278.527
394.275	468.651
26.9311	268.023
206.036	420.384
184.886	173.628
31.4023	383.635
101.62	208.084
371.909	140.582
260.642	17.1385
340.662	392.333
319.811	32.2191
2.39123	404.843
316.767	0.307646
278.069	283.774
262.908	379.633
411.015	372.87
366.211	128.122
17.9029	326.108
258.503	431.304
169.582	136.179
68.2803	334.389
255.43	334.111
265.168	36.7114
438.614	476.882
337.794	143.759
54.1222	245.64
318.542	104.71
272.839	445.702
165.302	275.261
201.821	113.292
226.296	37.8313
172.916	180.671
15.2745	384.418
202.868	454.352
184.955	215.697
332.823	299.805
472.897	414.574
24.5868	424.596
262.265	256.879
440.337	353.425
232.013	294.867
4.22983	228.487
472.539	118.011
231.606	446.618
222.009	309.321
40.7908	457.463
83.9892	477.719
397.327	384.038
28.474	429.039
75.2299	344.972
283.743	57.5057
245.025	59.4175
218.039	308.07
76.4944	221.7
114.346	402.317
33.4811	373.853
288.002	48.4579
141.594	484.367
281.327	140.788
77.6662	344.86
419.209	470.53
10.2561	312.005
463.184	353.529
341.98	119.971
260.693	375.185
73.1955	258.982
207.599	438.814
19.8495	209.391
386.725	398.649
235.549	232.833
25.9981	437.208
76.3016	368.864
378.755	132.847
401.082	47.4719
456.065	418.485
75.0315	345.67
127.548	337.009
132.336	347.527
300.609	76.7316
211.738	469.802
489.952	487.335
465.888	359.106
171.769	206.243
135.591	271.003
113.377	427.744
341.868	20.6311
118.377	221.038
326.945	19.763
72.4275	489.256
172.856	262.922
411.426	80.4175
311.212	445.593
184.54	284.952
1.39325	256.135
314.599	163.878
251.167	142.735
243.846	369.032
242.85	339.454
128.73	469.045
209.857	218.261
259.729	451.395
450.878	362.097
263.525	362.573
27.5477	480.896
179.362	343.588
64.7445	481.917
226.104	174.506
440.754	145.401
422.987	352.2
369.281	86.5585
159.961	432.22
418.587	388.766
54.9978	204.155
309.356	161.807
84.4846	416.861
223.641	293.116
146.839	296.792
57.2004	443.378
344.853	123.909
210.115	286.122
243.559	409.175
36.7743	237.47
398.595	46.3147
326.951	305.689
282.067	423.54
116.25	364.139
306.076	485.024
428.177	18.2506
324.394	369.722
347.994	114.376
80.6024	414.895
231.545	251.474
252.734	439.13
348.535	90.5849
462.564	412.784
152.112	416.221
319.117	397.84
47.8203	436.553
493.456	86.4917
12.2024	387.663
308.189	427.43
335.185	383.167
181.978	64.6616
215.586	251.713
396.812	53.4264
171.966	220.203
305.77	421.757
259.289	52.508
150.758	309.476
491.107	113.656
279.782	0.446066
192.978	387.286
248.077	184.667
231.091	59.1244
368.881	81.6954
221.762	368.912
125.921	447.104
234.303	349.437
222.709	212.019
491.182	384.65
368.946	57.9039
306.308	293.156
326.563	317.626
211.209	365.236
374.377	377.144
176.452	337.117
198.411	418.113
293.077	466
481.144	72.274
385.127	478.823
306.275	105.321
217.053	444.862
465.544	361.153
260.006	489.983
393.651	381.406
197.906	129.945
285.745	122.744
396.168	439.323
299.65	308.846
98.4899	402.939
175.884	237.785
476.387	31.7732
325.338	31.5303
149.004	356.075
263.307	94.7849
453.639	462.544
216.289	385.154
143.315	382.877
165.668	450.228
259.863	421.977
185.222	234.439
452.197	497.147
180.043	472.66
204.792	62.1603
165.644	442.931
210.952	236.054
271.281	115.645
27.3043	218.808
281.161	3.873
129.813	320.898
136.249	347.287
213.382	283.479
452.993	350.95
438.807	120.014
97.0117	412.829
192.124	19.3028
431.386	87.4065
267.068	449.328
249.271	208.6
148.05	438.774
354.811	420.236
48.1675	250.799
126.534	493.395
107.911	315.376
254.967	115.143
30.3105	441.507
297.631	453.956
248.334	96.4783
180.382	258.295
146.674	220.952
269.412	428.023
186.137	335.261
196.575	295.198
38.2202	285.185
179.246	92.436
319.889	121.07
218.06	420.729
330.602	133.592
466.75	407.778
22.5959	447.869
234.836	246.814
397.814	353.423
176.954	447.006
291.747	87.3084
485.46	415.438
169.351	79.6018
478.837	11.0119
108.923	238.944
320.102	441.013
89.8699	343.673
416.85	44.2959
293.312	323.445
258.712	263.997
216.607	38.9606
320.954	306.345
88.7018	294.862
463.905	407.292
43.3839	366.677
195.257	457.267
290.784	362.278
333.624	430.725
109.335	235.648
367.934	483.048
62.1328	235.96
475.054	60.2062
382.229	26.6858
165.266	223.01
497.603	463.479
425.859	445.288
489.294	424.673
202.11	394.407
271.038	89.1666
233.944	333.584
416.667	4.76423
342.302	475.967
77.9262	283.577
331.681	261.015
220.576	138.048
109.7	278.976
425.809	473.555
296.142	410.5
311.36	91.9344
253.241	136.928
105.156	332.405
429.415	134.07
267.324	35.5682
176.519	112.337
45.8551	302.84
207.066	491.626
37.803	331.841
180.213	48.6572
237.762	249.719
186.523	410.287
367.93	419.371
304.799	156.528
243.25	370.47
97.4016	269.282
288.652	328.884
138.3	386.048
449.158	443.222
212.16	444.218
132.339	280.459
260.471	439.645
485.51	449.874
238.443	493.86
110.924	242.297
470.597	369.257
21.5448	279.705
246.811	216.266
79.184	256.867
210.437	371.315
143.236	328.642
291.742	260.308
234.415	290.603
499.768	97.4641
291.538	135.645
176.356	437.947
65.2181	219.531
95.486	488.818
432.65	365.132
110.834	286.148
403.157	350.187
165.73	79.7276
437.392	89.7976
337.759	457.897
8.51455	424.388
454.726	465.687
3.58938	455.23
371.829	425.637
353.741	20.6662
411.234	76.0872
136.723	201.716
201.569	418.923
215.752	252.971
234.965	40.2318
410.542	462.371
393.798	17.6206
223.919	272.545
337.281	7.76406
491.575	67.6013
3.70857	451.422
208.877	417.138
463.81	132.475
293.797	425.042
383.573	407.28
473.084	66.0541
273.134	149.623
289.068	435.903
281.974	377.329
72.6387	269.99
280.964	140.389
210.428	458.727
433.522	480.963
231.157	229.51
483.351	70.7357
12.3824	343.716
270.817	29.6993
286.947	115.315
203.332	357.613
253.512	393.077
254.087	343.383
194.737	260.845
145.761	370.707
482.102	99.1639
63.421	299.452
355.427	488.384
49.0253	308.942
472.096	124.779
390.901	359.651
365.561	448.824
149.298	291.88
73.0021	394.307
184.604	30.9184
118.945	347.542
371.643	374.785
463.33	114.114
316.656	344.116
345.842	17.2021
387.057	387.796
30.1101	312.734
472.16	478.68
202.055	349.861
340.265	36.2107
319.082	93.1786
148.092	494.715
269.928	360.397
172.013	51.814
209.482	126.131
132.745	338.529
79.881	258.264
204.671	230.326
136.012	368.478
480.457	31.5703
76.1477	289.543
301.526	423.415
355.612	50.5644
