Saved a vector of rrt <nodes> points.
X	Y
25	475
34.7475	472.767
32.5616	468.456
40.2748	462.092
39.635	452.112
34.5299	462.77
42.3651	466.289
39.1337	463.78
41.053	465.006
39.7012	461.454
39.7134	461.467
41.3153	463.622
44.5729	470.907
46.8967	454.598
44.0871	452.847
39.9255	452.098
39.9255	452.098
49.0791	448.824
49.5016	450.484
40.1249	442.124
41.3124	442.254
45.7186	444.175
50.2445	461.314
38.6639	442.159
46.8474	445.185
43.7609	443.003
45.3788	443.926
43.9767	443.104
40.7999	442.18
39.2926	442.118
41.6685	442.251
47.896	446.477
38.332	442.225
40.2057	442.128
57.8976	444.109
56.2736	441.879
57.4582	443.366
57.5724	431.964
39.7625	432.131
67.1357	429.04
77.1226	428.531
52.2217	467.976
86.9437	426.647
45.2808	433.075
42.9286	432.385
56.9133	442.154
65.5392	437.659
56.7676	431.891
38.3366	432.165
54.1291	438.331
56.7746	421.995
31.3039	439.274
60.9509	422.552
68.2513	419.103
56.4787	451.737
52.7244	446.472
54.1358	473.831
52.2408	446.146
41.638	432.215
55.4182	449.365
54.7843	448.451
48.6023	443.924
39.5763	442.104
39.5763	442.104
56.8603	453.746
52.6572	446.424
52.9323	446.625
46.2559	443.085
56.8456	455.608
49.1384	438.824
53.5022	439.856
54.0813	440.165
50.2919	438.898
56.0056	441.612
48.5119	438.84
48.5119	438.84
57.5304	443.479
59.4954	450.838
59.4958	450.144
43.4238	432.684
57.3347	443.181
41.0912	432.171
59.3304	448.641
56.8417	442.52
58.5012	445.474
50.8676	435.603
53.3821	437.751
53.0264	437.349
51.0595	435.721
51.2339	435.834
60.1942	462.316
39.7625	432.131
59.3195	448.584
50.9717	435.666
50.9964	435.682
53.2683	437.618
38.3366	432.165
51.8102	436.245
50.3089	435.291
60.1924	462.334
38.3366	432.165
59.1934	448.02
68.9224	445.708
38.3366	432.165
38.3366	432.165
36.4544	432.407
55.2073	439.698
48.2088	434.047
54.0843	470.252
38.0445	432.179
68.9407	445.877
53.6536	437.859
48.6419	434.259
53.6674	437.872
54.5851	438.851
47.0628	433.564
48.9587	423.745
59.4858	449.921
60.2441	461.406
44.5268	476.6
38.9501	432.124
67.8438	441.908
47.9187	433.908
75.1471	435.077
57.102	461.285
38.9501	432.124
38.9501	432.124
47.3369	433.664
85.0567	433.736
87.0087	423.928
42.8334	432.319
42.9015	432.327
96.876	422.304
101.474	413.424
110.657	409.466
110.716	399.466
56.2128	440.924
62.7036	435.34
67.5841	441.625
65.8675	438.069
67.7458	442.373
59.7356	432.497
38.9501	432.124
66.9902	439.947
62.3121	433.908
65.7122	437.721
39.2888	432.118
67.819	445.36
57.5664	431.963
61.8787	422.938
56.7746	421.995
66.1399	426.806
63.4086	423.843
64.7237	424.974
67.8939	443.838
67.3809	430.016
63.3923	423.832
76.3832	425.235
77.0291	427.585
38.6654	422.191
74.7146	422.517
82.4902	420.093
87.1197	428.289
65.9163	419.115
82.736	420.255
66.0984	419.094
37.5731	442.344
77.6647	418.545
79.9554	418.94
66.0984	419.094
94.5994	420.214
91.1598	417.579
93.6774	419.254
38.5991	422.199
66.0984	419.094
94.5482	420.153
96.9143	427.413
96.9134	425.87
95.1397	420.918
108.483	399.705
94.4629	420.055
38.0198	452.334
60.6611	455.784
111.691	389.514
108.926	379.904
96.7812	428.442
104.359	371.007
90.0582	417.144
92.4111	418.274
108.446	361.88
106.042	352.174
96.7204	428.748
103.333	436.25
105.422	342.193
103.273	332.427
106.209	322.867
113.968	316.559
123.512	313.572
111.05	306.994
92.1451	418.106
133.335	315.444
55.9768	412.027
55.9768	412.027
32.8881	423.779
90.4075	417.266
56.5171	411.999
143.179	317.206
153.078	318.624
88.6352	416.791
57.6746	412.036
62.3574	412.651
161.766	323.574
171.765	323.761
71.2662	409.568
181.598	321.942
190.779	317.98
78.9118	446.169
196.287	309.633
206.237	308.629
213.161	301.415
67.248	409.153
216.311	291.924
67.1604	409.163
211.296	317.255
223.762	285.254
78.7195	447.968
71.0803	409.511
229.889	277.351
75.3871	438.079
67.1604	409.163
41.0327	451.726
232.442	267.682
228.145	258.652
77.22	451.485
78.7505	447.818
48.4702	413.757
220.656	252.026
96.7875	424.887
66.0829	409.341
46.6862	414.007
241.635	263.747
224.967	243.003
221.207	240.9
230.612	234.748
96.8872	425.586
121.6	388.171
82.5389	428.342
84.7049	432.137
70.8468	409.446
85.0502	433.689
100.68	361.709
81.7185	427.54
83.0517	428.952
102.701	436.502
118.172	359.554
102.793	436.694
85.1467	434.987
105.045	342.224
94.34	417.127
100.806	322.736
31.9219	456.384
106.715	312.88
113.529	306.568
131.137	307.103
126.149	303.926
93.3866	330.927
110.647	417.406
143.335	315.393
141.657	309.898
90.6446	442.029
110.467	389.469
103.796	429.523
115.787	390.848
116.504	391.311
142.705	311.949
21.742	442.202
112.974	389.724
114.153	390.075
162.856	316.53
108.484	389.718
158.886	310.484
160.591	312.025
171.766	323.647
180.45	318.805
119.362	414.388
108.484	389.718
108.484	389.718
196.152	309.546
193.73	308.425
196.535	326.157
206.088	307.65
126.233	421.654
106.442	390.425
108.484	389.718
108.484	389.718
226.272	291.044
221.034	307.581
226.25	290.827
135.151	426.178
108.349	389.75
108.484	389.718
108.484	389.718
215.044	326.526
239.734	275.599
238.028	283.16
106.39	390.45
239.879	277.784
228.984	267.392
225.592	268.321
103.502	389.721
144.253	430.321
246.109	289.052
241.335	263.109
242.072	270.377
236.5	253.158
37.6464	483.857
107.381	390.039
220.76	320.483
211.734	247.509
68.7739	409.117
236.534	253.21
220.421	334.957
228.117	233.512
232.7	236.662
218.049	231.412
152.899	435.345
214.482	233.499
207.756	226.099
207.193	216.115
228.373	341.021
160.2	442.179
246.997	299.012
202.604	207.23
200.236	197.514
235.721	347.804
208.049	191.274
217.763	188.899
131.011	384.788
169.689	445.333
47.6322	443.525
203.664	182.287
200.126	172.934
197.198	163.372
189.403	157.108
92.6027	431.364
115.29	390.574
180.479	152.594
177.267	451.858
243.616	353.941
186.888	454.587
190.479	195.323
253.456	355.722
90.9342	321.141
226.844	184.711
170.501	153.254
196.084	149.667
236.307	181.476
162.999	146.641
239.827	266.882
198.776	140.037
62.6041	479.15
69.0088	467.039
240.528	233.454
263.317	354.061
184.588	203.404
201.276	130.354
107.417	380.473
120.83	385.454
119.864	421.284
106.624	370.172
118.323	376.484
112.375	370.517
117.909	375.51
105.477	361.07
107.956	361.676
105.982	361.14
103.908	361.017
111.384	363.89
121.685	389.167
116.204	355.57
113.551	353.282
111.138	343.57
131.146	391.15
196.871	454.003
110.129	343.047
110.009	342.994
108.58	332.705
114.387	337.763
107.428	332.396
121.674	388.933
93.3153	333.34
99.3246	315.614
118.363	360.593
135.55	425.286
131.69	307.818
36.529	465.26
132.359	308.91
132.747	317.408
133.505	313.206
132.598	309.396
111.407	328.118
227.909	314.842
139.545	307.605
143.325	315
143.334	315.591
221.243	334.373
142.764	312.112
219.82	335.312
95.7292	344.652
246.757	288.04
143.538	420.731
93.3539	331.161
142.127	310.679
148.023	308.458
159.684	311.117
160.868	312.354
153.841	433.162
163.057	319.273
161.243	312.851
161.597	313.387
162.482	322.024
153.638	433.774
32.096	423.406
171.348	320.711
148.323	439.456
181.568	325.734
85.9948	346.941
37.6725	415.106
176.135	332.756
186.041	312.984
225.459	223.872
223.734	224.523
192.704	308.167
200.267	314.819
199.714	300.239
76.3737	344.215
198.804	323.947
215.541	312.294
219.156	293.411
219.833	293.966
200.293	208.877
140.495	417.516
201.675	207.775
225.913	289.13
226.166	290.231
192.112	191.684
223.411	284.882
218.949	282.278
223.963	285.486
228.889	276.669
102.723	301.456
173.639	333.584
232.826	281.031
231.144	278.509
199.584	173.157
239.795	278.715
237.076	270.398
236.227	269.616
237.566	270.944
140.888	383.228
239.37	280.53
238.913	273.042
220.417	321.354
233.595	257.749
219.662	322.733
249.971	361.662
235.096	251.463
242.441	267.612
250.789	360.909
47.1924	418.167
242.414	268.431
231.972	249.414
242.438	267.95
82.465	326.458
263.031	358.607
27.0108	468.326
242.388	268.719
144.994	374.11
242.188	269.919
242.212	265.553
146.368	442.918
196.595	456.988
223.818	233.069
225.168	233.005
262.121	360.715
214.482	233.499
96.5082	377.201
214.482	233.499
239.311	229.816
270.287	361.231
214.482	233.499
48.8671	485.609
214.644	233.355
240.202	231.912
214.482	233.499
214.482	233.499
101.568	446.093
228.943	224.889
235.218	225.872
230.792	224.75
117.69	358.065
238.217	228.255
216.455	288.657
228.029	225.088
271.18	360.239
205.102	462.244
90.8652	363.625
143.664	452.546
226.219	225.765
279.685	354.978
239.361	229.904
44.3793	414.855
225.122	226.39
95.432	365.467
215.367	232.782
289.379	352.525
296.887	345.919
93.8232	416.609
93.1777	416.057
94.1254	416.903
93.5581	439.001
89.4542	414.232
90.6413	414.611
96.7312	421.588
94.0076	416.785
90.4767	414.549
95.4477	418.563
96.4775	420.712
91.5806	318.877
104.689	416.062
102.853	414.287
93.0036	316.481
106.873	422.057
99.5536	403.61
100.833	403.444
107.238	405.252
111.323	415.157
108.483	399.705
113.638	399.921
115.4	400.662
113.9	400.006
120.657	409.521
119.322	394.374
120.403	396.987
120.647	409.911
108.484	389.718
120.657	409.59
115.407	390.635
107.446	390.016
120.524	411.091
108.484	389.718
108.484	389.718
119.623	394.92
118.561	393.265
119.278	394.3
116.674	391.435
104.618	391.54
114.188	390.088
108.484	389.718
119.601	394.879
118.647	393.376
108.484	389.718
115.633	390.759
61.7364	479.318
120.565	397.737
118.769	393.538
108.484	389.718
114.199	390.092
119.591	394.859
108.484	389.718
129.336	415.107
109.797	389.508
107.515	389.992
113.22	389.785
114.882	390.375
118.555	393.257
120.648	409.904
120.578	410.722
114.059	390.042
108.484	389.718
120.656	409.656
70.2472	352.118
113.659	389.909
136.232	421.469
120.606	410.48
133.506	428.518
109.276	389.57
118.365	393.025
111.745	389.519
110.577	389.467
106.494	390.401
115.504	390.687
108.156	389.799
118.209	392.844
115.48	390.674
113.545	389.875
66.7892	341.362
108.484	389.718
114.112	390.06
113.637	389.902
59.2189	334.828
108.484	389.718
114.85	390.361
108.076	389.821
229.344	313.144
92.6755	422.219
108.484	389.718
115.918	390.926
119.321	394.372
110.771	389.466
70.2183	460.688
118.096	392.718
111.862	389.532
224.361	330.157
108.484	389.718
106.913	390.217
119.095	394.008
215.781	335.293
246.317	288.755
108.484	389.718
118.922	393.751
116.895	391.604
108.765	389.658
118.439	393.114
115.166	390.511
109.961	389.495
110.056	389.488
108.484	389.718
115.844	390.881
206.115	337.858
110.774	389.466
221.266	334.355
108.484	389.718
112.429	389.614
229.216	325.822
223.712	344.051
108.615	389.689
37.0499	412.322
153.417	434.324
205.306	239.849
206.192	239.185
93.5256	390.411
115.938	390.938
158.883	442.698
108.774	389.656
205.306	239.849
203.299	464.408
224.436	224.214
228.676	223.527
230.44	223.785
242.194	233.52
76.6117	452.292
111.362	389.487
107.304	390.066
162.678	437.434
229.935	324.46
239.391	229.23
116.588	391.372
119.367	394.451
200.293	208.877
199.763	209.422
197.205	216.6
108.717	389.668
116.519	391.323
73.7645	420.863
192.706	208.654
235.811	347.705
116.008	390.981
53.5842	473.526
206.16	189.458
117.709	392.318
92.4216	386.328
193.11	190.499
244.513	352.568
185.983	183.483
238.671	357.359
224.301	181.332
239.827	229.647
245.409	350.283
34.2007	413.243
190.428	195.564
231.965	364.777
192.486	166.48
191.063	168.708
244.11	353.247
107.309	390.064
242.006	233.002
37.1913	412.3
35.1806	412.818
184.857	148.201
296.038	359.986
181.608	150.844
194.239	148.355
114.104	390.058
226.274	183.648
180.246	142.597
138.395	378.044
30.5231	417.382
80.4372	409.908
300.573	351.074
223.861	180.973
173.452	145.48
234.224	177.582
182.357	142.772
240.192	169.558
170.499	153.229
236.727	183.186
308.176	344.578
233.385	177.147
317.756	341.711
326.381	336.65
336.342	337.528
35.5714	412.668
132.68	369.839
244.039	175.135
215.541	343.686
200.861	140.882
240.318	172.316
340.95	346.404
340.923	328.639
242.645	173.741
346.748	320.511
106.308	389.945
62.2627	409.806
240.205	172.268
354.37	326.985
245.967	178.891
270.955	360.516
255.913	177.858
196.266	458.057
37.4669	412.263
273.196	355.613
202.881	120.484
121.586	388.067
113.492	379.677
119.747	383.589
119.699	383.525
112.663	370.628
106.624	370.172
108.479	369.914
112.002	370.389
117.53	374.808
121.619	388.316
117.436	374.653
118.322	376.482
102.124	361.26
121.563	387.917
112.237	364.848
113.106	366.159
46.5694	466.4
108.807	362.051
117.905	375.503
121.587	388.078
103.311	361.062
98.7991	362.696
102.124	361.26
37.571	412.251
115.106	354.421
106.042	352.174
117.967	358.822
117.364	357.355
110.288	343.12
268.714	362.479
113.842	345.916
121.645	388.558
112.768	344.774
121.675	388.953
103.638	342.467
101.453	343.289
116.776	397.146
103.638	342.467
115.348	348.512
107.383	342.264
110.763	333.739
121.665	390.233
206.755	452.49
113.572	336.398
102.628	322.447
111.335	326.51
113.007	330.135
60.4118	350.311
114.275	316.956
118.314	360.26
105.763	312.877
118.392	360.841
117.157	307.081
123.275	312.901
112.74	306.634
120.197	308.736
112.885	439.209
123.387	303.573
111.05	306.994
130.274	306.205
128.142	304.709
132.949	316.88
78.9455	468.163
132.83	309.943
272.06	358.914
270.113	361.397
131.39	307.413
132.793	309.849
206.81	452.902
142.73	318.871
143.067	313.143
143.291	316.387
141.91	310.299
270.817	360.676
139.534	307.597
139.292	307.411
23.8952	424.87
266.347	372.195
143.164	317.289
143.152	317.348
140.585	308.556
139.157	307.313
143.261	316.66
137.634	306.415
99.6928	383.745
269.643	361.805
121.613	388.265
143.293	314.524
137.692	306.443
141.992	310.439
142.582	311.637
143.323	314.956
148.311	308.624
153.179	317.265
152.83	314.59
152.246	312.99
162.402	322.237
161.946	314.003
161.97	323.199
160.19	311.594
163.063	319.163
206.557	451.518
159.978	311.386
162.755	321.145
162.902	320.489
112.408	440.451
269.727	361.737
158.414	310.167
156.495	309.226
163.076	318.461
162.569	321.773
161.358	313.017
169.718	317.51
170.951	319.619
171.624	321.891
155.611	308.95
181.666	322.36
181.764	323.618
176.3	314.849
180.224	318.429
179.881	317.92
178.872	316.727
115.421	342.351
180.219	318.42
54.5972	473.159
189.491	315.803
184.049	312.247
185.029	312.549
200.699	319.243
195.69	309.269
198.951	323.744
98.7949	373.203
197.464	325.418
190.227	307.995
198.628	324.176
200.56	315.899
186.406	308.098
199.716	300.239
67.9889	338.765
205.957	307.083
205.466	298.659
53.9336	402.238
214.417	302.878
211.924	300.404
213.269	315.738
222.394	305.256
209.138	292.26
221.632	296.1
218.83	293.177
195.87	326.587
101.061	307.476
220.166	294.278
220.74	307.938
223.471	284.943
191.794	300.7
213.655	282.283
216.775	281.934
112.683	439.796
221.421	283.328
48.4965	481.082
216.043	281.927
226.232	293.172
216.697	325.671
225.781	288.712
233.426	287.826
229.486	277.055
85.4293	453.754
233.762	285.221
101.391	376.734
232.784	280.942
176.169	185.401
178.857	176.468
166.208	186.281
189.903	301.937
228.86	276.651
175.764	343.356
178.857	176.468
176.8	179.525
83.0467	383.394
238.044	271.564
217.06	325.426
205.044	448.241
218.298	324.395
181.936	164.62
238.938	281.606
219.905	322.342
113.115	438.327
235.038	268.779
239.507	280.089
216.667	325.69
235.257	268.914
150.668	381.14
219.738	322.614
218.836	323.824
230.118	257.956
238.345	259.61
227.662	248.664
242.431	268.147
113.26	437.454
229.417	248.734
232.327	249.569
220.231	321.744
242.358	268.971
241.542	263.536
193.588	327.577
242.296	265.981
219.944	322.275
134.444	368.858
224.228	249.452
109.565	402.466
236.895	253.811
242.339	269.11
165.687	139.179
143.4	418.972
219.392	323.125
215.208	243.64
220.871	320.138
64.1745	399.619
235.941	252.389
42.5781	405.677
236.5	253.157
234.886	251.267
215.533	326.313
238.749	281.987
223.186	242.351
214.805	243.916
165.687	139.179
162.454	159.168
218.525	242.255
216.593	242.888
218.456	324.235
44.8091	468.731
165.687	139.179
112.716	361.69
154.885	375.584
196.59	442.9
249.923	258.152
249.827	258.012
225.691	231.962
214.948	326.564
232.671	224.963
205.347	461.825
42.2844	448.684
195.653	464.279
271.131	365.052
213.737	234.251
213.753	234.234
52.8913	425.896
234.564	225.562
214.482	233.499
67.6113	399.16
214.482	233.499
214.482	233.499
238.18	228.212
214.482	233.499
111.027	430.5
130.357	393
214.482	233.499
214.482	233.499
278.35	355.317
214.482	233.499
114.793	345.685
286.595	360.976
229.036	224.873
154.883	372.627
240.41	236.747
27.6586	415.256
133.423	418.296
296.01	364.347
235.069	225.797
214.482	233.499
216.841	325.577
213.585	326.99
225.727	226.023
214.482	233.499
21.4877	407.387
214.482	233.499
210.777	253.579
237.777	283.497
215.097	462.58
237.115	227.151
66.5858	399.175
292.942	373.865
42.0929	405.124
216.967	325.492
296.885	383.054
289.668	354.406
103.148	300.865
289.682	355.212
289.564	353.429
215.036	461.09
107.775	438.423
214.482	233.499
287.035	348.198
238.836	229.058
265.232	371.854
287.719	349.023
231.039	224.758
234.91	225.719
247.246	223.649
230.247	224.755
73.1587	322.798
216.601	454.242
237.366	283.991
131.388	386.119
305.123	340.248
214.482	233.499
45.2169	404.115
214.482	233.499
250.17	214.086
213.281	234.802
36.5749	466.729
225.661	226.06
214.482	233.499
43.5218	404.521
213.27	234.817
204.893	235.31
67.3405	314.665
259.634	217.317
267.722	211.437
224.935	226.516
80.7027	460.859
305.751	341.292
303.317	353.578
228.687	224.935
271.158	202.046
214.129	233.835
192.34	300.445
214.877	446.655
315.262	338.2
323.796	343.412
294.436	361.153
269.903	192.125
225.563	231.698
277.987	186.239
278.613	176.258
216.775	325.62
333.389	340.588
249.946	258.186
287.173	171.088
343.379	341.013
288.235	161.144
218.217	324.473
352.902	337.961
283.947	169.346
150.648	305.436
215.288	232.84
83.391	330.629
104.992	305.329
226.775	225.514
41.5829	405.407
33.0247	428.951
298.234	161.037
297.876	151.044
214.482	233.499
308.223	160.56
295.48	141.335
230.393	224.751
162.717	333.529
295.206	360.652
219.22	437.648
359.157	345.764
318.206	161.148
366.786	339.298
214.482	233.499
56.155	402.005
293.916	131.458
214.482	233.499
117.943	346.358
268.402	381.982
212.491	235.998
238.572	228.696
160.893	307.967
305.866	341.519
234.778	225.657
325.799	154.64
214.482	233.499
323.378	169.706
131.081	391.35
374.507	332.944
214.482	233.499
158.173	331.247
262.589	388.367
226.041	225.854
225.04	226.445
297.936	122.302
247.114	255.382
102.618	358.156
214.482	233.499
93.3672	316.115
381.661	325.956
215.452	232.722
380.814	340.704
305.474	115.73
217.526	325.077
304.625	352.253
100.335	348.42
83.3878	330.773
214.482	233.499
390.812	340.925
335.758	153.744
313.177	109.354
227.24	225.334
204.546	472.228
215.698	326.234
295.67	360.299
215.478	232.704
387.143	317.593
214.264	233.703
215.686	326.24
233.545	225.188
400.551	338.654
408.301	344.974
214.482	233.499
214.482	233.499
307.202	101.336
182.806	331.869
214.482	233.499
321.426	103.702
131.6	388.05
148.149	461.484
400.842	335.035
258.325	388.372
391.18	308.444
345.427	156.295
397.613	300.788
353.253	150.07
129.35	414.886
299.665	94.7636
211.474	238.607
138.552	464.294
64.9723	360.614
214.482	233.499
70.5987	329.112
23.541	425.339
221.596	176.199
216.757	325.632
239.968	231.216
40.4785	406.167
133.472	428.553
294.596	86.1436
214.482	233.499
218.415	324.277
233.196	225.088
212.011	257.052
358.391	141.491
131.486	386.663
86.4896	323.686
291.554	76.6176
226.649	225.567
215.879	326.143
130.201	393.273
233.812	225.274
230.338	311.246
228.902	313.752
368.188	143.496
211.268	239.793
377.446	147.275
213.51	234.516
385.066	153.751
229.525	312.862
214.482	233.499
227.616	229.543
229.935	312.139
136.598	436.073
214.482	233.499
239.492	230.15
381.473	138.122
230.237	311.492
131.402	471.285
228.9	251.497
108.286	314.671
228.23	314.524
216.703	325.667
214.482	233.499
285.293	68.8203
45.6618	489.136
226.217	225.766
238.244	228.286
213.091	235.058
276.3	64.4471
248.322	280.722
49.7877	475.651
40.1034	406.479
107.167	445.686
268.046	58.8013
245.41	289.906
214.413	183.156
53.6133	482.988
214.482	233.499
258.141	57.4288
223.862	331.242
23.2287	421.192
35.8865	491.244
213.204	234.904
60.1173	415.081
226.84	225.487
236.531	226.688
226.306	225.723
222.566	333.116
223.119	332.425
127.775	356.763
249.67	279.82
228.199	341.378
214.482	233.499
250.155	51.4098
145.13	426.826
144.891	423.911
66.0428	341.915
224.386	330.094
214.482	233.499
391.343	136.514
222.855	332.77
153.788	433.335
394.776	156.141
225.956	225.899
239.213	229.648
404.529	158.351
247.392	47.1047
56.4361	339.138
239.343	229.873
223.334	332.118
50.2744	411.987
105.235	434.297
215.456	232.719
414.401	156.757
221.802	333.897
214.927	233.118
257.595	44.7277
420.377	164.775
116.874	409.291
215.596	268.584
234.475	225.525
154.198	431.364
403.336	148.538
428.1	158.422
236.61	226.747
93.6302	391.319
238.492	228.592
222.456	333.239
220.562	334.866
96.3597	438.904
425.538	173.34
205.306	239.849
431.864	149.158
37.9134	402.36
395.193	127.285
237.363	227.371
236.651	226.778
227.47	225.255
120.574	349.847
227.667	225.192
33.4241	403.003
205.306	239.849
205.306	239.849
404.441	151.15
153.646	433.75
60.917	329.704
230.894	223.905
229.719	338.638
226.554	223.635
35.3518	471.98
205.306	239.849
222.964	224.942
131.019	384.81
210.438	277.151
211.218	224.108
122.252	404.815
162.411	438.431
242.309	233.894
211.218	224.108
212.063	223.401
213.837	222.342
235.271	225.9
160.203	300.571
207.626	226.219
93.5054	300.926
201.792	248.585
12.8796	446.834
231.829	224.226
163.428	370.387
49.4361	336.901
213.862	208.663
240.931	230.983
162.103	439.254
239.512	229.341
31.9479	403.722
199.963	209.206
213.309	208.203
84.2234	304.647
200.293	208.877
209.492	206.382
236.859	346.31
200.293	208.877
62.2197	401.757
201.052	208.223
193.587	202.905
198.407	198.153
209.302	199.805
240.653	230.6
197.218	187.981
191.183	193.267
251.823	236.217
198.435	187.678
206.8	189.97
166.035	345.668
192.063	191.751
239.84	229.661
193.11	190.499
213.882	183.151
243.754	353.76
216.996	186.806
193.11	190.499
216.56	178.972
203.501	182.368
93.5719	300.85
167.456	435.298
243.621	353.934
224.284	181.317
193.11	190.499
64.1877	399.522
226.874	184.777
156.118	451.308
244.853	351.879
245.721	347.734
221.396	179.582
245.252	350.831
179.404	447.704
194.087	179.407
432.242	180.76
225.367	182.404
196.158	175.679
36.6733	396.72
190.259	171.308
140.999	385.282
192.486	166.48
189.403	157.108
188.181	159.048
245.661	348.896
245.302	350.667
244.023	353.379
188.207	147.18
226.686	184.384
244.857	351.869
214.65	343.124
182.468	149.903
186.155	147.65
181.608	150.844
180.061	153.54
227.345	186.036
205.713	158.128
181.608	150.844
224.565	181.569
304.04	365.984
93.545	315.86
256.625	227.119
194.905	148.758
170.556	153.83
186.939	454.4
172.484	146.588
226.455	183.954
227.465	186.475
260.152	213.491
253.014	357.359
206.314	159.261
211.711	287.07
83.393	330.569
240.074	363.293
211.228	352.52
227.644	187.36
172.749	146.251
225.95	183.157
173.414	145.517
204.891	156.984
277.485	209.271
173.279	145.654
260.192	363.113
172.027	147.251
174.228	144.789
170.528	153.582
262.579	359.817
234.451	178.22
263.166	358.112
236.731	183.212
233.393	177.154
162.999	146.641
162.999	146.641
235.257	179.305
235.942	180.561
85.1227	313.003
98.166	435.655
263.178	353.378
261.132	362.131
162.999	146.641
195.323	139.696
245.836	178.444
255.718	365.463
181.105	191.839
262.277	360.432
252.923	348.501
163.708	136.667
163.344	136.647
38.7144	402.417
263.277	357.604
245.157	176.821
77.8013	449.247
20.6534	448.845
262.673	359.601
286.895	190.783
198.104	130.059
245.37	177.25
202.684	251.762
261.492	361.674
203.702	131.334
92.9323	312.559
207.517	227.449
204.03	131.528
362.965	321.874
81.1672	318.995
84.8254	313.223
273.244	355.271
245.893	178.63
270.358	361.162
273.296	354.717
246.303	181.729
204.285	131.69
67.8262	448.542
265.833	176.599
271.687	359.533
246.306	181.589
262.696	170.51
208.971	123.968
85.7537	312.587
70.7926	484.89
65.2783	468.548
267.893	362.952
273.313	353.764
265.309	174.436
199.23	111.174
203.713	120.656
184.553	464.311
167.121	330.507
210.889	127.6
237.312	189.191
82.1394	316.381
335.776	155.319
198.408	120.774
218.514	351.27
324.253	179.668
171.772	333.761
72.2208	481.892
246.258	180.494
377.153	323.3
124.456	421.679
30.2485	433.552
273.02	356.482
335.546	156.873
272.706	357.504
210.14	125.725
196.359	121.646
167.393	444.156
211.217	321.454
246.027	179.129
156.134	425.883
304.126	114.448
250.488	232.554
288.447	119.148
260.237	344.547
342.819	311.315
271.245	347.966
246.99	225.823
91.2305	364.981
300.669	106.96
388.935	319.095
273.302	354.612
128.802	324.357
203.449	120.593
400.327	337.849
273.183	352.427
250.522	233.811
92.8999	355.122
250.524	233.182
175.808	198.617
251.078	365.435
341.288	145.412
316.878	100.065
342.917	160.727
245.2	176.903
390.487	308.169
245.877	178.577
310.962	124.09
311.013	99.5916
199.096	120.595
402.711	348.418
322.324	105.312
97.4725	346.228
203.885	120.7
253.412	365.722
339.254	301.973
302.777	92.3685
244.313	175.485
418.188	343.478
249.861	257.884
273.24	355.297
206.817	455.032
71.6557	483.4
195.953	121.889
246.267	180.586
200.426	120.39
26.9174	469.324
297.851	97.7917
228.765	297.91
269.248	362.112
29.2475	409.187
328.144	96.2938
206.848	454.671
347.882	153.998
186.573	118.42
331.123	186.934
328.587	196.606
173.779	148.207
206.809	455.114
406.822	296.89
198.335	299.549
266.351	363.589
208.069	123.015
214.568	446.248
363.047	148.047
177.034	438.547
273.026	351.666
405.634	294.816
201.18	449.81
248.336	387.908
330.685	99.923
246.241	182.623
30.0607	404.14
138.291	454.297
408.757	328.923
206.701	455.834
206.068	450.077
340.086	96.5155
353.615	132.705
44.8612	477.334
406.181	284.831
415.009	280.133
425.008	280.065
213.421	458.781
410.993	319.176
268.659	362.515
139.814	393.178
403.272	312.821
243.284	174.313
195.224	122.393
256.905	382.754
286.298	68.1102
387.446	147.291
387.429	147.862
83.614	335.766
432.215	273.132
345.735	88.2635
81.2225	318.757
250.273	231.209
188.98	296.016
282.725	71.9223
245.19	176.885
348.675	78.7055
356.442	72.4066
199.233	120.565
439.003	280.476
116.507	448.53
271.752	359.432
273.258	355.145
272.245	358.565
205.92	458.259
391.604	161.318
395.553	170.505
270.836	360.654
243.412	223.879
244.371	175.564
273.067	351.837
275.329	67.9679
84.4938	313.491
140.799	393.764
26.5751	466.802
88.8324	469.662
204.266	315.016
37.0894	438.169
390.812	134.547
270.932	360.543
37.0682	425.345
34.1545	475.357
141.108	390.27
388.722	131.234
175.598	461.718
178.683	448.443
223.19	197.299
272.957	351.403
194.303	123.186
383.122	302.523
273.042	356.391
245.805	178.348
394.811	155.993
83.4223	334.799
41.3482	402.992
216.809	452.972
383.505	163.629
210.936	132.939
271.605	359.657
117.571	364.234
248.772	60.9265
210.458	126.394
273.299	354.654
50.5438	351.93
218.69	293.018
226.768	452.057
85.0914	313.025
40.984	354.865
80.9515	320.552
273.151	352.245
84.1093	313.832
235.463	456.996
249.708	229.488
394.488	150.402
41.8278	427.897
210.134	125.713
81.2287	318.732
243.483	58.8582
183.786	464.094
175.294	207.095
272.896	356.931
272.499	358.022
144.186	440.495
250.527	233.314
228.588	322.26
209.931	125.346
203.197	461.748
414.529	158.395
400.502	132.5
166.941	466.724
293.152	62.6372
273.104	356.116
273.293	354.758
250.527	233.578
272.257	349.58
141.137	391.59
209.204	124.26
182.16	288.702
147.684	411.631
272.925	351.289
179.591	279.038
242.875	62.0537
193.344	299.302
99.4718	326.151
272.113	358.819
137.336	379.808
203.099	252.552
397.148	128.372
215.185	446.463
273.516	379.167
17.9716	451.463
230.244	330.016
25.8487	415.598
187.987	464.526
188.807	140.813
237.501	48.5778
272.498	358.026
208.775	123.738
246.276	182.259
83.9137	314.019
152.633	416.573
40.3615	435.592
153.371	307.458
271.602	359.66
206.058	471.33
209.615	124.835
17.811	432.807
436.005	140.056
400.112	118.579
206.842	454.762
441.861	149.385
206.66	456.044
211.243	129.541
227.629	46.9795
428.299	139.814
82.4635	315.826
273.194	355.624
273.21	355.517
210.403	126.267
269.095	362.223
109.151	365.812
205.607	441.563
262.941	381.597
244.948	176.443
273.3	353.471
246.155	179.74
218.052	44.102
208.188	42.4602
25.7494	474.772
393.505	117.429
401.458	119.491
33.623	405.962
272.022	358.983
240.385	363.405
441.789	147.934
81.2517	318.641
205.679	458.736
392.326	292.299
272.566	350.259
25.9279	484.771
216.154	278.764
245.274	177.052
190.628	136.786
159.23	452.132
242.712	363.9
279.339	387.297
270.745	360.756
272.352	358.347
147.019	449.37
84.5887	313.412
55.7594	486.44
184.497	208.465
433.001	139.222
209.855	125.217
237.522	317.768
408.387	145.743
211.921	443.079
280.982	397.161
198.623	120.712
441.186	152.776
288.154	404.13
205.338	52.0456
250.353	231.593
273.017	356.493
71.7497	315.524
273.044	351.738
192.135	251.18
272.333	349.736
290.22	413.914
207.602	122.609
195.835	291.022
200.208	120.411
223.062	271.534
66.3833	344.652
426.113	140.976
132.547	429.025
384.498	113.084
230.055	325.485
67.5153	348.854
266.252	39.7229
296.285	421.864
427.102	183.217
201.766	178.249
201.069	463.079
28.9656	429.202
191.406	128.749
281.3	345.308
67.3333	348.489
450.909	143.833
31.8978	426.738
232.134	339.836
272.037	349.166
66.5481	346.074
245.533	311.783
304.888	426.963
314.369	430.141
273.177	352.393
249.993	230.227
175.042	342.696
407.939	111.875
273.307	353.62
250.334	231.495
138.288	398.15
67.6021	349.017
272.938	356.787
300.558	435.977
72.3716	451.695
323.705	426.557
205.206	459.527
209.814	125.148
66.6736	306.909
195.341	51.8123
285.472	420.677
331.363	432.988
40.7673	470.043
156.843	331.785
392.768	117.584
246.065	179.291
185.463	50.2574
273.176	352.388
272.995	351.542
93.1805	346.292
310.944	419.833
207.284	122.36
175.584	48.7025
417.794	110.177
327.997	429.629
250.493	234.295
273.247	355.244
210.091	125.633
312.355	410.645
271.835	359.3
250.464	234.586
249.714	229.502
246.306	181.41
239.541	172.014
246.207	182.88
240.14	172.24
165.706	47.1476
243.692	174.735
423.88	102.243
250.197	230.901
272.133	358.78
273.228	352.726
272.814	357.193
150.858	382.447
66.4592	345.519
244.545	175.808
301.666	445.916
77.4253	472.439
441.386	176.713
272.614	350.376
66.8438	347.244
332.478	442.925
155.712	47.4913
245.927	178.749
273.072	356.259
209.905	125.3
272.255	358.545
429.109	93.7187
273.05	356.357
244.903	176.367
245.802	178.339
272.825	357.16
201.905	250.409
80.558	351.629
272.248	358.559
146.672	51.7677
136.906	49.6191
245.781	178.277
150.821	384.386
129.312	56.1253
119.729	53.266
110.147	50.4067
192.061	126.47
208.403	362.113
183.96	185.891
331.944	452.911
272.751	350.743
257.588	203.826
273.305	354.551
272.715	350.644
308.082	364.365
73.4193	386.098
206.659	456.05
272.836	357.124
210.08	371.971
229.804	243.333
201.345	141.108
93.5957	429.294
206.686	455.916
58.5469	484.775
194.401	205.863
301.245	455.907
250.512	234.03
207.052	438.445
141.698	411.79
272.916	360.12
243.043	174.086
281.781	218.3
75.4705	319.311
65.0939	380.558
250.841	339.144
251.368	371.564
273.317	353.987
291.31	454.767
270.275	365.5
155.335	37.4983
209.515	124.687
330.785	462.844
438.372	97.4874
208.731	123.688
427.382	83.8689
428.29	189.946
271.197	364.378
209.635	124.866
72.6638	324.474
165.816	38.7738
429.552	74.1072
272.791	350.859
192.982	292.844
81.5425	391.93
270.321	365.452
241.35	172.841
179.569	342.148
206.355	459.165
154.954	374.998
85.6725	319.005
436.156	196.121
244.374	175.567
246.121	179.56
205.953	449.819
439.435	75.6335
445.123	200.547
269.719	366.041
246.166	179.804
206.445	451.118
205.599	301.739
199.855	120.455
167.88	28.9893
270.292	366.479
75.0774	319.718
445.072	67.3737
439.599	208.883
265.935	198.319
267.243	369.303
206.249	459.596
290.659	222.902
447.769	214.648
316.946	359.736
269.968	366.913
250.337	231.508
249.64	230.463
440.99	58.245
431.858	54.168
279.304	356.906
279.323	356.947
275.974	369.457
275.797	199.977
278.767	366.532
203.141	120.529
210.008	125.48
193.324	255.283
209.498	124.663
132.97	431.3
208.018	448.4
155.003	328.111
277.919	367.693
198.781	182.396
119.371	366.662
250.525	233.704
210.279	126.001
130.426	392.895
208.949	282.267
206.943	104.809
61.3147	431.286
246.088	179.398
216.443	288.643
279.802	364.309
280.159	362.827
448.406	51.5369
241.153	366.377
120.324	425.053
67.0326	463.618
252.456	371.348
165.407	339.261
173.767	198.633
278.536	366.884
280.161	362.814
56.1678	395.397
66.4102	345.067
246.155	179.741
183.323	467.993
441.035	222.041
209.683	278.517
280.258	361.989
280.091	359.262
203.096	120.521
457.657	216.141
204.808	120.998
279.322	356.944
278.503	366.932
278.883	366.342
250.602	370.945
86.7927	379.569
279.879	364.06
333.689	307.235
266.769	367.808
422.321	51.1606
431.438	219.232
249.397	227.981
162.312	129.765
164.268	119.958
15.4592	430.24
132.127	408.891
281.165	359.69
336.989	303.19
186.396	300.407
191.172	167.317
279.16	366.266
270.298	196.902
193.569	177.287
198.359	128.358
164.407	28.5779
190.82	295.667
331.096	186.959
41.4173	482.392
463.918	223.939
177.541	140.136
174.526	21.5167
246.281	180.762
281.18	360.33
166.78	202.917
39.1402	484.612
210.722	127.849
207.966	122.922
207.797	122.773
289.075	351.54
65.7405	465.756
289.622	356.098
156.238	28.1031
246.304	181.235
146.241	28.3202
189.469	343.559
267.442	363.674
102.118	312.92
67.3973	348.622
187.809	116.459
172.714	118.93
229.507	196.077
140.313	20.2665
209.379	124.494
289.656	355.73
287.961	349.365
193.922	433.262
288.917	351.136
250.311	231.384
194.196	334.747
202.284	258.857
245.421	177.361
196.121	215.714
246.182	179.902
170.26	24.5054
56.9622	394.8
294.682	392.809
210.335	126.12
213.547	442.978
232.54	172.213
121.125	431.109
305.02	340.101
412.368	52.131
174.701	343.528
454.71	70.0397
304.134	339.029
336.345	102.015
292.78	361.929
338.502	197.903
306.419	342.897
16.7821	398.563
351.038	166.562
304.237	352.7
305.232	351.429
214.813	464.631
402.457	50.7999
245.299	177.102
207.558	122.573
69.7635	393.239
398.984	41.4225
171.337	147.979
147.124	12.9447
207.785	122.762
197.167	183.839
247.233	164.755
130.882	389.345
200.709	120.37
201.735	247.594
305.154	351.545
286.882	345.697
215.062	463.143
105.757	303.606
207.58	122.591
206.989	161.337
361.723	157.507
463.484	74.8377
342.198	86.7411
187.658	425.467
306.136	342.118
202.879	120.483
305.002	340.077
306.681	347.935
420.569	316.296
209.655	124.895
209.979	125.429
189.055	149.959
66.4929	342.676
194.853	425.585
102.877	456.006
305.987	350.065
174.736	139.066
290.691	59.1267
214.352	458.442
439.75	279.707
154.282	377.814
346.228	78.2757
162.855	153.276
304.98	351.793
65.3507	488.833
220.405	438.322
211.839	136.428
306.734	344.18
208.344	107.059
303.74	338.637
274.264	219
306.527	343.264
286.949	181.802
273.345	370.752
81.1904	366.154
152.193	374.647
179.672	111.183
65.9601	304.761
207.681	122.674
287.741	172.174
135.959	369.824
296.984	169.155
154.869	375.682
297	169.235
67.6235	318.043
198.386	120.781
306.847	345.033
306.747	344.255
247.257	397.849
270.779	76.8729
214.749	464.879
215.065	463.11
297.778	158.157
195.976	290.964
305.611	350.806
298.193	162.061
305.726	341.243
287.381	189.668
253.574	405.602
207.424	122.467
70.496	309.698
206.768	121.997
296.829	156.032
97.1213	407.63
304.208	352.731
359.308	345.64
207.138	122.252
204.464	120.876
307.568	157.447
265.144	355.898
301.743	141.822
272.42	228.829
303.088	338.074
177.48	187.859
316.451	154.876
182.512	288.389
204.628	465.526
156.803	10.431
317.886	157.985
317.309	156.383
173.849	103.053
292.751	131.715
238.138	362.308
318.198	161.265
216.601	452.023
276.028	369.419
349.604	343.225
171.642	125.635
299.907	132.368
326.462	155.506
324.668	153.517
327.698	158.003
197.498	131.327
293.861	131.467
303.667	353.27
204.206	120.793
340.276	339.621
325.69	154.516
326.889	156.188
149.848	387.67
374.23	332.622
240.203	338.865
230.962	442.979
220.529	135.765
92.8491	330.819
326.912	166.066
328.167	160.276
328.062	159.461
328.01	159.178
173.49	471.493
299.685	123.291
150.493	459.851
327.884	163.663
374.478	345.688
306.003	341.81
203.801	120.678
103.999	455.793
174.651	212.512
296.282	121.742
250.714	169.875
89.0383	341.944
234.524	433.635
258.955	175.539
204.245	292.357
154.879	374.646
47.0446	430.259
303.823	353.123
298.55	122.597
293.979	361.405
328.862	178.068
377.278	323.335
219.427	121.97
131.357	327.311
274.699	218.601
197.236	121.206
377.782	323.495
79.212	456.211
333.264	147.987
76.4159	324.297
305.629	115.913
295.419	112.624
298.59	336.066
335.749	153.648
265.399	397.964
293.008	361.844
327.86	178.646
302.444	113.375
326.496	179.208
62.8273	305.742
234.916	68.1076
310.391	107.023
313.794	110.184
52.7837	386.148
192.274	214.851
239.059	276.008
144.358	314.707
390.34	343.749
140.916	437.457
391.297	323.283
310.993	107.392
333.051	172.244
399.842	345.221
345.141	150.286
36.3863	435.723
179.726	111.132
314.775	99.483
398.077	334.053
244.134	461.977
90.9284	398.549
381.595	315.956
245.098	459.674
241.468	164.479
227.98	45.5196
306.772	347.431
345.007	157.546
340.346	144.858
250.65	469.562
185.191	432.762
201.18	120.354
154.81	376.017
307.219	101.323
136.444	459.465
244.929	477.764
161.881	412.771
165.334	403.386
218.799	42.2859
341.084	136.766
70.9373	352.608
47.1195	350.335
390.827	308.296
314.267	99.4141
61.8191	389.9
293.556	361.611
415.066	337.61
41.5144	442.757
288.558	118.831
229.06	439.43
391.531	308.607
218.401	241.523
103.489	455.906
84.9466	330.974
128.374	422.997
303.952	352.996
302.505	92.5075
345.671	155.065
376.551	323.893
327.008	95.4047
154.341	377.663
345.482	156.078
292.849	361.904
329.909	98.4062
416.153	338.782
240.538	362.82
47.9571	398.182
56.2022	468.76
38.7908	344.801
329.015	97.189
362.496	146.252
198.207	43.073
361.78	155.296
228.236	181.613
43.5654	434.035
363.253	150.128
261.263	334.6
276.634	215.974
405.227	294.305
171.581	273.051
79.3654	466.441
422.263	346.698
329.321	97.5635
67.2961	423.272
293.898	361.446
397.256	288.267
361.446	144.336
362.301	145.81
143.879	304.313
70.8818	495.847
60.4695	350.021
300.429	84.7929
256.595	398.221
362.342	145.899
20.3322	434.81
325.624	179.451
34.9173	429.041
352.315	163.545
189.59	279.084
198.202	41.9241
311.624	108.938
413.383	288.518
399.08	290.896
328.89	97.0462
415.925	338.503
202.486	452.214
305.059	351.683
402.619	292.131
167.423	213.264
368.347	142.423
157.312	465.487
124.757	329.532
330.146	98.8053
203.206	478.137
151.651	473.73
72.641	324.59
249.509	228.256
296.502	67.9273
172.429	93.1549
306.768	344.384
305.357	139.771
366.03	135.038
178.999	95.2931
399.959	291.067
325.104	94.4026
121.12	373.583
198.134	455.661
377.23	139.227
61.1602	347.943
306.879	345.54
195.739	49.2434
212.971	456.072
285.324	89.8884
327.914	178.618
248.998	274.904
273.73	404.047
418.056	342.773
197.004	53.8318
300.371	430.992
213.029	456.148
330.476	176.75
329.535	177.586
195.498	50.265
295.242	67.3223
381.442	138.108
40.8761	483.432
311.022	439.564
383.545	139.35
61.8158	414.907
232.693	163.083
306.66	343.803
407.606	300.425
291.443	66.6182
322.991	435.207
395.04	154.47
359.154	138.5
66.6117	341.297
203.496	262.296
202.173	120.394
328.055	96.2139
54.991	325.766
286.546	191.411
394.806	151.487
210.975	277.447
306.837	344.93
291.1	343.319
328.799	96.9456
127.399	363.603
52.5585	327.369
185.463	50.2574
125.288	406.028
318.55	177.591
311.336	159.027
185.463	50.2574
394.998	152.591
393.641	158.896
284.136	133.548
132.179	354.819
37.6857	435.686
175.584	48.7025
176.142	46.6346
317.89	160.163
189.057	439.148
214.96	463.927
165.706	47.1476
213.04	456.162
404.67	293.703
416.155	338.784
303.838	338.73
271.113	49.2831
165.706	47.1476
263.763	338.225
165.584	48.7369
33.6666	405.943
165.706	47.1476
303.778	411.449
320.82	405.321
249.793	229.083
170.735	219.889
15.4247	431.18
306.643	348.115
326.189	179.303
389.083	295.569
80.3432	331.157
173.022	152.956
187.928	90.7898
395.063	154.009
306.091	342.01
54.004	326.296
384.686	128.652
390.977	135.011
263.705	194.718
49.2303	335.306
195.964	432.919
155.827	45.5927
289.801	59.8942
155.827	45.5927
389.654	132.372
306.347	349.16
25.8954	491.664
330.793	176.416
155.71	47.4492
299.803	70.9652
300.594	85.8104
273.51	50.426
284.468	363.76
89.4871	414.09
300.035	336.428
145.857	45.7955
194.67	122.846
310.118	408.381
196.924	336.18
49.4862	332.532
206.578	458.892
165.69	137.01
145.713	47.6736
302.981	455.829
9.72281	439.395
301.886	68.6137
132.795	481.187
300.647	455.864
381.114	296.41
400.387	140.78
407.511	327.583
200.539	186.657
127.139	47.4705
214.713	281.648
249.129	41.4625
214.856	464.451
323.07	179.701
100.564	47.5474
84.9772	474.718
60.5876	490.155
103.537	57.9108
214.813	464.632
321.254	406.083
174.691	201.973
306.88	346.278
296.51	359.536
209.556	278.847
100.564	47.5474
396.324	127.843
286.035	91.3109
104.978	455.444
100.564	47.5474
237.657	44.8148
162.447	337.707
101.228	328.858
306.858	345.162
214.976	463.827
278.505	158.837
251.287	64.7113
48.8629	389.335
324.825	94.297
121.072	307.254
305.547	350.919
45.07	461.016
288.303	119.619
52.166	341.917
305.272	351.367
100.326	52.2897
199.219	324.374
296.343	464.623
13.7154	427.198
52.1831	327.722
70.1273	316.535
100.564	47.5474
306.848	346.8
305.65	350.737
242.648	58.0159
409.113	140.375
209.747	278.365
166.005	162.186
273.015	370.852
19.3936	425.695
254.295	397.524
306.393	349.024
100.564	47.5474
289.86	59.9241
438.043	159.485
328.727	96.8675
395.824	127.575
100.564	47.5474
354.957	148.761
327.68	144.819
177.467	329.049
220.187	437.451
256.97	34.7472
305.198	351.48
306.721	344.105
306.761	347.501
235.994	339.555
435.377	139.795
126.932	382.717
87.1691	421.633
306.875	345.428
290.819	472.959
301.863	160.457
49.7029	337.902
318.081	364.505
100.564	47.5474
306.837	346.915
275.687	422.74
441.459	151.974
205.191	121.152
280.877	360.978
24.1979	417.273
100.564	47.5474
100.564	47.5474
306.886	345.774
306.548	343.339
378.748	286.694
162.79	428.699
400.771	118.985
269.699	203.393
154.503	27.533
285.414	90.1032
100.564	47.5474
157.865	388.083
109.729	60.398
182.368	148.955
69.5244	329.54
269.791	371.219
394.722	117.296
312.87	185.821
65.7611	357.359
100.564	47.5474
290.006	60.0008
103.969	58.2701
100.564	47.5474
100.564	47.5474
100.564	47.5474
100.564	47.5474
308.244	194.687
100.564	47.5474
100.564	47.5474
100.564	47.5474
185.338	163.497
252.192	25.9628
324.125	366.698
394.431	109.09
305.155	351.543
310.597	63.7011
305.676	350.69
325.685	364.597
280.039	55.1723
251.87	230.997
265.693	422.389
124.357	338.537
222.534	353.981
102.549	56.9083
315.693	55.0972
126.407	314.169
305.608	350.813
103.184	43.229
457.23	217.888
171.019	376.897
275.213	138.062
252.102	232.173
50.7007	326.982
441.86	149.42
100.564	47.5474
441.365	152.276
83.3266	459.702
306.864	346.586
283.007	460.339
328.784	472.641
444.972	154.19
93.8157	61.7799
306.783	344.486
83.9541	60.1215
213.526	430.823
302.259	337.485
75.0056	55.658
291.123	482.954
435.099	176.271
114.763	47.993
305.16	351.537
176.877	24.6228
210.719	127.062
200.432	210.454
238.271	43.0042
66.4803	50.4312
291.935	362.193
257.605	398.346
283.159	489.002
44.3268	345.497
57.955	45.2044
49.4297	39.9776
79.9863	410.969
279.576	431.435
252.145	232.532
411.684	146.228
456.532	45.7086
300.13	336.46
301.559	337.078
382.581	163.438
299.857	336.371
118.878	64.4359
61.3943	59.0412
306.316	342.59
305.944	350.157
306.019	341.845
285.066	89.1736
40.9044	34.7508
209.323	118.527
65.3563	427.566
285.366	139.273
306.198	349.567
237.49	48.5069
306.884	346.149
306.193	349.58
64.9041	356.27
204.89	340.009
198.395	473.122
202.051	251.058
43.0891	24.9924
33.0891	24.9966
25	25
303.338	338.279
421.441	219.01
306.718	347.75
58.6186	68.6483
304.977	351.797
303.614	353.319
52.02	21.8714
193.68	123.85
191.048	439.592
132.631	440.769
261.389	425.881
60.5529	354.572
298.13	482.487
346.089	156.272
237.667	44.7752
430.721	181.892
404.79	124.474
421.844	177.287
25	25
25	25
370.729	154.684
325.525	470.926
27.7368	34.6182
109.408	35.4022
423.222	228.85
54.2266	326.163
25	25
283.824	72.6099
454.754	43.8104
41.3071	331.077
324.98	94.3546
395.891	117.31
306.861	345.206
148.017	461.548
251.947	231.314
210.567	471.277
184.439	22.8316
237.44	46.1245
263.345	43.876
278.48	345.05
314.035	162.1
49.8029	73.3689
369.725	282.382
270.904	371.212
306.751	344.28
305.48	351.034
305.01	351.751
187.168	152.962
25	25
22.7824	43.3046
305.508	350.987
321.301	368.738
268.134	137.587
303.236	353.645
441.423	146.221
228.492	374.154
25	25
252.155	232.641
76.8943	318.153
359.158	131.52
322.012	93.7188
189.883	287.343
434.742	139.581
254.868	433.462
84.5388	313.314
297.361	358.55
428.914	190.191
351.408	153.71
306.325	342.616
405.26	150.49
292.039	464.74
95.0306	71.7058
25	25
331.136	106.093
238.485	162.07
238.046	43.5466
305.723	362.477
251.994	231.531
441.336	184.229
197.265	472.382
252.185	233.925
117.121	345.438
47.3676	83.0678
70.7076	395.723
454.997	33.8133
272.517	145.267
105.279	303.433
305.893	361.684
284.327	356.057
103.854	327.691
316.87	45.1668
441.038	153.137
146.981	461.98
306.026	360.476
71.2557	430.201
258.158	241.945
56.3306	87.5023
104.537	318.433
237.451	46.0117
130.319	19.911
211.128	128.642
53.2561	326.8
263.079	36.3657
52.2576	395.907
245.818	184.563
392.934	117.544
445.881	137.269
54.7632	97.3786
247.51	227.535
276.406	175.911
26.5915	494.932
141.31	462.265
303.337	366.822
309.942	354.571
310.485	349.748
302.057	367.972
308.838	345.444
397.692	117.602
294.864	369.917
310.385	353.003
25	25
53.0023	107.222
25	25
197.268	121.192
441.461	151.967
201.917	291.99
25	25
57.628	13.5919
210.825	127.384
310.55	350.395
51.0048	340.532
85.6763	318.49
259.857	59.3214
424.144	226.072
308.974	345.648
25	25
25	25
302.338	367.752
250.132	170.65
293.377	487.37
249.181	165.177
44.3217	112.187
237.897	50.2431
425.42	188.073
121.746	385.279
316.56	350.027
246.492	161.793
300.343	369.012
25	25
326.024	347.336
25	25
336.38	336.537
25	25
109.548	351.969
241.044	352.497
162.655	368.692
344.113	343.823
85.2514	310.164
158.973	422.578
25	25
218.343	107.188
248.811	164.488
25	25
246.011	161.425
249.662	172.771
238.135	193.086
346.082	339.796
257.559	49.9074
227.887	373.908
213.158	334.529
226.222	101.03
25	25
253.995	174.197
190.848	295.612
149.609	388.122
142.051	382.342
163.855	126.668
340.881	328.617
247.144	162.37
34.8252	402.573
343.086	330.145
248.067	163.395
257.785	339.762
342.827	329.916
194.539	469.231
247.867	163.147
234.002	256.205
278.784	344.556
292.773	369.438
246.396	161.715
280.473	74.6628
212.674	102.723
248.213	163.586
198.415	120.772
221.306	92.3219
195.6	242.255
252.012	169.099
300.392	368.989
342.634	326.716
200.392	253.171
252.914	170.527
286.1	214.348
250.874	415.231
171.098	12.1225
81.4865	317.121
253.884	176.887
353.418	313.06
355.008	314.874
217.222	345.912
354.803	326.437
56.7929	300.766
214.133	466.54
47.4901	121.672
33.1263	402.971
363.175	331.725
362.474	332.843
149.111	420.919
193.178	254.866
214.799	459.798
301.109	368.605
155.743	467.99
229.054	328.456
255.649	181.392
299.005	369.536
265.364	174.59
214.465	465.757
231.635	318.795
352.654	312.441
246.877	408.751
262.524	170.356
206.257	463.592
290.654	336.436
245.789	172.638
254.532	170.929
264.423	172.606
262.92	83.0563
244.825	37.4396
363.765	330.41
295.008	50.1066
293.308	369.606
278.584	344.41
57.6343	318.507
210.9	352.544
238.521	161.517
298.071	369.777
264.967	173.612
164.559	365.172
264.64	172.976
215.039	461.116
263.388	171.216
223.004	236.001
212.858	119.8
133.816	406.167
245.172	217.812
363.146	331.778
134.851	382.551
51.1324	485.248
131.399	327.317
364.339	327.777
91.1683	428.512
187.364	218.375
206.433	111.136
363.582	330.876
254.703	400.994
352.673	312.455
50.8461	340.296
203.783	474.396
198.994	111.27
87.9269	405.591
264.302	172.415
52.4951	130.329
82.3223	452.687
265.108	173.928
234.35	309.17
104.333	317.688
24.4012	429.793
228.144	374.018
364.336	326.155
361.348	319.822
362.919	332.173
182.184	300.605
49.3398	333.278
242.971	330.735
363.35	331.385
222.56	471.923
80.7393	316.663
193.25	304.37
263.492	171.335
339.095	314.075
352.3	312.194
58.0437	138.649
251.767	236.41
303.488	366.656
226.63	433.37
197.664	111.952
265.034	173.759
300.37	368.999
194.608	114.866
170.229	430.877
230.089	337.491
205.463	110.823
49.0146	142.947
214.621	277.881
207.636	111.686
50.5122	152.834
55.6447	161.416
201.698	418.443
202.738	307.528
240.339	222.927
304.415	365.448
195.834	113.389
153.364	368.64
212.456	117.598
264.869	173.409
173.281	372.098
352.587	312.393
360.858	319.375
164.118	437.227
345.122	301.584
264.976	173.632
84.9717	330.149
265.385	174.651
265.824	176.527
188.343	435.651
53.2306	302.93
265.759	176.112
214.975	131.342
362.385	321.005
148.399	469.629
264.26	172.351
262.095	169.998
264.773	173.221
276.81	237.814
198.3	111.594
169.198	220.894
360.807	319.332
262.415	170.26
265.666	175.648
261.423	169.513
58.7673	170.916
393.361	323.839
326.364	95.0056
50.4893	339.706
209.297	112.813
265.132	181.734
204.135	474.373
264.425	172.61
106.258	361.412
364.149	329.075
263.734	171.626
180.897	365.618
297.798	369.83
265.43	180.93
364.174	328.954
350.946	311.435
168.029	204.9
20.572	416.394
209.111	112.661
215.136	256.272
237.468	195.097
360.937	319.443
240.595	76.3387
364.091	329.33
278.592	120.847
362.138	333.282
168.953	375.216
61.1288	309.359
319.215	97.7533
146.592	392.076
302.166	367.888
65.3094	178.48
265.635	175.517
209.469	112.961
268.949	372.477
264.404	172.575
11.3523	447.484
211.146	114.854
212.168	116.776
47.4503	352.029
65.2979	158.806
264.291	172.398
265.004	173.693
362.158	320.711
306.782	365.237
264.182	172.235
353.092	312.78
200.516	110.767
199.933	423.472
222.068	42.3624
265.347	181.174
263.562	171.417
263.736	171.629
74.9299	181.208
44.9913	464.606
6.95622	456.466
425.023	338.53
195.895	113.329
282.388	246.114
422.783	346.268
250.358	248.203
75.0733	460.137
265.868	178.803
346.611	310.512
361.874	320.375
254.797	415.527
265.742	176.017
188.007	221.982
300.649	368.86
194.184	441.545
206.869	111.313
307.135	83.6439
248.253	82.7692
361.665	320.144
210.304	113.783
360.915	319.424
341.39	292.203
193.201	456.478
334.232	295.487
236.368	155.878
263.524	171.372
338.04	199.866
179.295	111.563
74.5453	155
171.74	207.752
38.4053	356.293
362.579	321.274
43.1787	335.815
280.124	113.458
236.312	334.77
212.475	117.662
132.478	468.644
264.492	172.72
231.553	374.768
338.976	169.917
297.576	369.867
206.272	442.502
265.156	181.675
200.419	176.666
239.563	329.965
49.8176	175.378
265.913	177.762
342.363	292.468
29.491	404.422
77.8825	155.129
54.8695	311.797
323.373	205.14
107.442	464.581
208.005	111.896
155.984	463.503
197.287	112.194
207.14	111.436
179.447	135.574
364.204	328.799
352.921	312.644
92.162	316.835
299.093	369.508
263.261	171.075
205.407	110.808
117.599	435.13
418.531	294.185
421.32	284.582
255.044	85.2693
212.764	118.962
219.794	260.068
183.866	356.069
188.75	350.695
37.707	465.854
264.109	172.129
58.7744	334.547
345.942	294.539
300.164	369.095
364.082	329.367
353.726	313.348
161.556	344.455
179.881	110.99
360.983	319.484
210.45	113.948
253.789	482.401
173.141	409.623
299.046	369.523
208.999	112.574
0.0813189	463.507
433.49	274.768
433.324	285.619
47.9335	403.781
292.448	60.225
122.296	369.468
211.496	115.406
170.265	332.743
51.4644	354.777
198.41	111.539
216.457	450.067
265.572	175.27
361.883	320.385
360.249	335.074
77.1223	319.024
70.6367	184.674
266.552	372.243
51.9774	355.683
258.094	351.015
363.938	329.892
172.413	298.479
294.899	369.921
247.447	340.493
264.158	172.2
264.639	172.974
214.775	464.783
364.011	329.64
216.744	452.962
183.344	221.201
115.677	448.811
82.8858	400.212
238.634	329.393
69.7375	445.07
212.985	480.226
265.873	176.961
99.8157	369.06
179.097	472.691
198.921	111.301
55.8105	461.13
265.816	176.469
361.546	320.02
306.441	66.8288
22.9103	396.892
238.07	274.525
340.983	72.3152
43.524	183.149
149.52	483.501
341.542	311.973
299.002	369.537
340.871	189.165
208.981	138.334
392.69	180.087
281.982	357.261
265.91	177.627
212.775	119.033
414.994	270.133
265.583	175.312
348.188	310.615
76.7581	192.581
156.505	480.577
359.788	318.579
359.414	62.8584
75.9175	395.084
149.619	333.244
179.948	110.93
113.665	437.073
53.1955	303.053
55.5392	403.762
264.608	172.918
207.047	111.393
446.899	274.34
239.442	189.877
65.8051	309.743
363.745	330.463
264.538	172.797
40.9913	192.823
332.528	205.797
363.782	330.364
180.503	482.592
261.705	169.706
50.4196	349.916
205.101	110.733
264.987	173.656
200.991	219.376
205.038	181.978
343.512	311.049
454.373	280.984
360.946	319.45
264.433	172.624
216.777	453.708
167.659	289.681
132.044	371.462
236.776	281.173
238.754	390.769
265.913	177.941
153.863	492.508
77.8848	488.708
339.25	75.3641
240.107	159.558
238.991	216.611
356.483	62.4066
330.687	403.694
307.47	334.603
223.877	370.657
264.315	172.435
90.8158	364.701
12.0099	453.093
125.57	396.952
291.66	249.86
198.067	111.718
273.422	48.9736
421.025	280.834
244.03	484.581
219.759	346.45
178.463	176.892
295.586	64.4043
362.958	332.108
182.752	430.343
100.55	346.521
265.54	175.152
145.345	491.059
283.766	82.9777
206.036	168.393
122.789	440.592
40.7681	155.082
265.812	176.44
202.567	110.489
91.5901	432.572
361.067	334.411
113.783	392.188
143.593	479.652
367.422	341.625
292.363	60.1589
176.284	466.468
77.2932	423.512
223.262	359.851
363.193	331.692
31.0891	194.218
191.182	460.035
186.036	434.193
176.954	227.72
347.398	310.532
78.3721	327.587
251.854	335.156
363.514	331.033
353.179	312.853
346.175	310.527
43.6952	446.362
366.402	71.5189
204.03	217.595
265.855	176.786
83.5945	496.918
126.93	489.287
264.606	172.916
359.69	62.9489
274.905	352.658
244.646	453.038
179.076	100.968
176.96	115.668
207.254	111.49
265.062	173.822
234.651	453.323
18.0342	416.768
365.117	67.4317
265.087	173.878
362.508	64.4567
335.039	108.925
90.9818	44.6881
107.863	384.128
82.2961	474.599
197.487	112.063
216.087	448.487
166.61	212.054
90.9818	44.6881
362.294	320.885
95.1568	63.3671
234.527	397.447
338.902	314.312
439.378	266.154
227.962	161.195
267.974	382.062
364.464	66.4357
365.779	68.8271
269.46	381.698
263.227	171.039
93.7844	60.1211
97.0027	65.4806
101.273	37.5725
364.229	328.657
82.7157	387.75
201.555	110.572
362.89	321.748
139.683	430.16
86.7089	193.572
244.971	460.093
90.9818	44.6881
265.191	174.128
225.322	257.726
243.611	462.793
154.877	375.631
99.0528	392.719
337.796	316.056
225.836	372.679
201.111	139.71
309.803	178.099
364.339	327.776
95.0815	63.2496
353.595	313.222
90.9818	44.6881
345.638	310.573
365.253	67.6767
142.092	410.397
296.092	474.62
364.032	329.564
113.78	300.649
209.642	113.115
90.9818	44.6881
392.906	180.148
90.9818	44.6881
90.9818	44.6881
54.2345	326.159
44.0377	321.921
262.887	170.692
261.802	381.103
401.996	140.476
129.007	466.15
264.907	182.229
60.7958	440.592
363.598	65.4215
72.3817	475.905
103.784	349.643
100.236	67.3504
111.364	362.92
361.559	320.033
141.894	386.901
98.3463	472.742
179.817	437.883
364.117	329.219
171.926	272.615
264.898	173.468
296.306	467.078
324.33	395.957
97.7536	66.0687
166.727	304.304
362.659	332.579
269.067	376.769
227.658	46.8134
264.925	182.192
199.981	110.913
235.41	68.7075
364.943	67.1406
362.645	321.369
75.0951	481.89
177.343	354.211
363.353	331.379
407.966	112.389
84.0148	177.029
244.322	452.356
244.703	460.82
364.125	66.0056
364.217	325.244
84.5322	153.337
172.687	169.626
22.4322	411.505
301.59	57.2696
83.3619	162.988
268.151	382.031
265.783	179.465
176.205	358.807
202.632	442.32
373.747	62.3809
97.3046	65.7311
90.9818	44.6881
244.179	452.094
57.0717	180.529
382.548	160.5
363.174	331.727
95.6102	198.129
150.787	435.856
342.166	311.623
121.713	444.114
274.695	136.842
342.71	115.341
361.665	320.145
442.973	132.882
208.996	112.571
84.6859	461.302
195.725	242.712
90.9818	44.6881
198.324	40.8178
90.9818	44.6881
354.311	62.6361
253.346	25.4271
198.819	38.9636
136.481	428.945
272.38	166.179
90.9818	44.6881
364.077	329.389
196.791	184.899
90.9818	44.6881
302.546	459.263
207.674	148.202
215.323	278.59
96.3414	64.8551
248.358	224.43
90.1804	145.085
299.77	55.1404
90.4713	321.542
69.7002	302.99
361.126	319.612
236.045	342.817
263.472	171.311
90.9818	44.6881
329.881	401.026
198.188	42.5009
212.093	443.19
116.427	429.938
120.9	367.334
315.039	54.7423
245.048	459.847
49.1326	198.63
90.9818	44.6881
90.9818	44.6881
166.629	143.945
93.1524	151.598
90.9818	44.6881
375.722	52.5779
352.89	312.62
352.559	312.373
252.187	233.879
260.628	20.5931
315.279	400.209
299.237	470.708
90.9818	44.6881
271.37	380.842
170.956	273.995
351.504	311.714
188.811	310.109
90.9818	44.6881
265.565	180.475
265.698	175.794
100.22	67.5409
402.646	108.905
440.955	131.366
90.9818	44.6881
94.9754	63.4385
317.539	193.138
316.306	410.157
228.492	38.0026
245.651	285.782
20.6019	480.834
79.0913	68.8595
75.3631	55.0035
80.6929	69.5748
292.255	482.855
233.872	374.593
66.4803	50.4312
195.714	113.51
66.4803	50.4312
198.335	455.74
338.093	315.502
227.285	260.386
361.144	319.628
364.361	326.546
352.666	312.45
361.976	320.492
89.5392	136.268
450.742	143.48
57.955	45.2044
119.477	369.818
53.8228	184.161
251.183	237.9
406.646	99.7402
152.468	496.98
66.3613	357.104
40.9044	34.7508
252.19	233.792
162.429	93.1392
185.242	218.438
40.9044	34.7508
360.563	319.133
115.084	342.28
227.702	28.0338
346.505	56.386
364.321	327.975
263.209	171.019
447.531	123.833
350.822	311.378
298.114	403.234
299.967	416.148
297.897	420.321
50.7351	352.833
226.812	319.929
298.144	420.014
453.892	36.0634
268.754	130.428
363.884	323.905
226.045	206.882
83.0549	51.9517
371.607	50.7398
32.3791	29.524
305.274	426.247
315.865	201.162
46.1378	181.412
212.841	172.981
455.961	118.453
374.871	110.381
32.3791	29.524
32.3791	29.524
421.562	190.576
55.5675	54.7729
384.549	47.878
389.426	170.728
44.2288	399.826
25	25
159.854	392.442
364.354	327.558
363.518	322.945
304.379	427.738
178.12	142.045
240.932	229.169
390.092	300.555
174.649	202.302
284.656	152.974
57.2508	57.986
389.585	39.2382
406.997	111.165
288.944	494.957
93.264	132.657
324.211	49.8591
312.104	64.8421
25	25
364.351	326.372
213.087	420.833
252.189	233.213
241.28	465.129
324.361	429.732
25	25
373.524	299.713
363.777	330.378
148.07	461.523
361.673	320.154
182.856	154.01
396.038	31.5989
330.741	42.2849
345.664	310.57
166.325	187.159
182.905	354.491
239.204	473.653
85.5521	414.745
264.571	182.862
313.532	45.3335
259.446	379.433
363.509	331.044
262.356	170.21
185.891	48.541
106.976	452.318
178.438	175.266
252.35	223.031
185.416	50.5902
54.5088	77.7647
185.463	50.2574
187.639	45.4343
456.611	33.9843
383.494	58.4769
93.8775	71.7797
48.8464	317.155
46.5578	482.307
185.463	50.2574
362.181	320.741
364.31	328.076
448.738	35.8222
47.0787	82.9907
175.584	48.7025
265.88	177.046
175.584	48.7025
234.086	374.549
202.486	442.384
363.145	331.781
21.9609	454.082
88.9676	425.474
175.584	48.7025
49.7549	454.706
324.925	340.488
122.893	391.697
171.772	39.4577
263.534	171.384
165.706	47.1476
165.706	47.1476
362.138	320.687
75.3188	339.878
412.184	215.226
421.623	100.939
273.433	377.626
282.367	408.996
250.527	227.768
267.03	380.531
165.706	47.1476
196.602	112.701
88.9029	379.241
361.559	288.154
238.824	266.01
310.992	400.738
165.706	47.1476
360.671	319.22
50.9348	353.502
212.664	118.41
265.843	176.68
265.262	181.408
247.301	359.54
46.2241	82.7066
362.6	321.304
155.827	45.5927
155.827	45.5927
155.827	45.5927
210.767	114.334
184.586	244.621
244.275	461.722
317.1	73.5044
353.104	312.791
362.971	332.086
397.146	136.682
202.566	474.381
70.8649	435.299
155.75	46.2091
107.628	459.452
365.674	106.455
155.827	45.5927
155.709	46.8984
276.15	38.2961
155.827	45.5927
129.129	458.302
54.5516	358.414
226.98	280.585
37.6179	80.8443
38.8979	412.503
155.827	45.5927
162.973	475.903
348.344	310.639
318.841	403.033
291.855	447.851
62.3783	462.688
262.655	170.472
145.857	45.7955
145.857	45.7955
44.3818	445.749
325.827	344.405
453.79	134.257
239.158	364.074
205.373	62.0455
292.978	443.171
88.3692	471.508
348.864	310.738
273.976	378.661
234.555	171.18
192.152	61.2902
265.904	177.429
145.857	45.7955
140.445	487.628
32.3679	403.195
362.946	332.127
451.359	177.452
145.857	45.7955
160.005	384.72
296.519	454.49
418.344	167.92
353.518	336.948
311.643	162.918
453.777	134.253
238.125	466.635
127.139	47.4705
387.384	134.515
129.088	43.3842
165.974	345.395
432.658	84.3696
119.729	53.266
370.343	283.954
135.318	419.898
356.236	279.689
196.268	317.852
315.776	153.813
332.651	336.641
461.353	177.807
207.165	473.63
117.366	379.124
429.997	175.701
100.564	47.5474
212.657	352.415
109.857	343.657
299.847	455.749
216.807	452.68
100.564	47.5474
106.16	41.2359
188.289	442.14
362.277	320.862
227.674	311.597
388.006	25.6415
100.564	47.5474
108.899	359.813
229.27	37.115
243.454	43.3997
100.564	47.5474
255.777	443.421
126.701	364.108
195.144	447.278
100.514	47.721
174.225	455.776
212.105	116.622
100.568	47.5359
323.684	37.8471
306.5	51.1619
363.763	330.415
426.25	111.943
332.761	462.878
362.753	321.533
362.705	321.459
65.8375	428.907
228.791	375.163
382.858	17.0681
330.229	353.384
171.326	478.021
193.613	41.9628
423.111	192.386
399.695	22.2918
142.467	385.842
32.8438	325.751
195.092	114.212
164.478	369.872
29.7942	496.662
347.147	310.519
203.335	431.712
211.677	115.726
34.6254	114.633
40.7553	121.529
166.122	211.078
262.779	185.129
380.682	173.256
238.7	71.1401
453.871	141.314
362.888	321.746
370.728	174.21
94.4792	419.333
364.007	324.315
216.077	448.459
278.717	356.36
176.565	146.407
32.5689	127.272
383.394	127.218
303.663	416.846
315.263	357.406
421.562	99.1684
60.1702	114.195
263.508	171.353
367.852	177.099
344.772	332.096
289.668	224.448
108.482	359.424
284.376	461.972
159.485	376.423
185.793	211.935
103.748	58.0912
193.741	336.073
117.89	383.737
426.455	199.777
218.89	133.845
128.179	328.894
362.466	332.855
177.347	168.069
363.281	331.522
258.208	184.644
218.049	375.698
197.855	441.29
141.056	438.968
169.712	29.5641
286.426	428.546
363.506	331.052
364.062	324.521
294.793	369.908
195.013	320.06
235.527	166.48
339.833	320.504
185.715	293.629
262.933	170.736
207.164	183.143
262.714	170.527
37.4011	467.012
211.744	89.3956
357.978	269.842
61.801	111.975
205.497	60.601
346.166	340.14
197.594	60.1615
362.387	170.895
415.69	235.429
41.5119	453.547
168.549	141.572
50.412	350.364
258.506	378.402
36.4358	397.786
323.558	345.512
194.154	115.6
374.438	22.4624
227.111	286.4
433.329	96.6766
125.855	416.665
27.4587	462.435
201.99	434.483
129.794	434.54
164.187	379.252
35.0303	399.117
212.292	117.104
120.241	303.736
260.729	169.094
200.463	328.669
402.706	218.414
191.173	15.4391
262.955	170.758
265.048	26.5614
317.773	413.04
309.596	38.3051
151.424	336.085
87.3776	473.539
368.191	14.6539
165.862	57.1464
424.555	65.445
131.966	444.828
362.137	333.283
265.813	179.271
98.6935	468.002
285.332	454.087
123.425	477.697
163.066	129.528
265.558	382.164
362.142	320.692
265.863	176.863
277.509	227.342
143.971	462.541
15.8148	475.914
137.749	477.64
397.927	218.363
189.558	462.391
325.282	39.759
166.137	211.114
364.187	161.058
231.345	374.757
362.397	332.948
188.885	471.641
118.413	448.447
362.215	333.186
455.12	200.307
122.467	418.654
212.496	123.231
456.686	219.175
418.246	165.723
120.559	401.14
424.174	47.7689
446.038	49.6131
343.237	311.148
325.53	28.019
255.183	447.555
310.272	374.123
352.003	315.474
306.175	28.9084
354.712	314.382
231.181	374.746
305.917	166.035
24.1095	410.923
318.331	378.287
264.584	172.877
37.3588	397.147
377.24	15.7273
429.187	110.718
87.6462	358.07
203.528	122.365
362.55	332.738
453.458	72.8215
27.3342	405.973
261.306	169.437
364.188	328.886
46.8571	138.588
274.875	24.7084
262.972	170.775
261.625	169.65
343.675	310.995
176.931	38.7936
186.895	348.954
211.767	115.897
210.728	114.285
448.045	100.024
238.899	267.056
139.216	461.502
361.919	333.543
198.995	314.006
258.139	137.903
363.309	322.502
164.222	480.305
409.215	124.986
164.705	476.471
242.659	303.606
146.54	32.7392
274.433	142.718
22.9844	324.08
205.355	462.88
358.249	259.845
265.641	180.175
455.074	199.556
308.702	383.999
250.125	419.044
232.707	254.295
149.463	23.1759
364.015	324.345
160.34	319.654
455.861	136.636
271.018	381.037
208.084	216.892
22.8046	411.024
214.788	465.123
453.172	42.746
419.601	73.1178
262.725	170.537
265.838	179.079
63.1182	479.657
75.8368	379.499
331.993	111.877
361.209	319.689
193.14	118.221
216.599	454.946
215.667	447.394
363.088	322.086
153.036	416.297
203.138	33.829
143.597	396.112
53.6636	153.243
467.243	213.292
133.834	421.261
431.124	220.708
321.56	406.737
366.279	253.939
87.7678	472.871
31.2386	482.929
187.956	440.626
208.571	473.069
230.294	338.197
292.356	355.217
361.595	320.071
363.614	330.798
226.901	360.796
265.913	177.821
278.079	359.939
334.084	310.397
306.204	18.9084
48.0873	394.125
51.7724	152.243
233.523	224.528
264.972	182.093
67.5236	141.832
182.542	301.432
406.415	101.992
159.947	356.299
447.414	203.314
421.445	219.609
199.023	98.7034
212.827	119.451
413.55	46.3581
359.206	152.387
220.826	183.254
140.455	456.219
465.63	138.773
418.898	193.382
159.894	359.861
184.607	226.769
302.413	465.839
425.891	41.8196
50.5803	352.139
409.855	75.3545
146.251	328.969
262.653	170.471
87.4929	358.997
136.928	34.6211
165.211	130.329
41.91	434.299
363.929	324.046
67.6573	166.337
265	382.104
405.645	102.142
361.317	319.791
263.755	171.653
265.763	179.585
64.7732	405.355
363.896	323.941
48.4197	480.63
203.942	279.905
363.158	322.212
457.991	98.9904
130.435	404.836
293.716	383.835
439.727	196.918
38.8434	326.263
356.133	252.339
207.615	206.903
377.984	129.827
163.482	380.692
210.295	144.198
298.569	392.912
261.455	380.858
65.1433	437.639
269.153	173.823
263.755	381.854
104.997	329.706
330.496	19.3389
422.071	215.729
202.692	457.1
265.468	180.809
263.44	30.1266
263.747	171.642
206.166	193.093
163.226	129.486
14.6367	329.586
416.208	43.2472
111.049	302.432
202.099	474.335
187.269	453.171
162.108	129.841
263.446	171.282
128.626	480.95
101.409	55.2704
262.939	170.742
136.597	25.6734
106.12	435.645
228.609	131.488
347.453	247.375
10.4306	320.513
326.792	361.483
224.483	466.029
91.3742	387.624
249.151	76.2006
304.733	389.251
423.32	41.2106
211.442	115.316
43.3158	301.628
265.749	176.053
148.809	452.275
196.934	310.47
364.224	325.28
44.0836	483.874
469.702	130.788
65.7588	168.535
301.78	391.774
223.613	225.697
309.41	359.48
418.689	41.8437
48.9298	172.712
162.064	155.956
304.491	14.6351
208.425	411.044
51.6267	487.511
263.839	171.761
456.065	135.265
211.504	115.421
459.713	148.576
211.616	440.704
189.945	166.347
177.475	16.411
468.508	144.964
87.7949	437.926
199.883	182.398
62.8821	440.315
215.284	84.3391
66.5581	315.286
215.878	359.418
434.186	334.525
263.556	171.41
296.656	393.052
435.621	344.422
362.031	320.557
208.913	112.507
101.276	453.217
204.692	110.649
362.296	320.887
455.834	44.8416
50.0152	387.514
299.668	392.659
105.106	339.446
197.269	180.681
445.345	342.087
479.163	134.028
186.452	325.228
301.182	392.084
84.8041	182.789
246.614	355.888
462.368	76.4701
158.497	387.362
226.56	453.337
243.121	48.5874
210.905	440.139
265.253	181.431
60.5617	322.513
366.848	270.363
459.236	232.775
163.552	129.409
367.985	129.993
241.541	314.772
172.89	108.932
39.3423	140.408
374.096	247.703
108.235	338.863
265.908	178.183
407.697	49.8071
453.478	42.9187
465.785	43.8597
182.184	295.579
400.394	60.5847
298.254	392.96
259.441	217.833
208.07	253.512
221.723	171.205
320.945	405.525
459.639	78.7406
342.676	206.569
83.0818	187
454.002	347.094
248.72	154.866
210.847	114.438
210.68	114.224
304.523	389.509
391.538	34.747
85.7175	148.915
39.8271	174.942
164.643	377.768
164.315	119.438
49.4503	359.847
363.422	322.734
59.7065	426.757
388.004	121.533
121.415	396.705
4.31007	439.141
463.767	344.939
225.187	449.116
211.772	256.201
84.5081	425.121
296.901	163.358
276.371	216.458
176.687	16.497
277.351	208.737
421.439	219.349
276.113	216.877
180.975	308.81
347.171	202.889
350.038	290.961
424.976	41.5193
198.153	51.0245
188.783	415.531
262.395	170.244
248.348	52.5981
418.146	83.5196
363.122	322.146
263.723	171.613
301.906	391.703
101.608	55.6111
103.874	58.1948
70.6984	145.769
245.414	216.264
241.373	221.437
262.224	170.101
242.728	363.176
222.21	469.609
364.223	325.273
12.3909	315.991
120.358	319.758
251.924	227.44
279.877	197.149
58.4343	310.118
242.746	155.818
144.797	462.481
83.933	428.339
62.8446	131.914
264.955	173.587
85.4319	401.143
211.469	115.36
212.141	116.709
274.587	218.709
213.242	436.79
224.753	465.178
135.837	15.7528
261.321	169.447
156.688	324.817
374.717	259.306
300.906	392.21
72.8343	409.325
382.773	242.732
277.678	185.836
277.307	185.403
350.554	349.189
302.514	391.319
473.378	220.699
226.404	452.266
112.921	313.296
362.92	332.172
218.342	107.274
92.2256	423.13
434.785	336.359
287.09	182.099
239.283	169.791
449.655	278.331
182.18	252.126
260.766	489.565
356.641	311.172
22.15	317.398
63.1064	305.606
287.76	188.358
163.209	129.491
297.373	51.6871
350.318	347.088
92.3533	460.969
167.085	147.25
299.782	392.625
288.582	175.469
221.751	137.75
350.568	285.673
482.603	216.838
295.895	166.196
296.468	174.776
488.639	224.81
296.013	166.413
147.219	420.219
224.86	464.744
187.142	291.847
47.3066	146.453
296.681	155.791
295.833	154.643
297.768	158.125
397.632	319.24
447.676	285.804
299.606	392.677
486.081	228.83
15.9502	484.104
449.428	282.226
297.072	156.464
297.51	157.408
210.317	35.8977
361.898	342.328
149.988	364.893
209.519	489.606
360.072	344.932
280.424	205.806
301.259	392.047
52.332	327.578
451.978	294.832
407.605	318.5
359.758	345.241
161.566	384.666
290.121	151.324
216.462	112.899
293.875	152.887
362.882	338.592
73.2481	392.687
151.487	480.056
163.372	129.45
254.092	415.589
297.606	157.653
297.339	157.007
429.769	236.408
294.408	153.278
292.047	151.9
358.9	345.963
165.727	24.6552
305.01	388.884
13.5264	317.544
359.305	345.643
172.974	248.219
359.863	318.628
166.462	316.221
285.955	348.558
302.592	391.266
281.616	339.793
307.628	148.827
306.775	146.482
58.9415	309.238
65.7946	304.785
200.999	127.932
359.316	345.633
361.882	320.384
164.084	129.308
295.018	141.461
446.004	221.07
158.72	428.537
267.317	354.88
130.489	18.3983
360.881	343.99
226.431	452.408
185.377	198.381
317.139	156.032
201.442	257.165
358.655	346.141
406.405	265.012
170.87	238.983
70.5254	427.607
398.447	262.355
60.3061	307.558
204.186	110.569
248.645	173.308
21.6706	411.336
303.927	390.154
364.239	277.97
455.292	290.942
317.248	156.253
295.522	131.335
194.569	110.958
136.579	26.7691
154.637	4.23504
226.379	456.338
260.261	178.653
325.105	153.909
291.754	164.237
86.017	352.502
208.249	352.613
8.46609	337.455
305.591	367.21
205.399	327.268
327.055	156.491
328.113	159.794
325.967	154.842
19.2525	314.968
72.0977	147.131
224.895	464.58
197.972	332.638
209.238	147.735
203.466	110.501
33.1479	161.557
327.109	156.595
296.934	121.924
189.46	346.337
87.5677	491.207
207.06	467.979
162.312	16.9634
178.092	133.139
373.107	331.55
195.431	454.313
107.998	439.805
72.3752	132.608
327.827	158.421
328.042	162.948
294.442	121.472
328.014	163.096
304.391	389.662
406.051	268.943
230.998	162.332
325.488	154.294
33.035	457.012
299.034	392.821
373.769	332.141
202.654	110.486
330.489	171.322
326.21	155.154
56.21	344.796
115.865	389.872
297.809	393.012
300.827	124.231
327.336	165.225
284.223	128.997
373.001	347.132
300.268	123.735
212.51	461.169
164.598	4.16633
172.778	236.806
280.333	206.023
255.674	205.737
115.717	302.708
376.175	342.739
27.6473	184.829
215.995	370.612
354.151	344.97
300.864	392.229
299.247	122.998
224.17	428.959
65.8941	304.77
108.122	322.315
238.419	182.763
335.247	151.364
335.77	155.391
304.839	358.44
335.413	151.891
207.279	111.503
299.78	124.606
332.316	147.056
173.904	353.496
330.393	176.833
381.051	340.506
158.956	453.955
335.716	153.354
335.378	151.771
333.248	147.969
330.292	156.103
384.499	333.337
92.1215	37.6165
246.347	47.8468
204.809	110.671
330.516	145.823
202.015	256.442
297.416	122.091
83.0009	475.993
335.076	150.909
382.894	327.497
241.975	87.3989
164.74	129.224
333.784	148.621
333.377	148.116
335.785	154.127
77.7156	124.153
380.979	340.567
85.6892	197.08
186.867	490.305
379.469	324.261
244.336	308.645
184.336	310.193
202.809	110.484
353.715	313.338
66.0053	304.755
167.478	479.484
303.86	114.245
246.476	71.4517
327.637	352.645
333.065	172.187
299.758	112.469
244.464	287.569
301.137	112.828
302.672	113.494
333.275	171.136
266.384	344.923
96.3652	196.171
306.211	116.688
305.279	115.514
389.648	345.391
275.601	181.835
333.291	171.022
195.025	185.798
390.814	340.813
312.625	108.74
390.325	343.792
154.994	423.314
64.3708	305.116
385.961	349.278
334.709	150.101
275.859	217.25
221.345	259.684
70.6786	420.195
226.95	403.972
283.969	132.49
302.524	391.313
335.784	155.177
390.43	321.15
63.0432	145.055
220.432	473.108
334.221	149.249
334.779	150.241
304.741	105.757
329.067	177.93
330.595	176.628
333.265	171.204
335.779	154.009
147.26	462.118
314.861	112.283
200.128	417.09
311.222	107.548
23.6724	397.628
312.377	108.496
263.915	398.278
224.425	466.184
119.062	376.657
229.97	212.296
245.727	311.235
53.1696	303.148
229.026	439.61
43.4614	321.799
276.891	215.428
207.664	111.702
220.106	275.35
304.085	389.994
397.028	348.758
303.192	390.814
203.801	482.2
101.882	27.5911
208.656	374.779
212.516	326.818
102.735	330.374
123.018	375.209
273.846	219.343
162.867	460.9
184.207	24.0205
275.04	389.461
87.7811	411.203
224.983	451.156
201.672	110.557
138.032	365.06
306.863	101.6
59.1322	131.41
345.367	156.515
345.187	150.412
396.822	348.918
228.733	404.645
400.481	343.477
51.3925	333.766
278.456	355.139
230.801	35.9257
394.449	310.766
314.482	99.4399
57.2495	442.379
310.707	99.6644
297.022	367.265
393.388	309.783
119.796	401.562
321.989	399.193
322.882	106.941
320.709	179.343
300.854	106.862
328.798	178.11
349	310.768
318.184	100.698
322.057	104.756
297.761	393.016
226.535	455.388
311.811	99.4482
85.5264	30.0995
345.364	150.964
207.214	325.469
181.75	447.402
152.261	417.793
314.772	94.8018
151.448	498.405
94.1177	150.488
340.715	207.656
393.672	310.019
393.94	310.258
259.581	397.903
171.136	336.711
75.988	435.406
329.935	98.4487
330.074	98.6801
34.0814	162.517
93.5687	496.2
213.932	269.767
32.85	148.974
416.481	339.222
209.118	195.284
166.58	129.219
272.983	219.941
331.304	102.144
64.6492	148.679
331.171	101.458
336.179	215.232
299.719	392.644
331.036	100.935
393.404	309.795
285.326	193.032
262	20.4161
323.118	353.12
331.174	101.471
39.7605	444.933
250.854	208.626
120.355	380.446
329.049	97.2293
52.8284	305.595
231.095	77.3487
330.973	100.726
183.105	420.349
353.866	150.931
327.423	95.6989
85.1702	36.8051
189.882	437.157
286.867	190.837
94.0464	387.058
219.029	367.163
215.127	99.0633
109.642	22.113
167.04	24.7417
17.0769	398.412
15.4763	461.439
232.529	159.997
242.806	342.382
254.267	481.341
365.226	342.552
294.316	86.3145
404.656	293.689
360.742	143.443
392.223	292.365
280.254	166.265
131.897	471.758
285.5	91.0348
207.47	466.652
323.47	179.706
196.08	171.884
76.0188	427.441
304.515	86.0185
331.257	163.549
135.66	438.283
301.933	391.686
229.196	150.569
191.13	140.317
163.311	367.245
325.202	179.538
245.736	158.941
355.922	305.552
331.27	134.845
326.422	95.0387
199.844	377.537
53.6529	461.576
77.0103	312.117
154.09	460.299
126.512	341.203
137.161	470.979
273.108	129.033
397.065	290.803
42.7216	484.04
354.694	140.175
323.42	179.706
271.268	119.203
402.443	292.031
248.532	255.391
101.901	56.0642
164.182	130.294
141.242	402.228
360.874	143.595
294.005	392.631
167.708	349.28
53.925	418.598
136.542	461.322
299.395	77.3703
403.425	299.852
328.998	177.977
92.4663	344.093
339.852	160.183
179.638	175.822
361.641	155.515
191.614	103.45
264.652	211.397
295.956	393.011
348.084	147.241
151.875	394.163
354.248	140.12
60.1069	442.573
294.078	76.1571
253.01	156.592
280.382	205.908
298.88	392.853
205.857	182.599
228.073	298.296
122.84	383.742
367.065	326.265
133.915	400.246
209.1	119.741
275.705	388.813
264.305	398.218
432.236	345.955
289.31	388.142
245.214	162.661
13.7014	345.975
81.5641	20.918
347.96	310.612
360.752	131.774
126.712	341.551
135.492	473.814
177.389	93.7008
366.983	136.374
142.847	35.9188
329.198	97.4084
92.124	391.161
361.174	156.175
89.4728	184.229
303.19	390.816
101.385	55.226
360.916	156.496
153.217	372.449
296.198	67.761
403.133	292.449
164.513	369.932
294.699	67.1249
168.174	184.198
321.852	179.589
189.945	118.084
121.749	416.2
368.203	139.564
360.331	157.135
416.971	349.957
187.589	170.465
376.86	148.475
58.0161	311.052
377.503	147.133
66.831	332.189
398.448	290.823
404.382	308.148
163.703	134.447
134.29	473.34
29.9133	340.198
109.075	12.1291
224.876	464.668
214.77	428.692
375.275	41.4368
276.845	189.053
392.996	147.659
63.7427	403.546
245.686	449.691
66.4793	304.702
84.8709	317.959
382.657	138.74
393.304	291.763
408.706	328.858
224.835	464.854
265.766	397.849
366.866	153.409
204.107	313.877
197.362	486.252
193.145	442.571
103.568	496.122
287.856	187.857
393.017	147.687
129.621	468.792
139.837	6.09651
323.935	353.411
409.554	327.919
114.949	366.934
101.305	392.609
330.167	108.56
324.654	179.624
63.5399	305.416
90.5251	126.317
35.1587	442.177
291.341	66.6198
40.5448	394.565
417.956	342.373
14.528	355.941
348.056	310.597
276.097	216.901
198.947	111.29
380.96	128.135
390.424	133.665
73.5723	416.132
309.115	348.246
34.5828	398.09
98.3741	382.477
288.549	376.018
394.823	151.56
362.308	147.955
299.81	70.9752
85.796	32.4231
389.932	141.896
339.937	334.495
71.5901	21.6378
61.616	22.3575
59.5959	308.339
322.031	417.698
146.21	379.363
61.2451	306.738
405.754	306.595
235.761	213.293
312.433	460.76
224.527	170.283
51.642	23.0773
400.926	30.7849
41.6679	23.7971
248.614	390.761
405.522	294.669
79.8361	498.405
418.281	345.599
262.193	226.3
303.243	390.772
407.606	300.414
216.136	428.135
199.488	111.077
343.424	158.874
31.6938	24.5169
149.301	445.745
332.028	417.429
266.738	397.465
80.9351	79.5718
198.103	111.699
25.3623	32.2572
415.752	338.305
100.985	398.224
141.225	315.696
25	25
280.576	340.564
390.82	134.569
100.305	340.765
267.353	411.75
64.2725	305.147
296.3	118.836
254.933	370.509
390.919	293.358
224.633	429.24
25	25
103.513	57.8893
246.647	398.924
198.331	473.192
81.6528	387.946
229.078	435.968
382.59	128.184
69.3513	337.702
60.2401	307.624
366.618	335.002
58.6199	309.771
387.755	163.383
58.7057	309.621
384.352	160.536
25	25
198.406	293.36
326.806	179.1
386.723	129.611
391.367	161.517
162.302	129.769
60.4697	368.81
39.4295	408.075
229.159	124.267
302.222	391.511
417.804	341.861
163.992	339.098
216.11	97.9973
293.168	62.6574
277.139	352.011
78.3334	89.2275
133.148	324.121
405.717	294.929
73.9551	472.026
60.603	307.276
25	25
407.416	298.815
23.1206	397.521
462.738	111.1
285.439	126.154
89.3094	198.978
41.2	394.794
79.2886	99.1817
394.203	157.816
330.797	405.995
25	25
182.012	349.018
290.89	121.118
248.193	56.406
418.146	343.222
26.658	42.1729
314.96	413.058
138.606	20.4042
277.051	215.038
386.993	129.784
41.1798	87.524
181.243	285.52
25	25
259.088	474.929
85.0901	341.039
285.604	338.301
153.724	387.155
57.6244	131.743
25	25
172.344	280.959
389.993	132.887
304.056	163.358
293.102	62.5739
283.962	217.041
257.522	397.959
25	25
389.039	131.583
25	25
404.788	293.822
393.946	158.35
350.544	135.292
394.807	151.491
162.76	103.134
104.319	58.5331
21.3408	15.6935
299.45	392.72
249.137	53.0776
301.757	391.787
305.521	338.914
391.181	135.722
213.852	247.882
31.9161	150.43
65.4405	304.847
41.6505	310.211
248.251	58.9076
329.743	177.419
253.524	482.876
390.319	133.459
98.5001	434.558
392.93	159.928
61.9753	306.226
371.538	154.57
206.799	275.003
22.3323	147.575
345.695	316.946
128.146	434.512
94.8684	457.056
227.594	116.2
63.2563	305.537
300.121	409.622
243.773	154.907
228.737	141.208
266.433	410.884
98.0681	455.899
347.691	166.036
387.293	163.5
45.211	483.384
346.804	166.2
170.109	335.882
383.981	163.692
20.0162	5.78165
329.166	177.861
372.758	328.189
25	25
314.243	157.793
25	25
389.241	162.838
50.3303	83.4904
125.501	312.071
343.743	310.973
396.564	127.986
211.372	125.765
22.6554	492.774
25	25
325.761	179.418
401.083	163.901
403.401	161.203
103.021	459.8
32.134	89.2065
237.259	454.458
165.643	58.7367
35.2769	386.065
355.824	279.962
133.058	357.815
190.079	140.836
151.944	470.735
293.82	376.96
25	25
284.931	127.067
90.9818	44.6881
90.9818	44.6881
248.049	154.788
90.9818	44.6881
51.0858	194.665
95.607	56.2322
22.7894	403.557
303.939	344.508
45.1223	321.762
90.9818	44.6881
300.896	451.974
95.187	63.4132
257.557	360.871
179.079	353.939
332.364	424.548
90.9038	317.396
412.644	164.194
58.314	310.361
80.3306	143.359
90.9818	44.6881
235.655	292.447
403.828	292.954
350.749	271.329
275.366	45.7311
247.405	478.808
62.2865	306.036
59.2994	308.72
399.897	131.335
24.5275	355.842
229.025	439.614
127.351	376.805
161.249	311.779
90.9818	44.6881
90.9818	44.6881
62.0474	306.181
180.609	451.055
90.9818	44.6881
101.618	67.7249
183.882	459.215
301.297	392.028
379.261	20.7904
90.9818	44.6881
200.906	255.178
354.384	269.862
90.9818	44.6881
326.296	179.271
202.055	346.996
208.721	255.225
237.781	44.3418
326.252	153.083
406.837	296.925
90.9818	44.6881
96.1302	38.5842
411.735	164.999
229.446	219.596
414.092	336.822
228.803	440.504
124.061	464.494
95.2433	63.4977
417.001	340.044
74.1198	364.654
393.863	126.837
107.242	455.686
216.972	211.088
282.065	357.805
116.773	352.074
397.804	128.882
336.509	144.781
90.9818	44.6881
169.754	393.858
312.797	185.771
235.659	153.787
257.293	67.3928
235.975	49.3433
65.2958	304.876
434.097	166.424
90.9818	44.6881
416.729	174.086
45.0385	403.77
32.5496	104.851
90.9818	44.6881
430.71	148.769
165.774	68.7359
311.084	72.5375
331.253	405.989
394.487	291.289
101.871	304.237
313.137	168.96
76.5299	323.83
98.216	363.862
242.552	38.3536
437.584	161.592
244.165	59.4171
90.9818	44.6881
330.938	100.615
29.001	355.896
218.785	379.77
213.252	187.682
434.527	177.721
90.9818	44.6881
269.728	347.158
433.742	150.165
408.945	343.062
162.637	154.89
43.2079	488.106
214.005	112.11
383.317	163.597
18.1035	406.818
264.172	369.435
392.181	126.549
90.9818	44.6881
302.983	390.98
166.751	264.294
320.38	185.497
95.8087	64.2568
237.394	47.3063
405.179	127.82
237.412	47.7395
211.419	276.409
291.507	172.811
90.3933	53.4509
60.1618	307.703
303.495	350.549
237.711	44.5957
316.412	341.592
28.9712	438.54
90.5119	54.2106
282.511	100.67
90.9818	44.6881
90.9818	44.6881
303.219	138.919
90.9818	44.6881
343.851	310.94
90.9818	44.6881
379.47	15.7308
87.6364	453.39
112.065	52.2079
31.6284	109.338
90.9818	44.6881
433.897	178.829
350.53	271.477
262.35	223.142
254.647	449.022
440.369	143.899
118.973	59.4382
406.366	295.952
363.698	182.135
227.907	332.568
269.937	395.149
90.9818	44.6881
441.857	148.799
265.12	361.076
426.874	183.251
95.0312	368.495
237.445	46.0712
50.4284	193.942
47.1346	342.81
385.39	163.746
241.884	57.0298
423.17	148.781
90.9818	44.6881
222.701	92.1329
256.751	458.799
167.66	84.3653
99.283	66.9608
287.58	183.413
194.715	433.077
60.6029	307.276
266.057	53.1986
432.135	180.856
238.665	42.2217
90.9818	44.6881
247.951	255.886
107.999	374.123
95.9091	64.3772
90.9818	44.6881
382.749	278.519
53.8218	470.339
199.056	480.586
295.931	367.092
90.7562	45.5978
188.996	202.462
434.859	176.962
252.878	65.932
294.257	64.3888
340.665	269.841
354.131	260.612
296.635	68.0048
90.9818	44.6881
394.632	117.301
165.42	51.7681
46.7093	341.46
96.5135	312.995
276.16	174.813
90.9818	44.6881
433.315	139.263
392.963	216.162
185.369	8.87705
91.4358	43.4645
276.493	216.241
87.7731	309.911
312.98	455.779
185.079	219.895
398.131	227.306
418.233	343.81
188.557	69.4508
90.327	52.1268
156.27	339.977
158.14	461.058
166.792	299.892
401.498	291.573
151.991	470.716
90.9818	44.6881
266.779	48.3606
102.516	477.641
194.771	5.47249
403.995	293.089
252.429	473.432
394.452	117.313
438.45	141.633
430.699	129.612
187.08	213.961
237.705	44.6213
434.278	178.2
91.1368	56.235
94.8555	62.8738
78.3836	486.821
271.549	169.18
184.125	86.4865
189.703	124.672
391.828	117.869
95.4667	38.9442
417.337	349.256
388.636	100.94
90.9818	44.6881
211.578	479.339
440.815	153.616
402.031	119.988
118.521	421.645
241.282	39.1884
90.5965	46.7457
95.2793	63.7752
358.697	17.7951
90.9818	44.6881
268.234	224.805
227.437	139.036
276.179	216.775
435.596	139.88
256.237	419.137
354.706	8.62589
363.698	192.135
407.52	302.144
90.9818	44.6881
90.9818	44.6881
309.73	373.304
175.398	454.531
401.638	119.639
90.9818	44.6881
90.9818	44.6881
198.463	167.654
284.52	461.308
406.964	297.244
383.197	144.092
45.3498	420.143
90.9818	44.6881
241.934	233.89
143.382	416.897
379.471	341.487
418.013	347.354
186.886	337.419
92.2492	41.9923
275.61	200.594
389.668	164.738
133.689	427.855
90.9818	44.6881
90.0994	71.0637
87.2784	69.3472
84.9963	57.0662
89.4277	70.7657
77.7562	67.9692
234.761	298.399
263.13	342.638
325.374	179.505
120.952	434.35
364.544	157.02
78.2165	381.972
93.8707	386.454
375.939	277.096
325.58	56.5947
79.1872	68.9122
111.516	314.01
61.9935	306.215
425.613	183.34
66.4803	50.4312
249.309	311.075
400.496	118.807
422.907	166.781
441.434	146.257
299.536	461.611
386.387	8.5093
214.427	356.018
397.443	117.542
25.3566	402.674
385.209	288.88
57.955	45.2044
455.947	93.8957
401.293	119.361
57.955	45.2044
57.955	45.2044
265.182	423.529
24.026	416.695
442.25	103.55
298.817	385.513
237.841	50.0691
350.714	253.271
407.046	297.469
50.8822	30.0837
183.232	207.867
305.552	468.523
40.9044	34.7508
398.632	117.895
227.025	338.091
434.762	139.587
21.3021	314.222
62.4481	36.2706
182.399	418.18
210.031	312.796
269.588	424.026
59.7823	308.117
233.535	467.354
101.36	350.123
255.475	466.41
202.54	479.063
298.557	219.867
201.625	312.811
420.873	182.185
26.5303	395.316
418.337	180.279
271.363	393.164
230.809	308.757
188.955	329.858
232.398	363.07
331.351	360.734
91.2255	71.4386
418.187	346.478
40.9044	34.7508
257.102	334.659
196.587	445.734
125.206	479.134
179.862	323.583
288.451	230.032
219.182	177.791
375.682	250.536
105.505	33.5021
175.941	416.041
228.491	441.396
196.052	246.684
390.494	118.459
417.942	347.63
32.3791	29.524
418.191	346.449
209.121	351.352
197.931	479.727
472.932	205.068
17.7971	487.372
173.252	372.255
304.346	389.713
32.3791	29.524
62.4984	305.916
48.7452	184.331
417.838	341.966
101.566	33.3607
100.357	61.1079
399.641	118.329
407.523	299.45
48.0227	329.008
233.785	222.47
419.38	181.219
210.969	254.353
305.285	388.48
49.9486	22.3181
327.7	95.9147
46.2893	419.944
390.441	165.153
382.259	280.03
417.766	348.2
352.873	11.2653
325.224	179.534
245.76	173.25
438.652	198.495
25	25
209.676	156.315
401.318	291.499
43.1274	329.142
407.554	299.704
234.998	361.517
410.921	36.7099
25	25
181.412	465.636
414.582	337.193
407.605	301.192
398.126	117.725
25	25
20.3876	482.592
433.103	179.88
62.4359	305.951
43.3025	344.799
279.541	346.497
417.374	349.178
279.841	367.483
193.335	200.33
417.225	340.462
94.3218	371.001
333.827	62.2508
25	25
300.172	392.499
257.578	67.413
368.377	164.227
328.687	96.826
392.39	292.26
301.531	75.9319
165.654	82.428
436.798	168.274
384.242	113.589
111.392	316.904
441.391	152.196
25	25
417.527	341.118
436.547	140.322
25	25
311.326	46.1012
247.892	179.455
60.3983	307.468
25	25
25	25
25	25
260.695	430.747
25	25
433.759	179.034
286.461	91.9593
298.768	170.004
265.296	139.344
219.367	446.952
25	25
461.935	36.8513
25	25
116.321	56.6718
44.7085	454.967
10.1662	338.531
402.15	120.102
259.782	237.868
62.2031	306.086
139.308	443.396
151.951	389.727
252.033	65.347
328.062	121.072
376.547	153.678
237.555	45.3039
156.421	78.7959
191.792	248.585
357.375	349.61
68.2569	340.224
35.5688	24.8417
25	25
162.62	399.146
396.894	341.333
101.112	463.098
440.543	186.336
206.678	24.4768
125.635	71.8075
25	25
25	25
353.86	132.576
225.29	323.559
124.973	478.945
331.426	103.74
405.129	307.384
25	25
44.7098	81.9747
413.305	230.139
12.9943	41.2569
14.467	51.1479
159.139	75.5901
134.768	67.7356
232.52	188.502
127.619	77.2189
25	25
25	25
238.339	42.8553
251.081	339.292
25	25
346.063	330.181
265.026	246.383
151.467	470.917
322.399	378.678
257.97	398.366
477.609	124.666
35.1631	323.187
399.159	118.105
416.875	339.828
197.98	281.706
338.442	14.3614
288.723	81.3977
83.0687	70.0822
303.488	464.158
405.804	295.051
434.892	139.627
322.665	115.481
207.911	452.909
128.198	358.027
425.984	188.561
92.577	459.029
25	25
435.871	190.079
49.5268	438.065
63.086	466.574
223.469	465.685
407.609	300.497
407.229	298.045
174.339	166.066
25	25
80.8368	496.794
25	25
103.432	432.191
409.226	329.585
75.091	309.927
40.5392	77.1349
440.352	186.611
400.957	336.77
61.1633	306.801
173.512	319.864
25	25
170.771	377.176
393.511	166.061
74.5705	466.86
207.065	257.061
134.528	480.784
42.6691	80.3766
230.114	93.3536
461.84	36.754
255.313	67.0207
258.769	339.219
140.575	388.411
189.549	132.934
162.779	95.7807
109.975	455.284
195.005	272.158
25	25
380.596	276.866
130.074	305.557
122.623	85.8814
244.957	372.221
129.419	323.945
258.189	136.536
25	25
116.271	403.331
303.363	346.447
324.807	94.2904
25	25
121.406	471.014
440.212	186.799
391.911	165.722
232.194	335.769
163.033	110.611
421.032	182.268
25	25
439.183	187.959
360.452	278.641
397.105	117.47
25	25
64.9312	68.3221
25	25
253.401	397.076
339.509	329.651
162.893	108.729
226.54	455.342
60.1734	96.7344
399.788	291.027
208.487	365.997
25	25
263.159	75.089
302.104	391.584
62.8241	84.1679
389.069	119.38
438.722	188.376
55.1909	66.0576
111.755	58.8049
25	25
187.626	159.755
152.425	373.334
241.413	275.625
311.758	36.5723
262.446	454.43
64.7406	98.0498
406.925	297.142
125.591	479.423
205.382	482.193
302.642	410.593
284.402	134.537
471.578	142.385
237.916	43.9093
417.872	179.762
177.64	149.191
485.699	126.46
447.636	27.044
25	25
300.874	492.104
194.385	21.7916
49.9097	106.122
464.994	33.5903
40.5099	332.393
293.367	62.9211
349.411	137.09
237.193	152.154
488.718	126.704
288.062	382.949
25	25
273.56	212.357
348.964	165.649
107.622	374.5
451.888	17.9927
25	25
323.823	37.9796
101.142	29.7741
407.312	298.354
132.271	10.1032
248.719	297.114
25	25
400.393	118.743
394.173	52.9379
267.244	143.862
371.354	238.086
453.709	43.2105
25	25
42.1373	498.313
174.134	376.866
123.105	389.222
239.504	316.73
307.032	27.7597
401.798	291.706
233.082	248.918
87.9945	61.7077
267.272	185.323
91.0777	482.642
263.387	33.7397
405.833	295.093
148.456	320.408
25	25
337.775	302.95
264.864	63.8709
236.69	132.142
248.788	237.014
176.064	184.537
193.936	82.7962
217.645	449.855
178.305	166.934
320.003	395.355
56.9944	440.45
73.2164	324.88
406.897	297.072
34.3218	112.148
14.4645	414.979
25	25
25	25
473.589	346.815
289.159	59.5978
260.78	84.802
276.078	376.748
247.553	355.075
25	25
228.601	117.991
453.204	8.07968
90.6133	479.404
126.605	448.051
130.977	309.875
43.8832	32.0595
66.6537	126.013
172.879	140.353
281.631	161.322
235.66	174.559
362.733	233.731
388.448	175.103
439.819	187.286
383.559	301.97
131.718	439.006
404.11	293.186
291.159	126.98
327.286	95.5982
269.49	28.6912
397.358	290.791
480.55	213.73
25	25
25	25
449.721	344.649
25	25
152.905	97.3609
213.908	152.397
122.774	357.463
242.709	191.228
435.66	341.69
228.263	300.598
153.405	469.991
226.674	127.686
400.291	118.682
403.007	292.367
25	25
296.457	171.811
391.674	165.648
138.831	413.3
25	25
473.879	38.1804
174.572	353.284
35.0362	482.154
348.123	138.681
25	25
351.751	324.062
25	25
172.862	167.792
151.516	55.9768
243.672	124.983
25	25
468.879	336.345
305.075	388.792
196.901	215.846
336.561	309.725
399.831	334.806
224.806	464.973
256.097	208.409
328.053	96.2123
394.89	291.165
330.239	98.975
210.745	480.075
316.227	169.299
302.759	391.147
389.819	294.523
180.502	99.4011
190.076	338.735
237.64	44.8897
62.4306	305.953
148.542	382.14
378.951	349.695
404.705	293.738
217.697	378.467
445.345	1.8961
417.608	300.447
448.093	51.4841
294.644	103.412
252.533	421.236
313.749	20.3513
121.97	474.608
372.44	272.758
39.2656	387.062
301.847	174.649
428.859	190.171
332.312	379.992
424.322	186.866
384.495	184.289
174.677	247.547
285.234	338.361
125.512	429.992
329.162	97.3645
282.655	81.179
295.076	196.535
392.281	243.545
126.567	455.58
435.742	190.128
228.145	433.138
315.64	197.806
300.461	392.393
438.147	52.5266
335.791	293.148
401.686	167.938
81.6087	322.05
488.881	238.43
257.561	76.1893
460.345	300.308
312.545	371.243
201.215	19.0213
238.217	43.1271
236.199	100.34
426.209	188.736
38.5508	442.107
47.4249	121.693
327.071	111.956
64.34	305.126
450.347	24.9601
399.623	290.992
192.201	251.415
254.468	397.599
144.203	319.181
107.216	439.011
387.505	120.89
70.2613	452.475
10.8196	306.115
289.945	73.2011
434.355	139.473
357.039	201.273
390.202	180.267
449.527	51.3319
436.939	163.098
435.737	139.938
200.877	404.484
22.8517	434.837
243.371	37.9487
395.481	117.289
42.5817	130.384
357.274	232.355
438.81	240.682
163.944	400.822
179.545	186.988
309.562	106.182
247.138	160.602
247.197	177.035
45.3912	131.449
196.274	259.438
270.72	29.9146
195.595	293.989
424.655	187.276
223.756	192.459
326.07	142.58
367.735	340.265
304.931	388.992
239.093	41.5252
228.195	184.726
402.209	242.35
447.207	279.595
324.759	94.2732
326.045	94.832
216.477	83.5652
39.9116	339.948
323.878	94.0069
439.937	143.257
436.177	189.954
182.948	350.055
162.538	76.426
43.141	344.671
400.572	291.235
241.438	56.3106
327.909	96.0874
401.416	119.458
260.879	426.16
219.233	468.239
251.92	419.818
299.378	392.739
299.53	70.5858
144.479	432.542
111.832	383.972
224.111	466.909
293.511	392.468
42.7504	344.338
96.9828	459.743
120.059	310.349
370.249	139.733
264.952	249.283
209.889	35.8047
305.797	387.59
5.38447	446.018
249.701	62.5061
185.209	315.409
303.683	94.5692
336.156	114.742
240.301	266.933
335.066	299.359
396.49	117.37
217.653	119.005
37.8335	124.27
464.982	33.2675
173.102	367.854
8.70629	436.585
166.533	337.925
414.299	161.508
434.901	139.63
58.407	440.854
310.785	373.366
18.3023	305.013
212.246	79.4061
296.093	75.9821
22.1304	414.155
410.552	332.644
237.432	46.2076
224.953	464.268
204.841	443.564
428.375	189.982
193.253	255.086
220.208	281.297
478.626	41.0566
26.4598	425.815
184.558	125.892
199.091	118.786
279.168	80.1116
178.569	117.883
446.752	300.074
126.718	480.12
59.5559	394.609
248.129	435.04
80.1014	306.263
284.121	374.817
394.998	117.287
247.227	38.6281
280.409	480.511
254.207	87.9626
449.612	48.9354
275.866	356.347
396.896	117.431
33.2863	499.425
457.789	343.487
242.936	282.3
435.945	140.028
177.002	344.204
426.904	189.217
255.021	164.1
95.2417	399.331
301.547	116.276
402.385	142.901
293.058	62.5192
326.583	179.178
309.682	177.704
238.689	42.179
35.1153	438.136
221.108	470.572
404.465	176.727
244.295	439.841
458.748	55.2003
242.562	174.533
206.396	104.199
441.214	176.344
45.6482	137.618
196.545	330.315
238.268	442.828
301.491	75.4937
334.046	143.892
191.497	238.139
258.504	61.3076
237.78	44.3452
53.3559	495.523
285.901	459.171
52.3385	140.328
228.212	442.024
177.52	8.73448
204.164	237.093
86.0886	330.631
121.517	472.799
312.889	93.1105
437.853	155.106
310.017	165.556
191.537	465.632
146.777	371.702
308.242	117.521
330.762	100.118
162.059	195.38
355.178	308.37
62.5841	434.68
299.333	392.75
193.925	102.697
192.342	103.925
435.562	139.867
46.7419	138.508
281.362	218.488
46.4136	405.669
245.445	369.064
68.2088	468.057
368.303	312.636
115.94	422.817
326.412	189.432
50.9327	145.679
246.345	368.978
410.462	247.997
425.865	188.464
320.651	188.997
385.974	123.412
264.875	232.771
405.125	126.122
203.67	102.214
331.483	358.952
190.312	106.65
282.028	338.477
433.231	190.711
238.182	43.207
159.967	410.861
221.587	446.389
17.8996	398.053
428.563	172.176
240.025	155.348
325.182	137.364
133.473	380.582
191.946	250.334
257.347	48.3051
392.444	117.671
213.877	44.9748
387.448	303.414
363.691	273.599
338.746	139.505
400.549	118.841
295.904	393.006
239.597	343.124
192.167	104.095
288.799	388.824
101.929	319.45
57.1651	171.3
208.662	417.307
315.068	35.3305
54.627	171.365
163.589	419.219
50.0467	464.313
464.87	293.818
146.574	386.831
208.348	463.168
20.1454	399.567
326.431	95.0442
440.416	143.975
239.658	40.7652
375.332	330.12
318.008	132.684
278.755	121.613
260.975	483.304
6.01101	485.205
65.9308	493.628
424.432	187.006
192.236	104.027
329.47	97.7608
144.927	386.469
397.927	117.666
412.319	244.994
81.0734	486.543
22.2127	442.318
395.882	117.309
226.309	456.638
41.1255	156.282
400.028	118.532
249.102	391.903
279.754	225.369
365.831	140.698
275.762	454.788
326.941	95.3596
238.425	42.6765
241.653	38.9153
332.127	185.832
203.606	102.182
275.599	52.247
326.974	95.3818
373.246	132.436
127.584	345.403
303.215	390.796
17.2209	449.451
40.8031	331.854
65.2483	164.204
461.728	329.355
279.777	445.629
398.07	117.708
204.578	494.398
165.263	156.376
432.752	139.197
473.972	289.676
403.191	121.283
370.092	122.947
219.771	189.501
213.925	152.423
68.6596	172.38
136.848	479.672
150.83	427.532
279.959	33.7409
370.939	272.456
67.7602	481.006
279.514	247.441
82.1195	477.383
377.899	333.15
166.37	428.824
434.125	139.417
166.371	127.028
385.693	309.773
466.765	61.1787
212.769	212.792
278.538	117.797
304.546	389.482
237.393	46.9393
273.929	486.461
431.663	139.16
252.682	244.874
322.965	92.1301
167.802	379.38
259.831	223.61
393.939	117.364
316.954	90.0648
242.176	309.056
170.08	425.971
284.858	216.026
245.062	363.888
250.683	41.4249
469.765	57.3141
29.6897	389.563
68.0325	138.175
185.966	457.11
436.987	189.563
439.677	187.448
324.484	101.059
417.797	348.108
67.9581	137.342
196.214	101.64
298.698	488.077
395.345	117.287
216.798	271.645
313.997	366.901
418.527	180.471
69.2974	454.208
370.111	116.063
183.48	369.886
148.605	334.156
217.831	465.035
392.968	117.536
224.052	467.031
53.9951	179.704
393.284	270.919
375.789	317.174
267.612	397.014
191.979	250.51
46.5188	165.505
247.794	395.067
270.368	145.615
66.9093	165.779
268.755	70.6088
417.945	344.656
29.1377	390.146
436.668	140.387
223.03	166.302
330.087	98.7032
85.6172	436.829
77.0536	447.782
271.524	482.273
299.102	82.3419
412.07	243.896
279.194	115.355
390.4	301.312
374.329	340.598
26.8942	482.243
441.841	149.825
300.085	379.572
158.459	450.109
193.118	190.472
57.3228	184.497
11.7921	404.938
99.6545	393.665
435.687	139.917
437.775	189.09
323.51	111.713
336.66	292.315
42.5423	158.874
197.409	409.41
396.501	117.371
86.5797	463.127
438.781	188.326
235.167	372.596
396.666	117.394
78.4463	451.157
190.946	152.323
135.031	383.646
217.357	118.52
237.742	369.205
15.3444	388.385
438.486	188.572
86.1187	367.005
299.687	392.654
163.224	126.648
104.226	326.081
417.414	147.222
427.331	189.472
211.59	164.943
165.173	429.459
52.1925	461.388
334.145	316.292
322.757	91.9751
261.507	379.031
95.3196	372.999
122.295	489.089
438.64	141.804
51.3545	350.952
127.114	380.464
333.124	294.072
127.179	479.947
226.734	366.805
192.519	103.76
191.106	105.343
330.139	187.751
303.197	44.5673
395.787	117.303
392.716	165.927
395.28	319.42
433.593	139.308
435.317	161.201
425.3	187.959
126.474	400.881
283.906	363.541
217.945	421.852
180.341	346.194
142.894	487.637
285.747	214.903
94.5783	444.406
34.4468	386.971
73.0546	134.563
341.089	315.927
398.893	117.995
96.8693	437.328
49.1336	173.598
91.955	347.755
401.445	241.065
438.69	141.85
276.91	202.692
237.483	45.7573
243.939	59.2434
76.1174	26.7128
401.029	119.165
186.685	325.496
220.03	123.545
147.063	415.518
74.6705	191.205
428.016	341.63
27.2159	415.229
396.589	117.383
399.526	118.273
413.867	145.331
426.72	348.694
300.747	150.152
194.297	166.647
193.462	465.624
266.63	194.653
181.699	109.689
439.641	187.488
428.253	139.832
116.798	338.325
244.448	46.3118
336.669	209.364
71.5534	190.621
474.963	66.9051
280.004	218.948
259.053	89.1038
306.111	476.462
11.3201	390.235
194.523	102.351
200.487	464.829
240.051	63.793
428.022	341.661
180.507	110.47
220.836	198.253
130.421	470.832
330.816	360.255
215.519	255.691
349.183	168.52
329.067	86.3365
248.031	151.631
427.526	347.055
315.194	480.644
34.1324	387.048
215.428	116.245
214.878	115.691
51.4727	177.757
338.143	96.1412
241.74	38.8546
185.385	370.957
80.0961	163.318
