Saved a vector of reachable workspace points.
X	Y
25	475
32.6146	468.518
28.872	465.78
28.3297	465.571
26.0383	465.054
24.9948	465
31.4661	467.372
29.8062	466.231
31.6534	467.535
30.7663	466.83
32.8553	468.812
32.39	468.263
33.3974	469.57
31.3653	467.288
28.5285	465.643
34.4577	471.751
27.331	465.275
30.815	466.865
25.4206	465.009
27.332	465.276
34.9873	475.504
34.9461	473.963
26.3482	465.091
32.5755	468.472
26.5196	465.116
25.2133	465.002
33.8548	470.353
34.2359	471.166
33.7455	470.151
32.7422	468.671
27.8748	465.422
24.7535	465.003
31.9014	467.763
34.9874	474.498
29.6209	466.132
28.8779	465.783
29.1558	465.904
25.2785	465.004
33.4857	469.709
34.9718	474.25
32.4489	468.328
34.4609	471.761
32.8557	468.812
25.2081	465.002
31.3536	467.278
28.5064	465.635
25.3661	465.007
33.4941	469.723
34.2056	471.094
26.4099	465.1
31.578	467.468
33.9671	470.574
34.9849	475.549
28.4667	465.62
34.2029	471.088
27.2403	465.254
27.6219	465.35
32.9095	468.881
33.9501	470.539
30.6135	466.724
28.9531	465.815
27.7837	465.395
31.269	467.209
34.8624	473.347
32.8435	468.797
30.4435	466.611
34.3156	471.364
25.2254	465.003
33.9348	470.509
32.4052	468.28
30.0851	466.389
34.2086	471.101
29.1512	465.902
29.0849	465.872
33.1742	469.24
34.9964	475.269
34.9992	474.874
24.7437	465.003
31.0838	467.064
34.1931	471.065
34.7215	472.657
34.3247	471.387
32.662	468.574
28.4394	465.61
31.0104	467.008
24.8723	465.001
33.4621	469.672
31.6275	467.512
31.9402	467.8
31.7215	467.596
34.3679	471.501
32.4816	468.365
32.4027	468.277
34.9504	474.005
34.9998	474.938
34.7867	472.945
34.0394	470.724
32.1268	467.985
31.2031	467.156
31.3336	467.261
34.9331	473.845
30.0719	466.382
34.1775	471.029
24.7389	465.003
30.0812	466.387
33.4282	469.618
29.9353	466.303
26.501	465.113
31.952	482.188
32.5004	468.386
31.5838	467.473
32.62	468.524
20.7029	465.97
33.7968	470.244
34.9999	475.034
26.5534	465.121
24.3781	465.019
32.4162	468.292
34.5779	472.125
32.1625	468.022
33.6336	469.954
25.0786	465
24.9749	465
30.6726	466.765
25.3	465.004
34.998	475.2
32.4609	468.342
33.7567	470.171
34.2483	471.196
30.0411	466.364
32.124	467.982
25.5943	465.018
31.6685	467.548
27.1965	465.244
32.5295	468.419
34.9605	474.112
34.9704	474.231
32.1095	467.968
32.4221	468.298
31.029	467.022
31.3119	467.244
34.6605	472.417
33.4003	469.575
34.4411	471.704
27.398	465.292
30.0718	466.382
27.9552	465.447
31.6517	467.533
34.9571	475.926
33.8884	470.418
26.9835	465.199
31.0633	467.048
33.7925	470.236
30.3533	466.554
30.4905	466.642
33.8051	470.26
34.0702	470.789
26.4878	465.111
33.7304	470.124
34.873	473.411
25.6955	465.024
34.8155	473.088
33.4268	469.616
29.979	466.328
25.0587	465
34.28	471.274
32.621	468.525
32.2483	468.111
32.6991	468.618
33.4643	469.675
28.6343	465.684
33.1129	469.154
34.9808	475.619
31.2011	467.155
29.9276	466.298
27.4813	465.313
32.1158	467.974
33.3692	469.527
33.6808	470.036
29.5347	466.087
32.9946	468.993
32.3495	468.219
34.9925	475.387
30.8532	466.892
31.769	467.639
27.2492	465.256
27.371	465.285
25.7418	465.028
26.6702	465.14
31.9972	467.856
33.1573	469.216
33.7617	470.18
32.892	468.859
32.216	468.077
33.9366	470.513
34.9722	475.746
26.7142	465.148
30.3427	466.547
29.8203	466.238
32.4207	468.297
31.9952	467.854
26.1725	465.069
34.4608	471.761
31.708	467.584
24.7536	465.003
32.239	468.101
30.7096	466.79
31.5576	467.45
31.7325	467.606
27.2877	465.265
24.6691	465.005
32.4361	468.314
32.3648	468.235
33.6332	469.953
27.469	465.31
27.2669	465.26
34.9982	474.808
34.3889	471.558
29.45	466.045
28.4745	465.623
34.897	473.568
26.6556	465.138
31.7205	467.595
28.2529	465.544
31.6759	467.555
29.8852	466.274
33.5358	469.79
30.997	466.998
34.7778	472.904
34.9326	473.841
34.9844	474.442
32.0498	467.908
31.2785	467.217
33.6264	469.942
29.655	466.15
34.9241	473.77
32.6932	468.611
26.4476	465.105
30.5915	466.709
31.5445	467.439
34.9569	474.073
31.3419	467.268
32.8851	468.85
32.7657	468.7
34.4026	471.595
28.3523	465.579
30.9269	466.946
34.9996	475.088
25.3258	465.005
27.0283	465.208
19.6611	466.544
34.1755	471.024
31.6862	467.564
24.7153	465.004
34.3895	471.559
34.9968	474.747
33.7309	470.124
34.7865	472.945
24.0733	465.043
34.999	475.141
28.1133	465.497
32.5409	468.432
33.0622	469.084
31.3082	467.241
26.7114	465.148
27.4007	465.292
30.1459	466.426
31.2316	467.179
27.5287	465.325
34.2563	471.216
28.7168	465.716
33.5433	469.803
31.5999	467.487
33.6645	470.007
34.9236	473.766
34.8644	473.359
27.6341	465.353
16.3573	469.97
27.7117	465.375
29.4664	466.053
27.7302	465.38
33.3094	469.436
19.8646	466.419
34.5059	471.896
32.8472	468.802
34.0951	470.843
26.8841	465.179
34.148	470.961
30.3194	466.532
31.5237	467.421
31.6876	467.565
33.3491	469.496
34.6776	477.519
27.8604	465.418
33.1139	469.155
26.0589	465.056
29.3203	465.981
34.7807	472.917
31.4862	467.389
28.4797	465.625
32.023	467.881
31.9104	467.772
29.825	466.241
27.1668	465.238
26.6934	465.144
33.8568	470.357
33.9789	470.598
34.9942	474.66
34.1664	471.003
34.2074	471.098
31.2861	467.223
30.4515	466.617
34.9439	473.942
33.3968	469.569
34.995	474.684
30.4536	466.618
30.2232	466.473
33.2504	469.349
32.1174	467.976
28.163	465.513
34.9502	474.003
30.4612	466.623
24.5066	465.012
34.5987	472.196
33.9644	470.568
25.893	465.04
33.0853	469.115
31.546	467.44
30.8132	466.863
26.7286	465.151
34.1514	470.969
31.2441	467.189
32.2632	468.126
30.3232	466.535
34.7938	472.98
34.9848	474.449
32.2003	468.061
34.3305	471.402
24.331	465.022
34.9968	474.746
32.9311	468.909
24.7072	465.004
34.841	473.224
34.8042	473.031
30.3327	466.541
28.7939	465.748
29.8331	466.245
32.7334	468.66
34.9093	473.656
33.3409	469.484
32.6809	468.597
27.6514	465.358
34.9477	473.979
31.5642	467.456
34.1789	471.032
34.9275	473.798
32.3565	468.226
32.9149	468.888
28.4152	465.601
27.44	465.302
26.2407	465.077
31.3064	467.239
22.5649	465.301
32.8849	468.85
33.3049	469.43
31.5019	467.402
34.967	474.188
25.3273	465.005
34.0943	470.841
33.7819	470.217
32.6906	468.608
34.7574	472.811
30.3943	466.58
32.2251	468.086
30.0167	466.349
30.1603	466.434
24.6539	465.006
33.685	470.043
32.3125	468.179
32.3778	468.25
33.5299	469.781
29.1769	465.914
32.9492	468.933
34.3637	471.49
34.8481	473.264
31.3972	467.314
34.0835	470.818
32.5463	468.438
33.3513	469.499
27.4151	465.296
31.9682	467.828
33.9047	470.45
32.8984	468.867
27.6575	465.36
29.529	466.084
27.1844	465.241
33.6786	470.032
29.9178	466.293
25.4734	465.011
34.7159	472.633
30.2719	466.503
32.6862	468.603
34.0212	470.685
34.9955	475.301
26.5638	465.123
33.1764	469.243
28.4147	465.601
26.6613	465.139
30.8026	466.856
29.1619	465.907
31.0843	467.064
29.7632	466.207
26.7495	465.154
31.7317	467.605
30.2139	466.467
33.8305	470.307
34.777	477.1
30.2284	466.476
33.3651	469.521
31.0739	467.056
33.2992	469.421
26.4746	465.109
28.1447	465.507
31.6334	467.517
33.9328	470.505
30.8401	466.883
34.7226	472.661
26.5772	476.627
25.6984	465.024
29.1431	465.899
34.0644	470.777
34.1789	471.032
33.8053	470.26
30.9326	466.95
27.3692	465.285
34.9971	474.758
28.8791	465.783
32.7413	468.67
32.2308	468.092
31.2731	467.212
31.9876	467.846
25.407	465.008
33.9211	470.482
34.6946	472.547
27.488	465.314
24.6898	465.005
33.146	469.2
30.3216	466.534
32.9872	468.983
34.8895	476.482
30.5855	466.705
34.9811	475.615
33.07	469.094
34.9537	474.038
33.8888	470.419
31.8953	467.757
31.8392	467.704
27.0559	465.214
32.485	468.369
34.7665	472.852
29.4081	466.024
34.9772	474.325
25.2405	465.003
34.5168	471.929
34.989	475.468
30.6109	466.722
28.1105	465.496
30.5837	466.704
34.9941	475.343
26.5274	465.117
31.8174	467.684
30.9623	466.972
33.9309	470.501
31.6948	467.572
23.5029	465.113
33.5707	469.848
34.9998	474.943
33.254	469.355
34.9268	473.792
34.9543	474.045
34.8967	473.567
34.4227	471.652
32.8101	468.755
29.21	465.929
33.1729	469.238
34.1192	470.896
34.9826	474.411
32.9808	468.975
26.264	465.08
29.8211	466.239
32.7084	468.63
32.6988	468.618
28.5903	465.667
34.9703	474.23
34.9998	475.068
27.6847	465.367
34.9981	474.805
34.0726	470.794
25.212	465.002
34.983	475.584
30.7624	466.827
32.6048	468.506
27.0737	465.217
32.231	468.093
24.541	465.011
31.6704	467.55
25.9759	465.048
31.9146	467.776
32.7428	468.672
26.5431	465.12
30.5877	466.707
33.1587	469.218
32.3329	468.201
33.1462	469.2
34.5495	472.032
27.4893	465.315
34.4447	471.714
32.9643	468.953
30.4258	466.6
34.9761	474.309
34.7851	472.938
31.355	467.279
30.1379	466.421
32.599	468.5
30.766	466.83
33.9037	470.448
32.8848	468.849
34.9859	475.531
29.1428	465.898
34.9973	475.232
28.7345	465.724
31.3779	467.298
34.8133	473.077
31.1346	467.103
34.2888	471.296
27.0441	465.211
32.8885	468.854
31.9561	467.816
29.0873	465.873
33.9433	470.526
33.5515	469.816
34.3244	471.387
32.0463	467.904
26.6033	465.129
34.9779	474.335
33.076	469.103
34.7081	472.601
32.6484	468.558
24.7418	465.003
31.963	467.823
34.6212	472.274
34.991	474.575
33.3602	469.513
32.6109	468.513
29.8055	466.23
29.1001	465.879
32.161	468.02
29.8826	466.273
29.3816	466.011
31.9132	467.775
31.5952	467.483
31.7116	467.587
32.0811	467.939
32.6637	468.576
30.3615	466.559
32.1043	467.962
27.9207	465.436
34.9622	474.132
27.4001	465.292
32.7547	468.686
26.9007	465.182
34.1071	470.87
32.6184	468.522
31.5922	467.48
29.1777	465.914
34.6502	472.378
27.6043	465.345
28.1158	465.498
31.4945	467.396
34.4685	471.783
34.7995	473.007
30.1055	466.402
33.3001	469.422
34.0093	470.66
26.1696	465.069
32.542	468.434
34.5296	471.969
32.026	467.884
34.6913	472.534
34.9993	474.879
32.3137	468.18
34.997	474.756
34.9933	475.365
34.0099	470.662
27.8725	465.421
29.8645	466.263
29.4155	466.028
30.9199	466.941
34.4363	471.69
32.9624	468.95
27.6385	465.354
33.6663	470.011
34.7737	472.884
34.9981	474.804
32.2207	468.082
33.742	470.144
33.507	469.743
25.6342	465.02
26.2593	465.08
29.7133	466.18
23.688	465.086
29.126	465.891
33.0493	469.066
33.8805	470.403
25.2296	465.003
35	474.975
31.5572	467.45
32.8614	468.82
34.8117	473.068
32.4083	468.283
29.7248	466.187
31.9505	467.81
33.3403	469.483
33.5417	469.8
33.1755	469.241
34.6912	472.534
34.9704	474.232
34.9855	474.461
29.1282	465.892
32.6292	468.535
32.6113	468.514
29.2317	465.939
32.703	468.623
34.9187	473.728
32.6358	468.543
24.0332	465.047
30.2648	466.498
34.5813	472.137
30.3556	466.555
32.0647	467.923
28.1663	465.514
31.9445	467.805
30.1474	466.427
34.2337	471.161
31.9092	467.771
28.3943	465.594
29.7981	466.226
33.5065	469.743
33.5593	469.829
30.0984	466.397
34.6186	472.265
27.3625	465.283
27.3318	465.276
34.7748	472.89
22.6032	465.291
26.7412	465.153
30.5409	466.675
26.991	465.2
29.3461	465.994
31.4786	467.382
31.1021	467.078
32.6595	468.571
33.648	469.979
24.3294	465.023
34.148	470.961
28.103	465.494
30.6143	466.725
31.8789	467.742
34.8507	473.278
32.9467	468.93
33.3354	469.475
33.0153	469.02
34.9986	474.835
34.2471	471.193
33.9017	470.444
34.8598	473.331
34.9872	475.505
30.5759	466.699
33.7305	470.124
34.9996	474.912
24.9384	465
27.0693	465.216
28.8316	465.763
28.4744	465.623
34.9962	475.275
26.1352	465.065
33.5227	469.769
26.2965	465.084
34.7346	472.712
29.9868	466.332
34.9565	475.932
34.1592	470.986
28.665	465.696
22.0933	484.568
31.1727	467.133
33.8759	470.394
30.8513	466.891
34.997	475.246
25.9275	465.043
29.3774	466.009
34.519	471.936
34.9286	473.807
32.9393	468.92
33.6994	470.068
27.5466	465.33
34.9994	475.112
31.0678	467.051
26.2598	465.08
32.6231	468.528
34.9768	475.681
25.643	465.021
34.8235	473.129
34.9227	473.759
25.2232	465.003
34.8779	473.442
34.9946	475.329
28.9974	465.834
34.5671	472.09
25.9619	465.046
33.3646	469.52
23.8451	465.067
30.3404	466.545
31.5883	467.477
30.8903	466.919
32.432	468.309
24.8831	465.001
32.5673	468.463
32.2976	468.163
34.9855	475.538
31.1841	467.141
25.75	465.028
30.48	466.635
34.8255	473.14
24.3789	465.019
27.4148	465.296
29.3681	466.004
34.5304	471.972
31.9795	467.839
31.0627	467.047
34.0412	470.727
23.3849	465.131
25.3467	465.006
29.6378	466.141
33.7897	470.231
33.2603	469.364
29.1162	465.886
34.7113	472.614
34.3528	471.461
33.506	469.742
31.4517	467.36
32.1343	467.993
33.0151	469.02
32.5772	468.474
32.0071	467.866
34.8573	473.317
33.5626	469.835
33.8475	470.339
34.9938	474.648
26.8592	465.174
34.997	475.244
33.0197	469.026
34.6581	472.407
31.5139	467.413
34.9911	474.579
25.1982	465.002
32.2913	468.156
29.1861	465.918
32.7029	468.623
34.5911	472.17
34.3971	471.58
27.6361	465.354
33.6687	470.015
32.6319	468.538
31.2201	467.17
34.7773	472.901
30.4531	466.618
34.884	473.481
32.9113	468.883
34.9429	476.067
34.9442	476.055
30.9789	466.984
32.2702	468.134
25.1567	465.001
28.2909	465.557
32.1638	468.023
31.9741	467.833
34.985	474.452
29.7022	466.174
32.8935	468.861
33.4283	469.618
31.8993	467.761
34.9931	475.37
33.566	469.84
29.3114	465.977
31.725	467.599
34.6155	472.254
33.9285	470.496
34.9943	475.337
31.7958	467.664
30.3119	466.527
33.2973	469.418
27.274	465.262
32.7705	468.706
29.1702	465.911
31.6227	467.507
27.7257	469.559
34.2129	471.111
33.8131	470.275
31.6019	467.489
34.4106	471.618
31.3967	467.313
27.3753	465.286
34.5956	477.815
28.6828	465.703
32.3323	468.2
32.8612	468.819
32.1103	467.968
34.4895	471.846
34.991	474.575
32.1036	467.962
27.8869	465.426
22.4772	465.323
35	475.016
34.7269	472.679
32.4958	468.381
30.573	466.697
33.8729	470.388
32.589	468.488
34.9999	474.959
34.1292	470.919
32.1934	468.053
22.501	465.317
34.6093	472.232
34.7423	477.256
28.8501	465.771
26.2612	465.08
32.2923	468.157
34.9704	475.769
34.999	475.139
29.4363	466.038
34.6149	472.252
27.0412	465.211
29.2185	465.933
31.9488	467.809
34.8544	476.7
29.2661	465.956
34.8395	473.215
30.7305	466.805
28.4308	465.607
27.5087	465.32
28.2269	465.535
33.3611	469.514
28.5813	465.663
27.0023	465.203
34.8366	473.2
32.3803	468.252
34.9669	474.187
33.1529	469.21
34.4372	471.693
34.4543	478.258
33.8593	470.362
18.9238	467.058
27.8089	465.403
25.947	465.045
30.8076	466.859
31.8091	467.676
34.6875	472.52
29.9352	466.303
34.0221	470.687
31.9991	467.858
34.8304	473.166
30.5721	466.696
30.6289	466.735
34.8374	473.204
33.2833	469.398
29.7974	466.226
26.3859	465.096
34.9502	474.003
32.5548	468.448
32.8761	468.838
33.8583	470.36
33.9699	470.579
31.5879	467.477
32.1342	467.993
30.3626	466.56
29.4623	466.051
33.7353	470.132
34.8827	476.527
31.6321	467.516
32.075	467.933
26.2294	465.076
33.97	470.58
27.7931	465.398
24.3457	465.021
24.5515	465.01
27.8854	465.425
31.0029	467.002
25.9588	465.046
34.9749	474.292
34.4908	471.85
28.3733	465.586
29.8448	466.252
34.9675	474.195
34.9641	474.153
30.1236	466.412
25.6616	465.022
34.2819	471.279
24.6118	465.008
27.5907	465.341
34.9927	475.381
34.9988	474.845
34.1675	471.005
31.4905	467.393
24.9567	465
33.7243	470.113
34.997	474.756
32.8222	468.77
34.4167	471.635
21.7565	465.541
27.4001	465.292
34.1304	470.921
30.239	466.482
34.9961	475.28
29.6482	466.146
28.51	465.636
27.7597	465.388
31.9761	467.835
32.6389	468.547
33.7117	470.09
26.6035	465.129
34.7356	472.716
32.8211	468.769
31.5345	467.43
34.8164	473.093
29.1085	465.883
32.033	467.891
34.4719	471.793
30.1611	466.435
24.4039	465.018
33.6987	470.067
34.9906	475.434
29.5064	466.073
32.1195	467.978
25.2926	465.004
24.4098	465.017
33.2971	469.418
34.9955	475.298
33.0508	469.068
34.9993	475.122
31.9942	467.853
34.87	473.393
31.0546	467.041
27.5763	465.338
33.2408	474.04
33.2937	469.413
34.7962	472.991
33.6064	469.908
34.9825	475.591
26.7773	465.159
25.5127	465.013
32.7268	468.652
33.5375	469.793
34.9078	473.645
26.3538	465.092
33.8573	470.358
32.7547	468.686
34.4635	471.768
32.1385	467.997
31.3607	467.284
26.0319	465.053
34.0201	470.683
28.3918	465.593
27.2016	465.245
33.4868	469.711
32.4481	468.327
27.0201	465.206
34.5554	472.051
34.8958	476.44
31.6874	467.565
33.5875	469.876
26.0217	465.052
34.9526	475.973
27.2763	465.263
25.7887	465.031
27.9094	465.433
33.2172	469.301
34.5725	472.107
30.6034	466.717
32.5523	468.445
24.8971	465.001
33.2743	469.384
30.9988	466.999
34.9787	474.348
34.9041	473.619
34.9994	475.107
25.412	465.008
27.8156	465.405
33.4629	469.673
28.1851	465.521
33.7205	470.106
32.4603	468.341
